  -89.50000       270000.000000000        48655799.7807298     
  -88.50000       260000.000000000        38777595.9631444     
  -87.50000       260000.000000000        38322606.1482619     
  -86.50000       260000.000000000        38219202.9566628     
  -85.50000       260000.000000000        38170721.0841500     
  -84.50000       260000.000000000        38144532.3717366     
  -83.50000       260000.000000000        38130843.6655116     
  -82.50000       260000.000000000        38125303.1515103     
  -81.50000       260000.000000000        38125654.2667873     
  -80.50000       260000.000000000        38130615.1658829     
  -79.50000       260000.000000000        38139410.9476220     
  -78.50000       260000.000000000        38151553.1508762     
  -77.50000       260000.000000000        38166726.2616066     
  -76.50000       260000.000000000        38184725.1465333     
  -75.50000       260000.000000000        38205418.6185944     
  -74.50000       260000.000000000        38228727.2652919     
  -73.50000       260000.000000000        38254609.4687509     
  -72.50000       260000.000000000        38283052.3401534     
  -71.50000       260000.000000000        38314065.7165350     
  -70.50000       260000.000000000        38347678.1321887     
  -69.50000       260000.000000000        38383934.1004959     
  -68.50000       260000.000000000        38422892.2942890     
  -67.50000       260000.000000000        38464624.3593196     
  -66.50000       260000.000000000        38509214.1868983     
  -65.50000       260000.000000000        38556757.5319301     
  -64.50000       260000.000000000        38607361.8979768     
  -63.50000       260000.000000000        38661146.6380797     
  -62.50000       260000.000000000        38718243.2363490     
  -61.50000       260000.000000000        38778795.7476115     
  -60.50000       260000.000000000        38842961.3803527     
  -59.50000       260000.000000000        38910911.2171057     
  -58.50000       260000.000000000        38982831.0667385     
  -57.50000       260000.000000000        39058922.4522579     
  -56.50000       260000.000000000        39139403.7372771     
  -55.50000       260000.000000000        39224511.3990234     
  -54.50000       260000.000000000        39314501.4579425     
  -53.50000       260000.000000000        39409651.0770144     
  -52.50000       260000.000000000        39510260.3464279     
  -51.50000       260000.000000000        39616654.2718240     
  -50.50000       260000.000000000        39729184.9878748     
  -49.50000       265000.000000000        39848234.2228060     
  -48.50000       265000.000000000        39974216.0419161     
  -47.50000       265000.000000000        40107579.9042561     
  -46.50000       265000.000000000        40248814.0702388     
  -45.50000       265000.000000000        40398449.4041603     
  -44.50000       265000.000000000        40557063.6224694     
  -43.50000       265000.000000000        40725286.0457615     
  -42.50000       265000.000000000        40903802.9219484     
  -41.50000       265000.000000000        41093363.3987369     
  -40.50000       265000.000000000        41294786.2363474     
  -39.50000       265000.000000000        41508967.3675213     
  -38.50000       265000.000000000        41736888.4317385     
  -37.50000       265000.000000000        41979626.4338655     
  -36.50000       265000.000000000        42238364.7067591     
  -35.50000       265000.000000000        42514405.3888981     
  -34.50000       265000.000000000        42809183.6580553     
  -33.50000       265000.000000000        43124283.9793334     
  -32.50000       265000.000000000        43461458.6078974     
  -31.50000       265000.000000000        43822648.4957532     
  -30.50000       265000.000000000        44210006.5292279     
  -29.50000       265000.000000000        44625922.5875085     
  -28.50000       270000.000000000        45073049.1633703     
  -27.50000       270000.000000000        45554325.1282291     
  -26.50000       270000.000000000        46072993.6009210     
  -25.50000       270000.000000000        46632607.8523046     
  -24.50000       270000.000000000        47237017.0197353     
  -23.50000       270000.000000000        47890321.7286559     
  -22.50000       270000.000000000        48596789.5984545     
  -21.50000       270000.000000000        49360723.6717267     
  -20.50000       270000.000000000        50186285.2223751     
  -19.50000       275000.000000000        51077288.7493711     
  -18.50000       275000.000000000        52037013.9808661     
  -17.50000       275000.000000000        53068120.0725724     
  -16.50000       275000.000000000        54172804.0162963     
  -15.50000       275000.000000000        55353424.6890998     
  -14.50000       275000.000000000        56613928.2789684     
  -13.50000       280000.000000000        57962562.4476402     
  -12.50000       280000.000000000        59416445.7857615     
  -11.50000       280000.000000000        61008082.3315863     
  -10.50000       280000.000000000        62791818.5141980     
  -9.500000       280000.000000000        64843685.8852004     
  -8.500000       285000.000000000        67243146.7833218     
  -7.500000       285000.000000000        70027605.5665794     
  -6.500000       285000.000000000        73129287.4497067     
  -5.500000       290000.000000000        76335172.4775411     
  -4.500000       295000.000000000        79323677.1862099     
  -3.500000       300000.000000000        81787331.2939706     
  -2.500000       300000.000000000        83562609.1280174     
  -1.500000       305000.000000000        84657735.7794125     
 -0.5000000       310000.000000000        85166199.1774285     
  0.5000000       310000.000000000        85166199.1774283     
   1.500000       305000.000000000        84657735.7794122     
   2.500000       300000.000000000        83562609.1280169     
   3.500000       300000.000000000        81787331.2939698     
   4.500000       295000.000000000        79323677.1862088     
   5.500000       290000.000000000        76335172.4775390     
   6.500000       285000.000000000        73129287.4497029     
   7.500000       285000.000000000        70027605.5665733     
   8.500000       285000.000000000        67243146.7833122     
   9.500000       280000.000000000        64843685.8851876     
   10.50000       280000.000000000        62791818.5141833     
   11.50000       280000.000000000        61008082.3315727     
   12.50000       280000.000000000        59416445.7857489     
   13.50000       280000.000000000        57962562.4476326     
   14.50000       275000.000000000        56613928.2789671     
   15.50000       275000.000000000        55353424.6890998     
   16.50000       275000.000000000        54172804.0162979     
   17.50000       275000.000000000        53068120.0725733     
   18.50000       275000.000000000        52037013.9808686     
   19.50000       275000.000000000        51077288.7493794     
   20.50000       270000.000000000        50186285.2223820     
   21.50000       270000.000000000        49360723.6717277     
   22.50000       270000.000000000        48596789.5984582     
   23.50000       270000.000000000        47890321.7286658     
   24.50000       270000.000000000        47237017.0197476     
   25.50000       270000.000000000        46632607.8523112     
   26.50000       270000.000000000        46072993.6009174     
   27.50000       270000.000000000        45554325.1282243     
   28.50000       270000.000000000        45073049.1633671     
   29.50000       265000.000000000        44625922.5875072     
   30.50000       265000.000000000        44210006.5292349     
   31.50000       265000.000000000        43822648.4957624     
   32.50000       265000.000000000        43461458.6079038     
   33.50000       265000.000000000        43124283.9793459     
   34.50000       265000.000000000        42809183.6580656     
   35.50000       265000.000000000        42514405.3889190     
   36.50000       265000.000000000        42238364.7067942     
   37.50000       265000.000000000        41979626.4338937     
   38.50000       265000.000000000        41736888.4317614     
   39.50000       265000.000000000        41508967.3675339     
   40.50000       265000.000000000        41294786.2363366     
   41.50000       265000.000000000        41093363.3986953     
   42.50000       265000.000000000        40903802.9218993     
   43.50000       265000.000000000        40725286.0457255     
   44.50000       265000.000000000        40557063.6224461     
   45.50000       265000.000000000        40398449.4041387     
   46.50000       265000.000000000        40248814.0702099     
   47.50000       265000.000000000        40107579.9042167     
   48.50000       265000.000000000        39974216.0418615     
   49.50000       265000.000000000        39848234.2227407     
   50.50000       260000.000000000        39729184.9877903     
   51.50000       260000.000000000        39616654.2717178     
   52.50000       260000.000000000        39510260.3462845     
   53.50000       260000.000000000        39409651.0768072     
   54.50000       260000.000000000        39314501.4576626     
   55.50000       260000.000000000        39224511.3987202     
   56.50000       260000.000000000        39139403.7369299     
   57.50000       260000.000000000        39058922.4518136     
   58.50000       260000.000000000        38982831.0660614     
   59.50000       260000.000000000        38910911.2161303     
   60.50000       260000.000000000        38842961.3790426     
   61.50000       260000.000000000        38778795.7457697     
   62.50000       260000.000000000        38718243.2337799     
   63.50000       260000.000000000        38661146.6343379     
   64.50000       260000.000000000        38607361.8925553     
   65.50000       260000.000000000        38556757.5240993     
   66.50000       260000.000000000        38509214.1754438     
   67.50000       260000.000000000        38464624.3423548     
   68.50000       260000.000000000        38422892.2688309     
   69.50000       260000.000000000        38383934.0618517     
   70.50000       260000.000000000        38347678.0726293     
   71.50000       260000.000000000        38314065.6232705     
   72.50000       260000.000000000        38283052.1915874     
   73.50000       260000.000000000        38254609.2276168     
   74.50000       260000.000000000        38228726.8658748     
   75.50000       260000.000000000        38205417.9416583     
   76.50000       260000.000000000        38184723.9696330     
   77.50000       260000.000000000        38166724.1559709     
   78.50000       260000.000000000        38151549.2589066     
   79.50000       260000.000000000        38139403.4800832     
   80.50000       260000.000000000        38130600.2048479     
   81.50000       260000.000000000        38125622.7463695     
   82.50000       260000.000000000        38125232.7578328     
   83.50000       260000.000000000        38130675.6861349     
   84.50000       260000.000000000        38144100.5913020     
   85.50000       260000.000000000        38169497.2472051     
   86.50000       260000.000000000        38214791.1012034     
   87.50000       260000.000000000        38289871.4397360     
   88.50000       260000.000000000        38157565.4060017     
   89.50000       245000.000000000        25290564.5289804     
