  -89.50000       295000.000000000        52697192.9455432     
  -88.50000       295000.000000000        52472018.9434344     
  -87.50000       295000.000000000        52431006.8401820     
  -86.50000       295000.000000000        52418387.2139107     
  -85.50000       295000.000000000        52416612.3903000     
  -84.50000       295000.000000000        52421008.6753592     
  -83.50000       295000.000000000        52429797.5720812     
  -82.50000       295000.000000000        52442166.5201602     
  -81.50000       295000.000000000        52457703.6539277     
  -80.50000       295000.000000000        52476189.6458494     
  -79.50000       295000.000000000        52497508.6089395     
  -78.50000       295000.000000000        52521605.6021291     
  -77.50000       295000.000000000        52548464.6517000     
  -76.50000       295000.000000000        52578096.6636829     
  -75.50000       295000.000000000        52610532.4664036     
  -74.50000       295000.000000000        52645818.6802045     
  -73.50000       295000.000000000        52684015.2304787     
  -72.50000       295000.000000000        52725193.8620049     
  -71.50000       295000.000000000        52769437.2914922     
  -70.50000       295000.000000000        52816838.7860535     
  -69.50000       295000.000000000        52867502.0397521     
  -68.50000       295000.000000000        52921541.2691635     
  -67.50000       295000.000000000        52979081.4794406     
  -66.50000       295000.000000000        53040258.8704549     
  -65.50000       295000.000000000        53105221.3647375     
  -64.50000       295000.000000000        53174129.2472085     
  -63.50000       295000.000000000        53247155.9118005     
  -62.50000       295000.000000000        53324488.7146950     
  -61.50000       295000.000000000        53406329.9367530     
  -60.50000       295000.000000000        53492897.8602418     
  -59.50000       295000.000000000        53584427.9675461     
  -58.50000       295000.000000000        53681174.2709820     
  -57.50000       295000.000000000        53783410.7856484     
  -56.50000       295000.000000000        53891433.1587180     
  -55.50000       295000.000000000        54005560.4710778     
  -54.50000       295000.000000000        54126137.2294843     
  -53.50000       295000.000000000        54253535.5698573     
  -52.50000       295000.000000000        54388157.6959011     
  -51.50000       295000.000000000        54530438.5795263     
  -50.50000       295000.000000000        54680848.9544458     
  -49.50000       300000.000000000        54839898.6376444     
  -48.50000       300000.000000000        55008140.2188864     
  -47.50000       300000.000000000        55186173.1641247     
  -46.50000       300000.000000000        55374648.3847987     
  -45.50000       300000.000000000        55574273.3330479     
  -44.50000       300000.000000000        55785817.6914499     
  -43.50000       300000.000000000        56010119.7361614     
  -42.50000       300000.000000000        56248093.4645061     
  -41.50000       300000.000000000        56500736.5922081     
  -40.50000       300000.000000000        56769139.5418590     
  -39.50000       300000.000000000        57054495.5630958     
  -38.50000       300000.000000000        57358112.1454401     
  -37.50000       300000.000000000        57681423.9060811     
  -36.50000       300000.000000000        58026007.1557976     
  -35.50000       300000.000000000        58393596.3680093     
  -34.50000       300000.000000000        58786102.8060339     
  -33.50000       300000.000000000        59205635.6215156     
  -32.50000       300000.000000000        59654525.8606194     
  -31.50000       305000.000000000        60135354.0578140     
  -30.50000       305000.000000000        60650982.5116204     
  -29.50000       305000.000000000        61204593.9223527     
  -28.50000       305000.000000000        61799738.6864406     
  -27.50000       305000.000000000        62440393.3858931     
  -26.50000       305000.000000000        63131032.1215065     
  -25.50000       305000.000000000        63876709.1955042     
  -24.50000       305000.000000000        64683145.0157001     
  -23.50000       305000.000000000        65556796.2217069     
  -22.50000       310000.000000000        66504876.6728237     
  -21.50000       310000.000000000        67535281.5743155     
  -20.50000       310000.000000000        68656359.8747954     
  -19.50000       310000.000000000        69876491.0584275     
  -18.50000       310000.000000000        71203464.2062518     
  -17.50000       310000.000000000        72643739.7042603     
  -16.50000       315000.000000000        74201799.6512427     
  -15.50000       315000.000000000        75879957.5078451     
  -14.50000       315000.000000000        77679202.4672251     
  -13.50000       315000.000000000        79601901.7254135     
  -12.50000       320000.000000000        81657319.2738205     
  -11.50000       320000.000000000        83870155.8327935     
  -10.50000       320000.000000000        86288959.6402839     
  -9.500000       320000.000000000        88984348.3182128     
  -8.500000       325000.000000000        92021359.1274918     
  -7.500000       325000.000000000        95399285.8631688     
  -6.500000       330000.000000000        98985065.9883648     
  -5.500000       330000.000000000        102500499.367606     
  -4.500000       335000.000000000        105607272.093093     
  -3.500000       340000.000000000        108050580.140803     
  -2.500000       345000.000000000        109751595.420914     
  -1.500000       350000.000000000        110779975.608289     
 -0.5000000       350000.000000000        111251407.020618     
  0.5000000       350000.000000000        111251407.020617     
   1.500000       350000.000000000        110779975.608288     
   2.500000       345000.000000000        109751595.420914     
   3.500000       340000.000000000        108050580.140802     
   4.500000       335000.000000000        105607272.093092     
   5.500000       330000.000000000        102500499.367604     
   6.500000       330000.000000000        98985065.9883623     
   7.500000       325000.000000000        95399285.8631660     
   8.500000       325000.000000000        92021359.1274887     
   9.500000       320000.000000000        88984348.3182094     
   10.50000       320000.000000000        86288959.6402812     
   11.50000       320000.000000000        83870155.8327920     
   12.50000       320000.000000000        81657319.2738217     
   13.50000       315000.000000000        79601901.7254175     
   14.50000       315000.000000000        77679202.4672314     
   15.50000       315000.000000000        75879957.5078533     
   16.50000       315000.000000000        74201799.6512535     
   17.50000       310000.000000000        72643739.7042734     
   18.50000       310000.000000000        71203464.2062654     
   19.50000       310000.000000000        69876491.0584400     
   20.50000       310000.000000000        68656359.8748045     
   21.50000       310000.000000000        67535281.5743220     
   22.50000       310000.000000000        66504876.6728238     
   23.50000       305000.000000000        65556796.2217023     
   24.50000       305000.000000000        64683145.0156939     
   25.50000       305000.000000000        63876709.1954974     
   26.50000       305000.000000000        63131032.1214988     
   27.50000       305000.000000000        62440393.3858899     
   28.50000       305000.000000000        61799738.6864438     
   29.50000       305000.000000000        61204593.9223648     
   30.50000       305000.000000000        60650982.5116386     
   31.50000       305000.000000000        60135354.0578302     
   32.50000       300000.000000000        59654525.8606330     
   33.50000       300000.000000000        59205635.6215269     
   34.50000       300000.000000000        58786102.8060440     
   35.50000       300000.000000000        58393596.3680232     
   36.50000       300000.000000000        58026007.1558118     
   37.50000       300000.000000000        57681423.9060908     
   38.50000       300000.000000000        57358112.1454439     
   39.50000       300000.000000000        57054495.5630919     
   40.50000       300000.000000000        56769139.5418513     
   41.50000       300000.000000000        56500736.5921936     
   42.50000       300000.000000000        56248093.4644908     
   43.50000       300000.000000000        56010119.7361498     
   44.50000       300000.000000000        55785817.6914380     
   45.50000       300000.000000000        55574273.3330504     
   46.50000       300000.000000000        55374648.3848005     
   47.50000       300000.000000000        55186173.1641208     
   48.50000       300000.000000000        55008140.2188842     
   49.50000       300000.000000000        54839898.6376428     
   50.50000       295000.000000000        54680848.9544428     
   51.50000       295000.000000000        54530438.5795109     
   52.50000       295000.000000000        54388157.6958931     
   53.50000       295000.000000000        54253535.5698552     
   54.50000       295000.000000000        54126137.2294819     
   55.50000       295000.000000000        54005560.4710718     
   56.50000       295000.000000000        53891433.1587040     
   57.50000       295000.000000000        53783410.7856444     
   58.50000       295000.000000000        53681174.2709803     
   59.50000       295000.000000000        53584427.9675455     
   60.50000       295000.000000000        53492897.8602418     
   61.50000       295000.000000000        53406329.9367573     
   62.50000       295000.000000000        53324488.7147137     
   63.50000       295000.000000000        53247155.9118195     
   64.50000       295000.000000000        53174129.2472149     
   65.50000       295000.000000000        53105221.3647383     
   66.50000       295000.000000000        53040258.8704536     
   67.50000       295000.000000000        52979081.4794403     
   68.50000       295000.000000000        52921541.2691634     
   69.50000       295000.000000000        52867502.0397513     
   70.50000       295000.000000000        52816838.7860533     
   71.50000       295000.000000000        52769437.2914919     
   72.50000       295000.000000000        52725193.8620039     
   73.50000       295000.000000000        52684015.2304784     
   74.50000       295000.000000000        52645818.6802046     
   75.50000       295000.000000000        52610532.4664036     
   76.50000       295000.000000000        52578096.6636828     
   77.50000       295000.000000000        52548464.6517000     
   78.50000       295000.000000000        52521605.6021321     
   79.50000       295000.000000000        52497508.6089668     
   80.50000       295000.000000000        52476189.6459629     
   81.50000       295000.000000000        52457703.6538861     
   82.50000       295000.000000000        52442166.5140057     
   83.50000       295000.000000000        52429797.5119071     
   84.50000       295000.000000000        52421008.5051773     
   85.50000       295000.000000000        52416617.3958101     
   86.50000       295000.000000000        52418504.7159702     
   87.50000       295000.000000000        52432150.9418670     
   88.50000       295000.000000000        52439024.9898801     
   89.50000       290000.000000000        48012715.5181370     
