  -89.50000       290000.000000000        51623440.5365155     
  -88.50000       290000.000000000        51387329.9035585     
  -87.50000       290000.000000000        51344045.9033254     
  -86.50000       290000.000000000        51330390.5509374     
  -85.50000       290000.000000000        51327957.4792221     
  -84.50000       290000.000000000        51331846.9340359     
  -83.50000       290000.000000000        51340193.4332646     
  -82.50000       290000.000000000        51352143.5191464     
  -81.50000       290000.000000000        51367263.3784006     
  -80.50000       290000.000000000        51385320.6707076     
  -79.50000       290000.000000000        51406191.1340119     
  -78.50000       290000.000000000        51429814.0329378     
  -77.50000       290000.000000000        51456169.1089302     
  -76.50000       290000.000000000        51485263.8952905     
  -75.50000       290000.000000000        51517126.4076310     
  -74.50000       290000.000000000        51551800.7955184     
  -73.50000       290000.000000000        51589344.7143698     
  -72.50000       290000.000000000        51629827.7445665     
  -71.50000       290000.000000000        51673330.4769511     
  -70.50000       290000.000000000        51719944.0421396     
  -69.50000       290000.000000000        51769769.9494230     
  -68.50000       290000.000000000        51822920.1517531     
  -67.50000       290000.000000000        51879517.2863292     
  -66.50000       290000.000000000        51939695.0579096     
  -65.50000       290000.000000000        52003598.7458737     
  -64.50000       290000.000000000        52071385.8236409     
  -63.50000       295000.000000000        52143226.6853302     
  -62.50000       295000.000000000        52219305.4783861     
  -61.50000       295000.000000000        52299821.0446959     
  -60.50000       295000.000000000        52384987.9746182     
  -59.50000       295000.000000000        52475037.7812830     
  -58.50000       295000.000000000        52570220.2039455     
  -57.50000       295000.000000000        52670804.6519924     
  -56.50000       295000.000000000        52777081.8023647     
  -55.50000       295000.000000000        52889365.3659455     
  -54.50000       295000.000000000        53007994.0405266     
  -53.50000       295000.000000000        53133333.6704060     
  -52.50000       295000.000000000        53265779.6359248     
  -51.50000       295000.000000000        53405759.4986768     
  -50.50000       295000.000000000        53553735.9326609     
  -49.50000       295000.000000000        53710209.9749207     
  -48.50000       295000.000000000        53875724.6343205     
  -47.50000       295000.000000000        54050868.9024304     
  -46.50000       295000.000000000        54236282.2165027     
  -45.50000       295000.000000000        54432659.4315836     
  -44.50000       295000.000000000        54640756.3672033     
  -43.50000       295000.000000000        54861396.0032709     
  -42.50000       295000.000000000        55095475.4109296     
  -41.50000       295000.000000000        55343973.5169975     
  -40.50000       295000.000000000        55607959.8152162     
  -39.50000       295000.000000000        55888604.1536000     
  -38.50000       295000.000000000        56187187.7440653     
  -37.50000       295000.000000000        56505115.5558621     
  -36.50000       295000.000000000        56843930.2673775     
  -35.50000       300000.000000000        57205327.9626098     
  -34.50000       300000.000000000        57591175.7787557     
  -33.50000       300000.000000000        58003531.7631721     
  -32.50000       300000.000000000        58444667.3253692     
  -31.50000       300000.000000000        58917092.9296602     
  -30.50000       300000.000000000        59423588.1122591     
  -29.50000       300000.000000000        59967237.4951343     
  -28.50000       300000.000000000        60551475.0031100     
  -27.50000       300000.000000000        61180138.4674757     
  -26.50000       300000.000000000        61857535.3227272     
  -25.50000       300000.000000000        62588515.9316245     
  -24.50000       305000.000000000        63378542.9372125     
  -23.50000       305000.000000000        64233732.3521797     
  -22.50000       305000.000000000        65160826.0626889     
  -21.50000       305000.000000000        66167040.3433720     
  -20.50000       305000.000000000        67259729.1907360     
  -19.50000       305000.000000000        68445816.9405804     
  -18.50000       310000.000000000        69731005.4068305     
  -17.50000       310000.000000000        71118857.0886671     
  -16.50000       310000.000000000        72609999.8551595     
  -15.50000       310000.000000000        74201885.3010058     
  -14.50000       310000.000000000        75889768.1880796     
  -13.50000       315000.000000000        77669874.1294751     
  -12.50000       315000.000000000        79545946.4708680     
  -11.50000       315000.000000000        81539689.2249248     
  -10.50000       315000.000000000        83702126.5574064     
  -9.500000       320000.000000000        86115260.0552523     
  -8.500000       320000.000000000        88866393.8832611     
  -7.500000       320000.000000000        91985504.2571690     
  -6.500000       325000.000000000        95370070.2774893     
  -5.500000       325000.000000000        98760464.4708266     
  -4.500000       330000.000000000        101817023.322526     
  -3.500000       335000.000000000        104265468.104537     
  -2.500000       340000.000000000        105999429.692475     
  -1.500000       345000.000000000        107063707.171204     
 -0.5000000       345000.000000000        107557498.822982     
  0.5000000       345000.000000000        107557498.822981     
   1.500000       345000.000000000        107063707.171204     
   2.500000       340000.000000000        105999429.692475     
   3.500000       335000.000000000        104265468.104536     
   4.500000       330000.000000000        101817023.322525     
   5.500000       325000.000000000        98760464.4708260     
   6.500000       325000.000000000        95370070.2774888     
   7.500000       320000.000000000        91985504.2571690     
   8.500000       320000.000000000        88866393.8832621     
   9.500000       320000.000000000        86115260.0552541     
   10.50000       315000.000000000        83702126.5574096     
   11.50000       315000.000000000        81539689.2249307     
   12.50000       315000.000000000        79545946.4708770     
   13.50000       315000.000000000        77669874.1294870     
   14.50000       310000.000000000        75889768.1880941     
   15.50000       310000.000000000        74201885.3010209     
   16.50000       310000.000000000        72609999.8551738     
   17.50000       310000.000000000        71118857.0886796     
   18.50000       310000.000000000        69731005.4068418     
   19.50000       305000.000000000        68445816.9405883     
   20.50000       305000.000000000        67259729.1907371     
   21.50000       305000.000000000        66167040.3433657     
   22.50000       305000.000000000        65160826.0626747     
   23.50000       305000.000000000        64233732.3521606     
   24.50000       305000.000000000        63378542.9371944     
   25.50000       300000.000000000        62588515.9316097     
   26.50000       300000.000000000        61857535.3227143     
   27.50000       300000.000000000        61180138.4674669     
   28.50000       300000.000000000        60551475.0031056     
   29.50000       300000.000000000        59967237.4951348     
   30.50000       300000.000000000        59423588.1122608     
   31.50000       300000.000000000        58917092.9296613     
   32.50000       300000.000000000        58444667.3253685     
   33.50000       300000.000000000        58003531.7631712     
   34.50000       300000.000000000        57591175.7787585     
   35.50000       300000.000000000        57205327.9626197     
   36.50000       295000.000000000        56843930.2673872     
   37.50000       295000.000000000        56505115.5558659     
   38.50000       295000.000000000        56187187.7440595     
   39.50000       295000.000000000        55888604.1535879     
   40.50000       295000.000000000        55607959.8152082     
   41.50000       295000.000000000        55343973.5169943     
   42.50000       295000.000000000        55095475.4109287     
   43.50000       295000.000000000        54861396.0032705     
   44.50000       295000.000000000        54640756.3672035     
   45.50000       295000.000000000        54432659.4315916     
   46.50000       295000.000000000        54236282.2165087     
   47.50000       295000.000000000        54050868.9024317     
   48.50000       295000.000000000        53875724.6343048     
   49.50000       295000.000000000        53710209.9749033     
   50.50000       295000.000000000        53553735.9326330     
   51.50000       295000.000000000        53405759.4986448     
   52.50000       295000.000000000        53265779.6359097     
   53.50000       295000.000000000        53133333.6704010     
   54.50000       295000.000000000        53007994.0405210     
   55.50000       295000.000000000        52889365.3659418     
   56.50000       295000.000000000        52777081.8023617     
   57.50000       295000.000000000        52670804.6519871     
   58.50000       295000.000000000        52570220.2039378     
   59.50000       295000.000000000        52475037.7812704     
   60.50000       295000.000000000        52384987.9746127     
   61.50000       295000.000000000        52299821.0446937     
   62.50000       295000.000000000        52219305.4783829     
   63.50000       295000.000000000        52143226.6853287     
   64.50000       290000.000000000        52071385.8236404     
   65.50000       290000.000000000        52003598.7458731     
   66.50000       290000.000000000        51939695.0579076     
   67.50000       290000.000000000        51879517.2863287     
   68.50000       290000.000000000        51822920.1517524     
   69.50000       290000.000000000        51769769.9494210     
   70.50000       290000.000000000        51719944.0421390     
   71.50000       290000.000000000        51673330.4769500     
   72.50000       290000.000000000        51629827.7445617     
   73.50000       290000.000000000        51589344.7143683     
   74.50000       290000.000000000        51551800.7955184     
   75.50000       290000.000000000        51517126.4076310     
   76.50000       290000.000000000        51485263.8952903     
   77.50000       290000.000000000        51456169.1089299     
   78.50000       290000.000000000        51429814.0329416     
   79.50000       290000.000000000        51406191.1340482     
   80.50000       290000.000000000        51385320.6708671     
   81.50000       290000.000000000        51367263.3783738     
   82.50000       290000.000000000        51352143.5112399     
   83.50000       290000.000000000        51340193.3559347     
   84.50000       290000.000000000        51331846.6987189     
   85.50000       290000.000000000        51327963.1605292     
   86.50000       290000.000000000        51330524.5928258     
   87.50000       290000.000000000        51345338.4860335     
   88.50000       290000.000000000        51352391.7096489     
   89.50000       285000.000000000        46746459.9737499     
