  -89.50000       290000.000000000        33040378.6434373     
  -88.50000       290000.000000000        32888250.4630744     
  -87.50000       290000.000000000        32860540.6373980     
  -86.50000       290000.000000000        32851803.1176030     
  -85.50000       290000.000000000        32850247.9785972     
  -84.50000       290000.000000000        32852739.2719708     
  -83.50000       290000.000000000        32858083.2121073     
  -82.50000       290000.000000000        32865733.6632381     
  -81.50000       290000.000000000        32875413.0311545     
  -80.50000       290000.000000000        32886972.6506783     
  -79.50000       290000.000000000        32900333.0207551     
  -78.50000       290000.000000000        32915455.2951984     
  -77.50000       290000.000000000        32932326.5325077     
  -76.50000       290000.000000000        32950951.5790114     
  -75.50000       290000.000000000        32971348.3912784     
  -74.50000       290000.000000000        32993545.2538781     
  -73.50000       290000.000000000        33017579.0980632     
  -72.50000       290000.000000000        33043494.4903315     
  -71.50000       290000.000000000        33071343.0478753     
  -70.50000       290000.000000000        33101183.1378209     
  -69.50000       290000.000000000        33133079.7747257     
  -68.50000       290000.000000000        33167104.6630716     
  -67.50000       290000.000000000        33203336.3518859     
  -66.50000       290000.000000000        33241860.4811582     
  -65.50000       290000.000000000        33282770.1073654     
  -64.50000       290000.000000000        33326166.1013067     
  -63.50000       295000.000000000        33372157.6145713     
  -62.50000       295000.000000000        33420862.6142906     
  -61.50000       295000.000000000        33472408.4874955     
  -60.50000       295000.000000000        33526932.7182129     
  -59.50000       295000.000000000        33584583.6419291     
  -58.50000       295000.000000000        33645521.2832704     
  -57.50000       295000.000000000        33709918.2843132     
  -56.50000       295000.000000000        33777960.9319507     
  -55.50000       295000.000000000        33849850.2943606     
  -54.50000       295000.000000000        33925803.4782171     
  -53.50000       295000.000000000        34006055.0195980     
  -52.50000       295000.000000000        34090858.4238811     
  -51.50000       295000.000000000        34180487.8717804     
  -50.50000       295000.000000000        34275240.1111501     
  -49.50000       295000.000000000        34375436.5569618     
  -48.50000       295000.000000000        34481425.6251041     
  -47.50000       295000.000000000        34593585.3292928     
  -46.50000       295000.000000000        34712326.1746415     
  -45.50000       295000.000000000        34838094.3864657     
  -44.50000       295000.000000000        34971375.5187735     
  -43.50000       295000.000000000        35112698.4935785     
  -42.50000       295000.000000000        35262640.1303586     
  -41.50000       295000.000000000        35421830.2343315     
  -40.50000       295000.000000000        35590957.3233254     
  -39.50000       295000.000000000        35770775.0857289     
  -38.50000       295000.000000000        35962109.6764238     
  -37.50000       295000.000000000        36165867.9736963     
  -36.50000       295000.000000000        36383046.9386714     
  -35.50000       300000.000000000        36614744.2416186     
  -34.50000       300000.000000000        36862170.3523818     
  -33.50000       300000.000000000        37126662.3465144     
  -32.50000       300000.000000000        37409699.7723006     
  -31.50000       300000.000000000        37712923.0803991     
  -30.50000       300000.000000000        38038155.3531913     
  -29.50000       300000.000000000        38387428.3728815     
  -28.50000       300000.000000000        38763014.3541642     
  -27.50000       300000.000000000        39167464.7435740     
  -26.50000       300000.000000000        39603657.0089580     
  -25.50000       300000.000000000        40074848.8381482     
  -24.50000       305000.000000000        40584736.1649002     
  -23.50000       305000.000000000        41137506.7543647     
  -22.50000       305000.000000000        41737875.2388844     
  -21.50000       305000.000000000        42391080.2393868     
  -20.50000       305000.000000000        43102822.8204917     
  -19.50000       305000.000000000        43879132.6521908     
  -18.50000       310000.000000000        44726168.8611053     
  -17.50000       310000.000000000        45650000.0814655     
  -16.50000       310000.000000000        46656463.0023882     
  -15.50000       310000.000000000        47751269.7506296     
  -14.50000       315000.000000000        48940624.5450740     
  -13.50000       315000.000000000        50232710.2775394     
  -12.50000       315000.000000000        51640384.7794946     
  -11.50000       315000.000000000        53184786.6550929     
  -10.50000       320000.000000000        54897413.9530201     
  -9.500000       320000.000000000        56814584.0518568     
  -8.500000       320000.000000000        58956551.8063701     
  -7.500000       325000.000000000        61291307.7623608     
  -6.500000       325000.000000000        63702536.6396512     
  -5.500000       330000.000000000        65996332.2240113     
  -4.500000       335000.000000000        67964138.4545283     
  -3.500000       340000.000000000        69469150.6486640     
  -2.500000       345000.000000000        70490700.9021083     
  -1.500000       350000.000000000        71095056.2970712     
 -0.5000000       350000.000000000        71367641.3206786     
  0.5000000       350000.000000000        71367641.3206786     
   1.500000       350000.000000000        71095056.2970715     
   2.500000       345000.000000000        70490700.9021088     
   3.500000       340000.000000000        69469150.6486643     
   4.500000       335000.000000000        67964138.4545286     
   5.500000       330000.000000000        65996332.2240116     
   6.500000       325000.000000000        63702536.6396516     
   7.500000       325000.000000000        61291307.7623613     
   8.500000       320000.000000000        58956551.8063705     
   9.500000       320000.000000000        56814584.0518572     
   10.50000       320000.000000000        54897413.9530208     
   11.50000       315000.000000000        53184786.6550938     
   12.50000       315000.000000000        51640384.7794961     
   13.50000       315000.000000000        50232710.2775419     
   14.50000       315000.000000000        48940624.5450767     
   15.50000       310000.000000000        47751269.7506310     
   16.50000       310000.000000000        46656463.0023884     
   17.50000       310000.000000000        45650000.0814648     
   18.50000       310000.000000000        44726168.8611048     
   19.50000       305000.000000000        43879132.6521917     
   20.50000       305000.000000000        43102822.8204913     
   21.50000       305000.000000000        42391080.2393864     
   22.50000       305000.000000000        41737875.2388826     
   23.50000       305000.000000000        41137506.7543632     
   24.50000       305000.000000000        40584736.1649010     
   25.50000       300000.000000000        40074848.8381489     
   26.50000       300000.000000000        39603657.0089574     
   27.50000       300000.000000000        39167464.7435726     
   28.50000       300000.000000000        38763014.3541633     
   29.50000       300000.000000000        38387428.3728814     
   30.50000       300000.000000000        38038155.3531931     
   31.50000       300000.000000000        37712923.0804017     
   32.50000       300000.000000000        37409699.7723045     
   33.50000       300000.000000000        37126662.3465194     
   34.50000       300000.000000000        36862170.3523845     
   35.50000       300000.000000000        36614744.2416186     
   36.50000       295000.000000000        36383046.9386761     
   37.50000       295000.000000000        36165867.9737001     
   38.50000       295000.000000000        35962109.6764258     
   39.50000       295000.000000000        35770775.0857246     
   40.50000       295000.000000000        35590957.3233210     
   41.50000       295000.000000000        35421830.2343274     
   42.50000       295000.000000000        35262640.1303607     
   43.50000       295000.000000000        35112698.4935785     
   44.50000       295000.000000000        34971375.5187683     
   45.50000       295000.000000000        34838094.3864660     
   46.50000       295000.000000000        34712326.1746441     
   47.50000       295000.000000000        34593585.3292994     
   48.50000       295000.000000000        34481425.6251051     
   49.50000       295000.000000000        34375436.5569636     
   50.50000       295000.000000000        34275240.1111568     
   51.50000       295000.000000000        34180487.8717834     
   52.50000       295000.000000000        34090858.4238807     
   53.50000       295000.000000000        34006055.0195942     
   54.50000       295000.000000000        33925803.4782133     
   55.50000       295000.000000000        33849850.2943577     
   56.50000       295000.000000000        33777960.9319477     
   57.50000       295000.000000000        33709918.2843171     
   58.50000       295000.000000000        33645521.2832716     
   59.50000       295000.000000000        33584583.6419325     
   60.50000       295000.000000000        33526932.7182148     
   61.50000       295000.000000000        33472408.4874966     
   62.50000       295000.000000000        33420862.6142920     
   63.50000       295000.000000000        33372157.6145715     
   64.50000       290000.000000000        33326166.1013065     
   65.50000       290000.000000000        33282770.1073652     
   66.50000       290000.000000000        33241860.4811585     
   67.50000       290000.000000000        33203336.3518862     
   68.50000       290000.000000000        33167104.6630729     
   69.50000       290000.000000000        33133079.7747292     
   70.50000       290000.000000000        33101183.1378219     
   71.50000       290000.000000000        33071343.0478753     
   72.50000       290000.000000000        33043494.4903316     
   73.50000       290000.000000000        33017579.0980636     
   74.50000       290000.000000000        32993545.2538783     
   75.50000       290000.000000000        32971348.3912783     
   76.50000       290000.000000000        32950951.5790114     
   77.50000       290000.000000000        32932326.5325083     
   78.50000       290000.000000000        32915455.2952028     
   79.50000       290000.000000000        32900333.0207764     
   80.50000       290000.000000000        32886972.6507402     
   81.50000       290000.000000000        32875413.0309552     
   82.50000       290000.000000000        32865733.6587485     
   83.50000       290000.000000000        32858083.1800764     
   84.50000       290000.000000000        32852739.2950505     
   85.50000       290000.000000000        32850252.5516508     
   86.50000       290000.000000000        32851886.3530391     
   87.50000       290000.000000000        32861221.7901846     
   88.50000       290000.000000000        32863801.3951690     
   89.50000       285000.000000000        29923078.9305489     
