  -89.50000       330000.000000000        47379733.3793669     
  -88.50000       330000.000000000        47327641.6715728     
  -87.50000       330000.000000000        47320444.9965206     
  -86.50000       330000.000000000        47321424.4123820     
  -85.50000       330000.000000000        47326384.3022113     
  -84.50000       330000.000000000        47334205.1545877     
  -83.50000       330000.000000000        47344470.5123692     
  -82.50000       330000.000000000        47357000.6591303     
  -81.50000       330000.000000000        47371715.8186302     
  -80.50000       330000.000000000        47388585.8644775     
  -79.50000       330000.000000000        47407608.8617585     
  -78.50000       330000.000000000        47428800.8982477     
  -77.50000       330000.000000000        47452190.8939285     
  -76.50000       330000.000000000        47477817.8189402     
  -75.50000       330000.000000000        47505729.1693777     
  -74.50000       330000.000000000        47535980.1452657     
  -73.50000       330000.000000000        47568633.2451343     
  -72.50000       330000.000000000        47603758.1236810     
  -71.50000       330000.000000000        47641431.6261123     
  -70.50000       330000.000000000        47681737.9498999     
  -69.50000       330000.000000000        47724768.9046227     
  -68.50000       330000.000000000        47770624.2534867     
  -67.50000       330000.000000000        47819412.1270144     
  -66.50000       330000.000000000        47871249.5043943     
  -65.50000       330000.000000000        47926262.7614387     
  -64.50000       330000.000000000        47984588.2858733     
  -63.50000       330000.000000000        48046373.1630766     
  -62.50000       330000.000000000        48111775.9363250     
  -61.50000       330000.000000000        48180967.4471320     
  -60.50000       330000.000000000        48254131.7624747     
  -59.50000       330000.000000000        48331467.1968104     
  -58.50000       330000.000000000        48413187.4380479     
  -57.50000       330000.000000000        48499522.7880684     
  -56.50000       330000.000000000        48590721.5297516     
  -55.50000       330000.000000000        48687051.4341058     
  -54.50000       330000.000000000        48788801.4229361     
  -53.50000       330000.000000000        48896283.4045860     
  -52.50000       330000.000000000        49009834.3025737     
  -51.50000       330000.000000000        49129818.2995154     
  -50.50000       330000.000000000        49256629.3220382     
  -49.50000       330000.000000000        49390693.7956460     
  -48.50000       330000.000000000        49532473.7027354     
  -47.50000       335000.000000000        49682469.9815037     
  -46.50000       335000.000000000        49841226.3090650     
  -45.50000       335000.000000000        50009333.3183334     
  -44.50000       335000.000000000        50187433.3055832     
  -43.50000       335000.000000000        50376225.4943120     
  -42.50000       335000.000000000        50576471.9310979     
  -41.50000       335000.000000000        50789004.1010964     
  -40.50000       335000.000000000        51014730.3647750     
  -39.50000       335000.000000000        51254644.3341285     
  -38.50000       335000.000000000        51509834.3261901     
  -37.50000       335000.000000000        51781494.0548805     
  -36.50000       335000.000000000        52070934.7506730     
  -35.50000       335000.000000000        52379598.9326411     
  -34.50000       335000.000000000        52709076.1014116     
  -33.50000       335000.000000000        53061120.6741192     
  -32.50000       335000.000000000        53437672.5372289     
  -31.50000       340000.000000000        53840880.6352582     
  -30.50000       340000.000000000        54273130.0250834     
  -29.50000       340000.000000000        54737072.8142248     
  -28.50000       340000.000000000        55235663.4527687     
  -27.50000       340000.000000000        55772199.1804222     
  -26.50000       340000.000000000        56350367.3724357     
  -25.50000       340000.000000000        56974303.2999779     
  -24.50000       340000.000000000        57648664.0146167     
  -23.50000       345000.000000000        58378724.9428639     
  -22.50000       345000.000000000        59170501.8696541     
  -21.50000       345000.000000000        60030887.9696972     
  -20.50000       345000.000000000        60967771.2972258     
  -19.50000       345000.000000000        61990068.0434472     
  -18.50000       350000.000000000        63107588.9029019     
  -17.50000       350000.000000000        64330680.3213371     
  -16.50000       350000.000000000        65669679.6278989     
  -15.50000       350000.000000000        67134397.6972429     
  -14.50000       355000.000000000        68734041.7017701     
  -13.50000       355000.000000000        70478074.1424563     
  -12.50000       355000.000000000        72378208.2996166     
  -11.50000       360000.000000000        74450630.4832651     
  -10.50000       360000.000000000        76715226.3039345     
  -9.500000       360000.000000000        79185878.1900343     
  -8.500000       365000.000000000        81846711.6187831     
  -7.500000       365000.000000000        84619402.8793413     
  -6.500000       370000.000000000        87344867.3152369     
  -5.500000       375000.000000000        89809752.0518606     
  -4.500000       380000.000000000        91821186.8384739     
  -3.500000       385000.000000000        93285175.4524569     
  -2.500000       390000.000000000        94229672.9184727     
  -1.500000       390000.000000000        94759639.8695743     
 -0.5000000       395000.000000000        94983772.0824557     
  0.5000000       395000.000000000        94983772.0824558     
   1.500000       390000.000000000        94759639.8695745     
   2.500000       390000.000000000        94229672.9184730     
   3.500000       385000.000000000        93285175.4524571     
   4.500000       380000.000000000        91821186.8384743     
   5.500000       375000.000000000        89809752.0518614     
   6.500000       370000.000000000        87344867.3152383     
   7.500000       365000.000000000        84619402.8793435     
   8.500000       365000.000000000        81846711.6187860     
   9.500000       360000.000000000        79185878.1900371     
   10.50000       360000.000000000        76715226.3039370     
   11.50000       360000.000000000        74450630.4832664     
   12.50000       355000.000000000        72378208.2996168     
   13.50000       355000.000000000        70478074.1424547     
   14.50000       355000.000000000        68734041.7017669     
   15.50000       350000.000000000        67134397.6972391     
   16.50000       350000.000000000        65669679.6278968     
   17.50000       350000.000000000        64330680.3213365     
   18.50000       350000.000000000        63107588.9029030     
   19.50000       345000.000000000        61990068.0434497     
   20.50000       345000.000000000        60967771.2972290     
   21.50000       345000.000000000        60030887.9697002     
   22.50000       345000.000000000        59170501.8696564     
   23.50000       345000.000000000        58378724.9428660     
   24.50000       340000.000000000        57648664.0146203     
   25.50000       340000.000000000        56974303.2999817     
   26.50000       340000.000000000        56350367.3724402     
   27.50000       340000.000000000        55772199.1804255     
   28.50000       340000.000000000        55235663.4527705     
   29.50000       340000.000000000        54737072.8142249     
   30.50000       340000.000000000        54273130.0250815     
   31.50000       340000.000000000        53840880.6352557     
   32.50000       335000.000000000        53437672.5372264     
   33.50000       335000.000000000        53061120.6741171     
   34.50000       335000.000000000        52709076.1014107     
   35.50000       335000.000000000        52379598.9326393     
   36.50000       335000.000000000        52070934.7506758     
   37.50000       335000.000000000        51781494.0548845     
   38.50000       335000.000000000        51509834.3261955     
   39.50000       335000.000000000        51254644.3341288     
   40.50000       335000.000000000        51014730.3647745     
   41.50000       335000.000000000        50789004.1010985     
   42.50000       335000.000000000        50576471.9310992     
   43.50000       335000.000000000        50376225.4943130     
   44.50000       335000.000000000        50187433.3055863     
   45.50000       335000.000000000        50009333.3183371     
   46.50000       335000.000000000        49841226.3090652     
   47.50000       335000.000000000        49682469.9814980     
   48.50000       330000.000000000        49532473.7027320     
   49.50000       330000.000000000        49390693.7956443     
   50.50000       330000.000000000        49256629.3220351     
   51.50000       330000.000000000        49129818.2995166     
   52.50000       330000.000000000        49009834.3025750     
   53.50000       330000.000000000        48896283.4045895     
   54.50000       330000.000000000        48788801.4229410     
   55.50000       330000.000000000        48687051.4341140     
   56.50000       330000.000000000        48590721.5297609     
   57.50000       330000.000000000        48499522.7880715     
   58.50000       330000.000000000        48413187.4380473     
   59.50000       330000.000000000        48331467.1968068     
   60.50000       330000.000000000        48254131.7624731     
   61.50000       330000.000000000        48180967.4471313     
   62.50000       330000.000000000        48111775.9363223     
   63.50000       330000.000000000        48046373.1630758     
   64.50000       330000.000000000        47984588.2858722     
   65.50000       330000.000000000        47926262.7614386     
   66.50000       330000.000000000        47871249.5043944     
   67.50000       330000.000000000        47819412.1270142     
   68.50000       330000.000000000        47770624.2534853     
   69.50000       330000.000000000        47724768.9046219     
   70.50000       330000.000000000        47681737.9498998     
   71.50000       330000.000000000        47641431.6261129     
   72.50000       330000.000000000        47603758.1236835     
   73.50000       330000.000000000        47568633.2451369     
   74.50000       330000.000000000        47535980.1452664     
   75.50000       330000.000000000        47505729.1693779     
   76.50000       330000.000000000        47477817.8189402     
   77.50000       330000.000000000        47452190.8939287     
   78.50000       330000.000000000        47428800.8982476     
   79.50000       330000.000000000        47407608.8617583     
   80.50000       330000.000000000        47388585.8644778     
   81.50000       330000.000000000        47371715.8186370     
   82.50000       330000.000000000        47357000.6591642     
   83.50000       330000.000000000        47344470.5117393     
   84.50000       330000.000000000        47334205.1406851     
   85.50000       330000.000000000        47326384.2846566     
   86.50000       330000.000000000        47321429.9748517     
   87.50000       330000.000000000        47320581.3852860     
   88.50000       330000.000000000        47323480.4228571     
   89.50000       330000.000000000        46163439.7902464     
