  -89.50000       1037489.98170758        47379733.3793669     
  -88.50000       1036341.81643426        47327641.6715728     
  -87.50000       1036198.04485029        47320444.9965206     
  -86.50000       1036240.83579233        47321424.4123820     
  -85.50000       1036378.39589287        47326384.3022113     
  -84.50000       1036586.16542765        47334205.1545877     
  -83.50000       1036855.05002746        47344470.5123692     
  -82.50000       1037181.18147647        47357000.6591303     
  -81.50000       1037562.90836893        47371715.8186302     
  -80.50000       1037999.68939073        47388585.8644775     
  -79.50000       1038491.62126143        47407608.8617585     
  -78.50000       1039039.21533604        47428800.8982477     
  -77.50000       1039643.28393105        47452190.8939285     
  -76.50000       1040304.87978778        47477817.8189402     
  -75.50000       1041025.26333722        47505729.1693777     
  -74.50000       1041805.88553058        47535980.1452657     
  -73.50000       1042648.37995137        47568633.2451343     
  -72.50000       1043554.56083374        47603758.1236810     
  -71.50000       1044526.42509144        47641431.6261123     
  -70.50000       1045566.15728082        47681737.9498999     
  -69.50000       1046676.13686140        47724768.9046227     
  -68.50000       1047858.94740393        47770624.2534867     
  -67.50000       1049117.38754789        47819412.1270144     
  -66.50000       1050454.48362353        47871249.5043943     
  -65.50000       1051873.50392893        47926262.7614387     
  -64.50000       1053377.97469534        47984588.2858733     
  -63.50000       1054971.69782708        48046373.1630766     
  -62.50000       1056658.77052501        48111775.9363250     
  -61.50000       1058443.60693869        48180967.4471320     
  -60.50000       1060330.96202059        48254131.7624747     
  -59.50000       1062325.95778254        48331467.1968104     
  -58.50000       1064434.11218460        48413187.4380479     
  -57.50000       1066661.37092135        48499522.7880684     
  -56.50000       1069014.14240214        48590721.5297516     
  -55.50000       1071499.33626195        48687051.4341058     
  -54.50000       1074124.40578242        48788801.4229361     
  -53.50000       1076897.39465205        48896283.4045860     
  -52.50000       1079826.98854744        49009834.3025737     
  -51.50000       1082922.57207768        49129818.2995154     
  -50.50000       1086194.29170902        49256629.3220382     
  -49.50000       1089653.12536071        49390693.7956460     
  -48.50000       1093310.95945778        49532473.7027354     
  -47.50000       1097243.17089502        49682469.9815037     
  -46.50000       1101480.59052839        49841226.3090650     
  -45.50000       1105969.05720116        50009333.3183334     
  -44.50000       1110725.93480719        50187433.3055832     
  -43.50000       1115770.13115954        50376225.4943120     
  -42.50000       1121122.25748129        50576471.9310979     
  -41.50000       1126804.80709139        50789004.1010964     
  -40.50000       1132842.35591069        51014730.3647750     
  -39.50000       1139261.78781814        51254644.3341285     
  -38.50000       1146092.54835740        51509834.3261901     
  -37.50000       1153366.93084501        51781494.0548805     
  -36.50000       1161120.39959821        52070934.7506730     
  -35.50000       1169391.95581437        52379598.9326411     
  -34.50000       1178224.55263034        52709076.1014116     
  -33.50000       1187665.56701327        53061120.6741192     
  -32.50000       1197767.33713445        53437672.5372289     
  -31.50000       1208939.22488156        53840880.6352582     
  -30.50000       1220945.75214945        54273130.0250834     
  -29.50000       1233848.80093291        54737072.8142248     
  -28.50000       1247733.49366989        55235663.4527687     
  -27.50000       1262694.94704419        55772199.1804222     
  -26.50000       1278839.66654362        56350367.3724357     
  -25.50000       1296287.26585405        56974303.2999779     
  -24.50000       1315172.68285063        57648664.0146167     
  -23.50000       1336307.16606475        58378724.9428639     
  -22.50000       1359325.25707876        59170501.8696541     
  -21.50000       1384421.57997243        60030887.9696972     
  -20.50000       1411845.96924975        60967771.2972258     
  -19.50000       1441880.23725184        61990068.0434472     
  -18.50000       1475543.65129297        63107588.9029019     
  -17.50000       1512986.34393442        64330680.3213371     
  -16.50000       1554219.37186683        65669679.6278989     
  -15.50000       1599590.72197369        67134397.6972429     
  -14.50000       1650638.09178183        68734041.7017701     
  -13.50000       1707370.16364101        70478074.1424563     
  -12.50000       1769964.25894072        72378208.2996166     
  -11.50000       1840588.35421375        74450630.4832651     
  -10.50000       1920829.17147979        76715226.3039345     
  -9.500000       2011036.34332844        79185878.1900343     
  -8.500000       2114451.55991361        81846711.6187831     
  -7.500000       2226480.03270797        84619402.8793413     
  -6.500000       2343738.91060549        87344867.3152369     
  -5.500000       2453954.09749305        89809752.0518606     
  -4.500000       2547568.99303804        91821186.8384739     
  -3.500000       2618268.04647082        93285175.4524569     
  -2.500000       2665058.89300606        94229672.9184727     
  -1.500000       2690475.78784598        94759639.8695743     
 -0.5000000       2704111.44294546        94983772.0824557     
  0.5000000       2704111.44294547        94983772.0824558     
   1.500000       2690475.78784600        94759639.8695745     
   2.500000       2665058.89300608        94229672.9184730     
   3.500000       2618268.04647082        93285175.4524571     
   4.500000       2547568.99303802        91821186.8384743     
   5.500000       2453954.09749304        89809752.0518614     
   6.500000       2343738.91060550        87344867.3152383     
   7.500000       2226480.03270800        84619402.8793435     
   8.500000       2114451.55991368        81846711.6187860     
   9.500000       2011036.34332852        79185878.1900371     
   10.50000       1920829.17147987        76715226.3039370     
   11.50000       1840588.35421380        74450630.4832664     
   12.50000       1769964.25894076        72378208.2996168     
   13.50000       1707370.16364101        70478074.1424547     
   14.50000       1650638.09178178        68734041.7017669     
   15.50000       1599590.72197360        67134397.6972391     
   16.50000       1554219.37186674        65669679.6278968     
   17.50000       1512986.34393437        64330680.3213365     
   18.50000       1475543.65129296        63107588.9029030     
   19.50000       1441880.23725188        61990068.0434497     
   20.50000       1411845.96924981        60967771.2972290     
   21.50000       1384421.57997250        60030887.9697002     
   22.50000       1359325.25707882        59170501.8696564     
   23.50000       1336307.16606479        58378724.9428660     
   24.50000       1315172.68285071        57648664.0146203     
   25.50000       1296287.26585413        56974303.2999817     
   26.50000       1278839.66654371        56350367.3724402     
   27.50000       1262694.94704428        55772199.1804255     
   28.50000       1247733.49366994        55235663.4527705     
   29.50000       1233848.80093293        54737072.8142249     
   30.50000       1220945.75214942        54273130.0250815     
   31.50000       1208939.22488151        53840880.6352557     
   32.50000       1197767.33713439        53437672.5372264     
   33.50000       1187665.56701321        53061120.6741171     
   34.50000       1178224.55263031        52709076.1014107     
   35.50000       1169391.95581432        52379598.9326393     
   36.50000       1161120.39959824        52070934.7506758     
   37.50000       1153366.93084509        51781494.0548845     
   38.50000       1146092.54835753        51509834.3261955     
   39.50000       1139261.78781817        51254644.3341288     
   40.50000       1132842.35591067        51014730.3647745     
   41.50000       1126804.80709144        50789004.1010985     
   42.50000       1121122.25748132        50576471.9310992     
   43.50000       1115770.13115956        50376225.4943130     
   44.50000       1110725.93480725        50187433.3055863     
   45.50000       1105969.05720125        50009333.3183371     
   46.50000       1101480.59052842        49841226.3090652     
   47.50000       1097243.17089491        49682469.9814980     
   48.50000       1093310.95945770        49532473.7027320     
   49.50000       1089653.12536068        49390693.7956443     
   50.50000       1086194.29170895        49256629.3220351     
   51.50000       1082922.57207770        49129818.2995166     
   52.50000       1079826.98854746        49009834.3025750     
   53.50000       1076897.39465212        48896283.4045895     
   54.50000       1074124.40578252        48788801.4229410     
   55.50000       1071499.33626212        48687051.4341140     
   56.50000       1069014.14240235        48590721.5297609     
   57.50000       1066661.37092144        48499522.7880715     
   58.50000       1064434.11218460        48413187.4380473     
   59.50000       1062325.95778246        48331467.1968068     
   60.50000       1060330.96202055        48254131.7624731     
   61.50000       1058443.60693867        48180967.4471313     
   62.50000       1056658.77052496        48111775.9363223     
   63.50000       1054971.69782706        48046373.1630758     
   64.50000       1053377.97469532        47984588.2858722     
   65.50000       1051873.50392892        47926262.7614386     
   66.50000       1050454.48362354        47871249.5043944     
   67.50000       1049117.38754789        47819412.1270142     
   68.50000       1047858.94740390        47770624.2534853     
   69.50000       1046676.13686139        47724768.9046219     
   70.50000       1045566.15728082        47681737.9498998     
   71.50000       1044526.42509146        47641431.6261129     
   72.50000       1043554.56083379        47603758.1236835     
   73.50000       1042648.37995143        47568633.2451369     
   74.50000       1041805.88553060        47535980.1452664     
   75.50000       1041025.26333723        47505729.1693779     
   76.50000       1040304.87978778        47477817.8189402     
   77.50000       1039643.28393105        47452190.8939287     
   78.50000       1039039.21533604        47428800.8982476     
   79.50000       1038491.62126142        47407608.8617583     
   80.50000       1037999.68939073        47388585.8644778     
   81.50000       1037562.90836906        47371715.8186370     
   82.50000       1037181.18147746        47357000.6591642     
   83.50000       1036855.05001844        47344470.5117393     
   84.50000       1036586.16513067        47334205.1406851     
   85.50000       1036378.39430049        47326384.2846566     
   86.50000       1036240.93436255        47321429.9748517     
   87.50000       1036201.42603010        47320581.3852860     
   88.50000       1036307.03370243        47323480.4228571     
   89.50000       1010967.85323278        46163439.7902464     
