  -89.50000       947701.874674039        43914325.7096492     
  -88.50000       943963.492695072        43726680.7153463     
  -87.50000       943305.365760645        43692503.9639937     
  -86.50000       943120.611681996        43681987.6091855     
  -85.50000       943122.382211960        43680508.5895687     
  -84.50000       943233.834921874        43684172.1603058     
  -83.50000       943425.734154749        43691496.2406167     
  -82.50000       943684.776681685        43701803.6969397     
  -81.50000       944004.283853914        43714751.3078985     
  -80.50000       944380.770956025        43730156.3005546     
  -79.50000       944812.478495511        43747922.1024242     
  -78.50000       945298.671904159        43768002.9292846     
  -77.50000       945839.279677801        43790385.4697048     
  -76.50000       946434.694767026        43815078.8120430     
  -75.50000       947085.660704882        43842108.6465700     
  -74.50000       947793.204489248        43871513.8235695     
  -73.50000       948558.596696096        43903344.2808671     
  -72.50000       949383.328238237        43937659.8057760     
  -71.50000       950269.097787505        43974529.3288846     
  -70.50000       951217.806368254        44014030.5727835     
  -69.50000       952231.557022639        44056249.9491888     
  -68.50000       953312.658256299        44101282.6385765     
  -67.50000       954463.630477677        44149232.8119031     
  -66.50000       955687.214944321        44200213.9690571     
  -65.50000       956986.384931965        44254349.3788094     
  -64.50000       958364.358980209        44311772.6119215     
  -63.50000       959824.616155061        44372628.1633315     
  -62.50000       961370.913347585        44437072.1631844     
  -61.50000       963007.304676734        44505273.1788579     
  -60.50000       964738.163109593        44577413.1122339     
  -59.50000       966568.204457151        44653688.1986254     
  -58.50000       968502.513931384        44734310.1149542     
  -57.50000       970546.575499336        44819507.2071267     
  -56.50000       972706.304297670        44909525.8477774     
  -55.50000       974988.082417419        45004631.9376346     
  -54.50000       977398.798409777        45105112.5656510     
  -53.50000       979945.890911182        45211277.8450806     
  -52.50000       982637.396847937        45323462.9456638     
  -51.50000       985482.004726187        45442030.3439786     
  -50.50000       988489.113599223        45567372.3181033     
  -49.50000       991723.183826697        45699913.7155085     
  -48.50000       995211.331641573        45840115.0276464     
  -47.50000       998903.714978917        45988475.8094580     
  -46.50000       1002814.03158395        46145538.4871216     
  -45.50000       1006957.17722916        46311892.6040633     
  -44.50000       1011349.36696846        46488179.5624058     
  -43.50000       1016008.27075317        46675097.9255857     
  -42.50000       1020953.16534085        46873409.3580095     
  -41.50000       1026205.10472131        47083945.2894149     
  -40.50000       1031787.11162274        47307614.4052592     
  -39.50000       1037724.39304366        47545411.0802010     
  -38.50000       1044044.58316267        47798424.8887994     
  -37.50000       1050778.01738898        48067851.3453324     
  -36.50000       1057958.04171150        48355004.0420645     
  -35.50000       1065621.36193307        48661328.3734570     
  -34.50000       1073808.43804588        48988417.0588804     
  -33.50000       1082563.93041409        49338027.7246376     
  -32.50000       1091937.20747474        49712102.9091268     
  -31.50000       1102020.05905363        50112793.0576581     
  -30.50000       1113187.92049183        50542483.4189114     
  -29.50000       1125197.64551331        51003826.2430518     
  -28.50000       1138130.34153386        51499780.1936640     
  -27.50000       1152077.23088117        52033659.0889706     
  -26.50000       1167141.37355075        52609191.3461688     
  -25.50000       1183439.60358353        53230588.8836291     
  -24.50000       1201104.41294402        53902618.7076966     
  -23.50000       1220285.22243735        54630661.3512035     
  -22.50000       1241508.96080425        55420728.3633886     
  -21.50000       1265055.81962573        56279399.0818284     
  -20.50000       1290777.86905174        57213630.9636463     
  -19.50000       1318881.02634988        58230406.9124374     
  -18.50000       1349554.05915250        59336217.8294953     
  -17.50000       1382951.17940944        60536447.3706887     
  -16.50000       1420432.17343081        61834830.6198072     
  -15.50000       1461109.57165271        63233295.4628637     
  -14.50000       1505050.20830430        64732666.2302581     
  -13.50000       1552495.29048515        66334915.5884549     
  -12.50000       1605509.21691168        68047763.5330487     
  -11.50000       1664673.70154457        69891793.9987954     
  -10.50000       1732279.94040309        71907463.8482916     
  -9.500000       1812300.44843306        74153621.0920488     
  -8.500000       1910732.18895869        76684463.4340993     
  -7.500000       2028057.22764006        79499402.3548804     
  -6.500000       2157698.59453219        82487552.3971373     
  -5.500000       2290227.71241775        85417080.1177211     
  -4.500000       2409160.50806609        88006057.2765854     
  -3.500000       2502128.11618133        90042147.2085942     
  -2.500000       2565576.44526912        91459659.8553064     
  -1.500000       2601915.93392127        92316643.2864286     
 -0.5000000       2617830.44120312        92709502.7678611     
  0.5000000       2617830.44120312        92709502.7678610     
   1.500000       2601915.93392125        92316643.2864282     
   2.500000       2565576.44526907        91459659.8553057     
   3.500000       2502128.11618130        90042147.2085934     
   4.500000       2409160.50806609        88006057.2765843     
   5.500000       2290227.71241775        85417080.1177196     
   6.500000       2157698.59453219        82487552.3971352     
   7.500000       2028057.22764005        79499402.3548782     
   8.500000       1910732.18895865        76684463.4340967     
   9.500000       1812300.44843301        74153621.0920459     
   10.50000       1732279.94040302        71907463.8482894     
   11.50000       1664673.70154449        69891793.9987941     
   12.50000       1605509.21691162        68047763.5330498     
   13.50000       1552495.29048515        66334915.5884583     
   14.50000       1505050.20830435        64732666.2302634     
   15.50000       1461109.57165280        63233295.4628706     
   16.50000       1420432.17343095        61834830.6198163     
   17.50000       1382951.17940963        60536447.3706995     
   18.50000       1349554.05915273        59336217.8295067     
   19.50000       1318881.02635013        58230406.9124479     
   20.50000       1290777.86905195        57213630.9636540     
   21.50000       1265055.81962590        56279399.0818338     
   22.50000       1241508.96080434        55420728.3633888     
   23.50000       1220285.22243734        54630661.3511998     
   24.50000       1201104.41294392        53902618.7076915     
   25.50000       1183439.60358342        53230588.8836234     
   26.50000       1167141.37355061        52609191.3461624     
   27.50000       1152077.23088106        52033659.0889679     
   28.50000       1138130.34153383        51499780.1936668     
   29.50000       1125197.64551344        51003826.2430618     
   30.50000       1113187.92049212        50542483.4189266     
   31.50000       1102020.05905393        50112793.0576716     
   32.50000       1091937.20747498        49712102.9091380     
   33.50000       1082563.93041430        49338027.7246470     
   34.50000       1073808.43804604        48988417.0588887     
   35.50000       1065621.36193328        48661328.3734687     
   36.50000       1057958.04171174        48355004.0420764     
   37.50000       1050778.01738918        48067851.3453404     
   38.50000       1044044.58316277        47798424.8888025     
   39.50000       1037724.39304363        47545411.0801977     
   40.50000       1031787.11162264        47307614.4052527     
   41.50000       1026205.10472109        47083945.2894028     
   42.50000       1020953.16534058        46873409.3579968     
   43.50000       1016008.27075296        46675097.9255760     
   44.50000       1011349.36696822        46488179.5623957     
   45.50000       1006957.17722916        46311892.6040652     
   46.50000       1002814.03158399        46145538.4871231     
   47.50000       998903.714978868        45988475.8094549     
   48.50000       995211.331641538        45840115.0276447     
   49.50000       991723.183826673        45699913.7155072     
   50.50000       988489.113599209        45567372.3181008     
   51.50000       985482.004725951        45442030.3439657     
   52.50000       982637.396847779        45323462.9456572     
   53.50000       979945.890911140        45211277.8450788     
   54.50000       977398.798409755        45105112.5656490     
   55.50000       974988.082417344        45004631.9376296     
   56.50000       972706.304297441        44909525.8477657     
   57.50000       970546.575499250        44819507.2071234     
   58.50000       968502.513931351        44734310.1149528     
   59.50000       966568.204457145        44653688.1986250     
   60.50000       964738.163109583        44577413.1122339     
   61.50000       963007.304676773        44505273.1788613     
   62.50000       961370.913347862        44437072.1632000     
   63.50000       959824.616155389        44372628.1633474     
   64.50000       958364.358980341        44311772.6119269     
   65.50000       956986.384931991        44254349.3788101     
   66.50000       955687.214944300        44200213.9690560     
   67.50000       954463.630477673        44149232.8119028     
   68.50000       953312.658256296        44101282.6385764     
   69.50000       952231.557022630        44056249.9491882     
   70.50000       951217.806368250        44014030.5727832     
   71.50000       950269.097787500        43974529.3288843     
   72.50000       949383.328238222        43937659.8057753     
   73.50000       948558.596696092        43903344.2808670     
   74.50000       947793.204489249        43871513.8235696     
   75.50000       947085.660704882        43842108.6465700     
   76.50000       946434.694767024        43815078.8120429     
   77.50000       945839.279677798        43790385.4697047     
   78.50000       945298.671904191        43768002.9292870     
   79.50000       944812.478495900        43747922.1024469     
   80.50000       944380.770957923        43730156.3006493     
   81.50000       944004.283855905        43714751.3078638     
   82.50000       943684.776602905        43701803.6918109     
   83.50000       943425.733218005        43691496.1904715     
   84.50000       943233.830797448        43684172.0184876     
   85.50000       943122.439944329        43680512.7608269     
   86.50000       943122.363617491        43682085.5275646     
   87.50000       943327.365703747        43693457.3820267     
   88.50000       943636.799250388        43699185.7551430     
   89.50000       872012.443556371        40010594.6752436     
