  -89.50000       1137242.29479807        52697192.9455432     
  -88.50000       1132756.23624510        52472018.9434344     
  -87.50000       1131966.48389241        52431006.8401820     
  -86.50000       1131744.77898922        52418387.2139107     
  -85.50000       1131746.90362526        52416612.3903000     
  -84.50000       1131880.64688247        52421008.6753592     
  -83.50000       1132110.92597107        52429797.5720812     
  -82.50000       1132421.77701574        52442166.5201602     
  -81.50000       1132805.18563764        52457703.6539277     
  -80.50000       1133256.97017812        52476189.6458494     
  -79.50000       1133775.01924608        52497508.6089395     
  -78.50000       1134358.45135963        52521605.6021291     
  -77.50000       1135007.18071377        52548464.6517000     
  -76.50000       1135721.67884922        52578096.6636829     
  -75.50000       1136502.83800567        52610532.4664036     
  -74.50000       1137351.89058064        52645818.6802045     
  -73.50000       1138270.36126534        52684015.2304787     
  -72.50000       1139260.03915521        52725193.8620049     
  -71.50000       1140322.96265655        52769437.2914922     
  -70.50000       1141461.41299867        52816838.7860535     
  -69.50000       1142677.91383225        52867502.0397521     
  -68.50000       1143975.23536417        52921541.2691635     
  -67.50000       1145356.40208468        52979081.4794406     
  -66.50000       1146824.70350296        53040258.8704549     
  -65.50000       1148383.70755005        53105221.3647375     
  -64.50000       1150037.27647361        53174129.2472085     
  -63.50000       1151789.58515303        53247155.9118005     
  -62.50000       1153645.14185775        53324488.7146950     
  -61.50000       1155608.81153071        53406329.9367530     
  -60.50000       1157685.84173262        53492897.8602418     
  -59.50000       1159881.89143690        53584427.9675461     
  -58.50000       1162203.06289815        53681174.2709820     
  -57.50000       1164655.93687709        53783410.7856484     
  -56.50000       1167247.61153800        53891433.1587180     
  -55.50000       1169985.74539042        54005560.4710778     
  -54.50000       1172878.60469610        54126137.2294843     
  -53.50000       1175935.11581914        54253535.5698573     
  -52.50000       1179164.92307146        54388157.6959011     
  -51.50000       1182578.45266087        54530438.5795263     
  -50.50000       1186186.98345175        54680848.9544458     
  -49.50000       1190067.86787868        54839898.6376444     
  -48.50000       1194253.64542266        55008140.2188864     
  -47.50000       1198684.50560331        55186173.1641247     
  -46.50000       1203376.88571554        55374648.3847987     
  -45.50000       1208348.66068706        55574273.3330479     
  -44.50000       1213619.28858331        55785817.6914499     
  -43.50000       1219209.97334672        56010119.7361614     
  -42.50000       1225143.84708726        56248093.4645061     
  -41.50000       1231446.17459370        56500736.5922081     
  -40.50000       1238144.58314095        56769139.5418590     
  -39.50000       1245269.32112840        57054495.5630958     
  -38.50000       1252853.54957169        57358112.1454401     
  -37.50000       1260933.67096327        57681423.9060811     
  -36.50000       1269549.70049137        58026007.1557976     
  -35.50000       1278745.68512111        58393596.3680093     
  -34.50000       1288570.17684497        58786102.8060339     
  -33.50000       1299076.76810199        59205635.6215156     
  -32.50000       1310324.70101882        59654525.8606194     
  -31.50000       1322424.12338997        60135354.0578140     
  -30.50000       1335825.55764365        60650982.5116204     
  -29.50000       1350237.22823616        61204593.9223527     
  -28.50000       1365756.46406997        61799738.6864406     
  -27.50000       1382492.73194227        62440393.3858931     
  -26.50000       1400569.70385210        63131032.1215065     
  -25.50000       1420127.58065353        63876709.1955042     
  -24.50000       1441325.35270946        64683145.0157001     
  -23.50000       1464342.32499181        65556796.2217069     
  -22.50000       1489810.81200826        66504876.6728237     
  -21.50000       1518067.04367085        67535281.5743155     
  -20.50000       1548933.50413988        68656359.8747954     
  -19.50000       1582657.29412905        69876491.0584275     
  -18.50000       1619464.93477726        71203464.2062518     
  -17.50000       1659541.48038636        72643739.7042603     
  -16.50000       1704518.67451695        74201799.6512427     
  -15.50000       1753331.55357318        75879957.5078451     
  -14.50000       1806060.31851333        77679202.4672251     
  -13.50000       1862994.41774365        79601901.7254135     
  -12.50000       1926611.12963874        81657319.2738205     
  -11.50000       1997608.51099801        83870155.8327935     
  -10.50000       2078735.99723367        86288959.6402839     
  -9.500000       2174760.60690321        88984348.3182128     
  -8.500000       2292878.69627973        92021359.1274918     
  -7.500000       2433668.74657458        95399285.8631688     
  -6.500000       2589238.39229617        98985065.9883648     
  -5.500000       2748273.34391128        102500499.367606     
  -4.500000       2890992.70778188        105607272.093093     
  -3.500000       3002553.84578774        108050580.140803     
  -2.500000       3078691.84678171        109751595.420914     
  -1.500000       3122299.23635383        110779975.608289     
 -0.5000000       3141396.64817876        111251407.020618     
  0.5000000       3141396.64817877        111251407.020617     
   1.500000       3122299.23635381        110779975.608288     
   2.500000       3078691.84678164        109751595.420914     
   3.500000       3002553.84578771        108050580.140802     
   4.500000       2890992.70778187        105607272.093092     
   5.500000       2748273.34391128        102500499.367604     
   6.500000       2589238.39229618        98985065.9883623     
   7.500000       2433668.74657457        95399285.8631660     
   8.500000       2292878.69627969        92021359.1274887     
   9.500000       2174760.60690315        88984348.3182094     
   10.50000       2078735.99723358        86288959.6402812     
   11.50000       1997608.51099791        83870155.8327920     
   12.50000       1926611.12963868        81657319.2738217     
   13.50000       1862994.41774365        79601901.7254175     
   14.50000       1806060.31851339        77679202.4672314     
   15.50000       1753331.55357329        75879957.5078533     
   16.50000       1704518.67451713        74201799.6512535     
   17.50000       1659541.48038659        72643739.7042734     
   18.50000       1619464.93477754        71203464.2062654     
   19.50000       1582657.29412935        69876491.0584400     
   20.50000       1548933.50414013        68656359.8748045     
   21.50000       1518067.04367105        67535281.5743220     
   22.50000       1489810.81200836        66504876.6728238     
   23.50000       1464342.32499179        65556796.2217023     
   24.50000       1441325.35270935        64683145.0156939     
   25.50000       1420127.58065340        63876709.1954974     
   26.50000       1400569.70385193        63131032.1214988     
   27.50000       1382492.73194214        62440393.3858899     
   28.50000       1365756.46406994        61799738.6864438     
   29.50000       1350237.22823631        61204593.9223648     
   30.50000       1335825.55764400        60650982.5116386     
   31.50000       1322424.12339034        60135354.0578302     
   32.50000       1310324.70101911        59654525.8606330     
   33.50000       1299076.76810224        59205635.6215269     
   34.50000       1288570.17684517        58786102.8060440     
   35.50000       1278745.68512137        58393596.3680232     
   36.50000       1269549.70049166        58026007.1558118     
   37.50000       1260933.67096351        57681423.9060908     
   38.50000       1252853.54957182        57358112.1454439     
   39.50000       1245269.32112837        57054495.5630919     
   40.50000       1238144.58314083        56769139.5418513     
   41.50000       1231446.17459343        56500736.5921936     
   42.50000       1225143.84708694        56248093.4644908     
   43.50000       1219209.97334647        56010119.7361498     
   44.50000       1213619.28858302        55785817.6914380     
   45.50000       1208348.66068706        55574273.3330504     
   46.50000       1203376.88571560        55374648.3848005     
   47.50000       1198684.50560325        55186173.1641208     
   48.50000       1194253.64542261        55008140.2188842     
   49.50000       1190067.86787865        54839898.6376428     
   50.50000       1186186.98345174        54680848.9544428     
   51.50000       1182578.45266059        54530438.5795109     
   52.50000       1179164.92307127        54388157.6958931     
   53.50000       1175935.11581909        54253535.5698552     
   54.50000       1172878.60469608        54126137.2294819     
   55.50000       1169985.74539033        54005560.4710718     
   56.50000       1167247.61153772        53891433.1587040     
   57.50000       1164655.93687699        53783410.7856444     
   58.50000       1162203.06289811        53681174.2709803     
   59.50000       1159881.89143689        53584427.9675455     
   60.50000       1157685.84173261        53492897.8602418     
   61.50000       1155608.81153076        53406329.9367573     
   62.50000       1153645.14185808        53324488.7147137     
   63.50000       1151789.58515342        53247155.9118195     
   64.50000       1150037.27647377        53174129.2472149     
   65.50000       1148383.70755008        53105221.3647383     
   66.50000       1146824.70350294        53040258.8704536     
   67.50000       1145356.40208467        52979081.4794403     
   68.50000       1143975.23536416        52921541.2691634     
   69.50000       1142677.91383223        52867502.0397513     
   70.50000       1141461.41299866        52816838.7860533     
   71.50000       1140322.96265655        52769437.2914919     
   72.50000       1139260.03915519        52725193.8620039     
   73.50000       1138270.36126533        52684015.2304784     
   74.50000       1137351.89058064        52645818.6802046     
   75.50000       1136502.83800567        52610532.4664036     
   76.50000       1135721.67884922        52578096.6636828     
   77.50000       1135007.18071377        52548464.6517000     
   78.50000       1134358.45135967        52521605.6021321     
   79.50000       1133775.01924655        52497508.6089668     
   80.50000       1133256.97018040        52476189.6459629     
   81.50000       1132805.18564003        52457703.6538861     
   82.50000       1132421.77692120        52442166.5140057     
   83.50000       1132110.92484698        52429797.5119071     
   84.50000       1131880.64193316        52421008.5051773     
   85.50000       1131746.97290411        52416617.3958101     
   86.50000       1131746.88131190        52418504.7159702     
   87.50000       1131992.88382518        52432150.9418670     
   88.50000       1132364.20409591        52439024.9898801     
   89.50000       1046414.97384825        48012715.5181370     
