  -89.50000       1201231.60330393        55394563.8810087     
  -88.50000       1196665.32949147        55171747.7281346     
  -87.50000       1195862.54884777        55131216.7098224     
  -86.50000       1195643.37365659        55119018.6220604     
  -85.50000       1195655.82844541        55117723.3981716     
  -84.50000       1195805.57684507        55122684.5139535     
  -83.50000       1196056.74655319        55132134.4692689     
  -82.50000       1196393.03656183        55145266.6545300     
  -81.50000       1196806.28671970        55161673.2107081     
  -80.50000       1197292.26509661        55181138.0216528     
  -79.50000       1197848.86470852        55203548.1159007     
  -78.50000       1198475.24386397        55228851.4165666     
  -77.50000       1199171.38211876        55257034.8951070     
  -76.50000       1199937.83673108        55288112.5630666     
  -75.50000       1200775.60319262        55322118.5664331     
  -74.50000       1201686.03323005        55359103.0939841     
  -73.50000       1202670.78626992        55399129.9206107     
  -72.50000       1203731.80140307        55442274.9486921     
  -71.50000       1204871.28249430        55488625.3859817     
  -70.50000       1206091.69215499        55538279.3490941     
  -69.50000       1207395.75200411        55591345.7654391     
  -68.50000       1208786.44764970        55647944.4958327     
  -67.50000       1210267.03741298        55708206.6287863     
  -66.50000       1211841.06422111        55772274.9172232     
  -65.50000       1213512.37031964        55840304.3392812     
  -64.50000       1215285.11463841        55912462.7737203     
  -63.50000       1217163.79274601        55988931.7852169     
  -62.50000       1219153.25943329        56069907.5198831     
  -61.50000       1221258.75401426        56155601.7134716     
  -60.50000       1223485.92850992        56246242.8183163     
  -59.50000       1225840.87891435        56342077.2565029     
  -58.50000       1228330.17980318        56443370.8094126     
  -57.50000       1230960.92258803        56550410.1557192     
  -56.50000       1233740.75776731        56663504.5718224     
  -55.50000       1236677.94158188        56782987.8112212     
  -54.50000       1239781.38753514        56909220.1813888     
  -53.50000       1243060.72331134        57042590.8399154     
  -52.50000       1246526.35368702        57183520.3342611     
  -51.50000       1250189.53010940        57332463.4126522     
  -50.50000       1254062.42771555        57489912.1380123     
  -49.50000       1258158.23065591        57656399.3405749     
  -48.50000       1262491.22670830        57832502.4500116     
  -47.50000       1267076.91229823        58018847.7535783     
  -46.50000       1271932.10918636        58216115.1329388     
  -45.50000       1277075.09425957        58425043.3401026     
  -44.50000       1282525.74404786        58646435.8809920     
  -43.50000       1288305.69581798        58881167.5854403     
  -42.50000       1294438.52733934        59130191.9534027     
  -41.50000       1300949.95771373        59394549.3807072     
  -40.50000       1307868.07199049        59675376.3831800     
  -39.50000       1315223.57264391        59973915.9553051     
  -38.50000       1323332.26784782        60291529.2185499     
  -37.50000       1331974.81171911        60629708.5324579     
  -36.50000       1341192.05510580        60990092.2554090     
  -35.50000       1351031.34275896        61374481.3493378     
  -34.50000       1361544.85441911        61784858.0271221     
  -33.50000       1372790.16932510        62223406.6603250     
  -32.50000       1384830.90134286        62692537.2419112     
  -31.50000       1397737.42034167        63194911.9050502     
  -30.50000       1411587.68804609        63733475.4203006     
  -29.50000       1426468.25517598        64311491.2683423     
  -28.50000       1442475.48561802        64932585.6918858     
  -27.50000       1459717.07627256        65600802.6161518     
  -26.50000       1478761.92747081        66320671.5395505     
  -25.50000       1499583.04820767        67097286.9312693     
  -24.50000       1522141.90407983        67936389.5268547     
  -23.50000       1546625.46708520        68844425.8357929     
  -22.50000       1573240.30831668        69828542.6175151     
  -21.50000       1602207.04328211        70896452.0678593     
  -20.50000       1633747.90942545        72056090.1852148     
  -19.50000       1668951.22471207        73314999.9890371     
  -18.50000       1707595.62869365        74679420.9988459     
  -17.50000       1749484.68583525        76153172.3190854     
  -16.50000       1794625.38879926        77736584.4540511     
  -15.50000       1842917.58228525        79425958.5111497     
  -14.50000       1896008.73647539        81214309.2626677     
  -13.50000       1952532.02011957        83094495.0508142     
  -12.50000       2012782.38915237        85066135.1372062     
  -11.50000       2078280.51261141        87147160.4039701     
  -10.50000       2154290.93302123        89387354.3653270     
  -9.500000       2245452.70916280        91872979.5154439     
  -8.500000       2358638.84170658        94702912.2962872     
  -7.500000       2497553.66671015        97923217.2683283     
  -6.500000       2660934.41079672        101443010.971381     
  -5.500000       2829020.33190115        104999532.363863     
  -4.500000       2985915.97100025        108233044.053714     
  -3.500000       3112017.33992695        110842236.250905     
  -2.500000       3200278.65108622        112700667.935472     
  -1.500000       3253136.29287953        113845909.604202     
 -0.5000000       3273579.91480259        114378335.670033     
  0.5000000       3273579.91480259        114378335.670033     
   1.500000       3253136.29287954        113845909.604202     
   2.500000       3200278.65108627        112700667.935472     
   3.500000       3112017.33992700        110842236.250906     
   4.500000       2985915.97100028        108233044.053714     
   5.500000       2829020.33190116        104999532.363863     
   6.500000       2660934.41079672        101443010.971380     
   7.500000       2497553.66671012        97923217.2683263     
   8.500000       2358638.84170652        94702912.2962847     
   9.500000       2245452.70916274        91872979.5154418     
   10.50000       2154290.93302117        89387354.3653259     
   11.50000       2078280.51261138        87147160.4039708     
   12.50000       2012782.38915236        85066135.1372087     
   13.50000       1952532.02011961        83094495.0508192     
   14.50000       1896008.73647549        81214309.2626751     
   15.50000       1842917.58228544        79425958.5111585     
   16.50000       1794625.38879945        77736584.4540587     
   17.50000       1749484.68583542        76153172.3190914     
   18.50000       1707595.62869378        74679420.9988504     
   19.50000       1668951.22471214        73314999.9890386     
   20.50000       1633747.90942546        72056090.1852162     
   21.50000       1602207.04328216        70896452.0678635     
   22.50000       1573240.30831680        69828542.6175204     
   23.50000       1546625.46708531        68844425.8357955     
   24.50000       1522141.90407983        67936389.5268517     
   25.50000       1499583.04820759        67097286.9312651     
   26.50000       1478761.92747073        66320671.5395474     
   27.50000       1459717.07627250        65600802.6161499     
   28.50000       1442475.48561800        64932585.6918846     
   29.50000       1426468.25517597        64311491.2683406     
   30.50000       1411587.68804604        63733475.4202969     
   31.50000       1397737.42034159        63194911.9050464     
   32.50000       1384830.90134280        62692537.2419082     
   33.50000       1372790.16932500        62223406.6603204     
   34.50000       1361544.85441906        61784858.0271211     
   35.50000       1351031.34275898        61374481.3493387     
   36.50000       1341192.05510578        60990092.2554075     
   37.50000       1331974.81171909        60629708.5324592     
   38.50000       1323332.26784794        60291529.2185579     
   39.50000       1315223.57264414        59973915.9553169     
   40.50000       1307868.07199066        59675376.3831858     
   41.50000       1300949.95771374        59394549.3807051     
   42.50000       1294438.52733919        59130191.9533940     
   43.50000       1288305.69581782        58881167.5854322     
   44.50000       1282525.74404768        58646435.8809827     
   45.50000       1277075.09425934        58425043.3400926     
   46.50000       1271932.10918630        58216115.1329375     
   47.50000       1267076.91229827        58018847.7535790     
   48.50000       1262491.22670809        57832502.4499991     
   49.50000       1258158.23065569        57656399.3405633     
   50.50000       1254062.42771525        57489912.1379969     
   51.50000       1250189.53010905        57332463.4126354     
   52.50000       1246526.35368681        57183520.3342524     
   53.50000       1243060.72331120        57042590.8399085     
   54.50000       1239781.38753497        56909220.1813808     
   55.50000       1236677.94158182        56782987.8112197     
   56.50000       1233740.75776741        56663504.5718269     
   57.50000       1230960.92258794        56550410.1557130     
   58.50000       1228330.17980307        56443370.8094067     
   59.50000       1225840.87891414        56342077.2564927     
   60.50000       1223485.92850985        56246242.8183134     
   61.50000       1221258.75401416        56155601.7134646     
   62.50000       1219153.25943279        56069907.5198586     
   63.50000       1217163.79274578        55988931.7852074     
   64.50000       1215285.11463835        55912462.7737181     
   65.50000       1213512.37031963        55840304.3392810     
   66.50000       1211841.06422111        55772274.9172231     
   67.50000       1210267.03741298        55708206.6287865     
   68.50000       1208786.44764973        55647944.4958342     
   69.50000       1207395.75200418        55591345.7654423     
   70.50000       1206091.69215500        55538279.3490945     
   71.50000       1204871.28249427        55488625.3859802     
   72.50000       1203731.80140309        55442274.9486929     
   73.50000       1202670.78626991        55399129.9206106     
   74.50000       1201686.03323004        55359103.0939839     
   75.50000       1200775.60319262        55322118.5664331     
   76.50000       1199937.83673107        55288112.5630661     
   77.50000       1199171.38211875        55257034.8951064     
   78.50000       1198475.24386398        55228851.4165674     
   79.50000       1197848.86470877        55203548.1159172     
   80.50000       1197292.26509916        55181138.0217842     
   81.50000       1196806.28672647        55161673.2109219     
   82.50000       1196393.03649410        55145266.6498684     
   83.50000       1196056.74542802        55132134.4086895     
   84.50000       1195805.56999671        55122684.2327011     
   85.50000       1195655.87461866        55117727.0037962     
   86.50000       1195645.36404070        55119127.6166191     
   87.50000       1195890.38633023        55132415.5171972     
   88.50000       1196304.77877073        55141383.6615485     
   89.50000       1109411.79387516        50707845.6848186     
