  -89.50000       1039885.04614247        48655799.7807298     
  -88.50000       842195.060669917        38777595.9631444     
  -87.50000       834271.412707443        38322606.1482619     
  -86.50000       832392.039140626        38219202.9566628     
  -85.50000       831517.754041727        38170721.0841500     
  -84.50000       831065.892635937        38144532.3717366     
  -83.50000       830855.261876587        38130843.6655116     
  -82.50000       830804.779486195        38125303.1515103     
  -81.50000       830872.403458737        38125654.2667873     
  -80.50000       831034.306458930        38130615.1658829     
  -79.50000       831276.150139951        38139410.9476220     
  -78.50000       831588.968474222        38151553.1508762     
  -77.50000       831967.048269845        38166726.2616066     
  -76.50000       832406.760737632        38184725.1465333     
  -75.50000       832905.881332854        38205418.6185944     
  -74.50000       833463.176244662        38228727.2652919     
  -73.50000       834078.142121930        38254609.4687509     
  -72.50000       834750.837801326        38283052.3401534     
  -71.50000       835481.773431975        38314065.7165350     
  -70.50000       836271.836667800        38347678.1321887     
  -69.50000       837122.243521065        38383934.1004959     
  -68.50000       838034.506190716        38422892.2942890     
  -67.50000       839010.412913091        38464624.3593196     
  -66.50000       840052.016600370        38509214.1868983     
  -65.50000       841161.630156364        38556757.5319301     
  -64.50000       842341.827022993        38607361.8979768     
  -63.50000       843595.446022577        38661146.6380797     
  -62.50000       844925.599865262        38718243.2363490     
  -61.50000       846335.686923647        38778795.7476115     
  -60.50000       847829.406033098        38842961.3803527     
  -59.50000       849410.774238022        38910911.2171057     
  -58.50000       851084.147420390        38982831.0667385     
  -57.50000       852854.243922980        39058922.4522579     
  -56.50000       854726.171269870        39139403.7372771     
  -55.50000       856705.456186515        39224511.3990234     
  -54.50000       858798.078166181        39314501.4579425     
  -53.50000       861010.506893835        39409651.0770144     
  -52.50000       863349.743891874        39510260.3464279     
  -51.50000       865823.368809628        39616654.2718240     
  -50.50000       868439.590857133        39729184.9878748     
  -49.50000       871223.285749005        39848234.2228060     
  -48.50000       874274.581554732        39974216.0419161     
  -47.50000       877505.992697406        40107579.9042561     
  -46.50000       880929.608043339        40248814.0702388     
  -45.50000       884558.584470726        40398449.4041603     
  -44.50000       888407.255311233        40557063.6224694     
  -43.50000       892491.251851420        40725286.0457615     
  -42.50000       896827.639680509        40903802.9219484     
  -41.50000       901435.071957172        41093363.3987369     
  -40.50000       906333.962017399        41294786.2363474     
  -39.50000       911546.678182107        41508967.3675213     
  -38.50000       917097.764153565        41736888.4317385     
  -37.50000       923014.189021797        41979626.4338655     
  -36.50000       929325.631669607        42238364.7067591     
  -35.50000       936064.805161717        42514405.3888981     
  -34.50000       943267.827394233        42809183.6580553     
  -33.50000       950974.644499807        43124283.9793334     
  -32.50000       959229.512553473        43461458.6078974     
  -31.50000       968081.539861192        43822648.4957532     
  -30.50000       977585.284787151        44210006.5292279     
  -29.50000       987801.390319294        44625922.5875085     
  -28.50000       999047.464857766        45073049.1633703     
  -27.50000       1011387.18460442        45554325.1282291     
  -26.50000       1024721.69941434        46072993.6009210     
  -25.50000       1039149.92069743        46632607.8523046     
  -24.50000       1054779.35731716        47237017.0197353     
  -23.50000       1071724.87689615        47890321.7286559     
  -22.50000       1090106.37705571        48596789.5984545     
  -21.50000       1110045.27256113        49360723.6717267     
  -20.50000       1131660.05015285        50186285.2223751     
  -19.50000       1155667.62345466        51077288.7493711     
  -18.50000       1182019.30659672        52037013.9808661     
  -17.50000       1210523.52243366        53068120.0725724     
  -16.50000       1241311.54843180        54172804.0162963     
  -15.50000       1274563.83201249        55353424.6890998     
  -14.50000       1310586.30189883        56613928.2789684     
  -13.50000       1351051.27375367        57962562.4476402     
  -12.50000       1396592.50185664        59416445.7857615     
  -11.50000       1448864.79314679        61008082.3315863     
  -10.50000       1511215.04746027        62791818.5141980     
  -9.500000       1588266.86824465        64843685.8852004     
  -8.500000       1686065.25434839        67243146.7833218     
  -7.500000       1808009.96851941        70027605.5665794     
  -6.500000       1947450.21645103        73129287.4497067     
  -5.500000       2097511.99240532        76335172.4775411     
  -4.500000       2236320.02474501        79323677.1862099     
  -3.500000       2349144.97426597        81787331.2939706     
  -2.500000       2428484.54236628        83562609.1280174     
  -1.500000       2478627.29420597        84657735.7794125     
 -0.5000000       2497300.69297828        85166199.1774285     
  0.5000000       2497300.69297828        85166199.1774283     
   1.500000       2478627.29420597        84657735.7794122     
   2.500000       2428484.54236627        83562609.1280169     
   3.500000       2349144.97426596        81787331.2939698     
   4.500000       2236320.02474502        79323677.1862088     
   5.500000       2097511.99240534        76335172.4775390     
   6.500000       1947450.21645109        73129287.4497029     
   7.500000       1808009.96851946        70027605.5665733     
   8.500000       1686065.25434841        67243146.7833122     
   9.500000       1588266.86824460        64843685.8851876     
   10.50000       1511215.04746008        62791818.5141833     
   11.50000       1448864.79314649        61008082.3315727     
   12.50000       1396592.50185628        59416445.7857489     
   13.50000       1351051.27375333        57962562.4476326     
   14.50000       1310586.30189865        56613928.2789671     
   15.50000       1274563.83201243        55353424.6890998     
   16.50000       1241311.54843182        54172804.0162979     
   17.50000       1210523.52243368        53068120.0725733     
   18.50000       1182019.30659671        52037013.9808686     
   19.50000       1155667.62345476        51077288.7493794     
   20.50000       1131660.05015303        50186285.2223820     
   21.50000       1110045.27256121        49360723.6717277     
   22.50000       1090106.37705572        48596789.5984582     
   23.50000       1071724.87689624        47890321.7286658     
   24.50000       1054779.35731741        47237017.0197476     
   25.50000       1039149.92069769        46632607.8523112     
   26.50000       1024721.69941438        46072993.6009174     
   27.50000       1011387.18460433        45554325.1282243     
   28.50000       999047.464857672        45073049.1633671     
   29.50000       987801.390319206        44625922.5875072     
   30.50000       977585.284787209        44210006.5292349     
   31.50000       968081.539861361        43822648.4957624     
   32.50000       959229.512553579        43461458.6079038     
   33.50000       950974.644500016        43124283.9793459     
   34.50000       943267.827394389        42809183.6580656     
   35.50000       936064.805161984        42514405.3889190     
   36.50000       929325.631670219        42238364.7067942     
   37.50000       923014.189022401        41979626.4338937     
   38.50000       917097.764154087        41736888.4317614     
   39.50000       911546.678182511        41508967.3675339     
   40.50000       906333.962017439        41294786.2363366     
   41.50000       901435.071956551        41093363.3986953     
   42.50000       896827.639679544        40903802.9218993     
   43.50000       892491.251850613        40725286.0457255     
   44.50000       888407.255310714        40557063.6224461     
   45.50000       884558.584470325        40398449.4041387     
   46.50000       880929.608042845        40248814.0702099     
   47.50000       877505.992696736        40107579.9042167     
   48.50000       874274.581553764        39974216.0418615     
   49.50000       871223.285747833        39848234.2227407     
   50.50000       868439.590855701        39729184.9877903     
   51.50000       865823.368807846        39616654.2717178     
   52.50000       863349.743889520        39510260.3462845     
   53.50000       861010.506890391        39409651.0768072     
   54.50000       858798.078161259        39314501.4576626     
   55.50000       856705.456181061        39224511.3987202     
   56.50000       854726.171263779        39139403.7369299     
   57.50000       852854.243915535        39058922.4518136     
   58.50000       851084.147409071        38982831.0660614     
   59.50000       849410.774221326        38910911.2161303     
   60.50000       847829.406010605        38842961.3790426     
   61.50000       846335.686891997        38778795.7457697     
   62.50000       844925.599821215        38718243.2337799     
   63.50000       843595.445958322        38661146.6343379     
   64.50000       842341.826929410        38607361.8925553     
   65.50000       841161.630020847        38556757.5240993     
   66.50000       840052.016401846        38509214.1754438     
   67.50000       839010.412618608        38464624.3423548     
   68.50000       838034.505747965        38422892.2688309     
   69.50000       837122.242847872        38383934.0618517     
   70.50000       836271.835628640        38347678.0726293     
   71.50000       835481.771802150        38314065.6232705     
   72.50000       834750.835200948        38283052.1915874     
   73.50000       834078.137894507        38254609.2276168     
   74.50000       833463.169231297        38228726.8658748     
   75.50000       832905.869428013        38205417.9416583     
   76.50000       832406.740008054        38184723.9696330     
   77.50000       831967.011124351        38166724.1559709     
   78.50000       831588.899709953        38151549.2589066     
   79.50000       831276.017996762        38139403.4800832     
   80.50000       831034.041289812        38130600.2048479     
   81.50000       830871.843814688        38125622.7463695     
   82.50000       830803.527009556        38125232.7578328     
   83.50000       830852.264958880        38130675.6861349     
   84.50000       831058.167871151        38144100.5913020     
   85.50000       831495.924719092        38169497.2472051     
   86.50000       832315.909224901        38214791.1012034     
   87.50000       833741.922622535        38289871.4397360     
   88.50000       832107.577268739        38157565.4060017     
   89.50000       613207.269674416        25290564.5289804     
