         100   1812.74114063091     
         105   8922.56539070201     
         110   17321.0892956104     
         115   25368.6525605836     
         120   32932.0922131435     
         125   40195.5476660154     
         130   47375.9640079942     
         135   54668.2618772746     
         140   62242.0274568229     
         145   70248.3280385121     
         150   78827.2082833111     
         155   88114.0952379698     
         160   98245.1851982622     
         165   109362.308037157     
         170   121617.907846236     
         175   135181.038220609     
         180   150246.071276069     
         185   167048.075527531     
         190   185893.410536916     
         195   207217.695073141     
         200   231672.554492067     
         205   260203.826965451     
         210   294036.728234100     
         215   334487.271783465     
         220   382607.079592276     
         225   438785.166655408     
         230   502477.986097185     
         235   572180.681559165     
         240   645638.634728122     
         245   720206.545578140     
         250   793233.172603325     
         255   862375.517853982     
         260   925795.360180353     
         265   982235.856313550     
         270   1031003.35415124     
         275   1071889.16313628     
         280   1105063.48382859     
         285   1130965.47716900     
         290   1150204.25262764     
         295   1163477.86283619     
         300   1171512.02405002     
         305   1175017.10032042     
         310   1174660.37347923     
         315   1171050.19930694     
         320   1164728.85087135     
         325   1156171.34062499     
         330   1145788.08651944     
         335   1133929.83096673     
         340   1120893.68376519     
         345   1106929.52676706     
         350   1092246.29417423     
         355   1077017.84147528     
         360   1061388.25398817     
         365   1045476.53762170     
         370   1029380.69240887     
         375   1013181.20359894     
         380   996944.003204932     
         385   980722.962442553     
         390   964561.976404816     
         395   948496.699314711     
         400   932555.983609453     
         405   916763.070117098     
         410   901136.570426847     
         415   885691.276661562     
         420   870438.828467021     
         425   855388.262239935     
         430   840546.463448235     
         435   825918.539328012     
         440   811508.126222045     
         445   797317.643294043     
         450   783348.502246932     
         455   769601.280931340     
         460   756075.867295616     
         465   742771.578951235     
         470   729687.262663731     
         475   716821.377292199     
         480   704172.063058452     
         485   691737.199503904     
         490   679514.454066278     
         495   667501.322861437     
         500   655695.164973113     
