         100   1812.74114063091     
         105   8922.52177113166     
         110   17320.8657275494     
         115   25368.1318383580     
         120   32931.1561363333     
         125   40194.0037057694     
         130   47373.4874120670     
         135   54664.3279776595     
         140   62235.8084821044     
         145   70238.5290667805     
         150   78811.8064380324     
         155   88089.9244572452     
         160   98207.2703832533     
         165   109302.782641695     
         170   121524.211698667     
         175   135032.778039965     
         180   150009.074471943     
         185   166661.830939493     
         190   185243.180149000     
         195   206077.880478145     
         200   229616.132768573     
         205   256507.898567097     
         210   287659.805274948     
         215   324194.463552311     
         220   367242.648836064     
         225   417588.535081050     
         230   475298.381884796     
         235   539499.329325557     
         240   608406.895703454     
         245   679583.396915982     
         250   750322.663945713     
         255   818035.937516560     
         260   880547.067630274     
         265   936258.237885853     
         270   984192.511353114     
         275   1023944.82920626     
         280   1055579.83677607     
         285   1079509.84550867     
         290   1096376.30555541     
         295   1106948.08414001     
         300   1112041.90890190     
         305   1112465.10782809     
         310   1108977.91410857     
         315   1102271.44566149     
         320   1092957.36792276     
         325   1081565.70240153     
         330   1068547.91626454     
         335   1054283.12225248     
         340   1039085.83424757     
         345   1023214.22431394     
         350   1006878.20915890     
         355   990246.971509043     
         360   973455.714588710     
         365   956611.575631530     
         370   939798.704574351     
         375   923082.560855060     
         380   906513.505331735     
         385   890129.773669693     
         390   873959.917716708     
         395   858024.796262997     
         400   842339.188730081     
         405   826913.096400756     
         410   811752.786802820     
         415   796861.628372900     
         420   782240.754851624     
         425   767889.592116065     
         430   753806.274348901     
         435   739987.971523285     
         440   726431.146063120     
         445   713131.753123125     
         450   700085.396123616     
         455   687287.446878560     
         460   674733.137788778     
         465   662417.632061440     
         470   650336.076699277     
         475   638483.642024619     
         480   626855.550719665     
         485   615447.098738385     
         490   604253.669946448     
         495   593270.745948734     
         500   582493.912249086     
