         100   1812.74114063091     
         105   8922.56539070201     
         110   17321.0892956104     
         115   25368.6525605836     
         120   32932.0922131435     
         125   40195.5476660154     
         130   47375.9640079942     
         135   54668.2618772746     
         140   62242.0274568229     
         145   70248.3280385121     
         150   78827.2082833118     
         155   88114.0952380070     
         160   98245.1851997402     
         165   109362.308078529     
         170   121617.908674240     
         175   135181.050246602     
         180   150246.200101538     
         185   167049.111981162     
         190   185899.802039364     
         195   207248.589675894     
         200   231792.430360007     
         205   260586.410410616     
         210   295065.343542046     
         215   336870.388433958     
         220   387464.729530518     
         225   447660.249419485     
         230   517251.300284528     
         235   594904.823803139     
         240   678332.822337022     
         245   764660.893095066     
         250   850859.513709243     
         255   934122.342599534     
         260   1012126.22571497     
         265   1083158.76505533     
         270   1146133.79566786     
         275   1200530.02680835     
         280   1246288.45659669     
         285   1283696.84608662     
         290   1313279.99615168     
         295   1335705.98058373     
         300   1351712.12139925     
         305   1362050.44868960     
         310   1367450.22980379     
         315   1368594.30601575     
         320   1366105.92608173     
         325   1360543.13303693     
         330   1352398.29205291     
         335   1342100.89618623     
         340   1330022.27883277     
         345   1316481.26748933     
         350   1301750.12948892     
         355   1286060.39585031     
         360   1269608.31823275     
         365   1252559.83073373     
         370   1235054.96592877     
         375   1217211.72388178     
         380   1199129.42227543     
         385   1180891.57166292     
         390   1162568.32675453     
         395   1144218.56590741     
         400   1125891.64885948     
         405   1107628.89876917     
         410   1089464.84979284     
         415   1071428.29638317     
         420   1053543.17560117     
         425   1035829.30921104     
         430   1018303.02826920     
         435   1000977.69935627     
         440   983864.168521797     
         445   966971.136381689     
         450   950305.475581952     
         455   933872.499970560     
         460   917676.193253178     
         465   901719.403603749     
         470   886004.009616562     
         475   870531.062087111     
         480   855300.905364024     
         485   840313.281397510     
         490   825567.419099015     
         495   811062.111203747     
         500   796795.780476967     
