         100   1812.74114063091     
         105   8922.58579643510     
         110   17321.1938154883     
         115   25368.8958086095     
         120   32932.5291682706     
         125   40196.2680118087     
         130   47377.1192167583     
         135   54670.0969057311     
         140   62244.9291674140     
         145   70252.9024092713     
         150   78834.4036733081     
         155   88125.3998483419     
         160   98262.9466735290     
         165   109390.260903457     
         170   121662.076001630     
         175   135251.389762381     
         180   150359.888229034     
         185   167237.341581932     
         190   186220.058466682     
         195   207798.344560409     
         200   232702.343900162     
         205   261950.525401498     
         210   296772.758391864     
         215   338357.143111843     
         220   387475.667614327     
         225   444137.560026853     
         230   507421.644319331     
         235   575552.079542450     
         240   646173.867756439     
         245   716719.974846528     
         250   784758.951528498     
         255   848249.881577710     
         260   905679.329143098     
         265   956091.577030032     
         270   999042.056621026     
         275   1034507.31094324     
         280   1062779.35938226     
         285   1084363.59908910     
         290   1099890.97342008     
         295   1110048.68066895     
         300   1115529.49552760     
         305   1116997.48532442     
         310   1115066.97162368     
         315   1110291.49561256     
         320   1103159.89582948     
         325   1094097.13481448     
         330   1083468.06140842     
         335   1071582.78845840     
         340   1058702.77060336     
         345   1045046.97987502     
         350   1030797.80769649     
         355   1016106.48516605     
         360   1001097.92443642     
         365   985874.956031556     
         370   970521.981137276     
         375   955108.082834159     
         380   939689.652299820     
         385   924312.589797440     
         390   909014.139012923     
         395   893824.409197197     
         400   878767.634060945     
         405   863863.210377733     
         410   849126.553337350     
         415   834569.800169959     
         420   820202.388590255     
         425   806031.532245508     
         430   792062.611587872     
         435   778299.495391043     
         440   764744.805438767     
         445   751400.134665885     
         450   738266.227170054     
         455   725343.126976156     
         460   712630.301173701     
         465   700126.742014455     
         470   687831.051713817     
         475   675741.513011525     
         480   663856.147987226     
         485   652172.767170736     
         490   640689.010616256     
         495   629402.382308463     
         500   618310.279023229     
