         100   1812.74114063091     
         105   8922.56687778529     
         110   17321.0969140289     
         115   25368.6702950235     
         120   32932.1240770686     
         125   40195.6002034795     
         130   47376.0482674169     
         135   54668.3957206889     
         140   62242.2390854196     
         145   70248.6616092942     
         150   78827.7328648444     
         155   88114.9191303108     
         160   98246.4790460864     
         165   109364.342828562     
         170   121621.120009971     
         175   135186.155296050     
         180   150254.434073326     
         185   167062.762072134     
         190   185923.393470566     
         195   207291.058202218     
         200   231869.784574057     
         205   260722.634679300     
         210   295288.205913535     
         215   337200.618960459     
         220   387901.400844070     
         225   448168.658292499     
         230   517759.186396560     
         235   595308.825851734     
         240   678512.637638746     
         245   764496.224005142     
         250   850245.096529288     
         255   932978.170588030     
         260   1010402.18028341     
         265   1080834.40866628     
         270   1143214.81558653     
         275   1197042.90147845     
         280   1242274.62604902     
         285   1279207.24983427     
         290   1308370.44990676     
         295   1330433.56474781     
         300   1346132.56107612     
         305   1356216.36026579     
         310   1361410.06749991     
         315   1362391.83934241     
         320   1359780.09748472     
         325   1354128.17184348     
         330   1345923.98875764     
         335   1335592.96631260     
         340   1323502.76651637     
         345   1309968.95530661     
         350   1295260.93331713     
         355   1279607.73237613     
         360   1263203.43885586     
         365   1246212.11970011     
         370   1228772.20312839     
         375   1211000.31429414     
         380   1192994.59487355     
         385   1174837.55093667     
         390   1156598.48006037     
         395   1138335.52971499     
         400   1120097.43672856     
         405   1101924.99360654     
         410   1083852.28264327     
         415   1065907.71372098     
         420   1048114.89682221     
         425   1030493.37578362     
         430   1013059.24578927     
         435   995825.673566131     
         440   978803.336190875     
         445   962000.791810817     
         450   945424.793375544     
         455   929080.554622045     
         460   912971.976005454     
         465   897101.836975878     
         470   881471.959928531     
         475   866083.350264524     
         480   850936.316262499     
         485   836030.571851120     
         490   821365.324867217     
         495   806939.352966018     
         500   792751.069003036     
