         100   1812.74114063091     
         105   8922.58940046933     
         110   17321.2122716035     
         115   25368.9387489400     
         120   32932.6062820876     
         125   40196.3951127917     
         130   47377.3230266412     
         135   54670.4206540417     
         140   62245.4411530114     
         145   70253.7096674034     
         150   78835.6738298297     
         155   88127.3962109352     
         160   98266.0852366625     
         165   109395.205009400     
         170   121669.900231318     
         175   135263.886809697     
         180   150380.208316440     
         185   167271.395865999     
         190   186279.309741796     
         195   207903.971510757     
         200   232888.459959238     
         205   262261.367454284     
         210   297249.309722956     
         215   339014.539082638     
         220   388280.099772356     
         225   444993.790284414     
         230   508177.540760793     
         235   576018.615439527     
         240   646153.131787787     
         245   716032.443488328     
         250   783263.687469201     
         255   845855.088948723     
         260   902343.880018448     
         265   951819.905703696     
         270   993875.278549924     
         275   1028513.03924517     
         280   1056041.95621476     
         285   1076975.85110255     
         290   1091947.58710847     
         295   1101641.59848976     
         300   1106744.81420602     
         305   1107913.66667793     
         310   1105754.02621075     
         315   1100810.85309080     
         320   1093564.72755492     
         325   1084432.94855203     
         330   1073773.43705498     
         335   1061890.16415786     
         340   1049039.22004867     
         345   1035434.94481908     
         350   1021255.76614332     
         355   1006649.54688052     
         360   991738.352637618     
         365   976622.618533004     
         370   961384.736634163     
         375   946092.109162413     
         380   930799.723774897     
         385   915552.310512320     
         390   900386.138460175     
         395   885330.505928189     
         400   870408.972401161     
         405   855640.374538186     
         410   841039.662630611     
         415   826618.588471115     
         420   812386.270683581     
         425   798349.659265852     
         430   784513.917397204     
         435   770882.735419109     
         440   757458.589255393     
         445   744242.953334422     
         450   731236.476250335     
         455   718439.125895374     
         460   705850.309559764     
         465   693468.973484259     
         470   681293.685524718     
         475   669322.703915040     
         480   657554.034566927     
         485   645985.478899292     
         490   634614.673827844     
         495   623439.125250723     
         500   612456.236126534     
