         100   1812.74114063091     
         105   8922.51851441044     
         110   17320.8490276005     
         115   25368.0929191636     
         120   32931.0861359599     
         125   40193.8882050423     
         130   47373.3021120923     
         135   54664.0336491875     
         140   62235.3432788094     
         145   70237.7963314788     
         150   78810.6553757344     
         155   88088.1194998578     
         160   98204.4423856850     
         165   109298.350355969     
         170   121517.253317307     
         175   135021.814984493     
         180   149991.687892750     
         185   166633.920989562     
         190   185197.416367140     
         195   206000.526212622     
         200   229481.671365673     
         205   256273.213249497     
         210   287264.047241892     
         215   323572.812685417     
         220   366356.435479498     
         225   416462.397143493     
         230   474047.051192751     
         235   538329.797586337     
         240   607593.593356364     
         245   679425.805180027     
         250   751099.853630607     
         255   819970.323642738     
         260   883783.656313940     
         265   940859.656093220     
         270   990146.276887687     
         275   1031177.94488354     
         280   1063976.17680597     
         285   1088927.02788424     
         290   1106660.11242137     
         295   1117943.62353563     
         300   1123601.48211544     
         305   1124453.18102888     
         310   1121273.77511530     
         315   1114770.14783108     
         320   1105569.49742131     
         325   1094216.40379812     
         330   1081175.50535889     
         335   1066837.52024025     
         340   1051526.98001974     
         345   1035510.56262708     
         350   1019005.30961838     
         355   1002186.30377301     
         360   985193.585838124     
         365   968138.224429092     
         370   951107.538534261     
         375   934169.522363335     
         380   917376.548641917     
         385   900768.437164423     
         390   884374.976363985     
         395   868217.980904870     
         400   852312.960565464     
         405   836670.466708923     
         410   821297.173514176     
         415   806196.742487655     
         420   791370.510921879     
         425   776818.038046088     
         430   762537.536644971     
         435   748526.212855575     
         440   734780.532606451     
         445   721296.429639395     
         450   708069.467153172     
         455   695094.962736095     
         460   682368.084324521     
         465   669883.923361930     
         470   657637.550073307     
         475   645624.054756970     
         480   633838.578184630     
         485   622276.333552124     
         490   610932.621906366     
         495   599802.842562909     
         500   588882.499702113     
