         100   1812.74114063091     
         105   8922.51851441044     
         110   17320.8490276005     
         115   25368.0929191636     
         120   32931.0861359599     
         125   40193.8882050423     
         130   47373.3021120923     
         135   54664.0336491875     
         140   62235.3432788094     
         145   70237.7963314788     
         150   78810.6553757344     
         155   88088.1194998574     
         160   98204.4423856609     
         165   109298.350354960     
         170   121517.253287434     
         175   135021.814350741     
         180   149991.678133891     
         185   166633.810297997     
         190   185196.475721508     
         195   205994.420171047     
         200   229450.730456004     
         205   256147.928063378     
         210   286848.747475369     
         215   322418.469487242     
         220   363603.727816214     
         225   410710.406656349     
         230   463312.876945531     
         235   520137.238946084     
         240   579180.454945384     
         245   638018.129972248     
         250   694186.419093364     
         255   745522.114963117     
         260   790388.525136147     
         265   827768.400658295     
         270   857244.663617221     
         275   878907.662691510     
         280   893228.280119725     
         285   900927.343440991     
         290   902860.275698698     
         295   899925.793410937     
         300   893000.295736372     
         305   882895.399377728     
         310   870334.194593533     
         315   855941.424182148     
         320   840243.241092962     
         325   823673.005724866     
         330   806580.452399063     
         335   789242.336578896     
         340   771873.310801467     
         345   754636.259931687     
         350   737651.672240254     
         355   721005.858091328     
         360   704757.979443581     
         365   688945.944311307     
         370   673591.269549945     
         375   658703.036993004     
         380   644281.072314700     
         385   630318.470146469     
         390   616803.577713622     
         395   603721.535664483     
         400   591055.460739201     
         405   578787.341568235     
         410   566898.706773723     
         415   555371.113909738     
         420   544186.498656014     
         425   533327.415995557     
         430   522777.198722186     
         435   512520.053378446     
         440   502541.109454268     
         445   492826.434227993     
         450   483363.022865362     
         455   474138.771187326     
         460   465142.436770454     
         465   456363.592666975     
         470   447792.576952563     
         475   439420.440469254     
         480   431238.894479679     
         485   423240.259447652     
         490   415417.415777381     
         495   407763.757053608     
         500   400273.146107569     
