         100   1812.74114063091     
         105   8922.58940046933     
         110   17321.2122716035     
         115   25368.9387489400     
         120   32932.6062820876     
         125   40196.3951127917     
         130   47377.3230266412     
         135   54670.4206540417     
         140   62245.4411530114     
         145   70253.7096674032     
         150   78835.6738298184     
         155   88127.3962103787     
         160   98266.0852176935     
         165   109395.204552277     
         170   121669.892320532     
         175   135263.786901143     
         180   150379.271189561     
         185   167264.738827263     
         190   186242.714046182     
         195   207744.613130305     
         200   232325.244781130     
         205   260605.954567948     
         210   293106.757081421     
         215   329993.416667137     
         220   370842.295147974     
         225   414543.491238393     
         230   459400.800256287     
         235   503393.344698459     
         240   544501.607242329     
         245   580996.147651074     
         250   611624.719148851     
         255   635681.557237708     
         260   652978.383495275     
         265   663752.782350119     
         270   668549.683428957     
         275   668103.106370484     
         280   663234.494765242     
         285   654774.637517773     
         290   643509.738919030     
         295   630148.587856336     
         300   615306.303838935     
         305   599500.015410113     
         310   583152.410132452     
         315   566599.945500238     
         320   550103.370250377     
         325   533858.950749146     
         330   518009.384948656     
         335   502653.819258816     
         340   487856.684287933     
         345   473655.262444764     
         350   460066.021170627     
         355   447089.812959648     
         360   434716.075070267     
         365   422926.170954277     
         370   411696.011076055     
         375   400998.079134887     
         380   390802.974736003     
         385   381080.567753332     
         390   371800.844425624     
         395   362934.511383334     
         400   354453.411642451     
         405   346330.796188192     
         410   338541.486023705     
         415   331061.952318527     
         420   323870.336369973     
         425   316946.426295598     
         430   310271.603525113     
         435   303828.769092583     
         440   297602.257302499     
         445   291577.742435386     
         450   285742.142668751     
         455   280083.524233576     
         460   274591.007936652     
         465   269254.679499190     
         470   264065.504647383     
         475   259015.249505062     
         480   254096.406553530     
         485   249302.126216349     
         490   244626.153979379     
         495   240062.772854482     
         500   235606.750928053     
