         100   1812.74114063091     
         105   8922.58579643510     
         110   17321.1938154883     
         115   25368.8958086095     
         120   32932.5291682706     
         125   40196.2680118087     
         130   47377.1192167583     
         135   54670.0969057311     
         140   62244.9291674140     
         145   70252.9024092712     
         150   78834.4036733021     
         155   88125.3998480444     
         160   98262.9466631707     
         165   109390.260648582     
         170   121662.071500878     
         175   135251.331807966     
         180   150359.334543301     
         185   167233.340236232     
         190   186197.711405649     
         195   207699.629539668     
         200   232348.974921440     
         205   260900.163030799     
         210   294118.496868848     
         215   332528.162138805     
         220   376126.778511932     
         225   424197.866395322     
         230   475314.464736258     
         235   527535.255052525     
         240   578714.760898632     
         245   626822.470743857     
         250   670188.801235255     
         255   707640.857511056     
         260   738531.650008730     
         265   762690.216355563     
         270   780326.842826416     
         275   791923.161614304     
         280   798127.791314355     
         285   799668.906116671     
         290   797287.871876479     
         295   791693.409421311     
         300   783533.289139681     
         305   773379.678510277     
         310   761724.330317500     
         315   748980.337262675     
         320   735487.877409429     
         325   721522.058244613     
         330   707301.552298373     
         335   692997.178368611     
         340   678739.924006826     
         345   664628.145088086     
         350   650733.838756929     
         355   637107.987310400     
         360   623785.029843161     
         365   610786.549166238     
         370   598124.273588795     
         375   585802.493726736     
         380   573819.988459052     
         385   562171.544735825     
         390   550849.145220335     
         395   539842.886979658     
         400   529141.684335393     
         405   518733.799905384     
         410   508607.239941838     
         415   498750.043300731     
         420   489150.487686965     
         425   479797.232097995     
         430   470679.410510969     
         435   461786.688701355     
         440   453109.293529302     
         445   444638.021980777     
         450   436364.235614279     
         455   428279.844764287     
         460   420377.285825591     
         465   412649.494134929     
         470   405089.874334400     
         475   397692.269609080     
         480   390450.930810389     
         485   383360.486183675     
         490   376415.912194480     
         495   369612.505778181     
         500   362945.858210218     
