         100   1812.74114063091     
         105   8922.51851441044     
         110   17320.8490276005     
         115   25368.0929191636     
         120   32931.0861359599     
         125   40193.8882050423     
         130   47373.3021120923     
         135   54664.0336491875     
         140   62235.3432788094     
         145   70237.7963314788     
         150   78810.6553757344     
         155   88088.1194998582     
         160   98204.4423857091     
         165   109298.350356978     
         170   121517.253347180     
         175   135021.815618244     
         180   149991.697651610     
         185   166634.031681128     
         190   185198.357012772     
         195   206006.632254198     
         200   229512.612275342     
         205   256398.498435616     
         210   287679.347008417     
         215   324727.155883604     
         220   369109.143142823     
         225   422214.387630748     
         230   484781.225440220     
         235   556522.356227085     
         240   636006.731768228     
         245   720833.480389253     
         250   808013.288170051     
         255   894418.532325508     
         260   977178.787496012     
         265   1053950.91153371     
         270   1123047.89016513     
         275   1183448.22708404     
         280   1234724.07350222     
         285   1276926.71233905     
         290   1310459.94915714     
         295   1335961.45367490     
         300   1354202.66851051     
         305   1366010.96269736     
         310   1372213.35565563     
         315   1373598.87149969     
         320   1370895.75377036     
         325   1364759.80189299     
         330   1355770.55834113     
         335   1344432.70392472     
         340   1331180.64926173     
         345   1316384.86534668     
         350   1300358.94702111     
         355   1283366.74947962     
         360   1265629.19225784     
         365   1247330.50457221     
         370   1228623.80754401     
         375   1209636.00775914     
         380   1190472.02499458     
         385   1171218.40420775     
         390   1151946.37503959     
         395   1132714.42617034     
         400   1113570.46041660     
         405   1094553.59187424     
         410   1075695.64027899     
         415   1057022.37108963     
         420   1038554.52321147     
         425   1020308.66012000     
         430   1002297.87459077     
         435   984532.372355327     
         440   967019.955780859     
         445   949766.425072609     
         450   932775.911462368     
         455   916051.154305817     
         460   899593.731899102     
         465   883404.254076954     
         470   867482.523213672     
         475   851827.669063854     
         480   836438.261908294     
         485   821312.407674854     
         490   806447.828053154     
         495   791841.928089559     
         500   777491.853313555     
