         100   1812.74114063091     
         105   8922.51851441044     
         110   17320.8490276005     
         115   25368.0929191636     
         120   32931.0861359599     
         125   40193.8882050423     
         130   47373.3021120923     
         135   54664.0336491875     
         140   62235.3432788094     
         145   70237.7963314788     
         150   78810.6553757344     
         155   88088.1194998586     
         160   98204.4423857332     
         165   109298.350357987     
         170   121517.253377052     
         175   135021.816251996     
         180   149991.707410469     
         185   166634.142372694     
         190   185199.297658404     
         195   206012.738295773     
         200   229543.553185010     
         205   256523.783621734     
         210   288094.646774940     
         215   325881.499081778     
         220   371861.850806102     
         225   427966.378117881     
         230   495515.399687415     
         235   574714.914867291     
         240   664419.870179124     
         245   762241.155596894     
         250   864926.722707083     
         255   968866.741004826     
         260   1070573.91867339     
         265   1167042.16696810     
         270   1255949.50343493     
         275   1335718.50927526     
         280   1405471.97018750     
         285   1464926.39678119     
         290   1514259.78587855     
         295   1553979.28379820     
         300   1584803.85488804     
         305   1607568.74434685     
         310   1623152.93617562     
         315   1632427.59514673     
         320   1636222.01009672     
         325   1635303.19996419     
         330   1630365.61129881     
         335   1622027.88758388     
         340   1610834.31847775     
         345   1597259.16803977     
         350   1581712.58439690     
         355   1564547.19515893     
         360   1546064.79865000     
         365   1526522.78468760     
         370   1506140.07652593     
         375   1485102.49312706     
         380   1463567.50131940     
         385   1441668.37122331     
         390   1419517.77368758     
         395   1397210.87140836     
         400   1374827.96024052     
         405   1352436.71701261     
         410   1330094.10701715     
         415   1307847.99966529     
         420   1285738.53547511     
         425   1263799.28216834     
         430   1242058.21251140     
         435   1220538.53183034     
         440   1199259.37893096     
         445   1178236.42048197     
         450   1157482.35574818     
         455   1137007.34585263     
         460   1116819.37945126     
         465   1096924.58477004     
         470   1077327.49633259     
         475   1058031.28334979     
         480   1039037.94561151     
         485   1020348.48177763     
         490   1001963.03418049     
         495   983881.013597251     
         500   966101.206906533     
