         100   1812.74114063091     
         105   8922.56539070201     
         110   17321.0892956104     
         115   25368.6525605836     
         120   32932.0922131435     
         125   40195.5476660154     
         130   47375.9640079942     
         135   54668.2618772746     
         140   62242.0274568229     
         145   70248.3280385121     
         150   78827.2082833105     
         155   88114.0952379326     
         160   98245.1851967842     
         165   109362.307995785     
         170   121617.907018232     
         175   135181.026194615     
         180   150245.942450599     
         185   167047.039073900     
         190   185887.019034468     
         195   207186.800470388     
         200   231552.678624127     
         205   259821.243520286     
         210   293008.112926155     
         215   332104.155132972     
         220   377749.429654034     
         225   429910.083891333     
         230   487704.671909845     
         235   549456.539315195     
         240   612944.447119228     
         245   675752.198061223     
         250   735606.831497418     
         255   790628.693108444     
         260   839464.494645752     
         265   881312.947571790     
         270   915872.912634644     
         275   943248.299464235     
         280   963838.511060533     
         285   978234.108251406     
         290   987128.509103636     
         295   991249.745088703     
         300   991311.926700838     
         305   987983.751951292     
         310   981870.517154715     
         315   973506.092598181     
         320   963351.775661027     
         325   951799.548213099     
         330   939177.880986034     
         335   925758.765747285     
         340   911765.088697667     
         345   897377.786044840     
         350   882742.458859604     
         355   867975.287100305     
         360   853168.189743652     
         365   838393.244509721     
         370   823706.418889039     
         375   809150.683316163     
         380   794758.584134490     
         385   780554.353222242     
         390   766555.626055155     
         395   752774.832722068     
         400   739220.318359480     
         405   725897.241465079     
         410   712808.291060907     
         415   699954.256940007     
         420   687334.481332921     
         425   674947.215268878     
         430   662789.898627321     
         435   650859.379299808     
         440   639152.083922342     
         445   627664.150206444     
         450   616391.528911957     
         455   605330.061892164     
         460   594475.541338098     
         465   583823.754298763     
         470   573370.515710940     
         475   563111.692497326     
         480   553043.220752918     
         485   543161.117610334     
         490   533461.489033576     
         495   523940.534519162     
         500   514594.549469292     
