         100   1812.74114063091     
         105   8922.44576039525     
         110   17320.4756720994     
         115   25367.2220030605     
         120   32929.5183621049     
         125   40191.2998535469     
         130   47369.1484843193     
         135   54657.4363672881     
         140   62224.9192034537     
         145   70221.3871068843     
         150   78784.9008185417     
         155   88047.7859927331     
         160   98141.3635263721     
         165   109199.747180429     
         170   121363.047031604     
         175   134780.265704772     
         180   149612.137709081     
         185   166034.160854636     
         190   184240.115772243     
         195   204446.490603719     
         200   226898.488082523     
         205   251878.886833808     
         210   279722.597643097     
         215   310843.920363679     
         220   345791.575739425     
         225   385351.294331063     
         230   430691.795781920     
         235   483477.010819988     
         240   545790.146995747     
         245   619741.090229322     
         250   706800.300386186     
         255   807104.669192235     
         260   919043.585991302     
         265   1039306.99843549     
         270   1163364.08206369     
         275   1286180.81837452     
         280   1402944.44576765     
         285   1509621.55809863     
         290   1603274.09632569     
         295   1682142.20389701     
         300   1745551.95769131     
         305   1793720.23126758     
         310   1827520.39113623     
         315   1848254.09708633     
         320   1857455.28019180     
         325   1856737.00824836     
         330   1847681.69491555     
         335   1831769.42116247     
         340   1810336.79316015     
         345   1784558.51605708     
         350   1755444.73393586     
         355   1723848.50494501     
         360   1690479.15030877     
         365   1655918.43498914     
         370   1620637.52876532     
         375   1585013.45221086     
         380   1549344.25941734     
         385   1513862.58761078     
         390   1478747.45287153     
         395   1444134.32594187     
         400   1410123.61079992     
         405   1376787.69284132     
         410   1344176.73891227     
         415   1312323.42922197     
         420   1281246.78894381     
         425   1250955.27012522     
         430   1221449.21556398     
         435   1192722.81750624     
         440   1164765.66646378     
         445   1137563.96966714     
         450   1111101.50485403     
         455   1085360.36321892     
         460   1060321.52528862     
         465   1035965.30505140     
         470   1012271.69065300     
         475   989220.604183435     
         480   966792.098334383     
         485   944966.503851178     
         490   923724.538602644     
         495   903047.386632640     
         500   882916.753643532     
