         100   1812.74114063091     
         105   8922.58940046933     
         110   17321.2122716035     
         115   25368.9387489400     
         120   32932.6062820876     
         125   40196.3951127917     
         130   47377.3230266412     
         135   54670.4206540417     
         140   62245.4411530114     
         145   70253.7096674035     
         150   78835.6738298335     
         155   88127.3962111207     
         160   98266.0852429855     
         165   109395.205161774     
         170   121669.902868247     
         175   135263.920112548     
         180   150380.520692066     
         185   167273.614878910     
         190   186291.508307001     
         195   207957.090970907     
         200   233076.198351940     
         205   262813.171749729     
         210   298630.160603467     
         215   342021.579887803     
         220   394092.701313814     
         225   455143.889966416     
         230   524436.454262287     
         235   600227.039019870     
         240   680036.973302922     
         245   761044.542100722     
         250   840476.676909286     
         255   915912.932852357     
         260   985465.712192794     
         265   1047842.28015484     
         270   1102317.14359019     
         275   1148649.68353667     
         280   1186977.77669787     
         285   1217709.58896407     
         290   1241426.86983821     
         295   1258805.93536748     
         300   1270557.65099496     
         305   1277384.88376711     
         310   1279954.56490343     
         315   1278881.15562088     
         320   1274718.51332300     
         325   1267957.61448622     
         330   1259028.12109032     
         335   1248302.27912410     
         340   1236100.06530214     
         345   1222694.83894374     
         350   1208319.01446744     
         355   1193169.45818737     
         360   1177412.44515996     
         365   1161188.10105914     
         370   1144614.31182009     
         375   1127790.11917148     
         380   1110798.64012109     
         385   1093709.55809854     
         390   1076581.23647158     
         395   1059462.50410970     
         400   1042394.15932062     
         405   1025410.23398808     
         410   1008539.05483281     
         415   991804.133855206     
         420   975224.915454679     
         425   958817.403589166     
         430   942594.688687798     
         435   926567.390861183     
         440   910744.033239590     
         445   895131.356967335     
         450   879734.587444098     
         455   864557.659782543     
         460   849603.410100706     
         465   834873.738145855     
         470   820369.745817071     
         475   806091.855384943     
         480   792039.910571304     
         485   778213.263126854     
         490   764610.847110580     
         495   751231.242716054     
         500   738072.731192612     
