         100   1812.74114063091     
         105   8922.58579643510     
         110   17321.1938154883     
         115   25368.8958086095     
         120   32932.5291682706     
         125   40196.2680118087     
         130   47377.1192167583     
         135   54670.0969057311     
         140   62244.9291674140     
         145   70252.9024092713     
         150   78834.4036733110     
         155   88125.3998484906     
         160   98262.9466787082     
         165   109390.261030894     
         170   121662.078252007     
         175   135251.418739589     
         180   150360.165071901     
         185   167239.342254782     
         190   186231.231997199     
         195   207847.702070780     
         200   232879.028389523     
         205   262475.706586847     
         210   298099.889153372     
         215   341271.633598360     
         220   393150.112165522     
         225   454107.406842614     
         230   523475.234110862     
         235   599560.491787403     
         240   679903.421185329     
         245   761668.726897845     
         250   842044.026675097     
         255   918554.393611008     
         260   989253.168710248     
         265   1052792.25736723     
         270   1108399.66351829     
         275   1155799.38560766     
         280   1195105.14341616     
         285   1226710.94557526     
         290   1251192.52419181     
         295   1269226.31629270     
         300   1281527.59872149     
         305   1288806.38873142     
         310   1291738.29227670     
         315   1290947.07478742     
         320   1286995.90503943     
         325   1280384.67309934     
         330   1271551.31596336     
         335   1260875.59350322     
         340   1248684.19390155     
         345   1235256.39726841     
         350   1220829.79216619     
         355   1205605.73409379     
         360   1189754.37173296     
         365   1173419.15946413     
         370   1156720.83491143     
         375   1139760.87738779     
         380   1122624.48422012     
         385   1105383.11232817     
         390   1088096.63590914     
         395   1070815.17030589     
         400   1053580.60892364     
         405   1036427.91561383     
         410   1019386.21003503     
         415   1002479.67860450     
         420   985728.339041824     
         425   969148.682319191     
         430   952754.212126250     
         435   936555.898735814     
         440   920562.561393428     
         445   904781.191008369     
         450   889217.222947872     
         455   873874.768082023     
         460   858756.808847689     
         465   843865.365954152     
         470   829201.640403460     
         475   814766.134712684     
         480   800558.756575582     
         485   786578.907664204     
         490   772825.559827083     
         495   759297.320573543     
         500   745992.489429674     
