         100   1812.74114063091     
         105   8922.59064531787     
         110   17321.2186481958     
         115   25368.9535861763     
         120   32932.6329251544     
         125   40196.4390191953     
         130   47377.3934189501     
         135   54670.5324534889     
         140   62245.6179354458     
         145   70253.9883826871     
         150   78836.1123505579     
         155   88128.0854583449     
         160   98267.1688760821     
         165   109396.911819536     
         170   121672.594471954     
         175   135268.101063008     
         180   150386.262171072     
         185   167276.303735017     
         190   186262.190249144     
         195   207777.355330571     
         200   232378.384354385     
         205   260686.359038622     
         210   293217.069126315     
         215   330127.666594406     
         220   370983.515402461     
         225   414665.005687363     
         230   459470.967762404     
         235   503381.929257031     
         240   544385.538608694     
         245   580763.116573741     
         250   611274.141277226     
         255   635223.327754408     
         260   652430.274932899     
         265   663137.358482695     
         270   667891.388574004     
         275   667425.909841996     
         280   662560.228304320     
         285   654121.999322365     
         290   642893.850424190     
         295   629580.959604063     
         300   614795.072474171     
         305   599050.336954778     
         310   582766.923088074     
         315   566279.244159059     
         320   549846.450773328     
         325   533663.609321885     
         330   517872.559082509     
         335   502571.870981621     
         340   487825.628578270     
         345   473670.946702667     
         350   460124.262512123     
         355   447186.500212080     
         360   434847.241913013     
         365   423088.045952961     
         370   411885.049562754     
         375   401210.981092073     
         380   391036.692103481     
         385   381332.303922061     
         390   372068.048118808     
         395   363214.866652051     
         400   354744.825312946     
         405   346631.383781155     
         410   338849.556911783     
         415   331375.994686895     
         420   324189.002386816     
         425   317268.517776700     
         430   310596.058282595     
         435   304154.648086348     
         440   297928.732659405     
         445   291904.086361709     
         450   286067.717252970     
         455   280407.772116442     
         460   274913.443811863     
         465   269574.882399256     
         470   264383.110964196     
         475   259329.946692290     
         480   254407.927457533     
         485   249610.243983294     
         490   244930.677488137     
         495   240363.542627443     
         500   235903.635474920     
