         100   1812.74114063091     
         105   8922.52177113166     
         110   17320.8657275494     
         115   25368.1318383580     
         120   32931.1561363333     
         125   40194.0037057694     
         130   47373.4874120670     
         135   54664.3279776595     
         140   62235.8084821044     
         145   70238.5290667805     
         150   78811.8064380324     
         155   88089.9244572446     
         160   98207.2703832185     
         165   109302.782640286     
         170   121524.211658353     
         175   135032.777212525     
         180   150009.062129483     
         185   166661.695116167     
         190   185242.058290565     
         195   206070.787383167     
         200   229581.043109477     
         205   256368.846024363     
         210   287207.585866972     
         215   322958.304259112     
         220   364337.092991135     
         225   411591.915643653     
         230   464225.327662630     
         235   520900.095907792     
         240   579578.480859824     
         245   637839.341251032     
         250   693256.779099246     
         255   743728.326410059     
         260   787686.203563597     
         265   824177.674798050     
         270   852837.611252040     
         275   873792.221481035     
         280   887532.264136867     
         285   894784.796715558     
         290   896401.138321508     
         295   893268.964400042     
         300   886249.664230947     
         305   876138.199889128     
         310   863641.019016379     
         315   849367.303921528     
         320   833829.334339535     
         325   817448.549930050     
         330   800564.751397916     
         335   783446.638666340     
         340   766302.498253279     
         345   749290.315035343     
         350   732526.913966817     
         355   716095.961108561     
         360   700054.796658400     
         365   684440.158217374     
         370   669272.898329494     
         375   654561.819984979     
         380   640306.757065602     
         385   626501.020423699     
         390   613133.318964542     
         395   600189.251667009     
         400   587652.452724103     
         405   575505.458943897     
         410   563730.356754974     
         415   552309.255823916     
         420   541224.627441177     
         425   530459.538382408     
         430   519997.804767858     
         435   509824.085364010     
         440   499923.929639322     
         445   490283.792549631     
         450   480891.025353539     
         455   471733.849626087     
         460   462801.319949798     
         465   454083.279431071     
         470   445570.311146791     
         475   437253.687813172     
         480   429125.321339193     
         485   421177.713442383     
         490   413403.908134481     
         495   405797.446604000     
         500   398352.324812362     
