         100   1812.74114063091     
         105   8922.58940046933     
         110   17321.2122716035     
         115   25368.9387489400     
         120   32932.6062820876     
         125   40196.3951127917     
         130   47377.3230266412     
         135   54670.4206540417     
         140   62245.4411530114     
         145   70253.7096674033     
         150   78835.6738298260     
         155   88127.3962107497     
         160   98266.0852303394     
         165   109395.204857026     
         170   121669.897594389     
         175   135263.853506845     
         180   150379.895940813     
         185   167269.176853087     
         190   186267.111176591     
         195   207850.852050606     
         200   232700.721566535     
         205   261709.563158839     
         210   295868.458842444     
         215   336007.498277471     
         220   382467.498230895     
         225   434843.690602406     
         230   491918.627259290     
         235   551810.191859169     
         240   612269.290272632     
         245   671020.344875907     
         250   726050.698029080     
         255   775797.245045046     
         260   819222.047844051     
         265   855797.531252497     
         270   885433.413509594     
         275   908376.394953598     
         280   925106.135731580     
         285   936242.113240949     
         290   942468.304378645     
         295   944477.261611935     
         300   942931.977416975     
         305   938442.449588643     
         310   931553.487517970     
         315   922740.550560593     
         320   912410.941786720     
         325   900908.282617717     
         330   888518.753019523     
         335   875478.049191489     
         340   861978.374795071     
         345   848175.050694285     
         350   834192.517819066     
         355   820129.635573545     
         360   806064.260115147     
         365   792057.136006741     
         370   778155.161448106     
         375   764394.099153217     
         380   750800.807428578     
         385   737395.062925970     
         390   724191.040448637     
         395   711198.507746550     
         400   698423.785481571     
         405   685870.515088168     
         410   673540.270428289     
         415   661433.043086899     
         420   649547.625912359     
         425   637881.914942414     
         430   626433.146106488     
         435   615198.079976915     
         440   604173.145271076     
         445   593354.549701391     
         450   582738.365056456     
         455   572320.592008090     
         460   562097.209018709     
         465   552064.208822552     
         470   542217.625232255     
         475   532553.552445030     
         480   523068.158562444     
         485   513757.694671628     
         490   504618.500545005     
         495   495647.007785293     
         500   486839.741060357     
