         100   1812.74114063091     
         105   8922.59076153736     
         110   17321.2192636862     
         115   25368.9550399562     
         120   32932.6355289199     
         125   40196.4432551341     
         130   47377.4000984221     
         135   54670.5428908109     
         140   62245.6342052847     
         145   70254.0137275664     
         150   78836.1518304838     
         155   88128.1469913339     
         160   98267.2649241143     
         165   109397.062180973     
         170   121672.831110258     
         175   135268.477231300     
         180   150386.872411439     
         185   167277.334308306     
         190   186264.049641694     
         195   207780.980161627     
         200   232385.842363002     
         205   260701.811248545     
         210   293247.972260519     
         215   330185.866737796     
         220   371085.765903264     
         225   414832.553983334     
         230   459728.159419112     
         235   503754.108447761     
         240   544896.720532248     
         245   581433.909464234     
         250   612120.250631094     
         255   636254.776591543     
         260   653651.301107862     
         265   664546.842577925     
         270   669483.626111880     
         275   669191.551416033     
         280   664487.247854031     
         285   656196.595414708     
         290   645101.226362605     
         295   631905.960111819     
         300   617222.676551569     
         305   601566.019558768     
         310   585356.904660051     
         315   568930.648882717     
         320   552547.393561597     
         325   536403.229218528     
         330   520641.013892297     
         335   505360.305042351     
         340   490626.122943171     
         345   476476.458737796     
         350   462928.560058435     
         355   449984.093991408     
         360   437633.318722134     
         365   425858.404333434     
         370   414636.039001404     
         375   403939.445348917     
         380   393739.916939532     
         385   384007.969275579     
         390   374714.184628954     
         395   365829.816333352     
         400   357327.206127210     
         405   349180.057823891     
         410   341363.601919509     
         415   333854.678573623     
         420   326631.760528099     
         425   319674.932774814     
         430   312965.841964338     
         435   306487.625504194     
         440   300224.827886188     
         445   294163.309888054     
         450   288290.154814810     
         455   282593.574797004     
         460   277062.819278294     
         465   271688.087148537     
         470   266460.443466218     
         475   261371.741329949     
         480   256414.549174518     
         485   251582.083559984     
         490   246868.147374751     
         495   242267.073271421     
         500   237773.672086498     
