         100   1812.74114063091     
         105   8922.59076153736     
         110   17321.2192636862     
         115   25368.9550399562     
         120   32932.6355289199     
         125   40196.4432551341     
         130   47377.4000984221     
         135   54670.5428908109     
         140   62245.6342052847     
         145   70254.0137275666     
         150   78836.1518305005     
         155   88128.1469921447     
         160   98267.2649515370     
         165   109397.062836805     
         170   121672.842376407     
         175   135268.618512739     
         180   150388.188753008     
         185   167286.626770264     
         190   186314.839576174     
         195   208000.997991655     
         200   233159.838166211     
         205   262967.475212876     
         210   298897.524456526     
         215   342451.133851615     
         220   394732.459788763     
         225   456032.926510696     
         230   525599.993646264     
         235   601675.577270808     
         240   681768.676503372     
         245   763049.245138372     
         250   842739.885410658     
         255   918418.859404700     
         260   988199.056298657     
         265   1050788.92063553     
         270   1105464.10671698     
         275   1151984.75312621     
         280   1190489.02104683     
         285   1221384.96728958     
         290   1245253.98710612     
         295   1262771.95179647     
         300   1274649.31900901     
         305   1281588.67286835     
         310   1284256.83551366     
         315   1283268.34983110     
         320   1279177.33937302     
         325   1272475.21024665     
         330   1263592.18874206     
         335   1252901.18834133     
         340   1240722.92568053     
         345   1227331.54448963     
         350   1212960.26402471     
         355   1197806.75603773     
         360   1182038.08594301     
         365   1165795.14280758     
         370   1149196.54042516     
         375   1132342.00707157     
         380   1115315.30149613     
         385   1098186.70238494     
         390   1081015.12160167     
         395   1063849.89053038     
         400   1046732.26555631     
         405   1029696.69427833     
         410   1012771.87918831     
         415   995981.670730345     
         420   979345.817123555     
         425   962880.594228795     
         430   946599.335111710     
         435   930512.875804048     
         440   914629.931064996     
         445   898957.411653213     
         450   883500.692690879     
         455   868263.841085870     
         460   853249.808631767     
         465   838460.596286831     
         470   823897.394205789     
         475   809560.701330828     
         480   795450.427713557     
         485   781565.982214968     
         490   767906.347796587     
         495   754470.146256957     
         500   741255.693970259     
