         100   1812.74114063091     
         105   8922.59054582519     
         110   17321.2181379875     
         115   25368.9523984095     
         120   32932.6307925142     
         125   40196.4355063091     
         130   47377.3877901701     
         135   54670.5235185414     
         140   62245.6038136979     
         145   70253.9661268595     
         150   78836.0773448710     
         155   88128.0304518477     
         160   98267.0824168212     
         165   109396.775777804     
         170   121672.381693549     
         175   135267.791721987     
         180   150386.028874143     
         185   167277.672935707     
         190   186273.173093626     
         195   207829.092036594     
         200   232565.466901090     
         205   261240.319959595     
         210   294606.312400109     
         215   333153.473304152     
         220   376828.684435353     
         225   424862.450699603     
         230   475789.184534942     
         235   527654.575897715     
         240   578327.863602155     
         245   625815.013432670     
         250   668494.636461434     
         255   705243.621568696     
         260   735458.710794543     
         265   759002.334271999     
         270   776106.557512034     
         275   787264.018402141     
         280   793125.559089078     
         285   794415.171301028     
         290   791865.895623478     
         295   786175.877302186     
         300   777981.496906321     
         305   767843.715529248     
         310   756243.891005388     
         315   743585.875473883     
         320   730201.899599476     
         325   716360.419328385     
         330   702274.670896629     
         335   688111.126478914     
         340   673997.372416554     
         345   660029.162790164     
         350   646276.554745498     
         355   632789.128500449     
         360   619600.351075827     
         365   606731.171502072     
         370   594192.946176936     
         375   581989.793022811     
         380   570120.466806921     
         385   558579.838548107     
         390   547360.051316149     
         395   536451.414129337     
         400   525843.085746096     
         405   515523.591259890     
         410   505481.206663278     
         415   495704.239940065     
         420   486181.231696463     
         425   476901.093741846     
         430   467853.200253739     
         435   459027.443088745     
         440   450414.260318245     
         445   442004.645074338     
         450   433790.140200168     
         455   425762.822935035     
         460   417915.282866178     
         465   410240.595593883     
         470   402732.293942251     
         475   395384.338069666     
         480   388191.085462790     
         485   381147.261513005     
         490   374247.931156499     
         495   367488.471894135     
         500   360864.548383307     
