         100   1812.74114063091     
         105   8922.56687778529     
         110   17321.0969140289     
         115   25368.6702950235     
         120   32932.1240770686     
         125   40195.6002034795     
         130   47376.0482674169     
         135   54668.3957206889     
         140   62242.2390854196     
         145   70248.6616092942     
         150   78827.7328648414     
         155   88114.9191301447     
         160   98246.4790395565     
         165   109364.342647612     
         170   121621.116423862     
         175   135186.103701145     
         180   150253.886329837     
         185   167058.392388861     
         190   185896.657260289     
         195   207162.743053313     
         200   231375.081791797     
         205   259152.713313600     
         210   291088.146838772     
         215   327511.386934257     
         220   368223.630533851     
         225   412329.157850629     
         230   458259.894332840     
         235   503993.841193264     
         240   547384.277541596     
         245   586487.981575900     
         250   619806.435031377     
         255   646403.912923542     
         260   665910.954130912     
         265   678446.791246308     
         270   684500.067909875     
         275   684800.648392223     
         280   680204.095769098     
         285   671599.580955211     
         290   659843.929514742     
         295   645719.618244954     
         300   629912.230555789     
         305   613002.321810953     
         310   595467.070069456     
         315   577687.941838504     
         320   559961.545526103     
         325   542511.698815548     
         330   525501.428446398     
         335   509044.141328262     
         340   493213.573816187     
         345   478052.371414306     
         350   463579.304796046     
         355   449795.216424093     
         360   436687.836296745     
         365   424235.621151316     
         370   412410.769990898     
         375   401181.557689075     
         380   390514.112661742     
         385   380373.747304253     
         390   370725.932926273     
         395   361536.995280565     
         400   352774.592939231     
         405   344408.028854665     
         410   336408.435394285     
         415   328748.864798771     
         420   321404.310179865     
         425   314351.676632306     
         430   307569.717580914     
         435   301038.947932720     
         440   294741.542792917     
         445   288661.228293213     
         450   282783.169355113     
         455   277093.857872024     
         460   271581.003763416     
         465   266233.430567167     
         470   261040.976640635     
         475   255994.402595171     
         480   251085.305259522     
         485   246306.038228414     
         490   241649.638882718     
         495   237109.761650579     
         500   232680.617201912     
