         100   1812.74114063091     
         105   8922.44576039525     
         110   17320.4756720994     
         115   25367.2220030605     
         120   32929.5183621049     
         125   40191.2998535469     
         130   47369.1484843193     
         135   54657.4363672881     
         140   62224.9192034537     
         145   70221.3871068843     
         150   78784.9008185417     
         155   88047.7859927331     
         160   98141.3635263721     
         165   109199.747180429     
         170   121363.047031604     
         175   134780.265704772     
         180   149612.137709074     
         185   166034.160854290     
         190   184240.115761517     
         195   204446.490405588     
         200   226898.486048181     
         205   251878.880952760     
         210   279722.734751247     
         215   310846.241138472     
         220   345811.426793525     
         225   385466.836631627     
         230   431196.178468666     
         235   485221.845179098     
         240   550765.195832659     
         245   631801.669649093     
         250   732301.052436309     
         255   855145.904194994     
         260   1001141.26964011     
         265   1168501.84980059     
         270   1352972.96506737     
         275   1548480.02152275     
         280   1748047.59944188     
         285   1944716.96925546     
         290   2132272.55157336     
         295   2305696.19637514     
         300   2461356.13637026     
         305   2596987.71902349     
         310   2711539.04430881     
         315   2804948.45851442     
         320   2877904.52067720     
         325   2931621.00147068     
         330   2967644.15586607     
         335   2987698.45672579     
         340   2993570.03189666     
         345   2987023.34098398     
         350   2969745.15223792     
         355   2943309.76726754     
         360   2909160.05088876     
         365   2868599.73220586     
         370   2822793.39942636     
         375   2772771.48326212     
         380   2719438.25676808     
         385   2663581.46208346     
         390   2605882.61857291     
         395   2546927.39373404     
         400   2487215.65147322     
         405   2427170.95378382     
         410   2367149.40003448     
         415   2307447.75787810     
         420   2248310.88271931     
         425   2189938.44733411     
         430   2132491.01590584     
         435   2076095.50191432     
         440   2020850.05012734     
         445   1966828.38153737     
         450   1914083.63787383     
         455   1862651.76019262     
         460   1812554.43450377     
         465   1763801.63666683     
         470   1716393.80886828     
         475   1670323.70073664     
         480   1625577.90926043     
         485   1582138.15277289     
         490   1539982.31492413     
         495   1499085.29435159     
         500   1459419.69433114     
