         100   1812.74114063091     
         105   8922.58524123731     
         110   17321.1909722730     
         115   25368.8891932438     
         120   32932.5172875692     
         125   40196.2484289406     
         130   47377.0878143417     
         135   54670.0470232306     
         140   62244.8502824609     
         145   70252.7780330147     
         150   78834.2079859111     
         155   88125.0922984457     
         160   98262.4631980902     
         165   109389.499071933     
         170   121660.864705696     
         175   135249.381464052     
         180   150355.948907629     
         185   167226.207278976     
         190   186177.910637081     
         195   207635.778913259     
         200   232148.756607869     
         205   260339.351651319     
         210   292742.552678839     
         215   329554.675303092     
         220   370391.481921915     
         225   414178.477844918     
         230   459238.463289416     
         235   503546.980811679     
         240   545060.064811376     
         245   582010.353393911     
         250   613103.480726599     
         255   637595.333571821     
         260   655268.099611382     
         265   666340.608483677     
         270   671349.400057522     
         275   671028.644759038     
         280   666206.100016373     
         285   657722.695281469     
         290   646376.632892616     
         295   632889.075678564     
         300   617886.890335698     
         305   601897.728145813     
         310   585353.286371698     
         315   568597.447063788     
         320   551896.865041324     
         325   535452.340291778     
         330   519409.915046899     
         335   503871.082876012     
         340   488901.808580326     
         345   474540.262451480     
         350   460803.298454693     
         355   447691.776604926     
         360   435194.863508620     
         365   423293.455200820     
         370   411962.862487576     
         375   401174.887408794     
         380   390899.404323947     
         385   381105.543068425     
         390   371762.556133786     
         395   362840.437685722     
         400   354310.349796565     
         405   346144.900610127     
         410   338318.310196596     
         415   330806.492435595     
         420   323587.075195315     
         425   316639.376159000     
         430   309944.347701979     
         435   303484.501076107     
         440   297243.817668732     
         445   291207.653146134     
         450   285362.638763023     
         455   279696.582934253     
         460   274198.375252050     
         465   268857.894434662     
         470   263665.921164420     
         475   258614.056377785     
         480   253694.645277656     
         485   248900.707125726     
         490   244225.870721478     
         495   239664.315370050     
         500   235210.717072348     
