         100   1812.74114063091     
         105   8922.59064531787     
         110   17321.2186481958     
         115   25368.9535861763     
         120   32932.6329251544     
         125   40196.4390191953     
         130   47377.3934189501     
         135   54670.5324534889     
         140   62245.6179354458     
         145   70253.9883826873     
         150   78836.1123505702     
         155   88128.0854589449     
         160   98267.1688963902     
         165   109396.912305483     
         170   121672.602824200     
         175   135268.205856527     
         180   150387.239020706     
         185   167283.202730466     
         190   186299.913830349     
         195   207940.832177828     
         200   232953.668520900     
         205   262370.844468294     
         210   297418.498722147     
         215   339251.052678621     
         220   388576.183012505     
         225   445322.208862627     
         230   508492.938466867     
         235   576263.803352638     
         240   646267.899935143     
         245   715962.105207903     
         250   782965.363418695     
         255   845300.945897367     
         260   901521.544795049     
         265   950730.826415409     
         270   992531.937577191     
         275   1026935.79164675     
         280   1054256.03020072     
         285   1075008.81040408     
         290   1089827.36962969     
         295   1099395.12387330     
         300   1104397.08663521     
         305   1105487.27296813     
         310   1103268.92788972     
         315   1098284.38294134     
         320   1091011.71804736     
         325   1081865.93701888     
         330   1071202.90796047     
         335   1059324.80146744     
         340   1046486.15242209     
         345   1032899.97345764     
         350   1018743.57009484     
         355   1004163.86392930     
         360   989282.136014794     
         365   974198.170925930     
         370   958993.823624588     
         375   943736.054484750     
         380   928479.488801867     
         385   913268.560247054     
         390   898139.296109020     
         395   883120.797891336     
         400   868236.465276258     
         405   853505.005501602     
         410   838941.264350530     
         415   824556.909519955     
         420   810360.992255092     
         425   796360.408863536     
         430   782560.280043487     
         435   768964.262836532     
         440   755574.807389488     
         445   742393.368520500     
         450   729420.580270928     
         455   716656.400129575     
         460   704100.228388551     
         465   691751.007085548     
         470   679607.302167205     
         475   667667.371839811     
         480   655929.223529466     
         485   644390.661431293     
         490   633049.326267401     
         495   621902.728580751     
         500   610948.276654125     
