         100   1812.74114063091     
         105   8922.59054582519     
         110   17321.2181379875     
         115   25368.9523984095     
         120   32932.6307925142     
         125   40196.4355063091     
         130   47377.3877901701     
         135   54670.5235185414     
         140   62245.6038136979     
         145   70253.9661268596     
         150   78836.0773448751     
         155   88128.0304520465     
         160   98267.0824235528     
         165   109396.775938971     
         170   121672.384465123     
         175   135267.826514299     
         180   150386.353355980     
         185   167279.965641082     
         190   186285.714867515     
         195   207883.463187002     
         200   232756.867298780     
         205   261800.926197146     
         210   296004.936410593     
         215   336191.261443575     
         220   382687.591242803     
         225   435073.926253672     
         230   492119.969700982     
         235   551936.714323765     
         240   612275.506863001     
         245   670867.692430348     
         250   725711.779948724     
         255   775257.478189812     
         260   818479.114668116     
         265   854859.390799900     
         270   884315.642188071     
         275   907099.460222552     
         280   923692.983051704     
         285   934716.247616928     
         290   940852.404424366     
         295   942792.278215974     
         300   941196.628896766     
         305   936673.015536476     
         310   929763.811180532     
         315   920942.175061465     
         320   910613.322859450     
         325   899119.036557714     
         330   886743.911899177     
         335   873722.305703796     
         340   860245.306640798     
         345   846467.319678114     
         350   832512.042286844     
         355   818477.736974461     
         360   804441.785695991     
         365   790464.560240187     
         370   776592.668984776     
         375   762861.652026094     
         380   749298.199036630     
         385   735921.961053675     
         390   722747.021285392     
         395   709783.082582408     
         400   697036.421489015     
         405   684510.651361116     
         410   672207.330241831     
         415   660126.443163863     
         420   648266.783333499     
         425   636626.252212833     
         430   625202.094788626     
         435   613991.083216863     
         440   602989.659477090     
         445   592194.045578764     
         450   581600.328158920     
         455   571204.522930810     
         460   561002.623329968     
         465   550990.636809098     
         470   541164.611515776     
         475   531520.655513507     
         480   522054.950249360     
         485   512763.759607621     
         490   503643.435600059     
         495   494690.421514521     
         500   485901.253162589     
