         100   1812.74114063091     
         105   8922.52177113166     
         110   17320.8657275494     
         115   25368.1318383580     
         120   32931.1561363333     
         125   40194.0037057694     
         130   47373.4874120670     
         135   54664.3279776595     
         140   62235.8084821044     
         145   70238.5290667805     
         150   78811.8064380324     
         155   88089.9244572440     
         160   98207.2703831836     
         165   109302.782638878     
         170   121524.211618038     
         175   135032.776385084     
         180   150009.049787023     
         185   166661.559292840     
         190   185240.936432129     
         195   206063.694288189     
         200   229545.953450378     
         205   256229.793481616     
         210   286755.366458953     
         215   321722.144965792     
         220   361431.537145919     
         225   405595.296205658     
         230   453152.273439345     
         235   502300.862488124     
         240   550750.066013210     
         245   596095.285581716     
         250   636190.894246748     
         255   669420.715295632     
         260   694825.339486928     
         265   712097.111698093     
         270   721482.711136623     
         275   723639.613739317     
         280   719484.691479109     
         285   710059.747901952     
         290   696425.971065345     
         295   679589.844636222     
         300   660457.419534732     
         305   639811.291923698     
         310   618304.123896689     
         315   596463.162153223     
         320   574701.300727298     
         325   553331.397429037     
         330   532581.586501393     
         335   512610.155050063     
         340   493519.162228733     
         345   475366.405726484     
         350   458175.618744556     
         355   441944.950678074     
         360   426653.878698330     
         365   412268.740773770     
         370   398747.092055557     
         375   386041.079086237     
         380   374100.008771264     
         385   362872.267149996     
         390   352306.720185192     
         395   342353.707044388     
         400   332965.716692060     
         405   324097.821461560     
         410   315707.926682247     
         415   307756.883250661     
         420   300208.500007074     
         425   293029.484625713     
         430   286189.335164397     
         435   279660.199182937     
         440   273416.713194344     
         445   267435.831955572     
         450   261696.654563509     
         455   256180.252354265     
         460   250869.502092067     
         465   245748.926782542     
         470   240804.545576726     
         475   236023.733584718     
         480   231395.091942277     
         485   226908.328130490     
         490   222554.146307164     
         495   218324.147244447     
         500   214210.737361339     
