         100   1812.74114063091     
         105   8922.44244374892     
         110   17320.4586390575     
         115   25367.1822338288     
         120   32929.4467112590     
         125   40191.1814910988     
         130   47368.9584944560     
         135   54657.1346167525     
         140   62224.4425715459     
         145   70220.6372446857     
         150   78783.7249325085     
         155   88045.9467968965     
         160   98138.4923054441     
         165   109195.270406644     
         170   121356.071391581     
         175   134769.397372341     
         180   149595.196896157     
         185   166007.727808631     
         190   184198.801200720     
         195   204381.744537009     
         200   226796.603976026     
         205   251717.498722301     
         210   279464.018522141     
         215   310421.072978220     
         220   345075.987473588     
         225   384080.246978860     
         230   428312.020129368     
         235   478838.933119099     
         240   536618.007029952     
         245   601848.048108291     
         250   673139.022856113     
         255   746901.146197316     
         260   817350.323845359     
         265   877248.531862063     
         270   919148.853145309     
         275   936719.971892343     
         280   925757.852317186     
         285   884674.759586587     
         290   814460.531736589     
         295   718250.430523437     
         300   600684.553384021     
         305   467226.290354359     
         310   323556.235946675     
         315   175101.962829184     
         320   26719.1782895630     
         325  -117488.926641910     
         330  -254241.395462108     
         335  -381069.140466186     
         340  -496252.762481318     
         345  -598731.442722602     
         350  -687999.789974989     
         355  -764004.087659227     
         360  -827045.003821824     
         365  -877690.581750495     
         370  -916701.091297834     
         375  -944965.885601744     
         380  -963451.564371406     
         385  -973160.311493375     
         390  -975097.108863774     
         395  -970244.525644151     
         400  -959543.870166674     
         405  -943881.622762920     
         410  -924080.212057485     
         415  -900892.337336822     
         420  -874998.166261673     
         425  -847004.846436119     
         430  -817447.860340568     
         435  -786793.826869655     
         440  -755444.411165070     
         445  -723741.050060857     
         450  -691970.235931189     
         455  -660369.129766667     
         460  -629131.297589535     
         465  -598412.385436066     
         470  -568335.569490968     
         475  -538996.641655679     
         480  -510468.618484682     
         485  -482805.793905904     
         490  -456047.193276006     
         495  -430219.426551308     
         500  -405338.978487129     
