         100   1812.74114063091     
         105   8922.44244374892     
         110   17320.4586390575     
         115   25367.1822338288     
         120   32929.4467112590     
         125   40191.1814910988     
         130   47368.9584944560     
         135   54657.1346167525     
         140   62224.4425715459     
         145   70220.6372446857     
         150   78783.7249325085     
         155   88045.9467968965     
         160   98138.4923054441     
         165   109195.270406644     
         170   121356.071391581     
         175   134769.397372341     
         180   149595.196896158     
         185   166007.727808641     
         190   184198.801199756     
         195   204381.744489228     
         200   226796.602876693     
         205   251717.483567882     
         210   279463.885976739     
         215   310420.353469773     
         220   345074.068594687     
         225   384084.049686401     
         230   428378.769223299     
         235   479217.636019436     
         240   538074.531557467     
         245   606213.503367101     
         250   683997.044004806     
         255   770195.960792799     
         260   861655.794346050     
         265   953529.550225454     
         270   1040018.35780352     
         275   1115353.27993166     
         280   1174703.99333074     
         285   1214791.48627641     
         290   1234126.74559883     
         295   1232919.27569465     
         300   1212764.10032070     
         305   1176226.69224123     
         310   1126422.50600850     
         315   1066652.75279004     
         320   1000125.13855324     
         325   929764.073617509     
         330   858100.397094101     
         335   787224.164812560     
         340   718782.911926466     
         345   654009.653966065     
         350   593768.005993043     
         355   538605.107402060     
         360   488805.980994375     
         365   444445.311239667     
         370   405434.377158212     
         375   371562.095029813     
         380   342529.923957115     
         385   317980.871972856     
         390   297523.105366470     
         395   280748.782732923     
         400   267248.762252869     
         405   256623.804114433     
         410   248492.835486738     
         415   242498.779569615     
         420   238312.383028596     
         425   235634.413258566     
         430   234196.541216123     
         435   233761.178017910     
         440   234120.494008426     
         445   235094.816792113     
         450   236530.578671551     
         455   238297.962718049     
         460   240288.378925739     
         465   242411.886167230     
         470   244594.660647626     
         475   246776.596062009     
         480   248909.103769414     
         485   250953.162460341     
         490   252877.646019807     
         495   254657.936295176     
         500   256274.805835019     
