         100   1812.74114063091     
         105   8922.59076153736     
         110   17321.2192636862     
         115   25368.9550399562     
         120   32932.6355289199     
         125   40196.4432551341     
         130   47377.4000984221     
         135   54670.5428908109     
         140   62245.6342052847     
         145   70254.0137275665     
         150   78836.1518304963     
         155   88128.1469919420     
         160   98267.2649446813     
         165   109397.062672847     
         170   121672.839559870     
         175   135268.583192380     
         180   150387.859667616     
         185   167284.303654774     
         190   186302.142092554     
         195   207945.993534148     
         200   232966.339215409     
         205   262401.059221793     
         210   297485.136407524     
         215   339384.817073160     
         220   388820.786317389     
         225   445732.833378856     
         230   509132.035089478     
         235   577195.210065049     
         240   647550.687510594     
         245   717645.411219842     
         250   785084.976715773     
         255   847877.838701418     
         260   904562.117500968     
         265   954228.401121141     
         270   996468.986565718     
         275   1031286.45269868     
         280   1058988.57774865     
         285   1080087.87432088     
         290   1095215.79692026     
         295   1105055.45387533     
         300   1110292.65839467     
         305   1111583.00954098     
         310   1109531.85280028     
         315   1104683.92459403     
         320   1097519.85292019     
         325   1088457.21498965     
         330   1077854.39502965     
         335   1066015.96751662     
         340   1053198.72499622     
         345   1039617.77305170     
         350   1025452.33803317     
         355   1010851.09052618     
         360   995936.894137820     
         365   980810.958189073     
         370   965556.415069254     
         375   950241.366640940     
         380   934921.455357013     
         385   919642.019107632     
         390   904439.887358526     
         395   889344.871981158     
         400   874381.000699071     
         405   859567.535164751     
         410   844919.809871140     
         415   830449.922691196     
         420   816167.302974723     
         425   802079.178865331     
         430   788190.961824898     
         435   774506.563229115     
         440   761028.655270324     
         445   747758.886211952     
         450   734698.058221891     
         455   721846.274513682     
         460   709203.061293427     
         465   696767.469002285     
         470   684538.156520923     
         475   672513.461330635     
         480   660691.458078824     
         485   649070.007551249     
         490   637646.797691154     
         495   626419.378010599     
         500   615385.188499344     
