         100   1812.74114063091     
         101   2933.81616647500     
         102   4254.90787408328     
         103   5722.23673643457     
         104   7290.15554745419     
         105   8922.60264693676     
         106   10592.2972343795     
         107   12279.2272850732     
         108   13969.0980779419     
         109   15651.9840437986     
         110   17321.2400096916     
         111   18972.6546570248     
         112   20603.8061151168     
         113   22213.5774420179     
         114   23801.7950122986     
         115   25368.9598915199     
         116   26916.0489367232     
         117   28444.3679300362     
         118   29955.4434501000     
         119   31450.9435559357     
         120   32932.6198971066     
         121   34402.2657595906     
         122   35861.6859650093     
         123   37312.6755849448     
         124   38757.0052059972     
         125   40196.4110554314     
         126   41632.5887239681     
         127   43067.1895400319     
         128   44501.8188869381     
         129   45938.0359319310     
         130   47377.3543690374     
         131   48821.2438776848     
         132   50271.1320743247     
         133   51728.4067910816     
         134   53194.4185583459     
         135   54670.4832006475     
         136   56157.8844796821     
         137   57657.8767369130     
         138   59171.6875021998     
         139   60700.5200455014     
         140   62245.5558566818     
         141   63807.9570444515     
         142   65388.8686499683     
         143   66989.4208739773     
         144   68610.7312188481     
         145   70253.9065487043     
         146   71920.0450721756     
         147   73610.2382532820     
         148   75325.5726566647     
         149   77067.1317338961     
         150   78835.9975579836     
         151   80633.2525134797     
         152   82459.9809498576     
         153   84317.2708060448     
         154   86206.2152142440     
         155   88127.9140914421     
         156   90083.4757273308     
         157   92074.0183777616     
         158   94100.6718733538     
         159   96164.5792534952     
         160   98266.8984367557     
         161   100408.803939711     
         162   102591.488657402     
         163   104816.165720224     
         164   107084.070443979     
         165   109396.462392375     
         166   111754.627574413     
         167   114159.880803223     
         168   116613.568248037     
         169   119117.070217589     
         170   121671.804221313     
         171   124279.228364708     
         172   126940.845147193     
         173   129658.205744679     
         174   132432.914874790     
         175   135266.636359546     
         176   138161.099517507     
         177   141118.106533377     
         178   144139.540966058     
         179   147227.377563573     
         180   150383.693552450     
         181   153610.681556858     
         182   156910.664275944     
         183   160286.111003602     
         184   163739.656011071     
         185   167274.118728008     
         186   170892.525552342     
         187   174598.132994729     
         188   178394.451723584     
         189   182285.270926680     
         190   186274.682252276     
         191   190367.102445104     
         192   194567.293659742     
         193   198880.380325588     
         194   203311.861363302     
         195   207867.616520562     
         196   212553.905611965     
         197   217377.359518358     
         198   222344.961926421     
         199   227464.020968886     
         200   232742.130154853     
         201   238187.118251452     
         202   243806.988082724     
         203   249609.844537764     
         204   255603.812414749     
         205   261796.945057162     
         206   268197.125049802     
         207   274811.958522591     
         208   281648.664848564     
         209   288713.963709812     
         210   296013.961634606     
         211   303554.040176529     
         212   311338.747910541     
         213   319371.698362721     
         214   327655.475873498     
         215   336191.551224033     
         216   344980.208639479     
         217   354020.485529678     
         218   363310.126046843     
         219   372845.549240804     
         220   382621.832285091     
         221   392632.708940953     
         222   402870.583129750     
         223   413326.557204768     
         224   423990.474257675     
         225   434850.973567675     
         226   445895.558106792     
         227   457110.672854968     
         228   468481.792555072     
         229   479993.517450488     
         230   491629.675495727     
         231   503373.429511582     
         232   515207.387768248     
         233   527113.716519309     
         234   539074.253073243     
         235   551070.618073188     
         236   563084.325756543     
         237   575096.891079592     
         238   587089.932715180     
         239   599045.271060099     
         240   610945.020520035     
         241   622771.675470949     
         242   634508.189424024     
         243   646138.047044835     
         244   657645.328794276     
         245   669014.768067828     
         246   680231.800809752     
         247   691282.607669175     
         248   702154.148845245     
         249   712834.191838548     
         250   723311.332385697     
         251   733575.008903765     
         252   743615.510811443     
         253   753423.981124926     
         254   762992.413749202     
         255   772313.645900382     
         256   781381.346102617     
         257   790189.998204779     
         258   798734.881858225     
         259   807012.049888285     
         260   815018.302979440     
         261   822751.162078046     
         262   830208.838897663     
         263   837390.204891116     
         264   844294.759030849     
         265   850922.594715557     
         266   857274.366096753     
         267   863351.254094409     
         268   869154.932346307     
         269   874687.533311629     
         270   879951.614725779     
         271   884950.126580680     
         272   889686.378783070     
         273   894164.009622554     
         274   898386.955161719     
         275   902359.419642294     
         276   906085.846984352     
         277   909570.893439835     
         278   912819.401447261     
         279   915836.374721331     
         280   918626.954599247     
         281   921196.397654867     
         282   923550.054582257     
         283   925693.350341771     
         284   927631.765554386     
         285   929370.819123567     
         286   930916.052058419     
         287   932273.012467222     
         288   933447.241686505     
         289   934444.261507643     
         290   935269.562460420     
         291   935928.593111022     
         292   936426.750330532     
         293   936769.370489006     
         294   936961.721529697     
         295   937008.995877841     
         296   936916.304138555     
         297   936688.669538874     
         298   936331.023069619     
         299   935848.199283705     
         300   935244.932708555     
         301   934525.854831506     
         302   933695.491618432     
         303   932758.261527206     
         304   931718.473979163     
         305   930580.328253217     
         306   929347.912768898     
         307   928025.204726154     
         308   926616.070071378     
         309   925124.263760680     
         310   923553.430293044     
         311   921907.104487518     
         312   920188.712480136     
         313   918401.572917720     
         314   916548.898327180     
         315   914633.796640291     
         316   912659.272855268     
         317   910628.230817773     
         318   908543.475105183     
         319   906407.712999160     
         320   904223.556532663     
         321   901993.524598621     
         322   899720.045108501     
         323   897405.457189959     
         324   895052.013413666     
         325   892661.882040268     
         326   890237.149279216     
         327   887779.821551995     
         328   885291.827752946     
         329   882775.021501578     
         330   880231.183380852     
         331   877662.023156503     
         332   875069.181973032     
         333   872454.234522448     
         334   869818.691182340     
         335   867164.000120279     
         336   864491.549361930     
         337   861802.668820646     
         338   859098.632286613     
         339   856380.659373970     
         340   853649.917424571     
         341   850907.523367336     
         342   848154.545532369     
         343   845392.005419233     
         344   842620.879418969     
         345   839842.100489627     
         346   837056.559785235     
         347   834265.108238271     
         348   831468.558095830     
         349   828667.684409813     
         350   825863.226481539     
         351   823055.889261303     
         352   820246.344703449     
         353   817435.233077626     
         354   814623.164236941     
         355   811810.718843791     
         356   808998.449554163     
         357   806186.882161289     
         358   803376.516699510     
         359   800567.828509283     
         360   797761.269264244     
         361   794957.267961278     
         362   792156.231874557     
         363   789358.547474498     
         364   786564.581312621     
         365   783774.680873252     
         366   780989.175393053     
         367   778208.376649331     
         368   775432.579718060     
         369   772662.063702582     
         370   769897.092433893     
         371   767137.915143433     
         372   764384.767109286     
         373   761637.870276667     
         374   758897.433853571     
         375   756163.654882420     
         376   753436.718788556     
         377   750716.799906374     
         378   748004.061983910     
         379   745298.658666635     
         380   742600.733961218     
         381   739910.422680004     
         382   737227.850866894     
         383   734553.136205341     
         384   731886.388409125     
         385   729227.709596567     
         386   726577.194648809     
         387   723934.931552774     
         388   721301.001729403     
         389   718675.480347743     
         390   716058.436625443     
         391   713449.934116192     
         392   710850.030984623     
         393   708258.780269186     
         394   705676.230133463     
         395   703102.424106410     
         396   700537.401311966     
         397   697981.196688460     
         398   695433.841198252     
         399   692895.362027986     
         400   690365.782779873     
         401   687845.123654353     
         402   685333.401624509     
         403   682830.630602583     
         404   680336.821598917     
         405   677851.982873641     
         406   675376.120081429     
         407   672909.236409603     
         408   670451.332709874     
         409   668002.407624005     
         410   665562.457703638     
         411   663131.477524557     
         412   660709.459795616     
         413   658296.395462565     
         414   655892.273807005     
         415   653497.082540679     
         416   651110.807895302     
         417   648733.434708136     
         418   646364.946503484     
         419   644005.325570297     
         420   641654.553036061     
         421   639312.608937127     
         422   636979.472285653     
         423   634655.121133294     
         424   632339.532631804     
         425   630032.683090672     
         426   627734.548031944     
         427   625445.102242337     
         428   623164.319822790     
         429   620892.174235556     
         430   618628.638348939     
         431   616373.684479814     
         432   614127.284433993     
         433   611889.409544564     
         434   609660.030708289     
         435   607439.118420143     
         436   605226.642806090     
         437   603022.573654174     
         438   600826.880444000     
         439   598639.532374689     
         440   596460.498391368     
         441   594289.747210273     
         442   592127.247342522     
         443   589972.967116625     
         444   587826.874699795     
         445   585688.938118105     
         446   583559.125275559     
         447   581437.403972120     
         448   579323.741920748     
         449   577218.106763495     
         450   575120.466086702     
         451   573030.787435341     
         452   570949.038326546     
         453   568875.186262368     
         454   566809.198741798     
         455   564751.043272080     
         456   562700.687379373     
         457   560658.098618763     
         458   558623.244583686     
         459   556596.092914774     
         460   554576.611308154     
         461   552564.767523236     
         462   550560.529390003     
         463   548563.864815841     
         464   546574.741791921     
         465   544593.128399164     
         466   542618.992813803     
         467   540652.303312569     
         468   538693.028277516     
         469   536741.136200502     
         470   534796.595687353     
         471   532859.375461714     
         472   530929.444368612     
         473   529006.771377739     
         474   527091.325586482     
         475   525183.076222700     
         476   523281.992647262     
         477   521388.044356377     
         478   519501.200983697     
         479   517621.432302238     
         480   515748.708226099     
         481   513882.998812014     
         482   512024.274260731     
         483   510172.504918233     
         484   508327.661276811     
         485   506489.713975996     
         486   504658.633803354     
         487   502834.391695161     
         488   501016.958736957     
         489   499206.306163988     
         490   497402.405361543     
         491   495605.227865196     
         492   493814.745360949     
         493   492030.929685295     
         494   490253.752825192     
         495   488483.186917968     
         496   486719.204251144     
         497   484961.777262204     
         498   483210.878538285     
         499   481466.480815822     
         500   479728.556980131     
