         100   1812.74114063091     
         105   8922.54638938590     
         110   17321.0100485183     
         115   25368.4575818536     
         120   32931.7240643547     
         125   40194.9219012124     
         130   47374.9427740698     
         135   54666.6239484697     
         140   62239.4240628309     
         145   70244.2132978728     
         150   78820.7287281455     
         155   88103.9136528840     
         160   98229.1972633747     
         165   109337.179364160     
         170   121578.296039637     
         175   135118.211019170     
         180   150145.182588548     
         185   166882.054666458     
         190   185608.503675986     
         195   206702.122648385     
         200   230701.003850219     
         205   258363.237440048     
         210   290658.672030011     
         215   328620.979361651     
         220   373052.520131413     
         225   424178.084385442     
         230   481399.830113775     
         235   543265.686837017     
         240   607661.355635774     
         245   672144.758750099     
         250   734307.521089353     
         255   792069.027099616     
         260   843855.746108496     
         265   888663.312202731     
         270   926026.749826786     
         275   955934.011248287     
         280   978715.218091076     
         285   994931.366922304     
         290   1005276.69965272     
         295   1010501.05725974     
         300   1011353.14921812     
         305   1008542.59314048     
         310   1002717.22563919     
         315   994451.934827578     
         320   984245.615411061     
         325   972523.453770232     
         330   959642.404578837     
         335   945898.313980036     
         340   931533.633045018     
         345   916745.041849442     
         350   901690.580026138     
         355   886496.072143565     
         360   871260.764666575     
         365   856062.172485483     
         370   840960.180859934     
         375   826000.473758070     
         380   811217.369834291     
         385   796636.148276752     
         390   782274.942329217     
         395   768146.271030107     
         400   754258.271277065     
         405   740615.683742606     
         410   727220.638028614     
         415   714073.275063025     
         420   701172.238238812     
         425   688515.059190296     
         430   676098.459348661     
         435   663918.584438241     
         440   651971.185775162     
         445   640251.759516121     
         450   628755.652788191     
         455   617478.143829701     
         460   606414.501816309     
         465   595560.030874135     
         470   584910.101841351     
         475   574460.174587538     
         480   564205.813100331     
         485   554142.695071974     
         490   544266.617339931     
         495   534573.498236319     
         500   525059.377664397     
