         100  5.897644151162947E-073
         105  6.478322248745874E-003
         110   64.3353740699152     
         115   868.158041246843     
         120   2945.40109208331     
         125   6188.56425522174     
         130   10444.6061240278     
         135   15650.6898747758     
         140   21805.5700633150     
         145   28939.7371299758     
         150   37100.3113978627     
         155   46345.6235105319     
         160   56745.0157452565     
         165   68381.4513715250     
         170   81355.9403972380     
         175   95793.8992024804     
         180   111855.017102434     
         185   129750.849656823     
         190   149777.732690881     
         195   172370.527238771     
         200   198162.937570815     
         205   228002.839469739     
         210   262851.337093385     
         215   303537.071138325     
         220   350431.853163589     
         225   403184.724207336     
         230   460636.697253719     
         235   520951.334364113     
         240   581902.641266392     
         245   641214.959078539     
         250   696858.313030769     
         255   747243.499659572     
         260   791305.406571383     
         265   828493.500333771     
         270   858701.358943606     
         275   882166.804596482     
         280   899366.965676990     
         285   910923.587811952     
         290   917526.060852670     
         295   919874.033681181     
         300   918638.142212201     
         305   914435.782141082     
         310   907818.425456304     
         315   899267.206847689     
         320   889194.036081649     
         325   877946.103260707     
         330   865812.215594624     
         335   853029.884158193     
         340   839792.454020573     
         345   826255.848512073     
         350   812544.694210195     
         355   798757.725291865     
         360   784972.450563301     
         365   771249.117323689     
         370   757634.033831672     
         375   744162.324409582     
         380   730860.193798596     
         385   717746.774200502     
         390   704835.622154339     
         395   692135.924718781     
         400   679653.466435971     
         405   667391.400870397     
         410   655350.863485732     
         415   643531.456394227     
         420   631931.630122144     
         425   620548.982948335     
         430   609380.494522980     
         435   598422.707275292     
         440   587671.866484839     
         445   577124.027736610     
         450   566775.138727932     
         455   556621.100977697     
         460   546657.815845989     
         465   536881.218355175     
         470   527287.301569626     
         475   517872.133705705     
         480   508631.869677694     
         485   499562.758415430     
         490   490661.146996467     
         495   481923.482404107     
         500   473346.311540117     
