         100  3.602699215854460E-012
         105   548.355645662574     
         110   5822.83268899104     
         115   13144.2317965382     
         120   20573.8013846948     
         125   27912.6536267966     
         130   35279.7468844531     
         135   42831.8777140778     
         140   50716.1165639023     
         145   59066.2599929129     
         150   68007.3417293737     
         155   77660.7412197814     
         160   88148.4822796261     
         165   99596.6693008682     
         170   112138.272702971     
         175   125915.482783644     
         180   141081.808301819     
         185   157804.053580359     
         190   176264.275925342     
         195   196661.804070338     
         200   219215.386787440     
         205   244165.537853468     
         210   271777.149422547     
         215   302342.462215543     
         220   336184.511480616     
         225   373661.219054436     
         230   415170.385363212     
         235   461155.969833568     
         240   512116.265980196     
         245   568614.920649820     
         250   631296.097352969     
         255   700903.962455466     
         260   778297.600420967     
         265   864422.848393961     
         270   960154.930689105     
         275   1065916.68814148     
         280   1181084.44635107     
         285   1303382.32137176     
         290   1428565.16566483     
         295   1550592.94582679     
         300   1662291.90987517     
         305   1756332.01661318     
         310   1826283.55312995     
         315   1867525.15477241     
         320   1877836.56847859     
         325   1857603.61821935     
         330   1809648.06335283     
         335   1738740.34123583     
         340   1650880.80722699     
         345   1552477.25984924     
         350   1449581.34732040     
         355   1347326.34348608     
         360   1249632.40473298     
         365   1159159.64155209     
         370   1077436.46562104     
         375   1005079.39272131     
         380   942036.258666559     
         385   887809.641363013     
         390   841639.695108151     
         395   802641.259430129     
         400   769899.015381572     
         405   742528.348313391     
         410   719710.352148480     
         415   700708.577468765     
         420   684873.664941118     
         425   671640.469418465     
         430   660520.930252186     
         435   651094.868716792     
         440   643000.092540369     
         445   635922.619865313     
         450   629587.449268730     
         455   623750.050419484     
         460   618188.591468433     
         465   612696.823528528     
         470   607077.487034571     
         475   601136.073440632     
         480   594674.757648444     
         485   587486.304338412     
         490   579347.739991366     
         495   570013.568418216     
         500   559208.288600483     
