         100   1812.74114063091     
         101   2933.81621924721     
         102   4254.90742319644     
         103   5722.23522281797     
         104   7290.15238564377     
         105   8922.59733375400     
         106   10592.2893986447     
         107   12279.2166845188     
         108   13969.0845650467     
         109   15651.9675207045     
         110   17321.2203850771     
         111   18972.6318109432     
         112   20603.7798732363     
         113   22213.5475583034     
         114   23801.7611582420     
         115   25368.9216499196     
         116   26916.0057982776     
         117   28444.3192913953     
         118   29955.3886123905     
         119   31450.8817230789     
         120   32932.5501734822     
         121   34402.1871467635     
         122   35861.5973573470     
         123   37312.5757640229     
         124   38756.8928337293     
         125   40196.2846658804     
         126   41632.4467138007     
         127   43067.0301575748     
         128   44501.6402197845     
         129   45937.8358930341     
         130   47377.1306812114     
         131   48820.9940564167     
         132   50270.8534087820     
         133   51728.0963231826     
         134   53194.0730597375     
         135   54670.0991474158     
         136   56157.4580245959     
         137   57657.4036789777     
         138   59171.1632532728     
         139   60699.9395936896     
         140   62244.9137262123     
         141   63807.2472516714     
         142   65388.0846550915     
         143   66988.5555281541     
         144   68609.7767060863     
         145   70252.8543221186     
         146   71918.8857839838     
         147   73608.9616778994     
         148   75324.1676061763     
         149   77065.5859651007     
         150   78834.2976701115     
         151   80631.3838355756     
         152   82457.9274167024     
         153   84315.0148213456     
         154   86203.7374996647     
         155   88125.1935198604     
         156   90080.4891384938     
         157   92070.7403742618     
         158   94097.0745945536     
         159   96160.6321246818     
         160   98262.5678903891     
         161   100404.053105129     
         162   102586.277014732     
         163   104810.448713473     
         164   107077.799047353     
         165   109389.582622625     
         166   111747.079940493     
         167   114151.599682544     
         168   116604.481176089     
         169   119107.097074455     
         170   121660.856294562     
         171   124267.207263087     
         172   126927.641533422     
         173   129643.697848350     
         174   132416.966737949     
         175   135249.095758176     
         176   138141.795492092     
         177   141096.846451666     
         178   144116.107031661     
         179   147201.522676278     
         180   150355.136421128     
         181   153579.100964957     
         182   156875.692404135     
         183   160247.325725388     
         184   163696.572096100     
         185   167226.177915205     
         186   170839.085490751     
         187   174538.455093910     
         188   178327.688006166     
         189   182210.450031571     
         190   186190.694795477     
         191   190272.686003146     
         192   194461.017695041     
         193   198760.631420046     
         194   203176.829162908     
         195   207715.280816525     
         196   212382.024990697     
         197   217183.462001755     
         198   222126.337994841     
         199   227217.719312208     
         200   232464.956433601     
         201   237875.637072380     
         202   243457.528304753     
         203   249218.507928448     
         204   255166.485578725     
         205   261309.314460599     
         206   267654.694872902     
         207   274210.070989508     
         208   280982.522614124     
         209   287978.653827553     
         210   295204.480592956     
         211   302665.319470129     
         212   310365.679612109     
         213   318309.160176650     
         214   326498.355184200     
         215   334934.767697968     
         216   343618.734997344     
         217   352549.366171656     
         218   361724.493286305     
         219   371140.636977400     
         220   380792.987024140     
         221   390675.398139724     
         222   400780.400920529     
         223   411099.227607519     
         224   421621.852050235     
         225   432337.043027705     
         226   443232.429876433     
         227   454294.579206183     
         228   465509.081350952     
         229   476860.645105911     
         230   488333.199240203     
         231   499909.999248883     
         232   511573.737812406     
         233   523306.657465950     
         234   535090.664040072     
         235   546907.439514955     
         236   558738.553029059     
         237   570565.568895358     
         238   582370.150600932     
         239   594134.159894800     
         240   605839.750201396     
         241   617469.453729892     
         242   629006.261780210     
         243   640433.697872711     
         244   651735.883448370     
         245   662897.595998300     
         246   673904.319584604     
         247   684742.287807927     
         248   695398.519360278     
         249   705860.846374457     
         250   716117.935843718     
         251   726159.304437453     
         252   735975.327080958     
         253   745557.239700286     
         254   754897.136557469     
         255   763987.962617625     
         256   772823.501398414     
         257   781398.358754764     
         258   789707.943048467     
         259   797748.442143970     
         260   805516.797659156     
         261   813010.676883838     
         262   820228.442759749     
         263   827169.122294625     
         264   833832.373760079     
         265   840218.452998926     
         266   846328.179142808     
         267   852162.900015913     
         268   857724.457475480     
         269   863015.152915110     
         270   868037.713132727     
         271   872795.256741746     
         272   877291.261281627     
         273   881529.531162726     
         274   885514.166560341     
         275   889249.533353988     
         276   892740.234190544     
         277   895991.080733661     
         278   899007.067147093     
         279   901793.344846026     
         280   904355.198538279     
         281   906698.023566256     
         282   908827.304550729     
         283   910748.595328845     
         284   912467.500171159     
         285   913989.656255918     
         286   915320.717373120     
         287   916466.338826123     
         288   917432.163494580     
         289   918223.809019206     
         290   918846.856066312     
         291   919306.837628080     
         292   919609.229313064     
         293   919759.440580521     
         294   919762.806871603     
         295   919624.582590353     
         296   919349.934887625     
         297   918943.938201545     
         298   918411.569508870     
         299   917757.704242567     
         300   916987.112832044     
         301   916104.457823762     
         302   915114.291541334     
         303   914021.054245720     
         304   912829.072757686     
         305   911542.559506278     
         306   910165.611968741     
         307   908702.212468941     
         308   907156.228303031     
         309   905531.412162722     
         310   903831.402828198     
         311   902059.726104272     
         312   900219.795974988     
         313   898314.915953381     
         314   896348.280604598     
         315   894322.977222014     
         316   892241.987637373     
         317   890108.190147279     
         318   887924.361539669     
         319   885693.179205076     
         320   883417.223318689     
         321   881098.979080264     
         322   878740.839000023     
         323   876345.105219634     
         324   873913.991858317     
         325   871449.627374969     
         326   868954.056938053     
         327   866429.244795738     
         328   863877.076639533     
         329   861299.361955300     
         330   858697.836356187     
         331   856074.163892597     
         332   853429.939334857     
         333   850766.690424759     
         334   848085.880092624     
         335   845388.908636941     
         336   842677.115864091     
         337   839951.783185965     
         338   837214.135673693     
         339   834465.344065960     
         340   831706.526730696     
         341   828938.751579179     
         342   826163.037931843     
         343   823380.358335263     
         344   820591.640330025     
         345   817797.768169343     
         346   814999.584488440     
         347   812197.891924881     
         348   809393.454690135     
         349   806587.000092790     
         350   803779.220013926     
         351   800970.772335253     
         352   798162.282320691     
         353   795354.343952138     
         354   792547.521220234     
         355   789742.349370984     
         356   786939.336109122     
         357   784138.962759178     
         358   781341.685385181     
         359   778547.935870010     
         360   775758.122955383     
         361   772972.633243502     
         362   770191.832161385     
         363   767416.064888911     
         364   764645.657251607     
         365   761880.916579200     
         366   759122.132530970     
         367   756369.577888905     
         368   753623.509319665     
         369   750884.168106352     
         370   748151.780851063     
         371   745426.560149173     
         372   742708.705236330     
         373   739998.402609043     
         374   737295.826619816     
         375   734601.140047692     
         376   731914.494645080     
         377   729236.031661725     
         378   726565.882346642     
         379   723904.168428812     
         380   721251.002577449     
         381   718606.488842574     
         382   715970.723076659     
         383   713343.793338055     
         384   710725.780276888     
         385   708116.757504138     
         386   705516.791944510     
         387   702925.944173772     
         388   700344.268741155     
         389   697771.814477413     
         390   695208.624789126     
         391   692654.737939785     
         392   690110.187318216     
         393   687575.001694846     
         394   685049.205466315     
         395   682532.818888914     
         396   680025.858301320     
         397   677528.336337063     
         398   675040.262127169     
         399   672561.641493382     
         400   670092.477132375     
         401   667632.768791324     
         402   665182.513435220     
         403   662741.705406278     
         404   660310.336575771     
         405   657888.396488629     
         406   655475.872501118     
         407   653072.749911895     
         408   650679.012086728     
         409   648294.640577174     
         410   645919.615233463     
         411   643553.914311863     
         412   641197.514576758     
         413   638850.391397683     
         414   636512.518841543     
         415   634183.869760226     
         416   631864.415873825     
         417   629554.127849666     
         418   627252.975377330     
         419   624960.927239861     
         420   622677.951381318     
         421   620404.014970860     
         422   618139.084463505     
         423   615883.125657732     
         424   613636.103750062     
         425   611397.983386762     
         426   609168.728712813     
         427   606948.303418258     
         428   604736.670782063     
         429   602533.793713609     
         430   600339.634791919     
         431   598154.156302731     
         432   595977.320273532     
         433   593809.088506626     
         434   591649.422610355     
         435   589498.284028549     
         436   587355.634068292     
         437   585221.433926088     
         438   583095.644712503     
         439   580978.227475366     
         440   578869.143221579     
         441   576768.352937634     
         442   574675.817608876     
         443   572591.498237580     
         444   570515.355859921     
         445   568447.351561857     
         446   566387.446494014     
         447   564335.601885599     
         448   562291.779057407     
         449   560255.939433956     
         450   558228.044554803     
         451   556208.056085079     
         452   554195.935825282     
         453   552191.645720377     
         454   550195.147868222     
         455   548206.404527367     
         456   546225.378124263     
         457   544252.031259899     
         458   542286.326715906     
         459   540328.227460162     
         460   538377.696651906     
         461   536434.697646414     
         462   534499.193999238     
         463   532571.149470043     
         464   530650.528026064     
         465   528737.293845204     
         466   526831.411318788     
         467   524932.845054002     
         468   523041.559876024     
         469   521157.520829877     
         470   519280.693182007     
         471   517411.042421613     
         472   515548.534261741     
         473   513693.134640152     
         474   511844.809719981     
         475   510003.525890197     
         476   508169.249765888     
         477   506341.948188362     
         478   504521.588225090     
         479   502708.137169501     
         480   500901.562540631     
         481   499101.832082644     
         482   497308.913764222     
         483   495522.775777852     
         484   493743.386538996     
         485   491970.714685167     
         486   490204.729074908     
         487   488445.398786694     
         488   486692.693117748     
         489   484946.581582786     
         490   483207.033912697     
         491   481474.020053159     
         492   479747.510163199     
         493   478027.474613704     
         494   476313.883985882     
         495   474606.709069682     
         496   472905.920862173     
         497   471211.490565896     
         498   469523.389587173     
         499   467841.589534702     
         500   466166.045609887     
