         100   1812.74114063091     
         101   2933.80822448010     
         102   4254.88532657992     
         103   5722.18587955368     
         104   7290.05861035151     
         105   8922.43949481786     
         106   10592.0471119489     
         107   12278.8701418423     
         108   13968.6153316182     
         109   15651.3588363872     
         110   17320.4570908750     
         111   18971.7000354270     
         112   20602.6665912144     
         113   22212.2401018075     
         114   23800.2467300717     
         115   25367.1868669593     
         116   26914.0362758999     
         117   28442.0992702474     
         118   29952.9006231288     
         119   31448.1062817585     
         120   32929.4654992398     
         121   34398.7688933954     
         122   35857.8183508769     
         123   37308.4057390641     
         124   38752.2981621927     
         125   40191.2280722595     
         126   41626.8869718318     
         127   43060.9217635067     
         128   44494.9330377980     
         129   45930.4747685292     
         130   47369.0550177496     
         131   48812.1373520716     
         132   50261.1427475249     
         133   51717.4518167215     
         134   53182.4072349454     
         135   54657.3162741262     
         136   56143.4533781207     
         137   57642.0627312074     
         138   59154.3607856564     
         139   60681.5387247569     
         140   62224.7648455906     
         141   63785.1868517524     
         142   65363.9340506267     
         143   66962.1194530733     
         144   68580.8417757525     
         145   70221.1873480224     
         146   71884.2319265466     
         147   73571.0424215681     
         148   75282.6785393391     
         149   77020.1943455178     
         150   78784.6397545020     
         151   80577.0619497172     
         152   82398.5067398382     
         153   84250.0198558273     
         154   86132.6481935397     
         155   88047.4410064865     
         156   89995.4510531746     
         157   91977.7357032623     
         158   93995.3580066007     
         159   96049.3877290490     
         160   98140.9023588034     
         161   100270.988086819     
         162   102440.740764774     
         163   104651.266843907     
         164   106903.684297945     
         165   109199.123533261     
         166   111538.728289329     
         167   113923.656532484     
         168   116355.081345987     
         169   118834.191819335     
         170   121362.193939827     
         171   123940.311489372     
         172   126569.786949607     
         173   129251.882418453     
         174   131987.880541351     
         175   134779.085460542     
         176   137626.823785902     
         177   140532.445591048     
         178   143497.325438652     
         179   146522.863439152     
         180   149610.486347368     
         181   152761.648701871     
         182   155977.834012386     
         183   159260.556000942     
         184   162611.359903068     
         185   166031.823835915     
         186   169523.560240925     
         187   173088.217409487     
         188   176727.481100968     
         189   180443.076263621     
         190   184236.768870181     
         191   188110.367881453     
         192   192065.727353070     
         193   196104.748702747     
         194   200229.383158169     
         195   204441.634408999     
         196   208743.561491069     
         197   213137.281936707     
         198   217624.975233278     
         199   222208.886643204     
         200   226891.331454305     
         201   231674.699751109     
         202   236561.461827978     
         203   241554.174406442     
         204   246655.487875151     
         205   251868.154845042     
         206   257195.040408135     
         207   262639.134608863     
         208   268203.567783918     
         209   273891.629600108     
         210   279706.792816839     
         211   285652.743013964     
         212   291733.415745991     
         213   297953.042794314     
         214   304316.209369936     
         215   310827.924245423     
         216   317493.704839391     
         217   324319.679211117     
         218   331312.706719973     
         219   338480.518741444     
         220   345831.880292836     
         221   353376.772701573     
         222   361126.596553489     
         223   369094.393107836     
         224   377295.081193732     
         225   385745.705357008     
         226   394465.689765758     
         227   403477.091174360     
         228   412804.843161156     
         229   422476.982965344     
         230   432524.851620246     
         231   442983.257769193     
         232   453890.595599045     
         233   465288.907759934     
         234   477223.884963644     
         235   489744.795152746     
         236   502904.336673791     
         237   516758.411718572     
         238   531365.818350709     
         239   546787.861632447     
         240   563087.886623698     
         241   580330.738254919     
         242   598582.155192436     
         243   617908.106741150     
         244   638374.083496551     
         245   660044.353810370     
         246   682981.199130956     
         247   707244.141895826     
         248   732889.179880491     
         249   759968.040750990     
         250   788527.470047530     
         251   818608.564975444     
         252   850246.165239190     
         253   883468.310774441     
         254   918295.774666265     
         255   954741.677843959     
         256   992811.190371088     
         257   1032501.32235630     
         258   1073800.80574627     
         259   1116690.06657096     
         260   1161141.28563157     
         261   1207118.54418394     
         262   1254578.04989909     
         263   1303468.43729507     
         264   1353731.13593943     
         265   1405300.79902450     
         266   1458105.78441503     
         267   1512068.67995310     
         268   1567106.86466758     
         269   1623133.09756046     
         270   1680056.12581289     
         271   1737781.30455202     
         272   1796211.22072606     
         273   1855246.31413009     
         274   1914785.48918919     
         275   1974726.71172147     
         276   2034967.58555199     
         277   2095405.90451608     
         278   2155940.17606068     
         279   2216470.11331396     
         280   2276897.09313556     
         281   2337124.57827292     
         282   2397058.50232696     
         283   2456607.61676677     
         284   2515683.79972401     
         285   2574202.32674129     
         286   2632082.10404285     
         287   2689245.86524067     
         288   2745620.33268548     
         289   2801136.34492073     
         290   2855728.95190137     
         291   2909337.47980067     
         292   2961905.56734962     
         293   3013381.17573861     
         294   3063716.57416360     
         295   3112868.30312112     
         296   3160797.11755317     
         297   3207467.91191659     
         298   3252849.62920549     
         299   3296915.15589304     
         300   3339641.20468273     
         301   3381008.18687247     
         302   3421000.07603939     
         303   3459604.26465184     
         304   3496811.41510924     
         305   3532615.30660221     
         306   3567012.67907670     
         307   3600003.07547695     
         308   3631588.68333569     
         309   3661774.17667546     
         310   3690566.55908416     
         311   3717975.00873145     
         312   3744010.72600002     
         313   3768686.78431880     
         314   3792017.98470285     
         315   3814020.71442810     
         316   3834712.81019755     
         317   3854113.42608972     
         318   3872242.90651957     
         319   3889122.66438664     
         320   3904775.06453501     
         321   3919223.31260415     
         322   3932491.34930921     
         323   3944603.75015277     
         324   3955585.63053834     
         325   3965462.55622733     
         326   3974260.45905714     
         327   3982005.55781667     
         328   3988724.28415774     
         329   3994443.21340600     
         330   3999189.00012218     
         331   4002988.31825511     
         332   4005867.80571959     
         333   4007854.01322692     
         334   4008973.35719131     
         335   4009252.07653343     
         336   4008716.19320095     
         337   4007391.47622612     
         338   4005303.40914169     
         339   4002477.16057867     
         340   3998937.55787218     
         341   3994709.06350538     
         342   3989815.75422564     
         343   3984281.30267165     
         344   3978128.96135525     
         345   3971381.54884709     
         346   3964061.43802071     
         347   3956190.54621528     
         348   3947790.32718320     
         349   3938881.76469449     
         350   3929485.36767563     
         351   3919621.16676675     
         352   3909308.71218639     
         353   3898567.07279903     
         354   3887414.83628604     
         355   3875870.11032626     
         356   3863950.52469754     
         357   3851673.23421588     
         358   3839054.92243376     
         359   3826111.80602391     
         360   3812859.63977948     
         361   3799313.72216617     
         362   3785488.90136557     
         363   3771399.58175381     
         364   3757059.73076264     
         365   3742482.88607434     
         366   3727682.16310516     
         367   3712670.26273507     
         368   3697459.47924517     
         369   3682061.70842666     
         370   3666488.45582829     
         371   3650750.84511188     
         372   3634859.62648766     
         373   3618825.18520407     
         374   3602657.55006814     
         375   3586366.40197538     
         376   3569961.08242929     
         377   3553450.60203308     
         378   3536843.64893727     
         379   3520148.59722887     
         380   3503373.51524897     
         381   3486526.17382720     
         382   3469614.05442247     
         383   3452644.35716088     
         384   3435624.00876259     
         385   3418559.67035041     
         386   3401457.74513411     
         387   3384324.38596469     
         388   3367165.50275444     
         389   3349986.76975862     
         390   3332793.63271574     
         391   3315591.31584376     
         392   3298384.82869029     
         393   3281178.97283518     
         394   3263978.34844456     
         395   3246787.36067573     
         396   3229610.22593249     
         397   3212450.97797139     
         398   3195313.47385899     
         399   3178201.39978115     
         400   3161118.27670519     
         401   3144067.46589620     
         402   3127052.17428892     
         403   3110075.45971691     
         404   3093140.23600056     
         405   3076249.27789620     
         406   3059405.22590803     
         407   3042610.59096526     
         408   3025867.75896662     
         409   3009178.99519458     
         410   2992546.44860171     
         411   2975972.15597160     
         412   2959458.04595684     
         413   2943005.94299663     
         414   2926617.57111656     
         415   2910294.55761307     
         416   2894038.43662533     
         417   2877850.65259690     
         418   2861732.56363006     
         419   2845685.44473500     
         420   2829710.49097686     
         421   2813808.82052279     
         422   2797981.47759175     
         423   2782229.43530960     
         424   2766553.59847173     
         425   2750954.80621590     
         426   2735433.83460752     
         427   2719991.39913989     
         428   2704628.15715161     
         429   2689344.71016349     
         430   2674141.60613729     
         431   2659019.34165837     
         432   2643978.36404453     
         433   2629019.07338308     
         434   2614141.82449837     
         435   2599346.92885158     
         436   2584634.65637505     
         437   2570005.23724282     
         438   2555458.86357956     
         439   2540995.69110951     
         440   2526615.84074745     
         441   2512319.40013330     
         442   2498106.42511224     
         443   2483976.94116193     
         444   2469930.94476853     
         445   2455968.40475311     
         446   2442089.26354998     
         447   2428293.43843854     
         448   2414580.82273009     
         449   2400951.28691094     
         450   2387404.67974348     
         451   2373940.82932627     
         452   2360559.54411470     
         453   2347260.61390342     
         454   2334043.81077174     
         455   2320908.88999341     
         456   2307855.59091166     
         457   2294883.63778101     
         458   2281992.74057659     
         459   2269182.59577237     
         460   2256452.88708919     
         461   2243803.28621358     
         462   2231233.45348847     
         463   2218743.03857670     
         464   2206331.68109820     
         465   2193999.01124187     
         466   2181744.65035288     
         467   2169568.21149640     
         468   2157469.29999842     
         469   2145447.51396459     
         470   2133502.44477778     
         471   2121633.67757511     
         472   2109840.79170521     
         473   2098123.36116633     
         474   2086480.95502612     
         475   2074913.13782355     
         476   2063419.46995381     
         477   2051999.50803660     
         478   2040652.80526855     
         479   2029378.91176033     
         480   2018177.37485892     
         481   2007047.73945567     
         482   1995989.54828059     
         483   1985002.34218351     
         484   1974085.66040241     
         485   1963239.04081953     
         486   1952462.02020570     
         487   1941754.13445321     
         488   1931114.91879784     
         489   1920543.90803027     
         490   1910040.63669741     
         491   1899604.63929393     
         492   1889235.45044442     
         493   1878932.60507650     
         494   1868695.63858521     
         495   1858524.08698916     
         496   1848417.48707857     
         497   1838375.37653523     
         498   1828397.29363124     
         499   1818482.83783204     
         500   1808639.39497058     
