         100   1812.74114063091     
         105   8922.41713262101     
         110   17320.3495445968     
         115   25366.9429844682     
         120   32929.0327171740     
         125   40190.5199473574     
         130   47367.9262355224     
         135   54655.5330510373     
         140   62221.9598933018     
         145   70216.7889323695     
         150   78777.7604496064     
         155   88036.7040101040     
         160   98124.1707470919     
         165   109173.078188502     
         170   121321.674957973     
         175   134716.062874512     
         180   149512.447803134     
         185   165879.240477386     
         190   183999.092794440     
         195   204070.929680326     
         200   226312.017806013     
         205   250960.097283057     
         210   278275.588767482     
         215   308543.874542808     
         220   342077.637231781     
         225   379219.224076267     
         230   420342.990843614     
         235   465857.576425486     
         240   516208.084548013     
         245   571877.846845847     
         250   633390.632873474     
         255   701361.846081918     
         260   776579.139278535     
         265   857267.561416525     
         270   926200.457025563     
         275   983952.279202137     
         280   1519163.91423683     
         285   5398686.62400650     
         290   22085236.0216062     
         295   73143233.2277090     
         300   195133112.723511     
         305   435630214.319080     
         310   841916702.654248     
         315   1446908215.55158     
         320   2258698465.00905     
         325   3257697928.60447     
         330   4401245408.41460     
         335   5632693380.76941     
         340   6891351913.35738     
         345   8120670889.91208     
         350   9273512846.26044     
         355   10314543834.2858     
         360   11220397998.1519     
         365   11978438030.2548     
         370   12584830902.4551     
         375   13042453905.0812     
         380   13358942105.5289     
         385   13545029150.1247     
         390   13613227324.1896     
         395   13576831700.4210     
         400   13449204038.4899     
         405   13243282883.5087     
         410   12971268080.1838     
         415   12644434761.3043     
         420   12273040280.3843     
         425   11866295688.5772     
         430   11432380381.1920     
         435   10978484214.3179     
         440   10510865763.0111     
         445   10034918622.4793     
         450   9555239923.58850     
         455   9075696681.12072     
         460   8599486256.01145     
         465   8129186934.67654     
         470   7666792809.58840     
         475   7213721980.53040     
         480   6770772851.24576     
         485   6337958529.12101     
         490   5913973958.24770     
         495   5494145256.63069     
         500   5056422419.89687     
