         100   1812.74114063091     
         105   8922.58260782360     
         110   17321.1901480285     
         115   25368.8678315396     
         120   32932.4515162768     
         125   40196.1109968294     
         130   47376.8379698155     
         135   54669.6201004691     
         140   62244.1438930034     
         145   70251.6309629693     
         150   78832.3667806673     
         155   88122.1577038770     
         160   98257.8031910819     
         165   109382.104900235     
         170   121649.108825461     
         175   135230.642642018     
         180   150326.422897627     
         185   167183.595399037     
         190   186138.978459799     
         195   207703.180935701     
         200   232690.129719954     
         205   262340.418319978     
         210   298322.811624914     
         215   342505.525221727     
         220   396504.884389632     
         225   461166.898020688     
         230   536196.245729111     
         235   620076.218321833     
         240   710286.005458074     
         245   803710.457033656     
         250   897099.399436226     
         255   987459.859178517     
         260   1072319.61008542     
         265   1149852.48370325     
         270   1218889.27291978     
         275   1278851.45796977     
         280   1329644.18195865     
         285   1371536.93386641     
         290   1405050.59590512     
         295   1430860.87601990     
         300   1449721.81495533     
         305   1462409.06124597     
         310   1469680.48222413     
         315   1472250.84600226     
         320   1470777.26085964     
         325   1465852.41912178     
         330   1458003.21637100     
         335   1447692.85951772     
         340   1435325.06542716     
         345   1421249.35628731     
         350   1405766.77470619     
         355   1389135.57912868     
         360   1371576.65193549     
         365   1353278.47257607     
         370   1334401.58897958     
         375   1315082.57282973     
         380   1295437.47639021     
         385   1275564.82672577     
         390   1255548.20200584     
         395   1235458.43741484     
         400   1215355.50733702     
         405   1195290.12751039     
         410   1175305.11679683     
         415   1155436.55376680     
         420   1135714.75885825     
         425   1116165.12868020     
         430   1096808.84521536     
         435   1077663.47928337     
         440   1058743.50466174     
         445   1040060.73670489     
         450   1021624.70711611     
         455   1003442.98467428     
         460   985521.450152255     
         465   967864.532349195     
         470   950475.411056459     
         475   933356.191853971     
         480   916508.056862653     
         485   899931.394933732     
         490   883625.914217114     
         495   867590.740478735     
         500   851827.227568070     
