         100   1812.74114063091     
         105   8922.57055990698     
         110   17321.1272968573     
         115   25368.7229187160     
         120   32932.1929392825     
         125   40195.6861554208     
         130   47376.1576301345     
         135   54668.5398971765     
         140   62242.4358557680     
         145   70248.9380335040     
         150   78828.1301921341     
         155   88115.5006969285     
         160   98247.3429471720     
         165   109365.642494221     
         170   121623.098093788     
         175   135189.197345429     
         180   150259.120207812     
         185   167069.670293398     
         190   185931.410096833     
         195   207290.174475041     
         200   231819.897529073     
         205   260507.780320400     
         210   294642.936853388     
         215   335623.243222108     
         220   384586.596970704     
         225   441994.237298224     
         230   507344.061888299     
         235   579132.336575756     
         240   655064.862363357     
         245   732423.423534347     
         250   808462.358470951     
         255   880735.553990015     
         260   947304.159738637     
         265   1006821.36260267     
         270   1058519.05843765     
         275   1102131.56190854     
         280   1137789.28163269     
         285   1165907.11929355     
         290   1187083.04457133     
         295   1202014.43728570     
         300   1211434.24857661     
         305   1216065.70825836     
         310   1216592.68427376     
         315   1213642.30881684     
         320   1207776.64544906     
         325   1199490.64196871     
         330   1189214.18084330     
         335   1177316.58400160     
         340   1164112.39664939     
         345   1149867.64867539     
         350   1134806.07574447     
         355   1119114.98811084     
         360   1102950.61898723     
         365   1086442.88076703     
         370   1069699.51916789     
         375   1052809.69257368     
         380   1035847.02422404     
         385   1018872.18412951     
         390   1001935.05974023     
         395   985076.572291064     
         400   968330.191294661     
         405   951723.194104930     
         410   935277.711615694     
         415   919011.595465007     
         420   902939.136846239     
         425   887071.662306929     
         430   871418.027783853     
         435   855985.028564837     
         440   840777.739843132     
         445   825799.799983521     
         450   811053.646491379     
         455   796540.712908096     
         460   782261.593394440     
         465   768216.180558789     
         470   754403.781097052     
         475   740823.212998968     
         480   727472.887410022     
         485   714350.877693525     
         490   701454.977791646     
         495   688782.751965691     
         500   676333.127469897     
