         100   1812.74114063091     
         105   8922.59360962460     
         110   17321.2490452386     
         115   25369.0044004080     
         120   32932.6948968706     
         125   40196.5090060595     
         130   47377.4717481090     
         135   54670.6210854763     
         140   62245.7197271292     
         145   70254.1068405301     
         150   78836.2515482028     
         155   88128.2499593229     
         160   98267.3635552088     
         165   109397.141652506     
         170   121672.867456063     
         175   135268.470832411     
         180   150387.189553492     
         185   167280.817831507     
         190   186285.303199920     
         195   207876.430663135     
         200   232726.491814866     
         205   261705.727863253     
         210   295760.334121614     
         215   335651.793211355     
         220   381637.684768017     
         225   433233.305139564     
         230   489164.374820219     
         235   547529.022807944     
         240   606099.429451945     
         245   662656.720717726     
         250   715268.775879961     
         255   762463.542092684     
         260   803292.903833516     
         265   837309.429983461     
         270   864488.489520965     
         275   885126.236307612     
         280   899736.112781838     
         285   908957.571917780     
         290   913483.237640374     
         295   914005.566469241     
         300   911181.099383880     
         305   905609.065130813     
         310   897820.828060901     
         315   888276.986909841     
         320   877369.494798368     
         325   865426.784620172     
         330   852720.443051371     
         335   839472.437544511     
         340   825862.256238961     
         345   812033.580819611     
         350   798100.293957367     
         355   784151.743973023     
         360   770257.265785529     
         365   756470.002114670     
         370   742830.092383314     
         375   729367.306238121     
         380   716103.199369034     
         385   703052.865000874     
         390   690226.347485097     
         395   677629.776399094     
         400   665266.271425077     
         405   653136.660584118     
         410   641240.047429391     
         415   629574.256672143     
         420   618136.182437400     
         425   606922.058877428     
         430   595927.669133171     
         435   585148.505538749     
         440   574579.891421668     
         445   564217.072777136     
         450   554055.286411941     
         455   544089.809794567     
         460   534315.996755700     
         465   524729.302308090     
         470   515325.299155949     
         475   506099.687907818     
         480   497048.302565341     
         485   488167.112510839     
         490   479452.221940615     
         495   470899.867470070     
         500   462505.963804911     
