         100   1812.74114063091     
         102   4254.90712160634     
         104   7290.15178841783     
         106   10592.2889508904     
         108   13969.0848389931     
         110   17321.2217896316     
         112   20603.7825985753     
         114   23801.7652427098     
         116   26916.0112136003     
         118   29955.3953276676     
         120   32932.5581940851     
         122   35861.6067459283     
         124   38756.9037211645     
         126   41632.4593057406     
         128   44501.6548023648     
         130   47377.1476280025     
         132   50270.8731902028     
         134   53194.0962557348     
         136   56157.4853412300     
         138   59171.1955438580     
         140   62244.9520177704     
         142   65388.1301810637     
         144   68609.8309465029     
         146   71918.9505146210     
         148   75324.2449586484     
         150   78834.3902053929     
         152   82458.0382152917     
         154   86203.8702725658     
         156   90080.6483645309     
         158   94097.2656914710     
         160   98262.7974301374     
         162   102586.552998146     
         164   107078.131261742     
         166   111747.480438599     
         168   116604.964941958     
         170   121661.442210132     
         172   126928.353844014     
         174   132417.837361194     
         176   138142.867770794     
         178   144117.441984469     
         180   150356.823342428     
         182   156877.867014881     
         184   163699.447580011     
         186   170843.004813169     
         188   178333.209815900     
         190   186198.729470139     
         192   194473.033762264     
         194   203195.152099591     
         196   212410.248871077     
         198   222169.864553631     
         200   232531.665501555     
         202   243558.568934520     
         204   255317.160194731     
         206   267875.391875354     
         208   281299.638728165     
         210   295651.265269850     
         212   310982.931579737     
         214   327334.906370170     
         216   344731.668961737     
         218   363179.062515180     
         220   382662.213844490     
         222   403144.368065013     
         224   424566.708819552     
         226   446849.156624720     
         228   469892.067440069     
         230   493578.697087668     
         232   517778.258194828     
         234   542349.375881210     
         236   567143.745297425     
         238   592009.805640284     
         240   616796.267833782     
         242   641355.362806653     
         244   665545.710541793     
         246   689234.743662506     
         248   712300.650792953     
         250   734633.832570638     
         252   756137.885990686     
         254   776730.150326664     
         256   796341.860281160     
         258   814917.959693680     
         260   832416.632711353     
         262   848808.609553744     
         264   864076.301643680     
         266   878212.816659170     
         268   891220.898637076     
         270   903111.832177065     
         272   913904.343497686     
         274   923623.524923245     
         276   932299.803573743     
         278   939967.969750675     
         280   946666.275851135     
         282   952435.612639736     
         284   957318.766359878     
         286   961359.757441817     
         288   964603.259414310     
         290   967094.094988117     
         292   968876.805086736     
         294   969995.285785553     
         296   970492.487620967     
         298   970410.171486503     
         300   969788.715290107     
         302   968666.965659047     
         304   967082.129205764     
         306   965069.698176180     
         308   962663.405663438     
         310   959895.205962470     
         312   956795.276046614     
         314   953392.034552850     
         316   949712.175057319     
         318   945780.710799904     
         320   941621.028371175     
         322   937254.948203585     
         324   932702.790009912     
         326   927983.441585118     
         328   923114.429633229     
         330   918111.991499722     
         332   912991.146883380     
         334   907765.768771504     
         336   902448.652990494     
         338   897051.585891999     
         340   891585.409805089     
         342   886060.085978930     
         344   880484.754820161     
         346   874867.793296092     
         348   869216.869430656     
         350   863538.993866036     
         352   857840.568500400     
         354   852127.432242418     
         356   846404.903947091     
         358   840677.822616042     
         360   834950.584959339     
         362   829227.180426173     
         364   823511.223818603     
         366   817805.985606934     
         368   812114.420067371     
         370   806439.191362966     
         372   800782.697687707     
         374   795147.093591431     
         376   789534.310600039     
         378   783946.076241766     
         380   778383.931585893     
         382   772849.247395698     
         384   767343.238992558     
         386   761866.979923113     
         388   756421.414516415     
         390   751007.369412938     
         392   745625.564142437     
         394   740276.620822831     
         396   734961.073047617     
         398   729679.374024873     
         400   724431.904026597     
         402   719218.977203039     
         404   714040.847812826     
         406   708897.715915982     
         408   703789.732573495     
         410   698717.004593836     
         412   693679.598863765     
         414   688677.546297904     
         416   683710.845438906     
         418   678779.465737538     
         420   673883.350539687     
         422   669022.419805155     
         424   664196.572581105     
         426   659405.689251155     
         428   654649.633579453     
         430   649928.254567405     
         432   645241.388139345     
         434   640588.858672030     
         436   635970.480381628     
         438   631386.058580700     
         440   626835.390816649     
         442   622318.267902109     
         444   617834.474846871     
         446   613383.791700123     
         448   608965.994311024     
         450   604580.855014939     
         452   600228.143252039     
         454   595907.626124374     
         456   591619.068897010     
         458   587362.235448323     
         460   583136.888674104     
         462   578942.790849711     
         464   574779.703954140     
         466   570647.389959545     
         468   566545.611089413     
         470   562474.130048328     
         472   558432.710225989     
         474   554421.115877916     
         476   550439.112285051     
         478   546486.465894260     
         480   542562.944441585     
         482   538668.317059898     
         484   534802.354372475     
         486   530964.828573864     
         488   527155.513499313     
         490   523374.184683873     
         492   519620.619412225     
         494   515894.596760166     
         496   512195.897628606     
         498   508524.304788354     
         500   504879.677454568     
