         100   1812.74114063091     
         101   2933.81621824818     
         102   4254.90742452881     
         103   5722.23523036772     
         104   7290.15240501111     
         105   8922.59737187564     
         106   10592.2894632460     
         107   12279.2167835615     
         108   13969.0847062788     
         109   15651.9677113549     
         110   17321.2206316931     
         111   18972.6321193449     
         112   20603.7802485580     
         113   22213.5480050890     
         114   23801.7616805729     
         115   25368.9222515546     
         116   26916.0064827951     
         117   28444.3200623291     
         118   29955.3894733559     
         119   31450.8826778879     
         120   32932.5512262478     
         121   34402.1883019941     
         122   35861.5986200323     
         123   37312.5771397132     
         124   38756.8943286106     
         125   40196.2862868460     
         126   41632.4484685213     
         127   43067.0320545693     
         128   44501.6422684924     
         129   45937.8381038904     
         130   47377.1330657259     
         131   48820.9966272584     
         132   50270.8561798703     
         133   51728.0993097856     
         134   53194.0762785789     
         135   54670.1026167914     
         136   56157.4617645011     
         137   57657.4077112470     
         138   59171.1676017320     
         139   60699.9442843235     
         140   62244.9187873483     
         141   63807.2527141802     
         142   65388.0905526088     
         143   66988.5618973226     
         144   68609.7835868227     
         145   70252.8617579061     
         146   71918.8938221945     
         147   73608.9703701482     
         148   75324.1770087117     
         149   77065.5961392341     
         150   78834.3086826912     
         151   80631.3957595110     
         152   82457.9403315413     
         153   84315.0288139145     
         154   86203.7526647774     
         155   88125.2099611044     
         156   90080.5069691036     
         157   92070.7597180912     
         158   94097.0955871602     
         159   96160.6549145372     
         160   98262.5926402348     
         161   100404.079993495     
         162   102586.306237641     
         163   104810.480486354     
         164   107077.833607178     
         165   109389.620230282     
         166   111747.120883385     
         167   114151.644277342     
         168   116604.529771506     
         169   119107.150053733     
         170   121660.914077098     
         171   124267.270304238     
         172   126927.710320820     
         173   129643.772892080     
         174   132417.048550473     
         175   135249.184817745     
         176   138141.892180496     
         177   141096.950953181     
         178   144116.219174900     
         179   147201.641694013     
         180   150355.260594923     
         181   153579.227111562     
         182   156875.815148961     
         183   160247.436495222     
         184   163696.657748762     
         185   167226.218908581     
         186   170839.053478227     
         187   174538.309818457     
         188   178327.373352281     
         189   182209.889083962     
         190   186189.783747046     
         191   190271.286753611     
         192   194458.948986490     
         193   198757.658367777     
         194   203172.651059633     
         195   207709.517115804     
         196   212374.199411117     
         197   217172.984736515     
         198   222112.486060990     
         199   227199.615128596     
         200   232441.544774890     
         201   237845.660606306     
         202   243419.501979101     
         203   249170.692530559     
         204   255106.860841765     
         205   261235.552135012     
         206   267564.132216740     
         207   274099.685156085     
         208   280848.906428556     
         209   287817.993444560     
         210   295012.535516484     
         211   302437.405391268     
         212   310096.654485938     
         213   317993.413912197     
         214   326129.803266038     
         215   334506.848994668     
         216   343124.413943041     
         217   351981.139434219     
         218   361074.400961074     
         219   370400.278271146     
         220   379953.540321615     
         221   389727.645276621     
         222   399714.755423333     
         223   409905.766603880     
         224   420290.351504032     
         225   430857.015911703     
         226   441593.166862755     
         227   452485.191430906     
         228   463518.544794011     
         229   474677.846120789     
         230   485946.980769281     
         231   497309.207269085     
         232   508747.267571326     
         233   520243.499090031     
         234   531779.947122914     
         235   543338.476324430     
         236   554900.880005788     
         237   566448.986151376     
         238   577964.759165166     
         239   589430.396490572     
         240   600828.419379761     
         241   612141.757220697     
         242   623353.824959629     
         243   634448.593281289     
         244   645410.651326893     
         245   656225.261839731     
         246   666878.408728720     
         247   677356.837130969     
         248   687648.086134779     
         249   697740.514394407     
         250   707623.318927430     
         251   717286.547434876     
         252   726721.104523906     
         253   735918.752243242     
         254   744872.105363420     
         255   753574.621847928     
         256   762020.588968244     
         257   770205.105516361     
         258   778124.060563450     
         259   785774.109203535     
         260   793152.645707311     
         261   800257.774494021     
         262   807088.279309519     
         263   813643.590976676     
         264   819923.754060814     
         265   825929.392768378     
         266   831661.676371921     
         267   837122.284429215     
         268   842313.372039134     
         269   847237.535352246     
         270   851897.777529990     
         271   856297.475323142     
         272   860440.346418127     
         273   864330.417678721     
         274   867971.994390935     
         275   871369.630600399     
         276   874528.100614436     
         277   877452.371725234     
         278   880147.578196048     
         279   882618.996539275     
         280   884872.022103349     
         281   886912.146974822     
         282   888744.939192550     
         283   890376.023262593     
         284   891811.061955198     
         285   893055.739358968     
         286   894115.745161975     
         287   894996.760125117     
         288   895704.442709284     
         289   896244.416814948     
         290   896622.260590442     
         291   896843.496263456     
         292   896913.580949052     
         293   896837.898386775     
         294   896621.751559090     
         295   896270.356143412     
         296   895788.834750375     
         297   895182.211901580     
         298   894455.409700970     
         299   893613.244155011     
         300   892660.422098114     
         301   891601.538681092     
         302   890441.075381897     
         303   889183.398499496     
         304   887832.758093286     
         305   886393.287332184     
         306   884869.002219141     
         307   883263.801658597     
         308   881581.467836009     
         309   879825.666880320     
         310   877999.949781856     
         311   876107.753539766     
         312   874152.402514695     
         313   872137.109963935     
         314   870064.979737745     
         315   867939.008117018     
         316   865762.085773792     
         317   863536.999837481     
         318   861266.436050915     
         319   858952.981001517     
         320   856599.124414070     
         321   854207.261492622     
         322   851779.695300098     
         323   849318.639165174     
         324   846826.219106850     
         325   844304.476268070     
         326   841755.369350488     
         327   839180.777043285     
         328   836582.500439624     
         329   833962.265434985     
         330   831321.725102262     
         331   828662.462039065     
         332   825985.990683182     
         333   823293.759592689     
         334   820587.153687608     
         335   817867.496450470     
         336   815136.052083512     
         337   812394.027620571     
         338   809642.574992123     
         339   806882.793042142     
         340   804115.729495792     
         341   801342.382877164     
         342   798563.704376537     
         343   795780.599666813     
         344   792993.930668985     
         345   790204.517266658     
         346   787413.138969786     
         347   784620.536527928     
         348   781827.413493457     
         349   779034.437735228     
         350   776242.242903361     
         351   773451.429845805     
         352   770662.567977493     
         353   767876.196602907     
         354   765092.826192949     
         355   762312.939617053     
         356   759536.993331512     
         357   756765.418525022     
         358   753998.622222469     
         359   751236.988348008     
         360   748480.878748480     
         361   745730.634178261     
         362   742986.575246580     
         363   740249.003328406     
         364   737518.201439965     
         365   734794.435079941     
         366   732077.953037438     
         367   729368.988167723     
         368   726667.758136810     
         369   723974.466135876     
         370   721289.301566529     
         371   718612.440697910     
         372   715944.047296584     
         373   713284.273230180     
         374   710633.259045696     
         375   707991.134523379     
         376   705358.019207054     
         377   702734.022911782     
         378   700119.246209657     
         379   697513.780894589     
         380   694917.710426842     
         381   692331.110358110     
         382   689754.048737875     
         383   687186.586501776     
         384   684628.777842687     
         385   682080.670565191     
         386   679542.306424109     
         387   677013.721447712     
         388   674494.946246251     
         389   671986.006306384     
         390   669486.922272088     
         391   666997.710212599     
         392   664518.381877929     
         393   662048.944942476     
         394   659589.403237211     
         395   657139.756970941     
         396   654700.002941098     
         397   652270.134734507     
         398   649850.142918555     
         399   647440.015223184     
         400   645039.736714088     
         401   642649.289957512     
         402   640268.655177016     
         403   637897.810402544     
         404   635536.731612152     
         405   633185.392866716     
         406   630843.766437919     
         407   628511.822929841     
         408   626189.531394412     
         409   623876.859441028     
         410   621573.773340574     
         411   619280.238124121     
         412   616996.217676535     
         413   614721.674825227     
         414   612456.571424279     
         415   610200.868434143     
         416   607954.525997128     
         417   605717.503508875     
         418   603489.759685991     
         419   601271.252630042     
         420   599061.939888059     
         421   596861.778509735     
         422   594670.725101456     
         423   592488.735877335     
         424   590315.766707372     
         425   588151.773162894     
         426   585996.710559395     
         427   583850.533996915     
         428   581713.198398056     
         429   579584.658543774     
         430   577464.869107044     
         431   575353.784684499     
         432   573251.359826149     
         433   571157.549063281     
         434   569072.306934613     
         435   566995.588010814     
         436   564927.346917442     
         437   562867.538356415     
         438   560816.117126053     
         439   558773.038139797     
         440   556738.256443648     
         441   554711.727232406     
         442   552693.405864767     
         443   550683.247877339     
         444   548681.208997626     
         445   546687.245156046     
         446   544701.312497030     
         447   542723.367389247     
         448   540753.366435001     
         449   538791.266478857     
         450   536837.024615524     
         451   534890.598197038     
         452   532951.944839298     
         453   531021.022427961     
         454   529097.789123770     
         455   527182.203367315     
         456   525274.223883273     
         457   523373.809684159     
         458   521480.920073609     
         459   519595.514649227     
         460   517717.553305023     
         461   515846.996233455     
         462   513983.803927124     
         463   512127.937180106     
         464   510279.357088979     
         465   508438.025053545     
         466   506603.902777265     
         467   504776.952267437     
         468   502957.135835122     
         469   501144.416094841     
         470   499338.755964056     
         471   497540.118662448     
         472   495748.467711014     
         473   493963.766930980     
         474   492185.980442561     
         475   490415.072663566     
         476   488651.008307863     
         477   486893.752383720     
         478   485143.270192021     
         479   483399.527324380     
         480   481662.489661146     
         481   479932.123369325     
         482   478208.394900411     
         483   476491.270988142     
         484   474780.718646189     
         485   473076.705165778     
         486   471379.198113259     
         487   469688.165327624     
         488   468003.574917977     
         489   466325.395260968     
         490   464653.594998186     
         491   462988.143033534     
         492   461329.008530561     
         493   459676.160909792     
         494   458029.569846020     
         495   456389.205265601     
         496   454755.037343730     
         497   453127.036501709     
         498   451505.173404214     
         499   449889.418953980     
         500   448279.675757021     
