         100   1812.74114063091     
         105   8922.41720475947     
         110   17320.3498527402     
         115   25366.9436611125     
         120   32929.0338962543     
         125   40190.5218484061     
         130   47367.9292270601     
         135   54655.5377245839     
         140   62221.9671755571     
         145   70216.8002613803     
         150   78777.7780498268     
         155   88036.7313192457     
         160   98124.2130759823     
         165   109173.143737936     
         170   121321.776379988     
         175   134716.219657580     
         180   149512.689889861     
         185   165879.613693797     
         190   183999.666870799     
         195   204071.809820034     
         200   226313.360751288     
         205   250962.132236623     
         210   278278.641460182     
         215   308548.387286298     
         220   342084.165146216     
         225   379228.360549103     
         230   420355.120297372     
         235   465872.242048391     
         240   516222.528944266     
         245   571884.214957077     
         250   633370.289055274     
         255   701228.794142697     
         260   776049.604587200     
         265   858468.764582689     
         270   949096.287874654     
         275   1048234.51295002     
         280   1155466.02903215     
         285   1269868.28100041     
         290   1392166.52978419     
         295   1529241.34409147     
         300   1698846.16147837     
         305   1930515.68312423     
         310   2260124.49301960     
         315   2719677.84017967     
         320   3327063.86040223     
         325   4080234.25285297     
         330   4957463.91078606     
         335   5922425.86824423     
         340   6931425.47913745     
         345   7940331.36200363     
         350   8909739.69091199     
         355   9807945.54738740     
         360   10611984.8889755     
         365   11307306.9875778     
         370   11886656.2891182     
         375   12348624.6943664     
         380   12696181.8636794     
         385   12935356.0565014     
         390   13074139.9203444     
         395   13121634.0279195     
         400   13087407.6876929     
         405   12981042.3198298     
         410   12811819.7809819     
         415   12588520.9843156     
         420   12319305.5546799     
         425   12011649.1262428     
         430   11672320.2479972     
         435   11307383.3051241     
         440   10922217.2878808     
         445   10521542.6620693     
         450   10109450.0274366     
         455   9689424.58185769     
         460   9264359.25167612     
         465   8836545.76363241     
         470   8407624.91269487     
         475   7978460.74968890     
         480   7548870.37579487     
         485   7117076.19839797     
         490   6678622.47040395     
         495   6224284.28851874     
         500   5732623.11724292     
