         100   1812.74114063091     
         101   2933.81444897352     
         102   4254.90221259742     
         103   5722.22319330432     
         104   7290.12908003095     
         105   8922.55763437269     
         106   10592.2279752155     
         107   12279.1283472891     
         108   13968.9644782512     
         109   15651.8112847733     
         110   17321.0240194442     
         111   18972.3916729421     
         112   20603.4925427994     
         113   22213.2097096975     
         114   23801.3694322012     
         115   25368.4725334371     
         116   26915.4955151054     
         117   28443.7437036362     
         118   29954.7431320402     
         119   31450.1612316117     
         120   32931.7489472832     
         121   34401.2987861942     
         122   35860.6147173585     
         123   37311.4908844139     
         124   38755.6968673417     
         125   40194.9678032022     
         126   41630.9981025924     
         127   43065.4378162508     
         128   44499.8909433573     
         129   45935.9151504741     
         130   47375.0225030904     
         131   48818.6809116907     
         132   50268.3160695306     
         133   51725.3137160635     
         134   53191.0221028323     
         135   54666.7545710436     
         136   56153.7921745504     
         137   57653.3863005032     
         138   59166.7612539334     
         139   60695.1167831069     
         140   62239.6305304403     
         141   63801.4603997497     
         142   65381.7468350624     
         143   66981.6150095421     
         144   68602.1769255222     
         145   70244.5334284290     
         146   71909.7761386735     
         147   73598.9893065013     
         148   75313.2515954469     
         149   77053.6378004719     
         150   78821.2205071756     
         151   80617.0716986633     
         152   82442.2643168016     
         153   84297.8737846859     
         154   86184.9794972451     
         155   88104.6662869962     
         156   90058.0258720832     
         157   92046.1582938875     
         158   94070.1733516960     
         159   96131.1920421808     
         160   98230.3480117811     
         161   100368.789030511     
         162   102547.678496262     
         163   104768.196979344     
         164   107031.543817854     
         165   109338.938775496     
         166   111691.623774805     
         167   114090.864720309     
         168   116537.953428257     
         169   119034.209682076     
         170   121580.983436047     
         171   124179.657193835     
         172   126831.648593841     
         173   129538.413240083     
         174   132301.447825759     
         175   135122.293607086     
         176   138002.540297744     
         177   140943.830469250     
         178   143947.864559899     
         179   147016.406614064     
         180   150151.290893762     
         181   153354.429524320     
         182   156627.821353627     
         183   159973.562217549     
         184   163393.856809457     
         185   166891.032346194     
         186   170467.554202483     
         187   174126.043647342     
         188   177869.297756557     
         189   181700.311492485     
         190   185622.301835807     
         191   189638.733724082     
         192   193753.347402039     
         193   197970.186623314     
         194   202293.626969849     
         195   206728.403382012     
         196   211279.635829951     
         197   215952.851915433     
         198   220754.005084540     
         199   225689.487065232     
         200   230766.133128632     
         201   235991.218815556     
         202   241372.446873891     
         203   246917.923318535     
         204   252636.121750918     
         205   258535.835353356     
         206   264626.116295587     
         207   270916.202644968     
         208   277415.433244258     
         209   284133.151396948     
         210   291078.598564529     
         211   298260.799618193     
         212   305688.441485896     
         213   313369.747282871     
         214   321312.348200458     
         215   329523.155548135     
         216   338008.235393482     
         217   346772.688223987     
         218   355820.535965494     
         219   365154.618539511     
         220   374776.501932693     
         221   384686.399495227     
         222   394883.107890629     
         223   405363.958798227     
         224   416124.787132331     
         225   427159.916199334     
         226   438462.159875963     
         227   450022.841567528     
         228   461831.829402420     
         229   473877.586844744     
         230   486147.237665954     
         231   498626.644012467     
         232   511300.496141482     
         233   524152.412272703     
         234   537165.046918817     
         235   550320.206011047     
         236   563598.967125631     
         237   576981.803139436     
         238   590448.707694725     
         239   603979.320930279     
         240   617553.054034507     
         241   631149.211291744     
         242   644747.108421393     
         243   658326.186147068     
         244   671866.118075683     
         245   685346.912111203     
         246   698749.004771462     
         247   712053.347916565     
         248   725241.487531561     
         249   738295.634332768     
         250   751198.726084637     
         251   763934.481621613     
         252   776487.446666187     
         253   788843.031619981     
         254   800987.541579040     
         255   812908.198887756     
         256   824593.158598212     
         257   836031.517243780     
         258   847213.315368062     
         259   858129.534273479     
         260   868772.087468724     
         261   879133.807301687     
         262   889208.427265171     
         263   898990.560457618     
         264   908475.674670837     
         265   917660.064562247     
         266   926540.821351172     
         267   935115.800457776     
         268   943383.587480214     
         269   951343.462880751     
         270   958995.365725841     
         271   966339.856798586     
         272   973378.081375321     
         273   980111.731931427     
         274   986543.011015316     
         275   992674.594503977     
         276   998509.595428920     
         277   1004051.52853771     
         278   1009304.27573397     
         279   1014272.05251758     
         280   1018959.37552706     
         281   1023371.03126781     
         282   1027512.04609272     
         283   1031387.65748637     
         284   1035003.28668958     
         285   1038364.51268837     
         286   1041477.04757977     
         287   1044346.71331658     
         288   1046979.41982408     
         289   1049381.14447380     
         290   1051557.91289206     
         291   1053515.78107570     
         292   1055260.81878156     
         293   1056799.09415268     
         294   1058136.65954035     
         295   1059279.53847831     
         296   1060233.71376370     
         297   1061005.11659714     
         298   1061599.61673384     
         299   1062023.01359664     
         300   1062281.02830194     
         301   1062379.29654932     
         302   1062323.36232646     
         303   1062118.67238144     
         304   1061770.57141540     
         305   1061284.29794994     
         306   1060664.98082462     
         307   1059917.63628153     
         308   1059047.16559535     
         309   1058058.35320884     
         310   1056955.86533556     
         311   1055744.24899298     
         312   1054427.93143116     
         313   1053011.21992379     
         314   1051498.30188987     
         315   1049893.24531641     
         316   1048199.99945388     
         317   1046422.39575781     
         318   1044564.14905167     
         319   1042628.85888768     
         320   1040620.01108346     
         321   1038540.97941421     
         322   1036395.02744134     
         323   1034185.31045977     
         324   1031914.87754734     
         325   1029586.67370136     
         326   1027203.54204785     
         327   1024768.22611078     
         328   1022283.37212918     
         329   1019751.53141118     
         330   1017175.16271501     
         331   1014556.63464772     
         332   1011898.22807323     
         333   1009202.13852236     
         334   1006470.47859762     
         335   1003705.28036700     
         336   1000908.49774080     
         337   998082.008826955     
         338   995227.618260020     
         339   992347.059500278     
         340   989441.997099287     
         341   986514.028928972     
         342   983564.688371635     
         343   980595.446468658     
         344   977607.714025992     
         345   974602.843674880     
         346   971582.131886492     
         347   968546.820939474     
         348   965498.100839592     
         349   962437.111190920     
         350   959364.943018186     
         351   956282.640540073     
         352   953191.202893462     
         353   950091.585808705     
         354   946984.703236176     
         355   943871.428924465     
         356   940752.597950669     
         357   937629.008203324     
         358   934501.421818626     
         359   931370.566570638     
         360   928237.137216245     
         361   925101.796795675     
         362   921965.177889452     
         363   918827.883832675     
         364   915690.489887564     
         365   912553.544375205     
         366   909417.569767508     
         367   906283.063740327     
         368   903150.500188772     
         369   900020.330205706     
         370   896892.983024438     
         371   893768.866926625     
         372   890648.370116384     
         373   887531.861561608     
         374   884419.691803494     
         375   881312.193735232     
         376   878209.683350861     
         377   875112.460465204     
         378   872020.809405854     
         379   868934.999678112     
         380   865855.286603792     
         381   862781.911934760     
         382   859715.104442107     
         383   856655.080481764     
         384   853602.044537409     
         385   850556.189741471     
         386   847517.698375007     
         387   844486.742347223     
         388   841463.483655378     
         389   838448.074825802     
         390   835440.659336719     
         391   832441.372023570     
         392   829450.339467477     
         393   826467.680367509     
         394   823493.505897358     
         395   820527.920047030     
         396   817571.019950123     
         397   814622.896197273     
         398   811683.633136285     
         399   808753.309159506     
         400   805831.996978904     
         401   802919.763889391     
         402   800016.672020819     
         403   797122.778579130     
         404   794238.136077089     
         405   791362.792555027     
         406   788496.791791992     
         407   785640.173507715     
         408   782792.973555760     
         409   779955.224108214     
         410   777126.953832290     
         411   774308.188059151     
         412   771498.948945302     
         413   768699.255626849     
         414   765909.124366927     
         415   763128.568696586     
         416   760357.599549407     
         417   757596.225390121     
         418   754844.452337477     
         419   752102.284281607     
         420   749369.722996129     
         421   746646.768245206     
         422   743933.417885771     
         423   741229.667965146     
         424   738535.512814240     
         425   735850.945136506     
         426   733175.956092871     
         427   730510.535382786     
         428   727854.671321573     
         429   725208.350914240     
         430   722571.559925904     
         431   719944.282948985     
         432   717326.503467287     
         433   714718.203917147     
         434   712119.365745727     
         435   709529.969466621     
         436   706949.994712872     
         437   704379.420287512     
         438   701818.224211749     
         439   699266.383770895     
         440   696723.875558138     
         441   694190.675516256     
         442   691666.758977358     
         443   689152.100700752     
         444   686646.674909014     
         445   684150.455322339     
         446   681663.415191260     
         447   679185.527327799     
         448   676716.764135120     
         449   674257.097635767     
         450   671806.499498524     
         451   669364.941063991     
         452   666932.393368903     
         453   664508.827169280     
         454   662094.212962427     
         455   659688.521007874     
         456   657291.721347267     
         457   654903.783823290     
         458   652524.678097644     
         459   650154.373668120     
         460   647792.839884836     
         461   645440.045965647     
         462   643095.961010778     
         463   640760.554016718     
         464   638433.793889407     
         465   636115.649456745     
         466   633806.089480461     
         467   631505.082667363     
         468   629212.597680009     
         469   626928.603146818     
         470   624653.067671644     
         471   622385.959842851     
         472   620127.248241900     
         473   617876.901451471     
         474   615634.888063162     
         475   613401.176684747     
         476   611175.735947052     
         477   608958.534510444     
         478   606749.541070961     
         479   604548.724366095     
         480   602356.053180250     
         481   600171.496349882     
         482   597995.022768341     
         483   595826.601390445     
         484   593666.201236752     
         485   591513.791397613     
         486   589369.341036949     
         487   587232.819395813     
         488   585104.195795724     
         489   582983.439641792     
         490   580870.520425641     
         491   578765.407728140     
         492   576668.071221957     
         493   574578.480673938     
         494   572496.605947317     
         495   570422.417003776     
         496   568355.883905362     
         497   566296.976816245     
         498   564245.666004426     
         499   562201.921897599     
         500   560165.774710095     
