         100   1812.74114063091     
         102   4254.90617868017     
         104   7290.14745495907     
         106   10592.2773979194     
         108   13969.0621214012     
         110   17321.1845236992     
         112   20603.7279703862     
         114   23801.6906893459     
         116   26915.9140418515     
         118   29955.2723778602     
         120   32932.4055651809     
         122   35861.4195632856     
         124   38756.6759212072     
         126   41632.1834142581     
         128   44501.3216873351     
         130   47376.7462109874     
         132   50270.3901019278     
         134   53193.5154215482     
         136   56156.7874809690     
         138   59170.3575684114     
         140   62243.9463013848     
         142   65386.9236841612     
         144   68608.3841583217     
         146   71917.2161781334     
         148   75322.1665315963     
         150   78831.9000004299     
         152   82455.0551484486     
         154   86200.2971316216     
         156   90076.3684860087     
         158   94092.1389049077     
         160   98256.6550879414     
         162   102579.191853864     
         164   107069.305880704     
         166   111736.893708659     
         168   116592.256075061     
         170   121646.171352308     
         172   126909.981997861     
         174   132395.699737153     
         176   138116.137946728     
         178   144085.083534662     
         180   150317.525309185     
         182   156829.960463322     
         184   163640.803490203     
         186   170770.919740974     
         188   178244.295699576     
         190   186088.837328205     
         192   194337.256103638     
         194   203027.962508916     
         196   212205.845345267     
         198   221922.781663586     
         200   232237.706463711     
         202   243216.081604822     
         204   254928.643066109     
         206   267449.372221464     
         208   280852.721677237     
         210   295210.216782753     
         212   310586.635969092     
         214   327036.033866947     
         216   344597.901853537     
         218   363293.757707196     
         220   383124.421255722     
         222   404068.172643249     
         224   426079.913351792     
         226   449091.367674892     
         228   473012.283576885     
         230   497732.524504956     
         232   523124.892880201     
         234   549048.494057790     
         236   575352.436420127     
         238   601879.666930105     
         240   628470.758643914     
         242   654967.493481248     
         244   681216.116046514     
         246   707070.168928434     
         248   732392.853745479     
         250   757058.893066185     
         252   780955.894784564     
         254   803985.241821081     
         256   826062.545961555     
         258   847117.715478835     
         260   867094.692435083     
         262   885950.917935471     
         264   903656.582867091     
         266   920193.718575048     
         268   935555.177209211     
         270   949743.545739046     
         272   962770.031395543     
         274   974653.349965587     
         276   985418.642241054     
         278   995096.438226432     
         280   1003721.68357176     
         282   1011332.83819555     
         284   1017971.05321968     
         286   1023679.42914268     
         288   1028502.35559236     
         290   1032484.93096901     
         292   1035672.45875439     
         294   1038110.01615208     
         296   1039842.08997669     
         298   1040912.27425983     
         300   1041363.02383215     
         302   1041235.45812307     
         304   1040569.20954643     
         306   1039402.31107521     
         308   1037771.11791793     
         310   1035710.25856819     
         312   1033252.61088566     
         314   1030429.29926461     
         316   1027269.70934299     
         318   1023801.51709034     
         320   1020050.72948087     
         322   1016041.73430338     
         324   1011797.35697990     
         326   1007338.92255820     
         328   1002686.32130973     
         330   997858.076603887     
         332   992871.413943158     
         334   987742.330232900     
         336   982485.662525685     
         338   977115.155625469     
         340   971643.528062659     
         342   966082.536059688     
         344   960443.035199485     
         346   954735.039588056     
         348   948967.778368853     
         350   943149.749502196     
         352   937288.770768986     
         354   931392.027995776     
         356   925466.120528742     
         358   919517.104008579     
         360   913550.530517404     
         362   907571.486183414     
         364   901584.626339875     
         366   895594.208342655     
         368   889604.122155545     
         370   883617.918815379     
         372   877638.836890011     
         374   871669.827041713     
         376   865713.574806998     
         378   859772.521701300     
         380   853848.884753747     
         382   847944.674573472     
         384   842061.712044794     
         386   836201.643744182     
         388   830365.956167364     
         390   824555.988850340     
         392   818772.946463372     
         394   813017.909952507     
         396   807291.846798632     
         398   801595.620459730     
         400   795929.999057758     
         402   790295.663367537     
         404   784693.214161126     
         406   779123.178957500     
         408   773586.018223827     
         410   768082.131071325     
         412   762611.860485584     
         414   757175.498128273     
         416   751773.288744435     
         418   746405.434206958     
         420   741072.097227448     
         422   735773.404760456     
         424   730509.451125934     
         426   725280.300872856     
         428   720085.991405138     
         430   714926.535389305     
         432   709801.922961829     
         434   704712.123752606     
         436   699657.088739729     
         438   694636.751949489     
         440   689651.032014392     
         442   684699.833600968     
         444   679783.048718141     
         446   674900.557916104     
         448   670052.231384770     
         450   665237.929960157     
         452   660457.506046362     
         454   655710.804460159     
         456   650997.663204640     
         458   646317.914177829     
         460   641671.383821665     
         462   637057.893716335     
         464   632477.261124492     
         466   627929.299489540     
         468   623413.818891793     
         470   618930.626466040     
         472   614479.526783684     
         474   610060.322202431     
         476   605672.813186210     
         478   601316.798597793     
         480   596992.075966378     
         482   592698.441732216     
         484   588435.691470173     
         486   584203.620093971     
         488   580002.022042709     
         490   575830.691451117     
         492   571689.422304895     
         494   567578.008582355     
         496   563496.244383520     
         498   559443.924103814     
         500   555421.015328311     
