         100   1812.74114063091     
         101   2933.80730267427     
         102   4254.88292594633     
         103   5722.18070492268     
         104   7290.04899034515     
         105   8922.42353578914     
         106   10592.0228587267     
         107   12278.8357021282     
         108   13968.5689492598     
         109   15651.2989174727     
         110   17320.3821945782     
         111   18971.6088425304     
         112   20602.5578609822     
         113   22212.1126247465     
         114   23800.0992812607     
         115   25367.0181624405     
         116   26913.8449331304     
         117   28441.8837726732     
         118   29952.6592884141     
         119   31447.8372329478     
         120   32929.1666380373     
         121   34398.4378747526     
         122   35857.4525581305     
         123   37308.0022589391     
         124   38751.8537590597     
         125   40190.7391611004     
         126   41626.3495894249     
         127   43060.3315373855     
         128   44494.2851525656     
         129   45929.7639291307     
         130   47368.2754093118     
         131   48811.2825959177     
         132   50260.2058529597     
         133   51716.4251281689     
         134   53181.2823739912     
         135   54656.0840759918     
         136   56142.1038220541     
         137   57640.5848642365     
         138   59152.7426391020     
         139   60679.7672228480     
         140   62222.8257054630     
         141   63783.0644740491     
         142   65361.6113998408     
         143   66959.5779266984     
         144   68578.0610612125     
         145   70218.1452662610     
         146   71880.9042610470     
         147   73567.4027314598     
         148   75278.6979551219     
         149   77015.8413457927     
         150   78779.8799219494     
         151   80571.8577043942     
         152   82392.8170476855     
         153   84243.7999100774     
         154   86125.8490664994     
         155   88040.0092689268     
         156   89987.3283582976     
         157   91968.8583319320     
         158   93985.6563702012     
         159   96038.7858259955     
         160   98129.3171803456     
         161   100258.328967363     
         162   102426.908671489     
         163   104636.153599880     
         164   106887.171732596     
         165   109181.082553122     
         166   111519.017861613     
         167   113902.122573153     
         168   116331.555503188     
         169   118808.490142213     
         170   121334.115421707     
         171   123909.636473230     
         172   126536.275382539     
         173   129215.271940543     
         174   131947.884392835     
         175   134735.390189557     
         176   137579.086737317     
         177   140480.292154839     
         178   143440.346034087     
         179   146460.610208553     
         180   149542.469530483     
         181   152687.332658796     
         182   155896.632859539     
         183   159171.828820760     
         184   162514.405483758     
         185   165925.874892760     
         186   169407.777065171     
         187   172961.680884672     
         188   176589.185019561     
         189   180291.918868904     
         190   184071.543539218     
         191   187929.752854639     
         192   191868.274403704     
         193   195888.870626178     
         194   199993.339943601     
         195   204183.517937552     
         196   208461.278580002     
         197   212828.535520491     
         198   217287.243435324     
         199   221839.399444483     
         200   226487.044602489     
         201   231232.265470068     
         202   236077.195774219     
         203   241024.018164993     
         204   246074.966078263     
         205   251232.325714679     
         206   256498.438146201     
         207   261875.701562838     
         208   267366.573673636     
         209   272973.574277593     
         210   278699.288021925     
         211   284546.367367083     
         212   290517.535780003     
         213   296615.591179351     
         214   302843.409658881     
         215   309203.949517459     
         216   315700.255626919     
         217   322335.464171700     
         218   329112.807797612     
         219   336035.621211464     
         220   343107.347279747     
         221   350331.543684321     
         222   357711.890208087     
         223   365252.196746363     
         224   372956.412173114     
         225   380828.634238452     
         226   388873.120738246     
         227   397094.302280855     
         228   405496.797081612     
         229   414085.428342543     
         230   422865.244920196     
         231   431841.546142934     
         232   441019.911801274     
         233   450406.238488356     
         234   460006.783596467     
         235   469828.218361275     
         236   479877.691368235     
         237   490162.903875704     
         238   500692.198148983     
         239   511474.659724593     
         240   522520.234126441     
         241   533839.858034042     
         242   545445.604265090     
         243   557350.839196839     
         244   569570.390438332     
         245   582120.721711847     
         246   595020.111046916     
         247   608288.827578061     
         248   621949.301513951     
         249   636026.281255768     
         250   650546.971227074     
         251   665541.143770501     
         252   681041.218493434     
         253   697082.302720035     
         254   713702.187233451     
         255   730941.292260592     
         256   748842.559641856     
         257   767451.288308333     
         258   786814.911519297     
         259   806982.715746608     
         260   828005.502578831     
         261   849935.196503914     
         262   872824.402863206     
         263   896725.921602537     
         264   921692.223634678     
         265   947774.897634630     
         266   975024.075886445     
         267   1003487.84836740     
         268   1033211.67458161     
         269   1064237.80273859     
         270   1096604.70571884     
         271   1130346.54289298     
         272   1165492.65628242     
         273   1202067.10879457     
         274   1240088.27136293     
         275   1279568.46480355     
         276   1320513.66109799     
         277   1362923.24766056     
         278   1406789.85697739     
         279   1452099.26284480     
         280   1498830.34331209     
         281   1546955.10937245     
         282   1596438.79746429     
         283   1647240.02296021     
         284   1699310.99104314     
         285   1752597.76070733     
         286   1807040.55707950     
         287   1862574.12683381     
         288   1919128.13117121     
         289   1976627.57064445     
         290   2034993.23602808     
         291   2094142.17944921     
         292   2153988.20010085     
         293   2214442.33904358     
         294   2275413.37785333     
         295   2336808.33618129     
         296   2398532.96364537     
         297   2460492.22186113     
         298   2522590.75283313     
         299   2584733.33035573     
         300   2646825.29150796     
         301   2708772.94576092     
         302   2770483.95964329     
         303   2831867.71532430     
         304   2892835.64186875     
         305   2953301.51829290     
         306   3013181.74789872     
         307   3072395.60368568     
         308   3130865.44493273     
         309   3188516.90530628     
         310   3245279.05308444     
         311   3301084.52429154     
         312   3355869.62971292     
         313   3409574.43690698     
         314   3462142.82845294     
         315   3513522.53776809     
         316   3563665.16390102     
         317   3612526.16675792     
         318   3660064.84425013     
         319   3706244.29286411     
         320   3751031.35315251     
         321   3794396.54162784     
         322   3836313.97051107     
         323   3876761.25674829     
         324   3915719.42165928     
         325   3953172.78252676     
         326   3989108.83737277     
         327   4023518.14410286     
         328   4056394.19512892     
         329   4087733.28850985     
         330   4117534.39657636     
         331   4145799.03293273     
         332   4172531.11865554     
         333   4197736.84843758     
         334   4221424.55735484     
         335   4243604.58886661     
         336   4264289.16459288     
         337   4283492.25635083     
         338   4301229.46087217     
         339   4317517.87756697     
         340   4332375.98964613     
         341   4345823.54886547     
         342   4357881.46410772     
         343   4368571.69397628     
         344   4377917.14353503     
         345   4385941.56529251     
         346   4392669.46449588     
         347   4398126.00877050     
         348   4402336.94211400     
         349   4405328.50323007     
         350   4407127.34816568     
         351   4407760.47719702     
         352   4407255.16589313     
         353   4405638.90027178     
         354   4402939.31595057     
         355   4399184.14118578     
         356   4394401.14368328     
         357   4388618.08105884     
         358   4381862.65482017     
         359   4374162.46773865     
         360   4365544.98447624     
         361   4356037.49533103     
         362   4345667.08296441     
         363   4334460.59197263     
         364   4322444.60116645     
         365   4309645.39842413     
         366   4296088.95798478     
         367   4281800.92005200     
         368   4266806.57258010     
         369   4251130.83511904     
         370   4234798.24459734     
         371   4217832.94292617     
         372   4200258.66631171     
         373   4182098.73616702     
         374   4163376.05151865     
         375   4144113.08280764     
         376   4124331.86698875     
         377   4104054.00383577     
         378   4083300.65336536     
         379   4062092.53429569     
         380   4040449.92346043     
         381   4018392.65610252     
         382   3995940.12697624     
         383   3973111.29218964     
         384   3949924.67172338     
         385   3926398.35256536     
         386   3902549.99240408     
         387   3878396.82382702     
         388   3853955.65897335     
         389   3829242.89459349     
         390   3804274.51747092     
         391   3779066.11016437     
         392   3753632.85703118     
         393   3727989.55049523     
         394   3702150.59752504     
         395   3676130.02629026     
         396   3649941.49296642     
         397   3623598.28866039     
         398   3597113.34643048     
         399   3570499.24837716     
         400   3543768.23278216     
         401   3516932.20127493     
         402   3490002.72600757     
         403   3462991.05682014     
         404   3435908.12838015     
         405   3408764.56728079     
         406   3381570.69908420     
         407   3354336.55529669     
         408   3327071.88026419     
         409   3299786.13797707     
         410   3272488.51877453     
         411   3245187.94593942     
         412   3217893.08217543     
         413   3190612.33595921     
         414   3163353.86776081     
         415   3136125.59612640     
         416   3108935.20361819     
         417   3081790.14260665     
         418   3054697.64091130     
         419   3027664.70728630     
         420   3000698.13674828     
         421   2973804.51574374     
         422   2946990.22715433     
         423   2920261.45513870     
         424   2893624.18980991     
         425   2867084.23174804     
         426   2840647.19634806     
         427   2814318.51800343     
         428   2788103.45412632     
         429   2762007.08900568     
         430   2736034.33750506     
         431   2710189.94860209     
         432   2684478.50877231     
         433   2658904.44522001     
         434   2633472.02895954     
         435   2608185.37775049     
         436   2583048.45889086     
         437   2558065.09187224     
         438   2533238.95090191     
         439   2508573.56729653     
         440   2484072.33175262     
         441   2459738.49649954     
         442   2435575.17734039     
         443   2411585.35558710     
         444   2387771.87989581     
         445   2364137.46800901     
         446   2340684.70841107     
         447   2317416.06190400     
         448   2294333.86311035     
         449   2271440.32191045     
         450   2248737.52482101     
         451   2226227.43632254     
         452   2203911.90014277     
         453   2181792.64050351     
         454   2159871.26333822     
         455   2138149.25748765     
         456   2116627.99588086     
         457   2095308.73670857     
         458   2074192.62459614     
         459   2053280.69178290     
         460   2032573.85931454     
         461   2012072.93825517     
         462   1991778.63092518     
         463   1971691.53217092     
         464   1951812.13067196     
         465   1932140.81029112     
         466   1912677.85147256     
         467   1893423.43269224     
         468   1874377.63196523     
         469   1855540.42841361     
         470   1836911.70389833     
         471   1818491.24471794     
         472   1800278.74337673     
         473   1782273.80042421     
         474   1764475.92636734     
         475   1746884.54365675     
         476   1729498.98874721     
         477   1712318.51423260     
         478   1695342.29105482     
         479   1678569.41078588     
         480   1661998.88798182     
         481   1645629.66260678     
         482   1629460.60252519     
         483   1613490.50605981     
         484   1597718.10461306     
         485   1582142.06534879     
         486   1566760.99393194     
         487   1551573.43732308     
         488   1536577.88662538     
         489   1521772.77998156     
         490   1507156.50551882     
         491   1492727.40434049     
         492   1478483.77356363     
         493   1464423.86940288     
         494   1450545.91030216     
         495   1436848.08011680     
         496   1423328.53135073     
         497   1409985.38845807     
         498   1396816.75095159     
         499   1383820.36239717     
         500   1370858.93846635     
