         100   1812.74114063091     
         101   2933.81534853167     
         102   4254.90482553164     
         103   5722.22918511015     
         104   7290.14064400089     
         105   8922.57728621298     
         106   10592.2583334403     
         107   12279.1719602847     
         108   13969.0237199161     
         109   15651.8883145209     
         110   17321.1207909061     
         111   18972.5099739542     
         112   20603.6340521016     
         113   22213.3760599421     
         114   23801.5622727292     
         115   25368.6935892713     
         116   26915.7466406732     
         117   28444.0269310408     
         118   29955.0607144438     
         119   31450.5156826701     
         120   32932.1430777107     
         121   34401.7357385451     
         122   35861.0980000494     
         123   37312.0244059188     
         124   38756.2849713986     
         125   40195.6153057794     
         126   41631.7103312934     
         127   43066.2206527784     
         128   44500.7508696210     
         129   45936.8592989012     
         130   47376.0587116945     
         131   48819.8177844574     
         132   50269.5630426967     
         133   51726.6811308979     
         134   53192.5212855620     
         135   54668.3979206214     
         136   56155.5932590151     
         137   57655.3599627544     
         138   59168.9237278189     
         139   60697.4858208073     
         140   62242.2255422375     
         141   63804.3026073717     
         142   65384.8594399252     
         143   66985.0233773422     
         144   68605.9087887899     
         145   70248.6191088238     
         146   71914.2487909913     
         147   73603.8851865811     
         148   75318.6103544007     
         149   77059.5028079328     
         150   78827.6392065585     
         151   80624.0959977765     
         152   82449.9510175264     
         153   84306.2850558819     
         154   86194.1833955271     
         155   88114.7373305934     
         156   90069.0456736326     
         157   92058.2162587481     
         158   94083.3674492209     
         159   96145.6296583627     
         160   98246.1468928327     
         161   100386.078328282     
         162   102566.599927978     
         163   104788.906116038     
         164   107054.211518154     
         165   109363.752784190     
         166   111718.790509038     
         167   114120.611270529     
         168   116570.529806376     
         169   119069.891356106     
         170   121620.074199015     
         171   124222.492425626     
         172   126878.598988185     
         173   129589.889085657     
         174   132357.903950722     
         175   135184.235120474     
         176   138070.529288740     
         177   141018.493855810     
         178   144029.903309981     
         179   147106.606593473     
         180   150250.535621029     
         181   153463.715130598     
         182   156748.274048903     
         183   160106.458547370     
         184   163540.646942250     
         185   167053.366553818     
         186   170647.312580360     
         187   174325.368961628     
         188   178090.631102970     
         189   181946.430206469     
         190   185896.358812265     
         191   189944.296996538     
         192   194094.438509338     
         193   198351.315973897     
         194   202719.824119020     
         195   207205.239887840     
         196   211813.238169974     
         197   216549.901849362     
         198   221421.724854826     
         199   226435.606950362     
         200   231598.839110518     
         201   236919.078492940     
         202   242404.312241975     
         203   248062.809628015     
         204   253903.062337691     
         205   259933.713068742     
         206   266163.472937198     
         207   272601.028559163     
         208   279254.940010732     
         209   286133.531183584     
         210   293244.774328046     
         211   300596.170799358     
         212   308194.630188216     
         213   316046.350117828     
         214   324156.699023938     
         215   332530.104201550     
         216   341169.947305192     
         217   350078.469333357     
         218   359256.686919520     
         219   368704.321500190     
         220   378419.742644704     
         221   388399.926521942     
         222   398640.430156418     
         223   409135.381800225     
         224   419877.487427607     
         225   430858.053054012     
         226   442067.022298574     
         227   453493.028354245     
         228   465123.459307700     
         229   476944.535565032     
         230   488941.397990862     
         231   501098.205258453     
         232   513398.238836147     
         233   525824.013999393     
         234   538357.395255317     
         235   550979.714595348     
         236   563671.891047100     
         237   576414.550075900     
         238   589188.141484917     
         239   601973.054576828     
         240   614749.729465395     
         241   627498.763558567     
         242   640201.012372157     
         243   652837.683971759     
         244   665390.426477518     
         245   677841.408199235     
         246   690173.390096083     
         247   702369.790374329     
         248   714414.741146575     
         249   726293.137176314     
         250   737990.676821391     
         251   749493.895369041     
         252   760790.191023379     
         253   771867.843863840     
         254   782716.028140329     
         255   793324.818308365     
         256   803685.189235724     
         257   813789.011031902     
         258   823629.038963670     
         259   833198.898925026     
         260   842493.068928643     
         261   851506.857079317     
         262   860236.376478669     
         263   868678.517495252     
         264   876830.917815807     
         265   884691.930672577     
         266   892260.591618690     
         267   899536.584199386     
         268   906520.204841653     
         269   913212.327259207     
         270   919614.366643924     
         271   925728.243889325     
         272   931556.350066623     
         273   937101.511349538     
         274   942366.954560661     
         275   947356.273489824     
         276   952073.396113767     
         277   956522.552826498     
         278   960708.245771192     
         279   964635.219347196     
         280   968308.431949904     
         281   971733.028986679     
         282   974914.317198843     
         283   977857.740307804     
         284   980568.855992742     
         285   983053.314197736     
         286   985316.836757880     
         287   987365.198326598     
         288   989204.208580027     
         289   990839.695668959     
         290   992277.490884247     
         291   993523.414497833     
         292   994583.262738479     
         293   995462.795858879     
         294   996167.727249035     
         295   996703.713549462     
         296   997076.345716976     
         297   997291.140995448     
         298   997353.535743829     
         299   997268.879074086     
         300   997042.427252230     
         301   996679.338816443     
         302   996184.670367295     
         303   995563.372986261     
         304   994820.289240025     
         305   993960.150729506     
         306   992987.576144063     
         307   991907.069782900     
         308   990723.020507326     
         309   989439.701089182     
         310   988061.267922405     
         311   986591.761066386     
         312   985035.104591404     
         313   983395.107198087     
         314   981675.463084432     
         315   979879.753035504     
         316   978011.445712446     
         317   976073.899118919     
         318   974070.362224544     
         319   972003.976726244     
         320   969877.778929775     
         321   967694.701734939     
         322   965457.576709226     
         323   963169.136235766     
         324   960832.015722559     
         325   958448.755861011     
         326   956021.804922758     
         327   953553.521084727     
         328   951046.174773200     
         329   948501.951018530     
         330   945922.951812879     
         331   943311.198464106     
         332   940668.633939582     
         333   937997.125194358     
         334   935298.465478695     
         335   932574.376620505     
         336   929826.511278776     
         337   927056.455164505     
         338   924265.729226111     
         339   921455.791796705     
         340   918628.040700963     
         341   915783.815319668     
         342   912924.398610353     
         343   910051.019082704     
         344   907164.852727679     
         345   904267.024899546     
         346   901358.612150235     
         347   898440.644015610     
         348   895514.104753460     
         349   892579.935033148     
         350   889639.033577011     
         351   886692.258753743     
         352   883740.430124109     
         353   880784.329939414     
         354   877824.704593293     
         355   874862.266027427     
         356   871897.693091878     
         357   868931.632860798     
         358   865964.701904314     
         359   862997.487517446     
         360   860030.548906935     
         361   857064.418336918     
         362   854099.602234377     
         363   851136.582255342     
         364   848175.816312820     
         365   845217.739567441     
         366   842262.765381820     
         367   839311.286239637     
         368   836363.674630432     
         369   833420.283901103     
         370   830481.449075113     
         371   827547.487640374     
         372   824618.700306778     
         373   821695.371734350     
         374   818777.771232942     
         375   815866.153434423     
         376   812960.758938256     
         377   810061.814931375     
         378   807169.535783226     
         379   804284.123616838     
         380   801405.768856761     
         381   798534.650754687     
         382   795670.937893556     
         383   792814.788670921     
         384   789966.351762331     
         385   787125.766565473     
         386   784293.163625777     
         387   781468.665044186     
         388   778652.384867770     
         389   775844.429463823     
         390   773044.897878096     
         391   770253.882177756     
         392   767471.467779688     
         393   764697.733764695     
         394   761932.753178168     
         395   759176.593317742     
         396   756429.316008485     
         397   753690.977866083     
         398   750961.630548545     
         399   748241.320996857     
         400   745530.091665061     
         401   742827.980740173     
         402   740135.022352373     
         403   737451.246775852     
         404   734776.680620720     
         405   732111.347016335     
         406   729455.265786411     
         407   726808.453616266     
         408   724170.924212513     
         409   721542.688455544     
         410   718923.754545088     
         411   716314.128139151     
         412   713713.812486618     
         413   711122.808553784     
         414   708541.115145086     
         415   705968.729018265     
         416   703405.644994231     
         417   700851.856061821     
         418   698307.353477711     
         419   695772.126861666     
         420   693246.164287343     
         421   690729.452368839     
         422   688221.976343178     
         423   685723.720148903     
         424   683234.666500959     
         425   680754.796962022     
         426   678284.092010433     
         427   675822.531104897     
         428   673370.092746074     
         429   670926.754535223     
         430   668492.493230012     
         431   666067.284797629     
         432   663651.104465326     
         433   661243.926768483     
         434   658845.725596344     
         435   656456.474235495     
         436   654076.145411207     
         437   651704.711326736     
         438   649342.143700670     
         439   646988.413802416     
         440   644643.492485917     
         441   642307.350221668     
         442   639979.957127118     
         443   637661.282995536     
         444   635351.297323401     
         445   633049.969336393     
         446   630757.268014049     
         447   628473.162113142     
         448   626197.620189850     
         449   623930.610620760     
         450   621672.101622775     
         451   619422.061271968     
         452   617180.457521432     
         453   614947.258218177     
         454   612722.431119120     
         455   610505.943906201     
         456   608297.764200683     
         457   606097.859576663     
         458   603906.197573832     
         459   601722.745709528     
         460   599547.471490104     
         461   597380.342421663     
         462   595221.326020161     
         463   593070.389820947     
         464   590927.501387728     
         465   588792.628321018     
         466   586665.738266075     
         467   584546.798920369     
         468   582435.778040590     
         469   580332.643449220     
         470   578237.363040704     
         471   576149.904787223     
         472   574070.236744099     
         473   571998.327054844     
         474   569934.143955881     
         475   567877.655780944     
         476   565828.830965170     
         477   563787.638048918     
         478   561754.045681301     
         479   559728.022623475     
         480   557709.537751672     
         481   555698.560060005     
         482   553695.058663055     
         483   551699.002798248     
         484   549710.361828031     
         485   547729.105241873     
         486   545755.202658068     
         487   543788.623825392     
         488   541829.338624588     
         489   539877.317069707     
         490   537932.529309299     
         491   535994.945627482     
         492   534064.536444871     
         493   532141.272319400     
         494   530225.123947018     
         495   528316.062162287     
         496   526414.057938879     
         497   524519.082389968     
         498   522631.106768563     
         499   520750.102486650     
         500   518876.071454821     
