         100   1812.74114063091     
         102   4254.90467399353     
         104   7290.14060807864     
         106   10592.2591842952     
         108   13969.0263158086     
         110   17321.1257753699     
         112   20603.6418336631     
         114   23801.5731354225     
         116   26915.7608656058     
         118   29955.0786712308     
         120   32932.1652851789     
         122   35861.1251672431     
         124   38756.3180297965     
         126   41631.7504661831     
         128   44500.7995559084     
         130   47376.1177577020     
         132   50269.6346446215     
         134   53192.6080949771     
         136   56155.6984658991     
         138   59169.0511619732     
         140   62242.3797965303     
         142   65385.0460195681     
         144   68606.1342918184     
         146   71914.5211263173     
         148   75318.9390052911     
         150   78828.0355492467     
         152   82450.4287070004     
         154   86194.7588335071     
         156   90069.7385775893     
         158   94084.2015463268     
         160   98247.1507695578     
         162   102567.808075740     
         164   107055.665630518     
         166   111720.541112809     
         168   116572.638364658     
         170   121622.615953319     
         172   126881.667117976     
         174   132361.616367589     
         176   138075.041048118     
         178   144035.431123853     
         180   150257.407740887     
         182   156757.030843621     
         184   163552.237018090     
         186   170663.457923174     
         188   178114.472363614     
         190   185933.535337495     
         192   194154.799909311     
         194   202820.000119670     
         196   211980.298106520     
         198   221698.125134080     
         200   232048.778542988     
         202   243121.491352996     
         204   255019.683140079     
         206   267860.138624895     
         208   281770.944059877     
         210   296888.131498146     
         212   313351.120325291     
         214   331297.183075805     
         216   350855.278021103     
         218   372139.668146419     
         220   395243.775740002     
         222   420234.702580986     
         224   447148.783459624     
         226   475988.446563978     
         228   506720.541947870     
         230   539276.182972979     
         232   573552.037684233     
         234   609412.916876367     
         236   646695.438860457     
         238   685212.509803966     
         240   724758.342130151     
         242   765113.738718178     
         244   806051.393067055     
         246   847340.990126099     
         248   888753.934183365     
         250   930067.574615533     
         252   971068.843829742     
         254   1011557.26169200     
         256   1051347.29537666     
         258   1090270.09194479     
         260   1128174.62279689     
         262   1164928.29468760     
         264   1200417.09182836     
         266   1234545.31853801     
         268   1267235.01282649     
         270   1298425.09911146     
         272   1328070.34381765     
         274   1356140.17164135     
         276   1382617.39341314     
         278   1407496.88927413     
         280   1430784.28369121     
         282   1452494.64196607     
         284   1472651.21154083     
         286   1491284.22569065     
         288   1508429.78218406     
         290   1524128.80519824     
         292   1538426.09517945     
         294   1551369.46839571     
         296   1563008.98558128     
         298   1573396.26725359     
         300   1582583.89192567     
         302   1590624.87247129     
         304   1597572.20526252     
         306   1603478.48633045     
         308   1608395.58864659     
         310   1612374.39463799     
         312   1615464.57819347     
         314   1617714.43065755     
         316   1619170.72561373     
         318   1619878.61760796     
         320   1619881.57033607     
         322   1619221.31020237     
         324   1617937.80153887     
         326   1616069.24014654     
         328   1613652.06217668     
         330   1610720.96570687     
         332   1607308.94267951     
         334   1603447.31916055     
         336   1599165.80214075     
         338   1594492.53134212     
         340   1589454.13470866     
         342   1584075.78645427     
         344   1578381.26671326     
         346   1572393.02199112     
         348   1566132.22574778     
         350   1559618.83856256     
         352   1552871.66743280     
         354   1545908.42384614     
         356   1538745.78034328     
         358   1531399.42535285     
         360   1523884.11613639     
         362   1516213.72972785     
         364   1508401.31179243     
         366   1500459.12336220     
         368   1492398.68543354     
         370   1484230.82143406     
         372   1475965.69758475     
         374   1467612.86119775     
         376   1459181.27696155     
         378   1450679.36127444     
         380   1442115.01469328     
         382   1433495.65256956     
         384   1424828.23394781     
         386   1416119.28880299     
         388   1407374.94369439     
         390   1398600.94591339     
         392   1389802.68620127     
         394   1380985.22011215     
         396   1372153.28809399     
         398   1363311.33435838     
         400   1354463.52460740     
         402   1345613.76268324     
         404   1336765.70620314     
         406   1327922.78123985     
         408   1319088.19610457     
         410   1310264.95428653     
         412   1301455.86660074     
         414   1292663.56259231     
         416   1283890.50124351     
         418   1275138.98102661     
         420   1266411.14934348     
         422   1257709.01139026     
         424   1249034.43848321     
         426   1240389.17587949     
         428   1231774.85012493     
         430   1223192.97595829     
         432   1214644.96280020     
         434   1206132.12085282     
         436   1197655.66683478     
         438   1189216.72937431     
         440   1180816.35408209     
         442   1172455.50832376     
         444   1164135.08571105     
         446   1155855.91032894     
         448   1147618.74071533     
         450   1139424.27360862     
         452   1131273.14747741     
         454   1123165.94584592     
         456   1115103.20042753     
         458   1107085.39407824     
         460   1099112.96358104     
         462   1091186.30227135     
         464   1083305.76251329     
         466   1075471.65803561     
         468   1067684.26613573     
         470   1059943.82975980     
         472   1052250.55946612     
         474   1044604.63527870     
         476   1037006.20843768     
         478   1029455.40305234     
         480   1021952.31766260     
         482   1014497.02671424     
         484   1007089.58195281     
         486   999730.013740929     
         488   992418.332303332     
         490   985154.528903808     
         492   977938.576957874     
         494   970770.433084798     
         496   963650.038103856     
         498   956577.319011240     
         500   949553.118818230     
