         100   1812.74114063091     
         105   8922.52473006687     
         110   17320.8896988374     
         115   25368.1760283955     
         120   32931.2200337358     
         125   40194.0946029500     
         130   47373.6209360477     
         135   54664.5300447034     
         140   62236.1198724459     
         145   70239.0133669882     
         150   78812.5628721307     
         155   88091.1083093661     
         160   98209.1255444679     
         165   109305.693900082     
         170   121528.790383155     
         175   135040.014447115     
         180   150020.729131616     
         185   166682.302356399     
         190   185290.320466221     
         195   206235.582737998     
         200   230229.539773441     
         205   258729.220445280     
         210   294600.071600409     
         215   342754.028442603     
         220   410247.753607457     
         225   505420.874615648     
         230   636150.722139261     
         235   807836.810170342     
         240   1021893.56907977     
         245   1275252.04728767     
         250   1560902.87976373     
         255   1869148.70653060     
         260   2189107.02601877     
         265   2510077.30766981     
         270   2822550.05999261     
         275   3118795.70772001     
         280   3393080.12554667     
         285   3641604.83010542     
         290   3862277.59055368     
         295   4054402.78465242     
         300   4218355.66278951     
         305   4355280.21640329     
         310   4466830.86979430     
         315   4554964.70044920     
         320   4621782.63243988     
         325   4669413.73665116     
         330   4699935.10621555     
         335   4715319.69896471     
         340   4717405.29581595     
         345   4707878.82525012     
         350   4688271.46083388     
         355   4659960.96007886     
         360   4624178.61444294     
         365   4582018.90777130     
         370   4534450.54584122     
         375   4482327.94610644     
         380   4426402.59029047     
         385   4367333.86772527     
         390   4305699.19546670     
         395   4242003.30953677     
         400   4176686.69373652     
         405   4110133.15871718     
         410   4042676.61213995     
         415   3974607.07647122     
         420   3906176.01833990     
         425   3837601.05532659     
         430   3769070.10458609     
         435   3700745.03421602     
         440   3632764.87371161     
         445   3565248.63480850     
         450   3498297.78890504     
         455   3431998.44231533     
         460   3366423.24597215     
         465   3301633.07194469     
         470   3237678.48528514     
         475   3174601.03626906     
         480   3112434.39502725     
         485   3051205.34785552     
         490   2990934.67214789     
         495   2931637.93379451     
         500   2873346.72533638     
