         100   1812.74114063091     
         101   2933.81589662318     
         102   4254.90645137108     
         103   5722.23295334922     
         104   7290.14796058047     
         105   8922.58976632465     
         106   10592.2776599565     
         107   12279.1997720681     
         108   13969.0615442538     
         109   15651.9375410474     
         110   17321.1826769561     
         111   18972.5856701345     
         112   20603.7246386874     
         113   22213.4825873832     
         114   23801.6858020420     
         115   25368.8352300171     
         116   26915.9075855572     
         117   28444.2084870095     
         118   29955.2643306399     
         119   31450.7429758470     
         120   32932.3958558002     
         121   34402.0160230785     
         122   35861.4080480899     
         123   37312.3667321075     
         124   38756.6623706533     
         125   40196.0308771309     
         126   41632.1675032955     
         127   43066.7232108948     
         128   44501.3029859646     
         129   45937.4655646900     
         130   47376.7241727821     
         131   48820.5479803005     
         132   50270.3640491352     
         133   51727.5596071390     
         134   53193.4845257912     
         135   54669.4539106877     
         136   56156.7507386851     
         137   57656.6284940653     
         138   59170.3137701194     
         139   60699.0088131283     
         140   62243.8939937012     
         141   63806.1301964212     
         142   65386.8611232368     
         143   66987.2155093757     
         144   68608.3092530328     
         145   70251.2474619003     
         146   71917.1264209344     
         147   73607.0354867091     
         148   75322.0589144015     
         149   77063.2776239388     
         150   78831.7709122013     
         151   80628.6181184393     
         152   82454.9002502754     
         153   84311.7015778552     
         154   86200.1112038993     
         155   88121.2246176221     
         156   90076.1452407414     
         157   92065.9859741145     
         158   94091.8707539405     
         159   96154.9361269572     
         160   98256.3328546987     
         161   100397.227557652     
         162   102578.804411144     
         163   104802.266906009     
         164   107068.839688658     
         165   109379.770497100     
         166   111736.332211995     
         167   114139.825044930     
         168   116591.578890203     
         169   119092.955871458     
         170   121645.353121010     
         171   124250.205837743     
         172   126908.990679326     
         173   129623.229556394     
         174   132394.493910224     
         175   135224.409571162     
         176   138114.662312109     
         177   141067.004228852     
         178   144083.261095568     
         179   147165.340857494     
         180   150315.243431263     
         181   153535.071983708     
         182   156827.045849149     
         183   160193.515219862     
         184   163636.977701762     
         185   167160.096764937     
         186   170765.722035008     
         187   174456.911266442     
         188   178236.953714304     
         189   182109.394479983     
         190   186078.059254225     
         191   190147.078724596     
         192   194320.911762484     
         193   198604.366366655     
         194   203002.617226056     
         195   207521.218683732     
         196   212166.111845151     
         197   216943.624585098     
         198   221860.463272329     
         199   226923.695152652     
         200   232140.720508021     
         201   237519.233937760     
         202   243067.174381120     
         203   248792.663808666     
         204   254703.934841673     
         205   260809.247900917     
         206   267116.798824960     
         207   273634.618219682     
         208   280370.464092246     
         209   287331.709572378     
         210   294525.227722260     
         211   301957.275576047     
         212   309633.379626767     
         213   317558.224989936     
         214   325735.550420792     
         215   334168.051248739     
         216   342857.292123997     
         217   351803.631254959     
         218   361006.157558950     
         219   370462.641863670     
         220   380169.502991527     
         221   390121.789244445     
         222   400313.175492087     
         223   410735.975760800     
         224   421381.170931722     
         225   432238.450891259     
         226   443296.270240794     
         227   454541.916469205     
         228   465961.589324082     
         229   477540.489986936     
         230   489262.918564243     
         231   501112.378349034     
         232   513071.685285092     
         233   525123.081075036     
         234   537248.348411597     
         235   549428.926874600     
         236   561646.028120771     
         237   573880.749095609     
         238   586114.182112228     
         239   598327.520767592     
         240   610502.160798329     
         241   622619.795113013     
         242   634662.502372600     
         243   646612.828622892     
         244   658453.861610311     
         245   670169.297533170     
         246   681743.500093371     
         247   693161.551817136     
         248   704409.297707153     
         249   715473.381371851     
         250   726341.273850357     
         251   737001.295413953     
         252   747442.630676808     
         253   757655.337390855     
         254   767630.349332367     
         255   777359.473711757     
         256   786835.383554029     
         257   796051.605505954     
         258   805002.503528155     
         259   813683.258926611     
         260   822089.847169547     
         261   830219.011922781     
         262   838068.236720260     
         263   845635.714667302     
         264   852920.316552591     
         265   859921.557721848     
         266   866639.564041807     
         267   873075.037258124     
         268   879229.220025582     
         269   885103.860863659     
         270   890701.179265675     
         271   896023.831165441     
         272   901074.874941815     
         273   905857.738119121     
         274   910376.184899958     
         275   914634.284646753     
         276   918636.381409514     
         277   922387.064579630     
         278   925891.140733295     
         279   929153.606713240     
         280   932179.623983805     
         281   934974.494282094     
         282   937543.636576853     
         283   939892.565336833     
         284   942026.870101654     
         285   943952.196340499     
         286   945674.227577305     
         287   947198.668755411     
         288   948531.230809724     
         289   949677.616410475     
         290   950643.506839272     
         291   951434.549955563     
         292   952056.349209560     
         293   952514.453656209     
         294   952814.348923804     
         295   952961.449090290     
         296   952961.089420101     
         297   952818.519914609     
         298   952538.899629652     
         299   952127.291714377     
         300   951588.659126540     
         301   950927.860980500     
         302   950149.649485442     
         303   949258.667432705     
         304   948259.446192574     
         305   947156.404182458     
         306   945953.845769954     
         307   944655.960575941     
         308   943266.823144499     
         309   941790.392948093     
         310   940230.514698126     
         311   938590.918932592     
         312   936875.222854151     
         313   935086.931393537     
         314   933229.438474733     
         315   931306.028459832     
         316   929319.877752943     
         317   927274.056543886     
         318   925171.530673753     
         319   923015.163605676     
         320   920807.718485389     
         321   918551.860277297     
         322   916250.157962895     
         323   913905.086789426     
         324   911519.030557635     
         325   909094.283938444     
         326   906633.054809238     
         327   904137.466601274     
         328   901609.560650537     
         329   899051.298545050     
         330   896464.564462376     
         331   893851.167491657     
         332   891212.843935141     
         333   888551.259584699     
         334   885868.011969352     
         335   883164.632570302     
         336   880442.589000398     
         337   877703.287145384     
         338   874948.073264646     
         339   872178.236049518     
         340   869395.008637542     
         341   866599.570581331     
         342   863793.049771000     
         343   860976.524309330     
         344   858151.024339073     
         345   855317.533821999     
         346   852476.992269476     
         347   849630.296424529     
         348   846778.301895465     
         349   843921.824741322     
         350   841061.643009448     
         351   838198.498225702     
         352   835333.096837800     
         353   832466.111612433     
         354   829598.182986874     
         355   826729.920375816     
         356   823861.903434260     
         357   820994.683277326     
         358   818128.783657865     
         359   815264.702102819     
         360   812402.911009273     
         361   809543.858701177     
         362   806687.970447734     
         363   803835.649444447     
         364   800987.277757825     
         365   798143.217234783     
         366   795303.810377712     
         367   792469.381186243     
         368   789640.235966703     
         369   786816.664110243     
         370   783998.938840625     
         371   781187.317932632     
         372   778382.044402053     
         373   775583.347168173     
         374   772791.441689702     
         375   770006.530575036     
         376   767228.804167726     
         377   764458.441108033     
         378   761695.608871413     
         379   758940.464284737     
         380   756193.154021074     
         381   753453.815073802     
         382   750722.575210819     
         383   747999.553409582     
         384   745284.860273709     
         385   742578.598431828     
         386   739880.862919356     
         387   737191.741543872     
         388   734511.315234701     
         389   731839.658377344     
         390   729176.839133342     
         391   726522.919746146     
         392   723877.956833560     
         393   721242.001667283     
         394   718615.100440083     
         395   715997.294521091     
         396   713388.620699712     
         397   710789.111418607     
         398   708198.794996204     
         399   705617.695839171     
         400   703045.834645264     
         401   700483.228596955     
         402   697929.891546230     
         403   695385.834190915     
         404   692851.064242918     
         405   690325.586588688     
         406   687809.403442268     
         407   685302.514491225     
         408   682804.917035783     
         409   680316.606121443     
         410   677837.574665372     
         411   675367.813576845     
         412   672907.311871977     
         413   670456.056783016     
         414   668014.033862424     
         415   665581.227081978     
         416   663157.618927113     
         417   660743.190486721     
         418   658337.921538598     
         419   655941.790630740     
         420   653554.775158681     
         421   651176.851439036     
         422   648807.994779427     
         423   646448.179544960     
         424   644097.379221398     
         425   641755.566475198     
         426   639422.713210529     
         427   637098.790623436     
         428   634783.769253260     
         429   632477.619031456     
         430   630180.309327912     
         431   627891.808994907     
         432   625612.086408787     
         433   623341.109509501     
         434   621078.845838063     
         435   618825.262572059     
         436   616580.326559288     
         437   614344.004349608     
         438   612116.262225097     
         439   609897.066228586     
         440   607686.382190656     
         441   605484.175755169     
         442   603290.412403391     
         443   601105.057476799     
         444   598928.076198605     
         445   596759.433694084     
         446   594599.095009754     
         447   592447.025131457     
         448   590303.189001404     
         449   588167.551534235     
         450   586040.077632136     
         451   583920.732199056     
         452   581809.480154084     
         453   579706.286444014     
         454   577611.116055136     
         455   575523.934024309     
         456   573444.705449328     
         457   571373.395498644     
         458   569309.969420451     
         459   567254.392551177     
         460   565206.630323426     
         461   563166.648273365     
         462   561134.412047620     
         463   559109.887409682     
         464   557093.040245858     
         465   555083.836570791     
         466   553082.242532570     
         467   551088.224417447     
         468   549101.748654190     
         469   547122.781818087     
         470   545151.290634619     
         471   543187.241982819     
         472   541230.602898339     
         473   539281.340576233     
         474   537339.422373481     
         475   535404.815811259     
         476   533477.488576974     
         477   531557.408526076     
         478   529644.543683665     
         479   527738.862245888     
         480   525840.332581160     
         481   523948.923231205     
         482   522064.602911928     
         483   520187.340514136     
         484   518317.105104104     
         485   516453.865924012     
         486   514597.592392247     
         487   512748.254103581     
         488   510905.820829237     
         489   509070.262516847     
         490   507241.549290315     
         491   505419.651449571     
         492   503604.539470250     
         493   501796.184003291     
         494   499994.555874440     
         495   498199.626083705     
         496   496411.365804729     
         497   494629.746384104     
         498   492854.739340637     
         499   491086.316370640     
         500   489324.457906459     
