         100   1812.74114063091     
         101   2933.81300206054     
         102   4254.89813180912     
         103   5722.21397743899     
         104   7290.11144655611     
         105   8922.52782427586     
         106   10592.1820786120     
         107   12279.0625599043     
         108   13968.8752563685     
         109   15651.6954048216     
         110   17320.8785653515     
         111   18972.2139770186     
         112   20603.2801017292     
         113   22212.9600910744     
         114   23801.0801813272     
         115   25368.1410856796     
         116   26915.1191160422     
         117   28443.3193372827     
         118   29954.2674563382     
         119   31449.6305198025     
         120   32931.1590335713     
         121   34400.6450140986     
         122   35859.8918892362     
         123   37310.6932107749     
         124   38754.8179147163     
         125   40194.0004394497     
         126   41629.9344386500     
         127   43064.2691434029     
         128   44498.6076651647     
         129   45934.5067085361     
         130   47373.4772958252     
         131   48816.9862053134     
         132   50266.4579003815     
         133   51723.2767834005     
         134   53188.7896511437     
         135   54664.3082608690     
         136   56151.1119407140     
         137   57650.4501965658     
         138   59163.5452815610     
         139   60691.5947049252     
         140   62235.7736648085     
         141   63797.2373957257     
         142   65377.1234256612     
         143   66976.5537411908     
         144   68596.6368614015     
         145   70238.4698231512     
         146   71903.1400814759     
         147   73591.7273298410     
         148   75305.3052455456     
         149   77044.9431659930     
         150   78811.7077017973     
         151   80606.6642928498     
         152   82430.8787135489     
         153   84285.4185334373     
         154   86171.3545395059     
         155   88089.7621264311     
         156   90041.7226610363     
         157   92028.3248272990     
         158   94050.6659582970     
         159   96109.8533615922     
         160   98207.0056447027     
         161   100343.254047527     
         162   102519.743788857     
         163   104737.635434484     
         164   106998.106294821     
         165   109302.351860559     
         166   111651.587285522     
         167   114047.048926738     
         168   116489.995952781     
         169   118981.712032695     
         170   121523.507119401     
         171   124116.719343470     
         172   126762.717035650     
         173   129462.900899767     
         174   132218.706361768     
         175   135031.606126094     
         176   137903.112977613     
         177   140834.782876475     
         178   143828.218405039     
         179   146885.072640987     
         180   150007.053549475     
         181   153195.929010033     
         182   156453.532621242     
         183   159781.770457639     
         184   163182.628988269     
         185   166658.184403264     
         186   170210.613631621     
         187   173842.207366708     
         188   177555.385441863     
         189   181352.714911938     
         190   185236.931192188     
         191   189210.962577978     
         192   193277.958411998     
         193   197441.321075609     
         194   201704.741854653     
         195   206072.240566727     
         196   210548.208638261     
         197   215137.455090498     
         198   219845.254641267     
         199   224677.396864943     
         200   229640.235089216     
         201   234740.733459086     
         202   239986.510381695     
         203   245385.876395759     
         204   250947.864400960     
         205   256682.250147777     
         206   262599.560935856     
         207   268711.070603951     
         208   275028.779117296     
         209   281565.375364677     
         210   288334.182158898     
         211   295349.082877827     
         212   302624.429672800     
         213   310174.933688025     
         214   318015.538258759     
         215   326161.276566905     
         216   334627.115710539     
         217   343427.789570615     
         218   352577.623218162     
         219   362090.351886296     
         220   371978.937724483     
         221   382255.387652954     
         222   392930.575641648     
         223   404014.072653379     
         224   415513.987320808     
         225   427436.820179983     
         226   439787.333970699     
         227   452568.442148168     
         228   465781.117345144     
         229   479424.321092548     
         230   493494.955663511     
         231   507987.838463651     
         232   522895.698961156     
         233   538209.197744436     
         234   553916.966921455     
         235   570005.670740538     
         236   586460.085022606     
         237   603263.193752913     
         238   620396.300988183     
         239   637839.156092780     
         240   655570.090223944     
         241   673566.161938922     
         242   691803.309792642     
         243   710256.509829385     
         244   728899.935941160     
         245   747707.121164264     
         246   766651.118108762     
         247   785704.656858371     
         248   804840.298835524     
         249   824030.585293699     
         250   843248.179272059     
         251   862466.000022230     
         252   881657.349090243     
         253   900796.027405296     
         254   919856.442888533     
         255   938813.708247605     
         256   957643.728764607     
         257   976323.280015149     
         258   994830.075573817     
         259   1013142.82486587     
         260   1031241.28141650     
         261   1049106.28182744     
         262   1066719.77587669     
         263   1084064.84819078     
         264   1101125.73198161     
         265   1117887.81537155     
         266   1134337.64085251     
         267   1150462.89843799     
         268   1166252.41307220     
         269   1181696.12685854     
         270   1196785.07666195     
         271   1211511.36762639     
         272   1225868.14313113     
         273   1239849.55168858     
         274   1253450.71126197     
         275   1266667.67145550     
         276   1279497.37400102     
         277   1291937.61193708     
         278   1303986.98784609     
         279   1315644.87148597     
         280   1326911.35712326     
         281   1337787.22084531     
         282   1348273.87810149     
         283   1358373.34169577     
         284   1368088.18042713     
         285   1377421.47854943     
         286   1386376.79619912     
         287   1394958.13091693     
         288   1403169.88036954     
         289   1411016.80635805     
         290   1418504.00018267     
         291   1425636.84941695     
         292   1432421.00613049     
         293   1438862.35658576     
         294   1444966.99242267     
         295   1450741.18333431     
         296   1456191.35122763     
         297   1461324.04585456     
         298   1466145.92189226     
         299   1470663.71744444     
         300   1474884.23393095     
         301   1478814.31732811     
         302   1482460.84071860     
         303   1485830.68810690     
         304   1488930.73945394     
         305   1491767.85688259     
         306   1494348.87200498     
         307   1496680.57432116     
         308   1498769.70063888     
         309   1500622.92546384     
         310   1502246.85231033     
         311   1503648.00588260     
         312   1504832.82507826     
         313   1505807.65676591     
         314   1506578.75029044     
         315   1507152.25266080     
         316   1507534.20437638     
         317   1507730.53584972     
         318   1507747.06438486     
         319   1507589.49167224     
         320   1507263.40176271     
         321   1506774.25948506     
         322   1506127.40927275     
         323   1505328.07436774     
         324   1504381.35637057     
         325   1503292.23510759     
         326   1502065.56878788     
         327   1500706.09442393     
         328   1499218.42849167     
         329   1497607.06780690     
         330   1495876.39059658     
         331   1494030.65774482     
         332   1492074.01419477     
         333   1490010.49048880     
         334   1487844.00443052     
         335   1485578.36285360     
         336   1483217.26348300     
         337   1480764.29687568     
         338   1478222.94842866     
         339   1475596.60044318     
         340   1472888.53423471     
         341   1470101.93227934     
         342   1467239.88038780     
         343   1464305.36989929     
         344   1461301.29988774     
         345   1458230.47937388     
         346   1455095.62953731     
         347   1451899.38592284     
         348   1448644.30063647     
         349   1445332.84452640     
         350   1441967.40934524     
         351   1438550.30988986     
         352   1435083.78611567     
         353   1431570.00522277     
         354   1428011.06371126     
         355   1424408.98940395     
         356   1420765.74343430     
         357   1417083.22219829     
         358   1413363.25926883     
         359   1409607.62727163     
         360   1405818.03972160     
         361   1401996.15281923     
         362   1398143.56720633     
         363   1394261.82968072     
         364   1390352.43486988     
         365   1386416.82686317     
         366   1382456.40080294     
         367   1378472.50443439     
         368   1374466.43961468     
         369   1370439.46378135     
         370   1366392.79138061     
         371   1362327.59525590     
         372   1358245.00799717     
         373   1354146.12325155     
         374   1350031.99699592     
         375   1345903.64877210     
         376   1341762.06288526     
         377   1337608.18956634     
         378   1333442.94609910     
         379   1329267.21791270     
         380   1325081.85964041     
         381   1320887.69614528     
         382   1316685.52351366     
         383   1312476.11001715     
         384   1308260.19704390     
         385   1304038.50000009     
         386   1299811.70918221     
         387   1295580.49062110     
         388   1291345.48689837     
         389   1287107.31793610     
         390   1282866.58176048     
         391   1278623.85524023     
         392   1274379.69480040     
         393   1270134.63711247     
         394   1265889.19976128     
         395   1261643.88188961     
         396   1257399.16482103     
         397   1253155.51266179     
         398   1248913.37288222     
         399   1244673.17687852     
         400   1240435.34051539     
         401   1236200.26465021     
         402   1231968.33563932     
         403   1227739.92582698     
         404   1223515.39401763     
         405   1219295.08593198     
         406   1215079.33464741     
         407   1210868.46102329     
         408   1206662.77411167     
         409   1202462.57155387     
         410   1198268.13996340     
         411   1194079.75529574     
         412   1189897.68320536     
         413   1185722.17939046     
         414   1181553.48992587     
         415   1177391.85158446     
         416   1173237.49214749     
         417   1169090.63070429     
         418   1164951.47794167     
         419   1160820.23642331     
         420   1156697.10085960     
         421   1152582.25836824     
         422   1148475.88872580     
         423   1144378.16461078     
         424   1140289.25183827     
         425   1136209.30958661     
         426   1132138.49061627     
         427   1128076.94148133     
         428   1124024.80273364     
         429   1119982.20912014     
         430   1115949.28977340     
         431   1111926.16839570     
         432   1107912.96343689     
         433   1103909.78826619     
         434   1099916.75133822     
         435   1095933.95635338     
         436   1091961.50241288     
         437   1087999.48416852     
         438   1084047.99196741     
         439   1080107.11199192     
         440   1076176.92639484     
         441   1072257.51343012     
         442   1068348.94757919     
         443   1064451.29967312     
         444   1060564.63701067     
         445   1056689.02347243     
         446   1052824.51963129     
         447   1048971.18285908     
         448   1045129.06742986     
         449   1041298.22461971     
         450   1037478.70280330     
         451   1033670.54754728     
         452   1029873.80170057     
         453   1026088.50548183     
         454   1022314.69656393     
         455   1018552.41015580     
         456   1014801.67908152     
         457   1011062.53385700     
         458   1007335.00276399     
         459   1003619.11192190     
         460   999914.885357182     
         461   996222.345070520     
         462   992541.511101923     
         463   988872.401593658     
         464   985215.032851242     
         465   981569.419402462     
         466   977935.574054533     
         467   974313.507949454     
         468   970703.230617592     
         469   967104.750029610     
         470   963518.072646739     
         471   959943.203469467     
         472   956380.146084732     
         473   952828.902711602     
         474   949289.474245571     
         475   945761.860301428     
         476   942246.059254838     
         477   938742.068282607     
         478   935249.883401714     
         479   931769.499507116     
         480   928300.910408420     
         481   924844.108865396     
         482   921399.086622406     
         483   917965.834441801     
         484   914544.342136245     
         485   911134.598600110     
         486   907736.591839859     
         487   904350.309003542     
         488   900975.736409367     
         489   897612.859573419     
         490   894261.663236544     
         491   890922.131390385     
         492   887594.247302666     
         493   884277.993541712     
         494   880973.352000167     
         495   877680.303918106     
         496   874398.829905351     
         497   871128.909963166     
         498   867870.523508503     
         499   864623.650225112     
         500   861388.580307624     
