         100   1812.74114063091     
         102   4254.89806071630     
         104   7290.11150935771     
         106   10592.1828834217     
         108   13968.8775196917     
         110   17320.8828659119     
         112   20603.2868282905     
         114   23801.0895884635     
         116   26915.1314033975     
         118   29954.2828355075     
         120   32931.1777761232     
         122   35859.9143600623     
         124   38754.8445967398     
         126   41629.9659539336     
         128   44498.6447960431     
         130   47373.5210085997     
         132   50266.5093734371     
         134   53188.8503090132     
         136   56151.1834955231     
         138   59163.6297833672     
         140   62235.8735625573     
         142   65377.2416408012     
         144   68596.7768766224     
         146   71903.3060475727     
         148   75305.5021100817     
         150   78811.9413640805     
         152   82431.1562114832     
         154   86171.6842752047     
         156   90042.1146737696     
         158   94051.1322555060     
         160   98207.5606046378     
         162   102520.404652120     
         164   106998.893767129     
         166   111652.526280978     
         168   116491.116516880     
         170   121524.845585502     
         172   126764.317489464     
         174   132220.622514699     
         176   137905.410568727     
         178   143830.978212947     
         180   150010.374861020     
         182   156457.536260908     
         184   163187.457167448     
         186   170216.419975378     
         188   177562.301310201     
         190   185244.982472647     
         192   193286.889407684     
         194   201713.680000109     
         196   210555.077745539     
         198   219845.819742761     
         200   229626.645306188     
         202   239945.205191735     
         204   250856.729975821     
         206   262424.270774893     
         208   274718.326337222     
         210   287815.703499241     
         212   301797.522676604     
         214   316746.369214866     
         216   332742.692259559     
         218   349860.649668455     
         220   368163.675187095     
         222   387700.090933199     
         224   408499.097982315     
         226   430567.450486495     
         228   453887.059801195     
         230   478413.694009389     
         232   504076.846395891     
         234   530780.755123900     
         236   558406.475180456     
         238   586814.839452593     
         240   615850.102337718     
         242   645344.037400289     
         244   675120.258664445     
         246   704998.549884982     
         248   734799.013335839     
         250   764345.884806606     
         252   793470.900384724     
         254   822016.139631905     
         256   849836.306160032     
         258   876800.438459350     
         260   902793.070024325     
         262   927714.877943626     
         264   951482.873293497     
         266   974030.195404090     
         268   995305.576100349     
         270   1015272.54021315     
         272   1033908.40589417     
         274   1051203.14338341     
         276   1067158.14461458     
         278   1081784.94902921     
         280   1095103.96371061     
         282   1107143.20883080     
         284   1117937.11270420     
         286   1127525.37464487     
         288   1135951.90843585     
         290   1143263.87458321     
         292   1149510.80564220     
         294   1154743.82573400     
         296   1159014.96286128     
         298   1162376.55071001     
         300   1164880.71521829     
         302   1166578.94022369     
         304   1167521.70589566     
         306   1167758.19335134     
         308   1167336.04877959     
         310   1166301.20050644     
         312   1164697.72267887     
         314   1162567.73958346     
         316   1159951.36502076     
         318   1156886.67159881     
         320   1153409.68526913     
         322   1149554.40089049     
         324   1145352.81505715     
         326   1140834.97286118     
         328   1136029.02566585     
         330   1130961.29734644     
         332   1125656.35680262     
         334   1120137.09486359     
         336   1114424.80399190     
         338   1108539.25944741     
         340   1102498.80079817     
         342   1096320.41286432     
         344   1090019.80535493     
         346   1083611.49060843     
         348   1077108.85897753     
         350   1070524.25151100     
         352   1063869.02967907     
         354   1057153.64196957     
         356   1050387.68724819     
         358   1043579.97483226     
         360   1036738.58127223     
         362   1029870.90387246     
         364   1022983.71101199     
         366   1016083.18934907     
         368   1009174.98801100     
         370   1002264.25988392     
         372   995355.700126289     
         374   988453.582036150     
         376   981561.790405364     
         378   974683.852495606     
         380   967822.966770148     
         382   960982.029513728     
         384   954163.659469724     
         386   947370.220620030     
         388   940603.843228553     
         390   933866.443264288     
         392   927159.740314671     
         394   920485.274094472     
         396   913844.419649954     
         398   907238.401352470     
         400   900668.305770201     
         402   894135.093501339     
         404   887639.610046810     
         406   881182.595795556     
         408   874764.695190569     
         410   868386.465139197     
         412   862048.382726863     
         414   855750.852289112     
         416   849494.211892981     
         418   843278.739274933     
         420   837104.657279098     
         422   830972.138836282     
         424   824881.311521143     
         426   818832.261722020     
         428   812825.038455290     
         430   806859.656853576     
         432   800936.101354854     
         434   795054.328617349     
         436   789214.270183112     
         438   783415.834911340     
         440   777658.911200781     
         442   771943.369019007     
         444   766269.061754873     
         446   760635.827909141     
         448   755043.492637009     
         450   749491.869155153     
         452   743980.760024838     
         454   738509.958321678     
         456   733079.248701759     
         458   727688.408373010     
         460   722337.207979955     
         462   717025.412409303     
         464   711752.781523196     
         466   706519.070826356     
         468   701324.032072834     
         470   696167.413817595     
         472   691048.961917716     
         474   685968.419987552     
         476   680925.529811882     
         478   675920.031720674     
         480   670951.664928808     
         482   666020.167843812     
         484   661125.278344391     
         486   656266.734032297     
         488   651444.272459866     
         490   646657.631335340     
         492   641906.548707921     
         494   637190.763134319     
         496   632510.013828663     
         498   627864.041070907     
         500   623252.967328758     
