         100   1812.74114063091     
         105   8922.48494067526     
         110   17320.6873928059     
         115   25367.7126909698     
         120   32930.3971463553     
         125   40192.7491600559     
         130   47371.4769452687     
         135   54661.1417665184     
         140   62230.7850880904     
         145   70230.6357674896     
         150   78799.4342962424     
         155   88070.5645192135     
         160   98177.0001004701     
         165   109255.444768941     
         170   121450.084212164     
         175   134916.372583612     
         180   149825.353947488     
         185   166369.335519025     
         190   184771.205424072     
         195   205307.078083457     
         200   228381.347909612     
         205   254770.475606931     
         210   286255.583996456     
         215   326825.665352130     
         220   384225.170253258     
         225   470967.628752435     
         230   603687.319860411     
         235   800365.074035637     
         240   1076179.88433829     
         245   1439562.99413569     
         250   1889900.82029952     
         255   2417483.86494851     
         260   3005370.97607041     
         265   3632304.95931537     
         270   4275765.52733809     
         275   4914507.05475463     
         280   5530277.64795250     
         285   6108702.11779236     
         290   6639480.10141157     
         295   7116112.22263751     
         300   7535358.16204956     
         305   7896587.32500094     
         310   8201131.32875519     
         315   8451701.93505110     
         320   8651903.73955865     
         325   8805848.16692792     
         330   8917862.05061324     
         335   8992277.63345878     
         340   9033288.79024334     
         345   9044858.78637772     
         350   9030666.66386978     
         355   8994081.57850608     
         360   8938156.63952581     
         365   8865635.79421310     
         370   8778968.96601656     
         375   8680331.98722219     
         380   8571648.89708730     
         385   8454614.95087386     
         390   8330719.25412835     
         395   8201266.34542846     
         400   8067396.33837373     
         405   7930103.43116684     
         410   7790252.72420304     
         415   7648595.37131335     
         420   7505782.14261338     
         425   7362375.50650087     
         430   7218860.35259365     
         435   7075653.48155307     
         440   6933111.98547651     
         445   6791540.63641419     
         450   6651198.39229672     
         455   6512304.12030494     
         460   6375041.62821748     
         465   6239564.08500176     
         470   6105997.90314661     
         475   5974446.14711582     
         480   5844991.52489693     
         485   5717699.01293710     
         490   5592618.15910103     
         495   5469785.21891056     
         500   5349274.96452066     
