         100   1812.74114063091     
         101   2933.81640923454     
         102   4254.90804354717     
         103   5722.23671777304     
         104   7290.15534415553     
         105   8922.60243393617     
         106   10592.2973480887     
         107   12279.2281730589     
         108   13969.1002360184     
         109   15651.9879596468     
         110   17321.2461216931     
         111   18972.6633296234     
         112   20603.8176282004     
         113   22213.5919905278     
         114   23801.8127123860     
         115   25368.9807902695     
         116   26916.0730232924     
         117   28444.3951467915     
         118   29955.4737029102     
         119   31450.9767231894     
         120   32932.6558372954     
         121   34402.3043174657     
         122   35861.7269764163     
         123   37312.7188804851     
         124   38757.0506136801     
         125   40196.4584024769     
         126   41632.6378379055     
         127   43067.2402492238     
         128   44501.8710206355     
         129   45938.0893199504     
         130   47377.4088411301     
         131   48821.2992626570     
         132   50271.1881989486     
         133   51728.4634788326     
         134   53194.4756279865     
         135   54670.5404646741     
         136   56157.9417426420     
         137   57657.9337935954     
         138   59171.7441356978     
         139   60700.5760251410     
         140   62245.6109358065     
         141   63808.0109580513     
         142   65388.9211121382     
         143   66989.4715751851     
         144   68610.7798229925     
         145   70253.9526899374     
         146   71920.0883514654     
         147   73610.2782346809     
         148   75325.6088632532     
         149   77067.1636433623     
         150   78836.0245977953     
         151   80633.2740556024     
         152   82459.9963049640     
         153   84317.2792171546     
         154   86206.2158497259     
         155   88127.9060372987     
         156   90083.4579786775     
         157   92073.9898293968     
         158   94100.6313092999     
         159   96164.5253353719     
         160   98266.8296908191     
         161   100408.718742360     
         162   102591.385218909     
         163   104816.042066370     
         164   107083.924395201     
         165   109396.291539863     
         166   111754.429252402     
         167   114159.652056365     
         168   116613.305792250     
         169   119116.770391977     
         170   121671.462927591     
         171   124278.840988819     
         172   126940.406455284     
         173   129657.709742014     
         174   132432.354611177     
         175   135266.003658066     
         176   138160.384594264     
         177   141117.297464253     
         178   144138.622941545     
         179   147226.331854355     
         180   150382.496086191     
         181   153609.300980661     
         182   156909.059349306     
         183   160284.227133984     
         184   163737.420709285     
         185   167271.435724946     
         186   170889.267283675     
         187   174594.131128384     
         188   178389.485378389     
         189   182279.052212161     
         190   186266.838751910     
         191   190357.156270903     
         192   194554.636727103     
         193   198864.245535654     
         194   203291.289436774     
         195   207841.418302189     
         196   212520.619758309     
         197   217335.205591190     
         198   222291.789037894     
         199   227397.252258867     
         200   232658.703521552     
         201   238083.423898832     
         202   243678.803587267     
         203   249452.268267600     
         204   255411.196251082     
         205   261562.827466486     
         206   267914.165631677     
         207   274471.875208285     
         208   281242.174948463     
         209   288230.730000616     
         210   295442.544640861     
         211   302881.857735620     
         212   310552.043017695     
         213   318455.516175509     
         214   326593.650617101     
         215   334966.703583197     
         216   343573.754054997     
         217   352412.653641004     
         218   361479.991342779     
         219   370771.072801662     
         220   380279.914326585     
         221   389999.251706271     
         222   399920.563525220     
         223   410034.108439097     
         224   420328.975627192     
         225   430793.147431985     
         226   441413.573021745     
         227   452176.251773311     
         228   463066.324969425     
         229   474068.174337798     
         230   485165.525925960     
         231   496341.557804830     
         232   507579.010121835     
         233   518860.296078094     
         234   530167.612480004     
         235   541483.048609727     
         236   552788.692267749     
         237   564066.731960191     
         238   575299.554330202     
         239   586469.836063416     
         240   597560.629628933     
         241   608555.442347070     
         242   619438.308400823     
         243   630193.853527751     
         244   640807.352241246     
         245   651264.777533676     
         246   661552.843107949     
         247   671659.038267902     
         248   681571.655671514     
         249   691279.812214075     
         250   700773.463361413     
         251   710043.411296336     
         252   719081.307275206     
         253   727879.648616483     
         254   736431.770759954     
         255   744731.834844846     
         256   752774.811257957     
         257   760556.459599997     
         258   768073.305510350     
         259   775322.614778201     
         260   782302.365152047     
         261   789011.216240801     
         262   795448.477878560     
         263   801614.077302235     
         264   807508.525467182     
         265   813132.882801118     
         266   818488.724671476     
         267   823578.106816182     
         268   828403.530963052     
         269   832967.910838765     
         270   837274.538744939     
         271   841327.052856399     
         272   845129.405375379     
         273   848685.831655249     
         274   852000.820388501     
         275   855079.084936213     
         276   857925.535859965     
         277   860545.254702366     
         278   862943.469048791     
         279   865125.528890695     
         280   867096.884299876     
         281   868863.064413287     
         282   870429.657719323     
         283   871802.293628976     
         284   872986.625308664     
         285   873988.313745967     
         286   874813.013014731     
         287   875466.356702121     
         288   875953.945456967     
         289   876281.335616268     
         290   876454.028864796     
         291   876477.462881380     
         292   876357.002924570     
         293   876097.934309958     
         294   875705.455731357     
         295   875184.673378325     
         296   874540.595803060     
         297   873778.129490539     
         298   872902.075086758     
         299   871917.124241140     
         300   870827.857020515     
         301   869638.739853516     
         302   868354.123965797     
         303   866978.244268078     
         304   865515.218660659     
         305   863969.047719765     
         306   862343.614732765     
         307   860642.686050990     
         308   858869.911730591     
         309   857028.826433523     
         310   855122.850562370     
         311   853155.291604343     
         312   851129.345661306     
         313   849048.099144217     
         314   846914.530611794     
         315   844731.512734638     
         316   842501.814367363     
         317   840228.102712579     
         318   837912.945561780     
         319   835558.813599374     
         320   833168.082757163     
         321   830743.036607654     
         322   828285.868785558     
         323   825798.685427755     
         324   823283.507622890     
         325   820742.273862585     
         326   818176.842487020     
         327   815588.994118346     
         328   812980.434076091     
         329   810352.794769317     
         330   807707.638060897     
         331   805046.457599788     
         332   802370.681117717     
         333   799681.672687133     
         334   796980.734937707     
         335   794269.111229081     
         336   791547.987777896     
         337   788818.495737483     
         338   786081.713228912     
         339   783338.667322343     
         340   780590.335967909     
         341   777837.649875576     
         342   775081.494343627     
         343   772322.711035631     
         344   769562.099705893     
         345   766800.419873572     
         346   764038.392445759     
         347   761276.701289944     
         348   758515.994756417     
         349   755756.887151223     
         350   752999.960160384     
         351   750245.764226187     
         352   747494.819876374     
         353   744747.619007147     
         354   742004.626120931     
         355   739266.279519889     
         356   736532.992456193     
         357   733805.154240107     
         358   731083.131306939     
         359   728367.268243924     
         360   725657.888778143     
         361   722955.296726538     
         362   720259.776909137     
         363   717571.596026562     
         364   714891.003502885     
         365   712218.232294941     
         366   709553.499669110     
         367   706897.007946665     
         368   704248.945218669     
         369   701609.486031474     
         370   698978.792043807     
         371   696357.012656417     
         372   693744.285615244     
         373   691140.737589058     
         374   688546.484722468     
         375   685961.633165217     
         376   683386.279578606     
         377   680820.511619928     
         378   678264.408405717     
         379   675718.040954618     
         380   673181.472610674     
         381   670654.759447764     
         382   668137.950655946     
         383   665631.088910406     
         384   663134.210723709     
         385   660647.346782010     
         386   658170.522265890     
         387   655703.757156409     
         388   653247.066527018     
         389   650800.460821874     
         390   648363.946121153     
         391   645937.524393875     
         392   643521.193738791     
         393   641114.948613803     
         394   638718.780054443     
         395   636332.675881837     
         396   633956.620900634     
         397   631590.597087319     
         398   629234.583769333     
         399   626888.557795392     
         400   624552.493697398     
         401   622226.363844313     
         402   619910.138588340     
         403   617603.786403769     
         404   615307.274018799     
         405   613020.566540660     
         406   610743.627574341     
         407   608476.419335198     
         408   606218.902755738     
         409   603971.037586830     
         410   601732.782493606     
         411   599504.095146298     
         412   597284.932306239     
         413   595075.249907256     
         414   592875.003132671     
         415   590684.146488112     
         416   588502.633870337     
         417   586330.418632251     
         418   584167.453644303     
         419   582013.691352436     
         420   579869.083832748     
         421   577733.582843032     
         422   575607.139871334     
         423   573489.706181684     
         424   571381.232857131     
         425   569281.670840220     
         426   567190.970971026     
         427   565109.084022880     
         428   563035.960735886     
         429   560971.551848356     
         430   558915.808126246     
         431   556868.680390720     
         432   554830.119543909     
         433   552800.076592976     
         434   550778.502672570     
         435   548765.349065740     
         436   546760.567223410     
         437   544764.108782463     
         438   542775.925582534     
         439   540795.969681556     
         440   538824.193370140     
         441   536860.549184848     
         442   534904.989920412     
         443   532957.468640962     
         444   531017.938690315     
         445   529086.353701376     
         446   527162.667604695     
         447   525246.834636241     
         448   523338.809344415     
         449   521438.546596367     
         450   519546.001583636     
         451   517661.129827173     
         452   515783.887181758     
         453   513914.229839869     
         454   512052.114335023     
         455   510197.497544620     
         456   508350.336692320     
         457   506510.589349994     
         458   504678.213439254     
         459   502853.167232599     
         460   501035.409354206     
         461   499224.898780382     
         462   497421.594839691     
         463   495625.457212799     
         464   493836.445932032     
         465   492054.521380677     
         466   490279.644292052     
         467   488511.775748341     
         468   486750.877179228     
         469   484996.910360335     
         470   483249.837411482     
         471   481509.620794786     
         472   479776.223312593     
         473   478049.608105291     
         474   476329.738648973     
         475   474616.578752993     
         476   472910.092557410     
         477   471210.244530333     
         478   469516.999465174     
         479   467830.322477823     
         480   466150.179003747     
         481   464476.534795024     
         482   462809.355917320     
         483   461148.608746806     
         484   459494.259967041     
         485   457846.276565806     
         486   456204.625831910     
         487   454569.275351962     
         488   452940.193007120     
         489   451317.346969829     
         490   449700.705700529     
         491   448090.237944364     
         492   446485.912727883     
         493   444887.699355733     
         494   443295.567407350     
         495   441709.486733666     
         496   440129.427453806     
         497   438555.359951804     
         498   436987.254873328     
         499   435425.083120168     
         500   433868.357235566     
