         100   1812.74114063091     
         101   2933.81303393200     
         102   4254.89820962596     
         103   5722.21414253654     
         104   7290.11175584996     
         105   8922.52834661993     
         106   10592.1828895984     
         107   12279.0637367252     
         108   13968.8768737336     
         109   15651.6975322942     
         110   17320.8812660414     
         111   18972.2173073665     
         112   20603.2841120666     
         113   22212.9648266696     
         114   23801.0856836903     
         115   25368.1473939649     
         116   26915.1262684420     
         117   28443.3273723520     
         118   29954.2764142207     
         119   31449.6404433489     
         120   32931.1699693564     
         121   34400.6570133478     
         122   35859.9050086804     
         123   37310.7075134503     
         124   38754.8334707282     
         125   40194.0173267176     
         126   41629.9527436506     
         127   43064.2889619249     
         128   44498.6291030913     
         129   45934.5298826659     
         130   47373.5023347454     
         131   48817.0132503357     
         132   50266.4871065524     
         133   51723.3083205961     
         134   53188.8237052614     
         135   54664.3450351271     
         136   56151.1516570695     
         137   57650.4930972652     
         138   59163.5916308356     
         139   60691.6447908461     
         140   62235.8278013167     
         141   63797.2959248536     
         142   65377.1867199644     
         143   66976.6222064106     
         144   68596.7109393799     
         145   70238.5499950231     
         146   71903.2268711654     
         147   73591.8213078924     
         148   75305.4070333218     
         149   77045.0534402778     
         150   78811.8271998436     
         151   80606.7938179184     
         152   82431.0191409889     
         153   84285.5708173655     
         154   86171.5197201476     
         155   88089.9413381950     
         156   90041.9171414015     
         157   92028.5359266053     
         158   94050.8951505403     
         159   96110.1022563382     
         160   98207.2760002501     
         161   100343.547785468     
         162   102520.063010203     
         163   104737.982437551     
         164   106998.483595093     
         165   109302.762212790     
         166   111652.033708362     
         167   114047.534730228     
         168   116490.524769096     
         169   118982.287850566     
         170   121524.134322677     
         171   124117.402754272     
         172   126763.461962474     
         173   129463.713190638     
         174   132219.592461950     
         175   135032.573138739     
         176   137904.168723636     
         177   140835.935946378     
         178   143829.478189437     
         179   146886.449317128     
         180   150008.557986393     
         181   153197.572533137     
         182   156455.326545400     
         183   159783.725253146     
         184   163184.752882858     
         185   166660.481141768     
         186   170213.079009181     
         187   173844.824018164     
         188   177558.115206662     
         189   181355.487899402     
         190   185239.630447280     
         191   189213.402996339     
         192   193279.858281489     
         193   197442.264339922     
         194   201704.128915996     
         195   206069.225185742     
         196   210541.618269316     
         197   215125.691830219     
         198   219826.173889173     
         199   224648.160817972     
         200   229597.138335134     
         201   234678.998211804     
         202   239900.049323508     
         203   245267.021660197     
         204   250787.061940760     
         205   256467.719573088     
         206   262316.921858291     
         207   268342.937555547     
         208   274554.328196910     
         209   280959.886860398     
         210   287568.564463512     
         211   294389.384014305     
         212   301431.343638406     
         213   308703.309572490     
         214   316213.900662405     
         215   323971.366213477     
         216   331983.459299183     
         217   340257.307832433     
         218   348799.285834196     
         219   357614.887392859     
         220   366708.605793675     
         221   376083.820212707     
         222   385742.692218569     
         223   395686.074114815     
         224   405913.430894969     
         225   416422.777280997     
         226   427210.630985585     
         227   438271.982990176     
         228   449600.285275535     
         229   461187.456090248     
         230   473023.902504664     
         231   485098.559681816     
         232   497398.946009887     
         233   509911.232988325     
         234   522620.328545802     
         235   535509.972295298     
         236   548562.841100761     
         237   561760.663240712     
         238   575084.339405488     
         239   588514.068754107     
         240   602029.478280865     
         241   615609.753796964     
         242   629233.770914542     
         243   642880.224525194     
         244   656527.755387729     
         245   670155.072576440     
         246   683741.070687072     
         247   697264.940849258     
         248   710706.274747729     
         249   724045.161006938     
         250   737262.273442124     
         251   750338.950821888     
         252   763257.267921166     
         253   776000.097767591     
         254   788551.165097510     
         255   800895.091139645     
         256   813017.429934131     
         257   824904.696472400     
         258   836544.387009065     
         259   847924.991951183     
         260   859036.001773341     
         261   869867.906439692     
         262   880412.188837125     
         263   890661.312737910     
         264   900608.705816452     
         265   910248.738243924     
         266   919576.697377556     
         267   928588.759049054     
         268   937281.955939791     
         269   945654.143509963     
         270   953703.963925460     
         271   961430.808400511     
         272   968834.778346849     
         273   975916.645691730     
         274   982677.812698155     
         275   989120.271591514     
         276   995246.564267982     
         277   1001059.74233163     
         278   1006563.32767972     
         279   1011761.27382908     
         280   1016657.92815137     
         281   1021257.99516072     
         282   1025566.50097523     
         283   1029588.75905234     
         284   1033330.33727889     
         285   1036797.02647859     
         286   1039994.81038341     
         287   1042929.83710026     
         288   1045608.39209107     
         289   1048036.87267234     
         290   1050221.76402953     
         291   1052169.61673211     
         292   1053887.02572733     
         293   1055380.61078306     
         294   1056656.99834470     
         295   1057722.80476555     
         296   1058584.62086627     
         297   1059248.99777545     
         298   1059722.43400077     
         299   1060011.36367843     
         300   1060122.14594692     
         301   1060061.05539056     
         302   1059834.27349788     
         303   1059447.88107996     
         304   1058907.85159419     
         305   1058220.04531984     
         306   1057390.20433265     
         307   1056423.94822705     
         308   1055326.77053585     
         309   1054104.03579904     
         310   1052760.97723477     
         311   1051302.69496771     
         312   1049734.15477140     
         313   1048060.18728358     
         314   1046285.48765501     
         315   1044414.61559456     
         316   1042451.99577502     
         317   1040401.91856615     
         318   1038268.54106343     
         319   1036055.88838261     
         320   1033767.85519217     
         321   1031408.20745755     
         322   1028980.58437254     
         323   1026488.50045501     
         324   1023935.34778580     
         325   1021324.39837084     
         326   1018658.80660835     
         327   1015941.61184410     
         328   1013175.74099909     
         329   1010364.01125536     
         330   1007509.13278664     
         331   1004613.71152185     
         332   1001680.25193031     
         333   998711.159818760     
         334   995708.745130944     
         335   992675.224741558     
         336   989612.725237180     
         337   986523.285677441     
         338   983408.860330523     
         339   980271.321377646     
         340   977112.461581890     
         341   973933.996917192     
         342   970737.569153949     
         343   967524.748398095     
         344   964297.035580991     
         345   961055.864897883     
         346   957802.606193027     
         347   954538.567289972     
         348   951264.996265780     
         349   947983.083668242     
         350   944693.964675444     
         351   941398.721197244     
         352   938098.383918453     
         353   934793.934283701     
         354   931486.306424151     
         355   928176.389026361     
         356   924865.027143765     
         357   921553.023951337     
         358   918241.142444132     
         359   914930.107080477     
         360   911620.605370702     
         361   908313.289412315     
         362   905008.777372657     
         363   901707.654920073     
         364   898410.476604699     
         365   895117.767190004     
         366   891830.022936253     
         367   888547.712837074     
         368   885271.279810322     
         369   882001.141844483     
         370   878737.693101800     
         371   875481.304979378     
         372   872232.327129463     
         373   868991.088440128     
         374   865757.897977555     
         375   862533.045891124     
         376   859316.804282480     
         377   856109.428039740     
         378   852911.155638003     
         379   849722.209907270     
         380   846542.798768896     
         381   843373.115941652     
         382   840213.341618461     
         383   837063.643114843     
         384   833924.175490091     
         385   830795.082142155     
         386   827676.495377206     
         387   824568.536954819     
         388   821471.318609673     
         389   818384.942550682     
         390   815309.501938386     
         391   812245.081341465     
         392   809191.757173164     
         393   806149.598108433     
         394   803118.665482527     
         395   800099.013671805     
         396   797090.690457452     
         397   794093.737372794     
         398   791108.190034871     
         399   788134.078460934     
         400   785171.427370449     
         401   782220.256473235     
         402   779280.580744296     
         403   776352.410685907     
         404   773435.752577485     
         405   770530.608713774     
         406   767636.977631813     
         407   764754.854327200     
         408   761884.230460074     
         409   759025.094551285     
         410   756177.432169164     
         411   753341.226107301     
         412   750516.456553726     
         413   747703.101251870     
         414   744901.135653666     
         415   742110.533065137     
         416   739331.264784805     
         417   736563.300235237     
         418   733806.607088049     
         419   731061.151382638     
         420   728326.897638946     
         421   725603.808964516     
         422   722891.847156103     
         423   720190.972796079     
         424   717501.145343888     
         425   714822.323222757     
         426   712154.463901903     
         427   709497.523974427     
         428   706851.459231104     
         429   704216.224730258     
         430   701591.774863905     
         431   698978.063420346     
         432   696375.043643363     
         433   693782.668288190     
         434   691200.889674412     
         435   688629.659735930     
         436   686068.930068141     
         437   683518.651972466     
         438   680978.776498344     
         439   678449.254482832     
         440   675930.036587901     
         441   673421.073335578     
         442   670922.315141003     
         443   668433.712343519     
         444   665955.215235896     
         445   663486.774091778     
         446   661028.339191436     
         447   658579.860845919     
         448   656141.289419676     
         449   653712.575351740     
         450   651293.669175524     
         451   648884.521537327     
         452   646485.083213589     
         453   644095.305126984     
         454   641715.138361388     
         455   639344.534175802     
         456   636983.444017265     
         457   634631.819532824     
         458   632289.612580604     
         459   629956.775240031     
         460   627633.259821242     
         461   625319.018873740     
         462   623014.005194327     
         463   620718.171834349     
         464   618431.472106304     
         465   616153.859589841     
         466   613885.288137172     
         467   611625.711877959     
         468   609375.085223671     
         469   607133.362871469     
         470   604900.499807630     
         471   602676.451310539     
         472   600461.172953282     
         473   598254.620605853     
         474   596056.750437009     
         475   593867.518915773     
         476   591686.882812637     
         477   589514.799200459     
         478   587351.225455079     
         479   585196.119255678     
         480   583049.438584885     
         481   580911.141728661     
         482   578781.187275964     
         483   576659.534118213     
         484   574546.141448563     
         485   572440.968761007     
         486   570343.975849316     
         487   568255.122805820     
         488   566174.370020052     
         489   564101.678177267     
         490   562037.008256827     
         491   559980.321530478     
         492   557931.579560526     
         493   555890.744197916     
         494   553857.777580210     
         495   551832.642129507     
         496   549815.300550265     
         497   547805.715827062     
         498   545803.851222535     
         499   543809.670431993     
         500   541823.282185888     
