         100   1812.74114063091     
         102   4254.88211062918     
         104   7290.04568454203     
         106   10592.0144233781     
         108   13968.5527200295     
         110   17320.3559065310     
         112   20602.5196329592     
         114   23800.0473951004     
         116   26913.7775786186     
         118   29952.5743410266     
         120   32929.0614780918     
         122   35857.3239183128     
         124   38751.6975831867     
         126   41626.1608872054     
         128   44494.0578379897     
         130   47368.0021124673     
         132   50259.8776962081     
         134   53180.8887036317     
         136   56141.6318860428     
         138   59152.1772002156     
         140   62222.1485775760     
         142   65360.8008927568     
         144   68577.0913167229     
         146   71879.7444595390     
         148   75277.3113680282     
         150   78778.2227805114     
         152   82390.8371927455     
         154   86123.4843371655     
         156   89984.5046691198     
         158   93982.2854167079     
         160   98125.2937010885     
         162   102422.107180779     
         164   106881.442621420     
         166   111512.182744255     
         168   116323.401663243     
         170   121324.389182607     
         172   126524.674193572     
         174   131934.047380730     
         176   137562.583424474     
         178   143420.662865771     
         180   149518.993782826     
         182   155868.633415535     
         184   162481.009862691     
         186   169367.943968389     
         188   176541.671507943     
         190   184014.865779414     
         192   191800.660704740     
         194   199912.674544232     
         196   208365.034329869     
         198   217172.401126484     
         200   226349.996235514     
         202   235913.628463800     
         204   245879.722589907     
         206   256265.349172935     
         208   267088.255863893     
         210   278366.900397733     
         212   290120.485465111     
         214   302368.995687202     
         216   315133.236944384     
         218   328434.878339581     
         220   342296.497109253     
         222   356741.626827551     
         224   371794.809283163     
         226   387481.650451278     
         228   403828.881060786     
         230   420864.422419819     
         232   438617.458477832     
         234   457118.515584205     
         236   476399.551870299     
         238   496494.058046953     
         240   517437.169539584     
         242   539265.784767492     
         244   562018.674847678     
         246   585736.556561524     
         248   610462.086691219     
         250   636239.729305732     
         252   663115.458568477     
         254   691136.297985933     
         256   720349.767127147     
         258   750803.402956806     
         260   782544.626941485     
         262   815621.312737046     
         264   850083.440750260     
         266   885986.179216602     
         268   923394.595440975     
         270   962389.984453502     
         272   1003077.53446254     
         274   1045594.77225911     
         276   1090119.99483647     
         278   1136879.73769694     
         280   1186154.28302146     
         282   1238280.28083135     
         284   1293649.73403735     
         286   1352704.86046946     
         288   1415928.66046934     
         290   1483831.35450523     
         292   1556933.18121901     
         294   1635744.33671976     
         296   1720743.07024954     
         298   1812353.11368595     
         300   1910921.70132144     
         302   2016699.42562740     
         304   2129823.07413340     
         306   2250302.40933186     
         308   2378011.60258466     
         310   2512685.73610742     
         312   2653922.47055983     
         314   2801188.66726154     
         316   2953831.47914971     
         318   3111093.20369376     
         320   3272129.03727103     
         322   3436026.78916787     
         324   3601827.60203136     
         326   3768546.77571726     
         328   3935193.89031079     
         330   4100791.55678044     
         332   4264392.27522300     
         334   4425093.03726764     
         336   4582047.45957801     
         338   4734475.37103711     
         340   4881669.89158486     
         342   5023002.13297367     
         344   5157923.72036080     
         346   5285967.37985301     
         348   5406745.86323897     
         350   5519949.49027134     
         352   5625342.58436168     
         354   5722759.06277076     
         356   5812097.42040549     
         358   5893315.31987973     
         360   5966423.97181405     
         362   6031482.46022777     
         364   6088592.13966153     
         366   6137891.20430949     
         368   6179549.50554744     
         370   6213763.67315266     
         372   6240752.57734263     
         374   6260753.15347203     
         376   6274016.59866857     
         378   6280804.93963052     
         380   6281387.96298656     
         382   6276040.49374454     
         384   6265040.00314726     
         386   6248664.52443703     
         388   6227190.85335679     
         390   6200893.00945695     
         392   6170040.93423684     
         394   6134899.40265563     
         396   6095727.12545655     
         398   6052776.02093964     
         400   6006290.63619480     
         402   5956507.69929019     
         404   5903655.78543997     
         406   5847955.08170377     
         408   5789617.23626196     
         410   5728845.27974352     
         412   5665833.60743836     
         414   5600768.01249565     
         416   5533825.76138784     
         418   5465175.70400819     
         420   5394978.41176898     
         422   5323386.33798511     
         424   5250543.99567012     
         426   5176588.14864834     
         428   5101648.01260729     
         430   5025845.46339036     
         432   4949295.25047244     
         434   4872105.21418239     
         436   4794376.50584942     
         438   4716203.81066710     
         440   4637675.57370239     
         442   4558874.23013967     
         444   4479876.44155276     
         446   4400753.34075217     
         448   4321570.78856802     
         450   4242389.64680768     
         452   4163266.07257092     
         454   4084251.84010997     
         456   4005394.69747368     
         458   3926738.76624715     
         460   3848324.99375039     
         462   3770191.66802872     
         464   3692375.00676192     
         466   3614909.83171310     
         468   3537830.34035553     
         470   3461170.98562213     
         472   3384967.47300537     
         474   3309257.88108454     
         476   3234083.90644129     
         478   3159492.22615932     
         480   3085535.95981887     
         482   3012276.19699471     
         484   2939783.53437272     
         486   2868139.53701376     
         488   2797437.99892361     
         490   2727785.82638836     
         492   2659303.30043973     
         494   2592123.38872774     
         496   2526389.68335896     
         498   2462256.00729037     
         500   2400724.07049253     
