         100   1812.74114063091     
         102   4254.90212149972     
         104   7290.12922716806     
         106   10592.2291685695     
         108   13968.9675908123     
         110   17321.0297109481     
         112   20603.5012540203     
         114   23801.3815009767     
         116   26915.5112995127     
         118   29954.7631028003     
         120   32931.7737501375     
         122   35860.6452168818     
         124   38755.7341832278     
         126   41631.0436464321     
         128   44499.9464612924     
         130   47375.0901280618     
         132   50268.3983860225     
         134   53191.1222267942     
         136   56153.9138513588     
         138   59166.9089777100     
         140   62239.8096887237     
         142   65381.9638837056     
         144   68602.4395997841     
         146   71910.0937078209     
         148   75313.6351698426     
         150   78821.6834088820     
         152   82442.8225272890     
         154   86185.6521990107     
         156   90058.8361050696     
         158   94071.1488106514     
         160   98231.5220175659     
         162   102549.091183342     
         164   107033.243593309     
         166   111693.669124696     
         168   116540.415184821     
         170   121583.947701180     
         172   126835.220714262     
         174   132305.758317623     
         176   138007.754844132     
         178   143954.203015503     
         180   150159.066196165     
         182   156637.520861726     
         184   163406.309275699     
         186   170484.259089327     
         188   177893.042700931     
         190   185658.258508963     
         192   193810.910322805     
         194   202389.331781800     
         196   211441.544482966     
         198   221027.952952231     
         200   231224.176485990     
         202   242123.715208841     
         204   253840.068185768     
         206   266507.887166123     
         208   280282.775971467     
         210   295339.436926222     
         212   311868.013386525     
         214   330068.661278940     
         216   350144.575446030     
         218   372293.869945767     
         220   396700.840878057     
         222   423527.209736058     
         224   452903.948905120     
         226   484924.232977172     
         228   519637.952207633     
         230   557048.084815269     
         232   597109.071615524     
         234   639727.187099316     
         236   684762.769574148     
         238   732034.068944759     
         240   781322.398992391     
         242   832378.242239067     
         244   884927.946935348     
         246   938680.672405380     
         248   993335.274748392     
         250   1048586.87328394     
         252   1104132.89311495     
         254   1159678.43562236     
         256   1214940.88256620     
         258   1269653.68789014     
         260   1323569.35254551     
         262   1376461.61084682     
         264   1428126.88197111     
         266   1478385.05769531     
         268   1527079.70816414     
         270   1574077.79243208     
         272   1619268.96083488     
         274   1662564.53300387     
         276   1703896.22954005     
         278   1743214.72788875     
         280   1780488.10453310     
         282   1815700.21684198     
         284   1848849.06921756     
         286   1879945.19991431     
         288   1909010.11726881     
         290   1936074.80722054     
         292   1961178.32798438     
         294   1984366.50256763     
         296   2005690.71548194     
         298   2025206.81643151     
         300   2042974.13089438     
         302   2059054.57527636     
         304   2073511.87262581     
         306   2086410.86367394     
         308   2097816.90713317     
         310   2107795.36267780     
         312   2116411.14978246     
         314   2123728.37555276     
         316   2129810.02479894     
         318   2134717.70583947     
         320   2138511.44584234     
         322   2141249.52989040     
         324   2142988.37837052     
         326   2143782.45771770     
         328   2143684.21997955     
         330   2142744.06709442     
         332   2141010.33618921     
         334   2138529.30259560     
         336   2135345.19765220     
         338   2131500.23870285     
         340   2127034.66901688     
         342   2121986.80564521     
         344   2116393.09348808     
         346   2110288.16408543     
         348   2103704.89785217     
         350   2096674.48866889     
         352   2089226.50990509     
         354   2081388.98109915     
         356   2073188.43464856     
         358   2064649.98197658     
         360   2055797.37873993     
         362   2046653.08872686     
         364   2037238.34616861     
         366   2027573.21624964     
         368   2017676.65365612     
         370   2007566.55904727     
         372   1997259.83337289     
         374   1986772.42999212     
         376   1976119.40457578     
         378   1965314.96279607     
         380   1954372.50582596     
         382   1943304.67368463     
         384   1932123.38647716     
         386   1920839.88358546     
         388   1909464.76087426     
         390   1898008.00598091     
         392   1886479.03176133     
         394   1874886.70796634     
         396   1863239.39122384     
         398   1851544.95340252     
         400   1839810.80843230     
         402   1828043.93765538     
         404   1816250.91378061     
         406   1804437.92351172     
         408   1792610.78891792     
         410   1780774.98761290     
         412   1768935.67180606     
         414   1757097.68628667     
         416   1745265.58539966     
         418   1733443.64906865     
         420   1721635.89791924     
         422   1709846.10755324     
         424   1698077.82202168     
         426   1686334.36654213     
         428   1674618.85950328     
         430   1662934.22379774     
         432   1651283.19752133     
         434   1639668.34407541     
         436   1628092.06170649     
         438   1616556.59251550     
         440   1605064.03096730     
         442   1593616.33192903     
         444   1582215.31826464     
         446   1570862.68801084     
         448   1559560.02115863     
         450   1548308.78606295     
         452   1537110.34550174     
         454   1525965.96240437     
         456   1514876.80526832     
         458   1503843.95328167     
         460   1492868.40116828     
         462   1481951.06377110     
         464   1471092.78038850     
         466   1460294.31887741     
         468   1449556.37953630     
         470   1438879.59878040     
         472   1428264.55262053     
         474   1417711.75995661     
         476   1407221.68569588     
         478   1396794.74370571     
         480   1386431.29960983     
         482   1376131.67343674     
         484   1365896.14212823     
         486   1355724.94191563     
         488   1345618.27057098     
         490   1335576.28953987     
         492   1325599.12596214     
         494   1315686.87458680     
         496   1305839.59959339     
         498   1296057.33935594     
         500   1286341.80718685     
