         100   1812.74114063091     
         102   4254.89800778717     
         104   7290.11130191095     
         106   10592.1823414734     
         108   13968.8764406854     
         110   17320.8810659735     
         112   20603.2841573607     
         114   23801.0859258424     
         116   26915.1266447246     
         118   29954.2768782595     
         120   32931.1705066204     
         122   35859.9056425961     
         124   38754.8342644064     
         126   41629.9538004467     
         128   44498.6305677947     
         130   47373.5043963264     
         132   50266.4900029363     
         134   53188.8277304153     
         136   56151.1571706461     
         138   59163.5990706672     
         140   62235.8376991417     
         142   65377.1997208953     
         144   68596.7278257690     
         146   71903.2485917028     
         148   75305.4347384099     
         150   78811.8622845447     
         152   82431.0632971534     
         154   86171.5749997127     
         156   90041.9860333248     
         158   94050.9806744495     
         160   98207.3818206676     
         162   102520.193576255     
         164   106998.644312025     
         166   111652.231149291     
         168   116490.766938748     
         170   121524.430991220     
         172   126763.825101453     
         174   132220.036848689     
         176   137904.712869039     
         178   143830.145970128     
         180   150009.381913425     
         182   156456.354862381     
         184   163186.065356435     
         186   170214.821474638     
         188   177560.572191588     
         190   185243.370200894     
         192   193286.006515739     
         194   201714.856358879     
         196   210560.960179413     
         198   219861.331357947     
         200   229660.433010223     
         202   240011.705083371     
         204   250978.959838485     
         206   262637.412812785     
         208   275074.092042492     
         210   288387.381949432     
         212   302685.514321880     
         214   318083.913163287     
         216   334701.420626109     
         218   352655.559955011     
         220   372057.108669078     
         222   393004.343628156     
         224   415577.367050120     
         226   439832.924011892     
         228   465800.079781957     
         230   493477.047802578     
         232   522829.358431026     
         234   553789.448254810     
         236   586257.642737412     
         238   620104.411545512     
         240   655173.703253178     
         242   691287.117763542     
         244   728248.651058861     
         246   765849.745560860     
         248   803874.396514073     
         250   842104.095570812     
         252   880322.432165075     
         254   918319.216696867     
         256   955894.033117244     
         258   992859.169218853     
         260   1029041.90874226     
         262   1064286.19911515     
         264   1098453.73179173     
         266   1131424.48886566     
         268   1163096.82040957     
         270   1193387.12261912     
         272   1222229.18820819     
         274   1249573.29854066     
         276   1275385.12257597     
         278   1299644.48164259     
         280   1322344.03201328     
         282   1343487.90979034     
         284   1363090.37514739     
         286   1381174.48583234     
         288   1397770.82323200     
         290   1412916.28836594     
         292   1426652.97998450     
         294   1439027.16251008     
         296   1450088.32786184     
         298   1459888.35219539     
         300   1468480.74620910     
         302   1475919.99584570     
         304   1482260.98887808     
         306   1487558.52193848     
         308   1491866.88196144     
         310   1495239.49569933     
         312   1497728.64087876     
         314   1499385.21264635     
         316   1500258.53916136     
         318   1500396.24049414     
         320   1499844.12535396     
         322   1498646.12057330     
         324   1496844.22869874     
         326   1494478.50946697     
         328   1491587.08136576     
         330   1488206.13988633     
         332   1484369.98945965     
         334   1480111.08643020     
         336   1475460.09075519     
         338   1470445.92442320     
         340   1465095.83486463     
         342   1459435.46187658     
         344   1453488.90680939     
         346   1447278.80296064     
         348   1440826.38629886     
         350   1434151.56579304     
         352   1427272.99275904     
         354   1420208.12875072     
         356   1412973.31162407     
         358   1405583.81948952     
         360   1398053.93234059     
         362   1390396.99120970     
         364   1382625.45475411     
         366   1374750.95321846     
         368   1366784.33975667     
         370   1358735.73912500     
         372   1350614.59378229     
         374   1342429.70745192     
         376   1334189.28621496     
         378   1325900.97721531     
         380   1317571.90506559     
         382   1309208.70604854     
         384   1300817.56021226     
         386   1292404.22145960     
         388   1283974.04573246     
         390   1275532.01739128     
         392   1267082.77388832     
         394   1258630.62883128     
         396   1250179.59353084     
         398   1241733.39712253     
         400   1233295.50534982     
         402   1224869.13809168     
         404   1216457.28571386     
         406   1208062.72431922     
         408   1199688.02996886     
         410   1191335.59194129     
         412   1183007.62509376     
         414   1174706.18138567     
         416   1166433.16062053     
         418   1158190.32045963     
         420   1149979.28575695     
         422   1141801.55726204     
         424   1133658.51973412     
         426   1125551.44950842     
         428   1117481.52155228     
         430   1109449.81604680     
         432   1101457.32452672     
         434   1093504.95560943     
         436   1085593.54034160     
         438   1077723.83719011     
         440   1069896.53670196     
         442   1062112.26585623     
         444   1054371.59212938     
         446   1046675.02729383     
         448   1039023.03096827     
         450   1031416.01393676     
         452   1023854.34125260     
         454   1016338.33514178     
         456   1008868.27771964     
         458   1001444.41353353     
         460   994066.951943328     
         462   986736.069350767     
         464   979451.911287748     
         466   972214.594373177     
         468   965024.208147075     
         470   957880.816790157     
         472   950784.460736474     
         474   943735.158186166     
         476   936732.906524903     
         478   929777.683656093     
         480   922869.449251550     
         482   916008.145925880     
         484   909193.700339503     
         486   902426.024234874     
         488   895705.015410158     
         490   889030.558634318     
         492   882402.526507299     
         494   875820.780268754     
         496   869285.170560114     
         498   862795.539076737     
         500   856352.463169627     
