         100   1812.74114063091     
         101   2933.80824029888     
         102   4254.88535833323     
         103   5722.18593784219     
         104   7290.05870954633     
         105   8922.43965252388     
         106   10592.0473479193     
         107   12278.8704767031     
         108   13968.6157857000     
         109   15651.3594288326     
         110   17320.4578390701     
         111   18971.7009547332     
         112   20602.6676949390     
         113   22212.2414013446     
         114   23800.2482351509     
         115   25367.1885859515     
         116   26914.0382161448     
         117   28442.1014383782     
         118   29952.9030253777     
         119   31448.1089242372     
         120   32929.4683881901     
         121   34398.7720354108     
         122   35857.8217530978     
         123   37308.4094093478     
         124   38752.3021092647     
         125   40191.2323058467     
         126   41626.8915027832     
         127   43060.9266039044     
         128   44494.9382010611     
         129   45930.4802695134     
         130   47369.0608728455     
         131   48812.1435793028     
         132   50261.1493666477     
         133   51717.4588493294     
         134   53182.4147045777     
         135   54657.3242063834     
         136   56143.4618007876     
         137   57642.0716743846     
         138   59154.3702819018     
         139   60681.5488092384     
         140   62224.7755562501     
         141   63785.1982294831     
         142   65363.9461394642     
         143   66962.1323004024     
         144   68580.8554325297     
         145   70221.2018690163     
         146   71884.2473705973     
         147   73571.0588518665     
         148   75282.6960237285     
         149   77020.2129568186     
         150   78784.6595708625     
         151   80577.0830549905     
         152   82398.5292239891     
         153   84250.0438153708     
         154   86132.6737320137     
         155   88047.4682349610     
         156   89995.4800908007     
         157   91977.7666778654     
         158   93995.3910553192     
         159   96049.4229990243     
         160   98140.9400079254     
         161   100271.028284531     
         162   102440.783692942     
         163   104651.312697764     
         164   106903.733287108     
         165   109199.175882837     
         166   111538.784241112     
         167   113923.716346261     
         168   116355.145300945     
         169   118834.260215605     
         170   121362.267100159     
         171   123940.389760968     
         172   126569.870706114     
         173   129251.972062158     
         174   131987.976505579     
         175   134779.188212290     
         176   137626.933828742     
         177   140532.563468324     
         178   143497.451737019     
         179   146522.998792495     
         180   149610.631441147     
         181   152761.804277969     
         182   155978.000874514     
         183   159260.735020695     
         184   162611.552026720     
         185   166032.030092074     
         186   169523.781749177     
         187   173088.455390200     
         188   176727.736886431     
         189   180443.351310760     
         190   184237.064775103     
         191   188110.686396135     
         192   192066.070404520     
         193   196105.118415006     
         194   200229.781877413     
         195   204442.064731841     
         196   208744.026295600     
         197   213137.784414738     
         198   217625.518920049     
         199   222209.475436768     
         200   226891.969609567     
         201   231675.391821075     
         202   236562.212504200     
         203   241554.988177627     
         204   246656.368371529     
         205   251869.103658480     
         206   257196.055064013     
         207   262640.205203095     
         208   268204.671572641     
         209   273892.722524501     
         210   279707.796544524     
         211   285653.525565745     
         212   291733.763139114     
         213   297952.618363114     
         214   304314.496521246     
         215   310824.147379615     
         216   317486.722040945     
         217   324307.839122378     
         218   331293.660810679     
         219   338450.979042011     
         220   345787.311651810     
         221   353311.007847393     
         222   361031.361783301     
         223   368958.732386027     
         224   377104.666907333     
         225   385482.025016291     
         226   394105.099607023     
         227   402989.729941318     
         228   412153.402302329     
         229   421615.333043773     
         230   431396.528809190     
         231   441519.818790596     
         232   452009.854207991     
         233   462893.070722518     
         234   474197.610236524     
         235   485953.199462421     
         236   498190.983727582     
         237   510943.315684902     
         238   524243.499871929     
         239   538125.495355940     
         240   552623.579967157     
         241   567771.980808448     
         242   583604.476792115     
         243   600153.979854073     
         244   617452.102201616     
         245   635528.717440993     
         246   654411.523692579     
         247   674125.616831205     
         248   694693.081793391     
         249   716132.609485711     
         250   738459.146230742     
         251   761683.581925570     
         252   785812.482193777     
         253   810847.868818345     
         254   836787.051684607     
         255   863622.514372960     
         256   891341.854452983     
         257   919927.778473339     
         258   949358.150641510     
         259   979606.093266082     
         260   1010640.13620954     
         261   1042424.41188455     
         262   1074918.89173022     
         263   1108079.65963099     
         264   1141859.21739100     
         265   1176206.81714688     
         266   1211068.81548761     
         267   1246389.04404218     
         268   1282109.19138437     
         269   1318169.19127856     
         270   1354507.61253751     
         271   1391062.04607151     
         272   1427769.48506431     
         273   1464566.69460363     
         274   1501390.56751081     
         275   1538178.46354470     
         276   1574868.52958968     
         277   1611399.99886811     
         278   1647713.46763604     
         279   1683751.14822165     
         280   1719457.09764392     
         281   1754777.42139933     
         282   1789660.45232623     
         283   1824056.90474533     
         284   1857920.00433227     
         285   1891205.59440172     
         286   1923872.21947431     
         287   1955881.18715703     
         288   1987196.60949794     
         289   2017785.42507648     
         290   2047617.40316574     
         291   2076665.13135313     
         292   2104903.98803384     
         293   2132312.10120047     
         294   2158870.29494275     
         295   2184562.02504788     
         296   2209373.30505465     
         297   2233292.62406747     
         298   2256310.85757968     
         299   2278421.17249260     
         300   2299618.92744804     
         301   2319901.56951975     
         302   2339268.52823494     
         303   2357721.10782082     
         304   2375262.37849551     
         305   2391897.06754745     
         306   2407631.45087371     
         307   2422473.24557656     
         308   2436431.50414849     
         309   2449516.51071072     
         310   2461739.67970770     
         311   2473113.45740179     
         312   2483651.22645743     
         313   2493367.21385330     
         314   2502276.40231383     
         315   2510394.44540842     
         316   2517737.58642721     
         317   2524322.58110683     
         318   2530166.62424691     
         319   2535287.28023015     
         320   2539702.41743241     
         321   2543430.14648769     
         322   2546488.76235250     
         323   2548896.69009787     
         324   2550672.43434233     
         325   2551834.53222739     
         326   2552401.50982683     
         327   2552391.84187300     
         328   2551823.91467706     
         329   2550715.99211510     
         330   2549086.18454890     
         331   2546952.42054765     
         332   2544332.42127630     
         333   2541243.67741583     
         334   2537703.42848164     
         335   2533728.64440804     
         336   2529336.00926867     
         337   2524541.90700561     
         338   2519362.40904328     
         339   2513813.26366636     
         340   2507909.88704537     
         341   2501667.35579724     
         342   2495100.40097280     
         343   2488223.40336715     
         344   2481050.39005391     
         345   2473595.03204837     
         346   2465870.64300937     
         347   2457890.17889441     
         348   2449666.23848642     
         349   2441211.06471578     
         350   2432536.54670476     
         351   2423654.22246636     
         352   2414575.28219312     
         353   2405310.57207574     
         354   2395870.59859513     
         355   2386265.53323503     
         356   2376505.21756595     
         357   2366599.16865470     
         358   2356556.58475669     
         359   2346386.35125155     
         360   2336097.04678539     
         361   2325696.94958574     
         362   2315194.04391808     
         363   2304596.02665501     
         364   2293910.31393165     
         365   2283144.04786324     
         366   2272304.10330247     
         367   2261397.09461656     
         368   2250429.38246564     
         369   2239407.08056577     
         370   2228336.06242146     
         371   2217221.96801427     
         372   2206070.21043504     
         373   2194885.98244917     
         374   2183674.26298493     
         375   2172439.82353652     
         376   2161187.23447403     
         377   2149920.87125398     
         378   2138644.92052454     
         379   2127363.38612058     
         380   2116080.09494441     
         381   2104798.70272877     
         382   2093522.69967916     
         383   2082255.41599327     
         384   2071000.02725585     
         385   2059759.55970766     
         386   2048536.89538773     
         387   2037334.77714858     
         388   2026155.81354418     
         389   2015002.48359104     
         390   2003877.14140297     
         391   1992782.02070027     
         392   1981719.23919443     
         393   1970690.80284960     
         394   1959698.61002224     
         395   1948744.45548063     
         396   1937830.03430587     
         397   1926956.94567630     
         398   1916126.69653735     
         399   1905340.70515877     
         400   1894600.30458149     
         401   1883906.74595629     
         402   1873261.20177644     
         403   1862664.76900673     
         404   1852118.47211118     
         405   1841623.26598166     
         406   1831180.03876998     
         407   1820789.61462567     
         408   1810452.75634180     
         409   1800170.16791133     
         410   1789942.49699624     
         411   1779770.33731171     
         412   1769654.23092784     
         413   1759594.67049102     
         414   1749592.10136731     
         415   1739646.92370998     
         416   1729759.49445346     
         417   1719930.12923591     
         418   1710159.10425228     
         419   1700446.65804036     
         420   1690792.99320139     
         421   1681198.27805763     
         422   1671662.64824859     
         423   1662186.20826798     
         424   1652769.03294314     
         425   1643411.16885886     
         426   1634112.63572741     
         427   1624873.42770637     
         428   1615693.51466611     
         429   1606572.84340850     
         430   1597511.33883852     
         431   1588508.90509021     
         432   1579565.42660868     
         433   1570680.76918950     
         434   1561854.78097696     
         435   1553087.29342271     
         436   1544378.12220594     
         437   1535727.06811658     
         438   1527133.91790283     
         439   1518598.44508405     
         440   1510120.41073052     
         441   1501699.56421100     
         442   1493335.64390930     
         443   1485028.37791111     
         444   1476777.48466184     
         445   1468582.67359688     
         446   1460443.64574497     
         447   1452360.09430583     
         448   1444331.70520294     
         449   1436358.15761235     
         450   1428439.12446848     
         451   1420574.27294764     
         452   1412763.26493025     
         453   1405005.75744236     
         454   1397301.40307750     
         455   1389649.85039931     
         456   1382050.74432589     
         457   1374503.72649652     
         458   1367008.43562135     
         459   1359564.50781472     
         460   1352171.57691288     
         461   1344829.27477654     
         462   1337537.23157887     
         463   1330295.07607964     
         464   1323102.43588589     
         465   1315958.93769975     
         466   1308864.20755387     
         467   1301817.87103501     
         468   1294819.55349614     
         469   1287868.88025774     
         470   1280965.47679843     
         471   1274108.96893561     
         472   1267298.98299644     
         473   1260535.14597945     
         474   1253817.08570737     
         475   1247144.43097136     
         476   1240516.81166709     
         477   1233933.85892295     
         478   1227395.20522085     
         479   1220900.48450977     
         480   1214449.33231238     
         481   1208041.38582525     
         482   1201676.28401259     
         483   1195353.66769409     
         484   1189073.17962696     
         485   1182834.46458246     
         486   1176637.16941728     
         487   1170480.94313980     
         488   1164365.43697171     
         489   1158290.30440500     
         490   1152255.20125474     
         491   1146259.78570771     
         492   1140303.71836733     
         493   1134386.66229483     
         494   1128508.28304729     
         495   1122668.24871266     
         496   1116866.22994217     
         497   1111101.89997353     
         498   1105374.93397555     
         499   1099684.99350588     
         500   1094038.79629138     
