         100   1812.74114063091     
         105   8922.41879643127     
         110   17320.3575836475     
         115   25366.9611742867     
         120   32929.0649362342     
         125   40190.5726747461     
         130   47368.0104193872     
         135   54655.6663232825     
         140   62222.1699615659     
         145   70217.1189344389     
         150   78778.2773493839     
         155   88037.5116923009     
         160   98125.4303922968     
         165   109175.039947281     
         170   121324.727168719     
         175   134720.808515478     
         180   149519.823196436     
         185   165890.699483380     
         190   184016.892385831     
         195   204098.572181714     
         200   226354.934672716     
         205   251026.704118192     
         210   278378.908544083     
         215   308704.025571389     
         220   342325.626476057     
         225   379602.688429215     
         230   420934.834912642     
         235   466769.147692524     
         240   517610.132565596     
         245   574032.395313695     
         250   636677.035529528     
         255   706176.747540051     
         260   782982.514131314     
         265   867285.758794518     
         270   959540.891150268     
         275   1062042.75644053     
         280   1181322.37840396     
         285   1330229.51202318     
         290   1528268.45572182     
         295   1799360.63962852     
         300   2167329.56925704     
         305   2650401.62633071     
         310   3256444.00202793     
         315   3980380.87739817     
         320   4804408.78276739     
         325   5700676.26683150     
         330   6635425.48052628     
         335   7573418.16262026     
         340   8481710.96906936     
         345   9332278.70402998     
         350   10103395.2927063     
         355   10779956.9471841     
         360   11353053.2336351     
         365   11819098.0705861     
         370   12178776.1593272     
         375   12435983.2548616     
         380   12596866.6181258     
         385   12669016.1200570     
         390   12660818.7099061     
         395   12580966.6462853     
         400   12438098.8892874     
         405   12240551.4270308     
         410   11996192.9669485     
         415   11712325.2124628     
         420   11395630.5212538     
         425   11052153.3437754     
         430   10687305.1068040     
         435   10305885.0188799     
         440   9912111.65657423     
         445   9509662.24161876     
         450   9101718.37015687     
         455   8691018.73726788     
         460   8279921.20547504     
         465   7870478.39143303     
         470   7464532.58584763     
         475   7063836.69443936     
         480   6670206.74484445     
         485   6285706.01450263     
         490   5912847.05524372     
         495   5554776.70441600     
         500   5217525.56761260     
