         100   1812.74114063091     
         105   8922.58904949043     
         110   17321.2245456085     
         115   25368.9475650768     
         120   32932.5934750053     
         125   40196.3427934231     
         130   47377.2064518653     
         135   54670.2011639407     
         140   62245.0574241508     
         145   70253.0646676899     
         150   78834.6142647643     
         155   88125.6795697477     
         160   98263.3261771795     
         165   109390.786054340     
         170   121662.815571047     
         175   135252.436261649     
         180   150361.263697502     
         185   167238.305191649     
         190   186215.871535070     
         195   207769.387324078     
         200   232586.924470086     
         205   261593.841346301     
         210   295855.263402219     
         215   336322.721569802     
         220   383490.925164167     
         225   437107.614791185     
         230   496067.251200853     
         235   558530.351113949     
         240   622212.182488202     
         245   684733.470679642     
         250   743932.194643246     
         255   798076.152061689     
         260   845961.362275617     
         265   886913.458701443     
         270   920723.596989648     
         275   947551.018022999     
         280   967817.605447546     
         285   982110.823724990     
         290   991103.414388327     
         295   995492.397006640     
         300   995956.339672498     
         305   993128.075964414     
         310   987579.471675401     
         315   979814.979721830     
         320   970271.198530475     
         325   959320.234644546     
         330   947275.234467324     
         335   934396.932804999     
         340   920900.448946146     
         345   906961.848540802     
         350   892724.195555753     
         355   878302.959897807     
         360   863790.738845993     
         365   849261.307719288     
         370   834773.047918249     
         375   820371.816682412     
         380   806093.328462389     
         385   791965.116840684     
         390   778008.141263564     
         395   764238.096328669     
         400   750666.474194968     
         405   737301.423563016     
         410   724148.442020833     
         415   711210.932566778     
         420   698490.649878963     
         425   685988.057397084     
         430   673702.612469262     
         435   661632.993624374     
         440   649777.281382206     
         445   638133.101832772     
         450   626697.740430578     
         455   615468.231994884     
         460   604441.431726565     
         465   593614.071097605     
         470   582982.801699453     
         475   572544.229517219     
         480   562294.941599458     
         485   552231.526694780     
         490   542350.591107596     
         495   532648.770817567     
         500   523123.260473380     
