         100   1812.74114063091     
         102   4254.90771971073     
         104   7290.15465035971     
         106   10592.2966714659     
         108   13969.1000980199     
         110   17321.2468883138     
         112   20603.8194487705     
         114   23801.8155796989     
         116   26916.0768530928     
         118   29955.4783933614     
         120   32932.6613040994     
         122   35861.7331702503     
         124   38757.0575273263     
         126   41632.6455083998     
         128   44501.8795297035     
         130   47377.4183157386     
         132   50271.1988129475     
         134   53194.4876053629     
         136   56157.9553627065     
         138   59171.7597404654     
         140   62245.6289398676     
         142   65388.9420153991     
         144   68610.8042267967     
         146   71920.1169787884     
         148   75325.6425838911     
         150   78836.0644597904     
         152   82460.0435739359     
         154   86206.2720583899     
         156   90083.5249897305     
         158   94100.7113962417     
         160   98266.9256435475     
         162   102591.500484847     
         164   107084.063273658     
         166   111754.597171963     
         168   116613.509720701     
         170   121671.711992442     
         172   126940.712887709     
         174   132432.735158613     
         176   138160.862565357     
         178   144139.231049318     
         180   150383.280270308     
         182   156910.083867520     
         184   163738.775126967     
         186   170891.076708735     
         188   178391.926471292     
         190   186270.165609061     
         192   194559.222387503     
         194   203297.689986548     
         196   212529.668206222     
         198   222304.724807180     
         200   232677.340340597     
         202   243705.733967698     
         204   255450.025232757     
         206   267969.760952713     
         208   281320.916245659     
         210   295552.551534587     
         212   310703.361493772     
         214   326798.379083408     
         216   343846.094522476     
         218   361836.216757117     
         220   380738.249394459     
         222   400500.982658756     
         224   421052.927199795     
         226   442303.643500432     
         228   464145.859393292     
         230   486458.222576247     
         232   509108.507186932     
         234   531957.083290392     
         236   554860.463559219     
         238   577674.759305742     
         240   600258.904628495     
         242   622477.539008745     
         244   644203.471862123     
         246   665319.684562377     
         248   685720.854286770     
         250   705314.408394253     
         252   724021.137302256     
         254   741775.407876121     
         256   758525.028487317     
         258   774230.821700369     
         260   788865.961730604     
         262   802415.132145787     
         264   814873.555517093     
         266   826245.941544996     
         268   836545.394185182     
         270   845792.311962895     
         272   854013.309367468     
         274   861240.181237484     
         276   867508.926567820     
         278   872858.843304579     
         280   877331.701495442     
         282   880970.998637996     
         284   883821.298191466     
         286   885927.649939824     
         288   887335.089155088     
         290   888088.210240704     
         292   888230.809666826     
         294   887805.592474753     
         296   886853.936364242     
         298   885415.707328227     
         300   883529.120915170     
         302   881230.643436848     
         304   878554.927763203     
         306   875534.778726147     
         308   872201.143567089     
         310   868583.123289688     
         312   864708.001205296     
         314   860601.285373090     
         316   856286.762032167     
         318   851786.557493707     
         320   847121.206304453     
         322   842309.723806506     
         324   837369.681502389     
         326   832317.283888920     
         328   827167.445649649     
         330   821933.868295192     
         332   816629.115515314     
         334   811264.686658288     
         336   805851.087883765     
         338   800397.900647266     
         340   794913.847269442     
         342   789406.853423244     
         344   783884.107438981     
         346   778352.116382504     
         348   772816.758906899     
         350   767283.334914558     
         352   761756.612095478     
         354   756240.869430158     
         356   750739.937762668     
         358   745257.237561937     
         360   739795.813998073     
         362   734358.369466015     
         364   728947.293691718     
         366   723564.691556818     
         368   718212.408776749     
         370   712892.055564947     
         372   707605.028412352     
         374   702352.530107180     
         376   697135.588115143     
         378   691955.071435004     
         380   686811.706038847     
         382   681706.089000769     
         384   676638.701411931     
         386   671609.920174235     
         388   666620.028759220     
         390   661669.227013305     
         392   656757.640085173     
         394   651885.326545970     
         396   647052.285768072     
         398   642258.464623534     
         400   637503.763558857     
         402   632788.042098568     
         404   628111.123826104     
         406   623472.800886837     
         408   618872.838054552     
         410   614310.976399479     
         412   609786.936592923     
         414   605300.421880724     
         416   600851.120755155     
         418   596438.709352434     
         420   592062.853600763     
         422   587723.211141729     
         424   583419.433045970     
         426   579151.165342234     
         428   574918.050377306     
         430   570719.728022780     
         432   566555.836743262     
         434   562426.014539298     
         436   558329.899777170     
         438   554267.131916594     
         440   550237.352146401     
         442   546240.203937353     
         444   542275.333520418     
         446   538342.390298085     
         448   534441.027195587     
         450   530570.900958273     
         452   526731.672400799     
         454   522923.006613263     
         456   519144.573128938     
         458   515396.046057813     
         460   511677.104189751     
         462   507987.431070699     
         464   504326.715055075     
         466   500694.649337126     
         468   497090.931963794     
         470   493515.265831369     
         472   489967.358667983     
         474   486446.923003793     
         476   482953.676130512     
         478   479487.340051764     
         480   476047.641425621     
         482   472634.311500495     
         484   469247.086045463     
         486   465885.705275967     
         488   462549.913775758     
         490   459239.460415814     
         492   455954.098270923     
         494   452693.584534508     
         496   449457.680432234     
         498   446246.151129591     
         500   443058.400578872     
