         100   1812.74114063091     
         101   2933.80686388095     
         102   4254.88180705421     
         103   5722.17832045451     
         104   7290.04458574193     
         105   8922.41625625405     
         106   10592.0118213328     
         107   12278.8200518109     
         108   13968.5478919786     
         109   15651.2717322215     
         110   17320.3482295375     
         111   18971.5675011335     
         112   20602.5085826804     
         113   22212.0548638634     
         114   23800.0324860513     
         115   25366.9417554907     
         116   26913.7582935576     
         117   28441.7862201678     
         118   29952.5500689212     
         119   31447.7155056696     
         120   32929.0314633958     
         121   34398.2882029496     
         122   35857.2872179686     
         123   37307.8199465954     
         124   38751.6530265376     
         125   40190.5184041170     
         126   41626.1070345121     
         127   43060.0652280056     
         128   44493.9929340547     
         129   45929.4434322909     
         130   47367.9240324778     
         131   48810.8974853217     
         132   50259.7838812164     
         133   51715.9628706916     
         134   53180.7760831419     
         135   54655.5296527535     
         136   56141.4967849981     
         137   57639.9203155382     
         138   59152.0152273374     
         139   60678.9711022809     
         140   62221.9544915044     
         141   63782.1111945429     
         142   65360.5684417975     
         143   66958.4369780618     
         144   68576.8130472086     
         145   70216.7802798348     
         146   71879.4114868453     
         147   73565.7703627713     
         148   75276.9131031271     
         149   77013.8899404194     
         150   78777.7466035609     
         151   80569.5257054680     
         152   82390.2680635614     
         153   84241.0139577668     
         154   86122.8043304561     
         155   88036.6819325767     
         156   89983.6924200141     
         157   91964.8854040191     
         158   93981.3154593175     
         159   96034.0430933029     
         160   98124.1356795100     
         161   100252.668358359     
         162   102420.724907974     
         163   104629.398587688     
         164   106879.792956684     
         165   109173.022670044     
         166   111510.214254342     
         167   113892.506864751     
         168   116321.053025519     
         169   118797.019355534     
         170   121321.587280582     
         171   123895.953733792     
         172   126521.331845662     
         173   129198.951624965     
         174   131930.060631747     
         175   134715.924643542     
         176   137557.828315855     
         177   140457.075837897     
         178   143414.991584482     
         179   146432.920764932     
         180   149512.230069789     
         181   152654.308316061     
         182   155860.567091689     
         183   159132.441399862     
         184   162471.390303774     
         185   165878.897572356     
         186   169356.472327477     
         187   172905.649693073     
         188   176527.991446612     
         189   180225.086673278     
         190   183998.552423187     
         191   187850.034371945     
         192   191781.207484809     
         193   195793.776684641     
         194   199889.477523859     
         195   204070.076860513     
         196   208337.373538562     
         197   212693.199072448     
         198   217139.418335926     
         199   221677.930255169     
         200   226310.668506004     
         201   231039.602215213     
         202   235866.736665661     
         203   240794.114005056     
         204   245823.813957986     
         205   250957.954540978     
         206   256198.692780025     
         207   261548.225430213     
         208   267008.789696819     
         209   272582.663957212     
         210   278272.168482960     
         211   284079.666161169     
         212   290007.563214267     
         213   296058.309917215     
         214   302234.401310954     
         215   308538.377911035     
         216   314972.826409911     
         217   321540.380371592     
         218   328243.720916976     
         219   335085.577398188     
         220   342068.728060050     
         221   349196.000686650     
         222   356470.273230877     
         223   363894.474424535     
         224   371471.584366695     
         225   379204.635087358     
         226   387096.711083904     
         227   395150.949827096     
         228   403370.542233630     
         229   411758.733101685     
         230   420318.821506251     
         231   429054.161150381     
         232   437968.160668516     
         233   447064.283878247     
         234   456346.049976127     
         235   465817.033673778     
         236   475480.865269877     
         237   485341.230654038     
         238   495401.871238471     
         239   505666.583813494     
         240   516139.220323018     
         241   526823.687556530     
         242   537723.946754611     
         243   548844.013125125     
         244   560187.955268160     
         245   571759.894508688     
         246   583564.004136207     
         247   595604.508553139     
         248   607885.682333446     
         249   620411.849195996     
         250   633187.380898607     
         251   646216.696061380     
         252   659504.258930000     
         253   673054.578093626     
         254   686872.205175711     
         255   700961.733519588     
         256   715327.796896794     
         257   729975.068270469     
         258   744908.258654437     
         259   760132.116113744     
         260   775651.424962077     
         261   791471.005220956     
         262   807595.712414961     
         263   824030.437791746     
         264   840780.109071454     
         265   857849.691851825     
         266   875244.191827587     
         267   892968.658028337     
         268   911028.187345435     
         269   929427.930718870     
         270   948173.101494913     
         271   967268.986662665     
         272   986720.961945553     
         273   1006534.51207469     
         274   1026715.25801567     
         275   1047268.99346434     
         276   1068201.73356679     
         277   1089519.77953805     
         278   1111229.80362050     
         279   1133338.95959637     
         280   1155855.02477447     
         281   1178786.57993580     
         282   1202143.23404830     
         283   1225935.90054070     
         284   1250177.13146454     
         285   1274881.51486831     
         286   1300066.13909473     
         287   1325751.12544472     
         288   1351960.22773737     
         289   1378721.49378175     
         290   1406067.97978044     
         291   1434038.50436102     
         292   1462678.42450229     
         293   1492040.41133367     
         294   1522185.19992088     
         295   1553182.28398620     
         296   1585110.52431372     
         297   1618058.63858791     
         298   1652125.54077780     
         299   1687420.50000318     
         300   1724063.09212366     
         301   1762182.92199885     
         302   1801919.10032101     
         303   1843419.46588791     
         304   1886839.55186500     
         305   1932341.30264555     
         306   1980091.55599320     
         307   2030260.31288755     
         308   2083018.82454633     
         309   2138537.53217892     
         310   2196983.89988690     
         311   2258520.18460126     
         312   2323301.18892655     
         313   2391472.04322238     
         314   2463166.06223707     
         315   2538502.71921576     
         316   2617585.77679560     
         317   2700501.60937119     
         318   2787317.74618059     
         319   2878081.65837389     
         320   2972819.80701346     
         321   3071536.96254821     
         322   3174215.80002158     
         323   3280816.76829425     
         324   3391278.22604391     
         325   3505516.83237782     
         326   3623428.17563586     
         327   3744887.62044081     
         328   3869751.35028571     
         329   3997857.58093805     
         330   4129027.91866208     
         331   4263068.83665899     
         332   4399773.24315642     
         333   4538922.11515373     
         334   4680286.17288270     
         335   4823627.57148821     
         336   4968701.58818704     
         337   5115258.28515091     
         338   5263044.13050501     
         339   5411803.56206758     
         340   5561280.48072283     
         341   5711219.66255949     
         342   5861368.08108401     
         343   6011476.13289022     
         344   6161298.76210619     
         345   6310596.48073043     
         346   6459136.28358956     
         347   6606692.45809889     
         348   6753047.29027695     
         349   6897991.66955724     
         350   7041325.59586248     
         351   7182858.59316496     
         352   7322410.03435759     
         353   7459809.38272236     
         354   7594896.35561345     
         355   7727521.01618266     
         356   7857543.79908808     
         357   7984835.47614335     
         358   8109277.06780432     
         359   8230759.70626826     
         360   8349184.45577763     
         361   8464462.09549982     
         362   8576512.87009394     
         363   8685266.21279316     
         364   8790660.44552971     
         365   8892642.46031556     
         366   8991167.38577405     
         367   9086198.24239935     
         368   9177705.58980293     
         369   9265667.16890186     
         370   9350067.54170261     
         371   9430897.73104986     
         372   9508154.86243842     
         373   9581841.80972840     
         374   9651966.84636412     
         375   9718543.30347203     
         376   9781589.23600644     
         377   9841127.09791945     
         378   9897183.42715736     
         379   9949788.54112464     
         380   9998976.24311594     
         381   10044783.5400827     
         382   10087250.3719885     
         383   10126419.3529009     
         384   10162335.5238814     
         385   10195046.1176497     
         386   10224600.3349331     
         387   10251049.1323519     
         388   10274445.0216390     
         389   10294841.8799506     
         390   10312294.7709881     
         391   10326859.7766246     
         392   10338593.8387022     
         393   10347554.6106530     
         394   10353800.3185792     
         395   10357389.6314221     
         396   10358381.5398420     
         397   10356835.2434296     
         398   10352810.0458701     
         399   10346365.2576832     
         400   10337560.1061674     
         401   10326453.6521844     
         402   10313104.7134256     
         403   10297571.7938127     
         404   10279913.0186951     
         405   10260186.0755155     
         406   10238448.1596293     
         407   10214755.9249716     
         408   10189165.4392808     
         409   10161732.1435980     
         410   10132510.8157743     
         411   10101555.5377287     
         412   10068919.6662144     
         413   10034655.8068597     
         414   9998815.79126322     
         415   9961450.65693388     
         416   9922610.62987661     
         417   9882345.10963644     
         418   9840702.65662254     
         419   9797730.98154439     
         420   9753476.93680164     
         421   9707986.50967805     
         422   9661304.81719848     
         423   9613476.10251642     
         424   9564543.73270706     
         425   9514550.19784844     
         426   9463537.11128010     
         427   9411545.21093566     
         428   9358614.36165120     
         429   9304783.55835804     
         430   9250090.93007344     
         431   9194573.74460797     
         432   9138268.41391343     
         433   9081210.49999882     
         434   9023434.72134697     
         435   8964974.95976726     
         436   8905864.26762414     
         437   8846134.87538353     
         438   8785818.19942267     
         439   8724944.85005087     
         440   8663544.63969131     
         441   8601646.59117549     
         442   8539278.94610411     
         443   8476469.17322825     
         444   8413243.97680700     
         445   8349629.30489721     
         446   8285650.35753145     
         447   8221331.59474035     
         448   8156696.74437413     
         449   8091768.80967791     
         450   8026570.07657276     
         451   7961122.12059290     
         452   7895445.81342614     
         453   7829561.32900149     
         454   7763488.14906265     
         455   7697245.06816142     
         456   7630850.19799789     
         457   7564320.97102669     
         458   7497674.14323898     
         459   7430925.79601853     
         460   7364091.33695648     
         461   7297185.49949379     
         462   7230222.34124023     
         463   7163215.24079607     
         464   7096176.89287440     
         465   7029119.30148812     
         466   6962053.77092512     
         467   6894990.89418466     
         468   6827940.53848762     
         469   6760911.82739791     
         470   6693913.11899980     
         471   6626951.97946060     
         472   6560035.15116361     
         473   6493168.51441390     
         474   6426357.04148805     
         475   6359604.74150155     
         476   6292914.59418369     
         477   6226288.47014759     
         478   6159727.03458067     
         479   6093229.63039634     
         480   6026794.13569244     
         481   5960416.78872287     
         482   5894091.97131013     
         483   5827811.93840127     
         484   5761566.47681960     
         485   5695342.46941752     
         486   5629123.33049827     
         487   5562888.26233031     
         488   5496611.25684346     
         489   5430259.72373432     
         490   5363792.55166352     
         491   5297157.27317077     
         492   5230285.74248499     
         493   5163087.20631072     
         494   5095436.52379880     
         495   5027152.80246157     
         496   4957958.01448593     
         497   4887391.75826443     
         498   4814625.83667917     
         499   4738036.29606587     
         500   4651891.01462980     
