         100   1812.74114063091     
         105   8922.42485032385     
         110   17320.3874130946     
         115   25367.0289243925     
         120   32929.1856198663     
         125   40190.7717768018     
         130   47368.3310566017     
         135   54656.1779236164     
         140   62222.9816949132     
         145   70218.4009765127     
         150   78780.2942736559     
         155   88040.6746260991     
         160   98130.3783142374     
         165   109182.766344187     
         170   121336.777385525     
         175   134739.587389711     
         180   149549.074936091     
         185   165936.256970363     
         190   184087.848855722     
         195   204209.117213332     
         200   226527.240104966     
         205   251295.483207272     
         210   278798.625583334     
         215   309358.402300937     
         220   343315.926747421     
         225   380966.909462445     
         230   424469.737432971     
         235   503126.185851220     
         240   829350.564359229     
         245   2388253.05266457     
         250   8414788.15737423     
         255   26883607.7158098     
         260   73134632.9700751     
         265   170795308.962372     
         270   349383411.808492     
         275   638588232.131813     
         280   1061097548.99348     
         285   1626616069.81200     
         290   2329044618.77993     
         295   3147326890.20812     
         300   4049152041.27158     
         305   4996060027.40911     
         310   5948542048.79580     
         315   6870175806.43217     
         320   7730371981.13709     
         325   8505736047.26758     
         330   9180300354.06356     
         335   9744973463.83494     
         340   10196539729.3248     
         345   10536475103.4898     
         350   10769763789.7695     
         355   10903826574.8068     
         360   10947614691.6729     
         365   10910884060.0285     
         370   10803641075.3191     
         375   10635738855.2293     
         380   10416598239.2456     
         385   10155027856.5110     
         390   9859120059.69304     
         395   9536203044.74624     
         400   9192833182.78611     
         405   8834815020.17220     
         410   8467239349.96029     
         415   8094532167.81995     
         420   7720509227.41997     
         425   7348432373.52122     
         430   6981064939.62873     
         435   6620724335.24407     
         440   6269330591.64894     
         445   5928450147.78259     
         450   5599334585.77661     
         455   5282954397.25749     
         460   4980028186.06118     
         465   4691047983.38964     
         470   4416301548.98789     
         475   4155892633.94197     
         480   3909760169.27448     
         485   3677697214.74555     
         490   3459370294.27381     
         495   3254341885.89534     
         500   3062302499.56552     
