         100   1812.74114063091     
         105   8922.42425336592     
         110   17320.3844998324     
         115   25367.0223303498     
         120   32929.1734761733     
         125   40190.7506024916     
         130   47368.2949393568     
         135   54656.1173701438     
         140   62222.8817485673     
         145   70218.2381958835     
         150   78780.0319637325     
         155   88040.2553589866     
         160   98129.7122210336     
         165   109181.712793301     
         170   121335.116304975     
         175   134736.974353927     
         180   149544.970758934     
         185   165929.817171491     
         190   184077.749744980     
         195   204193.281332663     
         200   226502.400490005     
         205   251256.484378990     
         210   278737.332059122     
         215   309263.968492222     
         220   343202.074180532     
         225   380975.425752646     
         230   423074.213582133     
         235   470092.896609664     
         240   523148.504691403     
         245   586006.936583540     
         250   671445.377477561     
         255   813598.820631911     
         260   1083386.65061214     
         265   1598131.52537890     
         270   2515352.86283053     
         275   4007404.70491050     
         280   6223853.64258481     
         285   9254925.56947729     
         290   13108321.2439557     
         295   17705176.3066895     
         300   22893519.2691377     
         305   28472787.0008254     
         310   34221768.1138416     
         315   39923821.4782690     
         320   45385809.8915521     
         325   50449661.5933951     
         330   54997206.2613760     
         335   58949823.0051968     
         340   62264662.0693964     
         345   64929017.6997862     
         350   66954063.2383592     
         355   68368764.4155351     
         360   69214445.4667828     
         365   69540225.7361366     
         370   69399371.6771517     
         375   68846506.0496035     
         380   67935564.0509141     
         385   66718367.9645552     
         390   65243694.0943065     
         395   63556718.6168175     
         400   61698746.2025225     
         405   59707143.0378099     
         410   57615412.2012824     
         415   55453363.3140832     
         420   53247339.7954524     
         425   51020476.0895712     
         430   48792964.2578911     
         435   46582314.7942608     
         440   44403600.8601916     
         445   42269678.7493404     
         450   40191380.5857106     
         455   38177678.2396168     
         460   36235820.2776911     
         465   34371446.3793375     
         470   32588685.8622218     
         475   30890248.4957167     
         480   29277516.3648522     
         485   27750644.9703311     
         490   26308680.0272085     
         495   24949700.3740634     
         500   23671855.4653003     
