         100   1812.74114063091     
         102   4254.90767461261     
         104   7290.15457148806     
         106   10592.2965514535     
         108   13969.0999281614     
         110   17321.2466599169     
         112   20603.8191528666     
         114   23801.8152057885     
         116   26916.0763878024     
         118   29955.4778193216     
         120   32932.6605990182     
         122   35861.7323060590     
         124   38757.0564692733     
         126   41632.6442139950     
         128   44501.8779474376     
         130   47377.4163835122     
         132   50271.1964561467     
         134   53194.4847345133     
         136   56157.9518706254     
         138   59171.7554988165     
         140   62245.6237950013     
         142   65388.9357833350     
         144   68610.7966871749     
         146   71920.1078675730     
         148   75325.6315845643     
         150   78836.0511927099     
         152   82460.0275834550     
         154   86206.2527972383     
         156   90083.5018000285     
         158   94100.6834863538     
         160   98266.8920597573     
         162   102591.460076512     
         164   107084.014649977     
         166   111754.538647518     
         168   116613.439244763     
         170   121671.627052038     
         172   126940.610362677     
         174   132432.611080753     
         176   138160.711679703     
         178   144139.045972602     
         180   150383.049862589     
         182   156909.790149645     
         184   163738.387671437     
         186   170890.542913981     
         188   178391.155551659     
         190   186269.003599425     
         192   194557.415123031     
         194   203294.831046400     
         196   212525.129356634     
         198   222297.567628369     
         200   232666.209450711     
         202   243688.734419278     
         204   255424.588995848     
         206   267932.509587712     
         208   281267.528573119     
         210   295477.646048325     
         212   310600.403264314     
         214   326659.619923192     
         216   343662.553331438     
         218   361597.704449756     
         220   380433.439912386     
         222   400117.528606285     
         224   420577.615894475     
         226   441722.586940715     
         228   463444.709970594     
         230   485622.405374117     
         232   508123.459413978     
         234   530808.491720228     
         236   553534.491689905     
         238   576158.257167856     
         240   598539.595623605     
         242   620544.179715016     
         244   642045.982285714     
         246   662929.247750895     
         248   683089.985489082     
         250   702436.995009503     
         252   720892.451692265     
         254   738392.095719941     
         256   754885.075748834     
         258   770333.503482863     
         260   784711.776335062     
         262   798005.723563461     
         264   810211.627401982     
         266   821335.165457116     
         268   831390.314596004     
         270   840398.250191518     
         272   848386.268287451     
         274   855386.752273259     
         276   861436.200196136     
         278   866574.323997380     
         280   870843.227790000     
         282   874286.668800126     
         284   876949.401748512     
         286   878876.605200962     
         288   880113.386705555     
         290   880704.362291504     
         292   880693.305059572     
         294   880122.857079824     
         296   879034.298566487     
         298   877467.368265488     
         300   875460.129118226     
         302   873048.873512942     
         304   870268.062766893     
         306   867150.295869126     
         308   863726.302931331     
         310   860024.959224408     
         312   856073.316106771     
         314   851896.645566417     
         316   847518.495494816     
         318   842960.753181711     
         320   838243.714862805     
         322   833386.159465428     
         324   828405.424980440     
         326   823317.486142127     
         328   818137.032323001     
         330   812877.544748724     
         332   807551.372311747     
         334   802169.805412661     
         336   796743.147387810     
         338   791280.783192460     
         340   785791.245102724     
         342   780282.275278491     
         344   774760.885095432     
         346   769233.411208554     
         348   763705.568354130     
         350   758182.498932560     
         352   752668.819443011     
         354   747168.663862645     
         356   741685.724079827     
         358   736223.287502751     
         360   730784.271973217     
         362   725371.258120355     
         364   719986.519291714     
         366   714632.049199501     
         368   709309.587418537     
         370   704020.642869921     
         372   698766.515420732     
         374   693548.315725716     
         376   688366.983431893     
         378   683223.303861629     
         380   678117.923284082     
         382   673051.362879119     
         384   668024.031491991     
         386   663036.237271248     
         388   658088.198276680     
         390   653180.052138526     
         392   648311.864843798     
         394   643483.638720438     
         396   638695.319685045     
         398   633946.803815237     
         400   629237.943303242     
         402   624568.551843110     
         404   619938.409499958     
         406   615347.267105954     
         408   610794.850224256     
         410   606280.862718857     
         412   601804.989965255     
         414   597366.901734053     
         416   592966.254776939     
         418   588602.695142097     
         420   584275.860243814     
         422   579985.380708989     
         424   575730.882021293     
         426   571511.985981988     
         428   567328.312004743     
         430   563179.478260297     
         432   559065.102685411     
         434   554984.803869319     
         436   550938.201829663     
         438   546924.918688848     
         440   542944.579260802     
         442   538996.811557149     
         444   535081.247221060     
         446   531197.521896226     
         448   527345.275537747     
         450   523524.152671093     
         452   519733.802604688     
         454   515973.879601197     
         456   512244.043012060     
         458   508543.957379425     
         460   504873.292509197     
         462   501231.723518594     
         464   497618.930861237     
         466   494034.600332533     
         468   490478.423057795     
         470   486950.095465359     
         472   483449.319246659     
         474   479975.801305075     
         476   476529.253695156     
         478   473109.393553652     
         480   469715.943023660     
         482   466348.629173011     
         484   463007.183907940     
         486   459691.343882948     
         488   456400.850407666     
         490   453135.449351434     
         492   449894.891046244     
         494   446678.930188596     
         496   443487.325740763     
         498   440319.840826831     
         500   437175.370155635     
