         100   1812.74114063091     
         101   2933.80725435011     
         102   4254.88281455732     
         103   5722.18048065980     
         104   7290.04858863276     
         105   8922.42288247417     
         106   10592.0218759577     
         107   12278.8343132819     
         108   13968.5670822003     
         109   15651.2965061193     
         110   17320.3791791051     
         111   18971.6051686198     
         112   20602.5534785116     
         113   22212.1074862031     
         114   23800.0933400804     
         115   25367.0113713923     
         116   26913.8372428081     
         117   28441.8751301174     
         118   29952.6496358632     
         119   31447.8265067019     
         120   32929.1547674131     
         121   34398.4247811036     
         122   35857.4381539079     
         123   37307.9864467690     
         124   38751.8364308144     
         125   40190.7201969449     
         126   41626.3288568190     
         127   43060.3088900257     
         128   44494.2604292508     
         129   45929.7369525380     
         130   47368.2459846676     
         131   48811.2505095494     
         132   50260.1708707160     
         133   51716.3869936928     
         134   53181.2408068310     
         135   54656.0387695346     
         136   56142.0544412648     
         137   57640.5310431843     
         138   59152.6839782547     
         139   60679.7032861134     
         140   62222.7560169538     
         141   63782.9885145470     
         142   65361.5286029326     
         143   66959.4876745531     
         144   68577.9626799687     
         145   70218.0380209882     
         146   71880.7873502421     
         147   73567.2752810373     
         148   75278.5590118498     
         149   77015.6898701263     
         150   78779.7147802052     
         151   80571.6776602050     
         152   82392.6207526710     
         153   84243.5858936573     
         154   86125.6157247712     
         155   88039.7548525216     
         156   89987.0509591212     
         157   91968.5558686863     
         158   93985.3265725762     
         159   96038.4262174073     
         160   98128.9250590875     
         161   100257.901386022     
         162   102426.442414467     
         163   104635.645158851     
         164   106886.617279692     
         165   109180.477911656     
         166   111518.358474101     
         167   113901.403466383     
         168   116330.771250064     
         169   118807.634820076     
         170   121333.182566802     
         171   123908.619030957     
         172   126535.165653107     
         173   129214.061519575     
         174   131946.564106472     
         175   134733.950023541     
         176   137577.515759473     
         177   140478.578430357     
         178   143438.476532903     
         179   146458.570704108     
         180   149540.244489016     
         181   152684.905118298     
         182   155893.984297370     
         183   159168.939008851     
         184   162511.252330217     
         185   165922.434268575     
         186   169404.022614575     
         187   172957.583817598     
         188   176584.713884450     
         189   180287.039303958     
         190   184066.217999996     
         191   187923.940315674     
         192   191861.930031590     
         193   195881.945421300     
         194   199985.780347388     
         195   204175.265401810     
         196   208452.269094515     
         197   212818.699094654     
         198   217276.503529146     
         199   221827.672343741     
         200   226474.238732277     
         201   231218.280640316     
         202   236061.922350033     
         203   241007.336153854     
         204   246056.744125165     
         205   251212.419995292     
         206   256476.691146898     
         207   261851.940735115     
         208   267340.609948965     
         209   272945.200427050     
         210   278668.276843161     
         211   284512.469679284     
         212   290480.478205655     
         213   296575.073689918     
         214   302799.102860317     
         215   309155.491651045     
         216   315647.249261730     
         217   322277.472567309     
         218   329049.350919795     
         219   335966.171389368     
         220   343031.324499539     
         221   350248.310519855     
         222   357620.746390565     
         223   365152.373367608     
         224   372847.065494582     
         225   380708.839032777     
         226   388741.863013641     
         227   396950.471123370     
         228   405339.175191004     
         229   413912.680634468     
         230   422675.904328712     
         231   431633.995502142     
         232   440792.360446482     
         233   450156.692044188     
         234   459733.005376817     
         235   469527.680973518     
         236   479547.517582004     
         237   489799.796679976     
         238   500292.361271048     
         239   511033.711797540     
         240   522033.122218970     
         241   533300.779411596     
         242   544847.949001243     
         243   556687.170510749     
         244   568832.484251615     
         245   581299.691692597     
         246   594106.650084315     
         247   607273.600911791     
         248   620823.530307142     
         249   634782.557921295     
         250   649180.348983265     
         251   664050.542440191     
         252   679431.186255595     
         253   695365.169238993     
         254   711900.637281717     
         255   729091.380672650     
         256   746997.178345395     
         257   765684.084532939     
         258   785224.643425702     
         259   805698.018070666     
         260   827190.020915390     
         261   849793.035069306     
         262   873605.817480061     
         263   898733.177738275     
         264   925285.529045820     
         265   953378.310913029     
         266   983131.286283771     
         267   1014667.71891522     
         268   1048113.43985501     
         269   1083595.81466245     
         270   1121242.62552304     
         271   1161180.88453330     
         272   1203535.59612488     
         273   1248428.48781634     
         274   1295976.72920173     
         275   1346291.65930755     
         276   1399477.54218343     
         277   1455630.36986772     
         278   1514836.73072742     
         279   1577172.75966406     
         280   1642703.18486368     
         281   1711480.48371285     
         282   1783544.15827205     
         283   1858920.13835717     
         284   1937620.31789535     
         285   2019642.22785125     
         286   2104968.84671928     
         287   2193568.54739339     
         288   2285395.17719852     
         289   2380388.26602987     
         290   2478473.35592034     
         291   2579562.44396130     
         292   2683554.52934462     
         293   2790336.25437875     
         294   2899782.62865399     
         295   3011757.82508415     
         296   3126116.03632023     
         297   3242702.38000061     
         298   3361353.84145245     
         299   3481900.24277021     
         300   3604165.22764721     
         301   3727967.25190373     
         302   3853120.57031766     
         303   3979436.21110013     
         304   4106722.93014954     
         305   4234788.13804263     
         306   4363438.79356535     
         307   4492482.25843256     
         308   4621727.10868107     
         309   4750983.89903362     
         310   4880065.87731220     
         311   5008789.64671925     
         312   5136975.77449926     
         313   5264449.34613600     
         314   5391040.46482819     
         315   5516584.69651861     
         316   5640923.46122562     
         317   5763904.37184385     
         318   5885381.52194244     
         319   6005215.72439693     
         320   6123274.70294710     
         321   6239433.23898038     
         322   6353573.27600251     
         323   6465583.98437703     
         324   6575361.78899623     
         325   6682810.36259335     
         326   6787840.58742057     
         327   6890370.48800545     
         328   6990325.13766207     
         329   7087636.54137596     
         330   7182243.49760702     
         331   7274091.44146528     
         332   7363132.27161295     
         333   7449324.16313518     
         334   7532631.36850437     
         335   7613024.00863954     
         336   7690477.85593635     
         337   7764974.11101567     
         338   7836499.17481068     
         339   7905044.41748605     
         340   7970605.94555825     
         341   8033184.36846468     
         342   8092784.56571217     
         343   8149415.45562197     
         344   8203089.76658072     
         345   8253823.81160388     
         346   8301637.26692091     
         347   8346552.95519996     
         348   8388596.63394403     
         349   8427796.78951067     
         350   8464184.43713283     
         351   8497792.92725010     
         352   8528657.75839642     
         353   8556816.39683259     
         354   8582308.10305923     
         355   8605173.76529832     
         356   8625455.73998844     
         357   8643197.69930005     
         358   8658444.48564317     
         359   8671241.97310913     
         360   8681636.93576138     
         361   8689676.92266720     
         362   8695410.13954178     
         363   8698885.33685911     
         364   8700151.70426960     
         365   8699258.77115235     
         366   8696256.31312021     
         367   8691194.26428807     
         368   8684122.63510904     
         369   8675091.43557903     
         370   8664150.60360747     
         371   8651349.93835085     
         372   8636739.03830535     
         373   8620367.24395601     
         374   8602283.58478171     
         375   8582536.73041780     
         376   8561174.94578172     
         377   8538246.04997075     
         378   8513797.37874581     
         379   8487875.75041964     
         380   8460527.43497334     
         381   8431798.12623047     
         382   8401732.91692381     
         383   8370376.27649544     
         384   8337772.03147713     
         385   8303963.34830360     
         386   8268992.71841769     
         387   8232901.94553197     
         388   8195732.13491772     
         389   8157523.68459767     
         390   8118316.27832486     
         391   8078148.88023555     
         392   8037059.73106943     
         393   7995086.34585574     
         394   7952265.51296908     
         395   7908633.29446346     
         396   7864225.02759776     
         397   7819075.32747047     
         398   7773218.09068562     
         399   7726686.49997586     
         400   7679513.02971242     
         401   7631729.45223536     
         402   7583366.84494045     
         403   7534455.59806260     
         404   7485025.42309802     
         405   7435105.36181038     
         406   7384723.79576822     
         407   7333908.45636328     
         408   7282686.43526111     
         409   7231084.19523723     
         410   7179127.58135353     
         411   7126841.83243092     
         412   7074251.59277558     
         413   7021380.92411704     
         414   6968253.31771707     
         415   6914891.70660959     
         416   6861318.47793191     
         417   6807555.48530867     
         418   6753624.06124997     
         419   6699545.02952612     
         420   6645338.71748142     
         421   6591024.96825029     
         422   6536623.15283928     
         423   6482152.18203929     
         424   6427630.51813261     
         425   6373076.18636062     
         426   6318506.78611836     
         427   6263939.50184338     
         428   6209391.11356744     
         429   6154878.00710068     
         430   6100416.18381969     
         431   6046021.27003222     
         432   5991708.52589324     
         433   5937492.85384926     
         434   5883388.80658975     
         435   5829410.59448710     
         436   5775572.09250930     
         437   5721886.84659207     
         438   5668368.07946031     
         439   5615028.69589183     
         440   5561881.28741974     
         441   5508938.13647288     
         442   5456211.21995762     
         443   5403712.21228757     
         444   5351452.48787145     
         445   5299443.12307296     
         446   5247694.89765988     
         447   5196218.29576351     
         448   5145023.50637244     
         449   5094120.42338829     
         450   5043518.64527411     
         451   4993227.47432889     
         452   4943255.91562447     
         453   4893612.67564355     
         454   4844306.16065957     
         455   4795344.47490123     
         456   4746735.41854583     
         457   4698486.48558683     
         458   4650604.86162183     
         459   4603097.42160775     
         460   4555970.72762986     
         461   4509231.02673123     
         462   4462884.24884838     
         463   4416936.00489787     
         464   4371391.58505732     
         465   4326255.95728243     
         466   4281533.76609956     
         467   4237229.33171123     
         468   4193346.64944899     
         469   4149889.38960543     
         470   4106860.89767377     
         471   4064264.19502039     
         472   4022101.98001203     
         473   3980376.62961571     
         474   3939090.20148596     
         475   3898244.43655006     
         476   3857840.76209801     
         477   3817880.29538080     
         478   3778363.84771597     
         479   3739291.92909669     
         480   3700664.75329631     
         481   3662482.24345753     
         482   3624744.03815155     
         483   3587449.49789003     
         484   3550597.71206932     
         485   3514187.50632428     
         486   3478217.45026594     
         487   3442685.86557588     
         488   3407590.83442739     
         489   3372930.20820260     
         490   3338701.61647260     
         491   3304902.47620715     
         492   3271530.00117916     
         493   3238581.21152946     
         494   3206052.94345746     
         495   3173941.85900675     
         496   3142244.45593758     
         497   3110957.07847817     
         498   3080075.95509176     
         499   3049597.89356273     
         500   3019539.12593739     
