         100   1812.74114063091     
         102   4254.89809268129     
         104   7290.11168623461     
         106   10592.1833218298     
         108   13968.8782841212     
         110   17320.8839797797     
         112   20603.2883198003     
         114   23801.0915323766     
         116   26915.1339470645     
         118   29954.2862124547     
         120   32931.1823136359     
         122   35859.9204858714     
         124   38754.8528479731     
         126   41629.9769901051     
         128   44498.6594171134     
         130   47373.5401788526     
         132   50266.5342519114     
         134   53188.8822873767     
         136   56151.2242445208     
         138   59163.6813092856     
         140   62235.9382755161     
         142   65377.3224371177     
         144   68596.8772380048     
         146   71903.4301605082     
         148   75305.6550095147     
         150   78812.1291063596     
         152   82431.3860826268     
         154   86171.9650418484     
         156   90042.4568857685     
         158   94051.5486111533     
         160   98208.0663919336     
         162   102521.018282619     
         164   106999.637422826     
         166   111653.426699911     
         168   116492.205950874     
         170   121526.162978125     
         172   126765.909958927     
         174   132222.547334090     
         176   137907.738156722     
         178   143833.797550849     
         180   150013.805086083     
         182   156461.753683582     
         184   163192.758726967     
         186   170223.367021482     
         188   177572.027954412     
         190   185259.817248687     
         192   193311.531915787     
         194   201757.293739588     
         196   210634.794617532     
         198   219992.276698444     
         200   229892.254415616     
         202   240415.854998586     
         204   251667.492870655     
         206   263779.428355314     
         208   276915.627208630     
         210   291274.269398393     
         212   307088.278703789     
         214   324623.368028796     
         216   344173.308116385     
         218   366052.401197221     
         220   390585.435957330     
         222   418095.672814137     
         224   448891.620836296     
         226   483253.493422553     
         228   521420.257808703     
         230   563578.127406858     
         232   609851.202071213     
         234   660294.763816575     
         236   714891.511648862     
         238   773550.795176194     
         240   836110.704310680     
         242   902342.707117872     
         244   971958.408365886     
         246   1044617.92988366     
         248   1119939.38763375     
         250   1197508.95299726     
         252   1276891.02864514     
         254   1357638.13331715     
         256   1439300.16600100     
         258   1521432.80064789     
         260   1603604.84143354     
         262   1685404.44107859     
         264   1766444.14787226     
         266   1846364.79919280     
         268   1924838.32002459     
         270   2001569.51463305     
         272   2076296.95916634     
         274   2148793.11385460     
         276   2218863.77718466     
         278   2286347.00246994     
         280   2351111.59105213     
         282   2413055.26725592     
         284   2472102.62927232     
         286   2528202.95827603     
         288   2581327.95600034     
         290   2631469.46923249     
         292   2678637.24863216     
         294   2722856.77916409     
         296   2764167.21041218     
         298   2802619.40716649     
         300   2838274.13394062     
         302   2871200.38143735     
         304   2901473.83835541     
         306   2929175.50822483     
         308   2954390.46806607     
         310   2977206.76348287     
         312   2997714.43321635     
         314   3016004.65511043     
         316   3032169.00477706     
         318   3046298.81792417     
         320   3058484.64724908     
         322   3068815.80494572     
         324   3077379.98217299     
         326   3084262.93724202     
         328   3089548.24476553     
         330   3093317.09854538     
         332   3095648.16153095     
         334   3096617.45674382     
         336   3096298.29361983     
         338   3094761.22475718     
         340   3092074.02857271     
         342   3088301.71385152     
         344   3083506.54262600     
         346   3077748.06823691     
         348   3071083.18581081     
         350   3063566.19273601     
         352   3055248.85703389     
         354   3046180.49180539     
         356   3036408.03418622     
         358   3025976.12746977     
         360   3014927.20525729     
         362   3003301.57667132     
         364   2991137.51182420     
         366   2978471.32686911     
         368   2965337.46808031     
         370   2951768.59451183     
         372   2937795.65887338     
         374   2923447.98633891     
         376   2908753.35106889     
         378   2893738.05028398     
         380   2878426.97577496     
         382   2862843.68277430     
         384   2847010.45614845     
         386   2830948.37389805     
         388   2814677.36797625     
         390   2798216.28245477     
         392   2781582.92908211     
         394   2764794.14029100     
         396   2747865.81972145     
         398   2730812.99033311     
         400   2713649.84018612     
         402   2696389.76597316     
         404   2679045.41438796     
         406   2661628.72141671     
         408   2644150.94963915     
         410   2626622.72362555     
         412   2609054.06351502     
         414   2591454.41685863     
         416   2573832.68880920     
         418   2556197.27073704     
         420   2538556.06734886     
         422   2520916.52238393     
         424   2503285.64295906     
         426   2485670.02263132     
         428   2468075.86324408     
         430   2450508.99561959     
         432   2432974.89915805     
         434   2415478.72040080     
         436   2398025.29061202     
         438   2380619.14243106     
         440   2363264.52564477     
         442   2345965.42212670     
         444   2328725.55998775     
         446   2311548.42698041     
         448   2294437.28319657     
         450   2277395.17309684     
         452   2260424.93690719     
         454   2243529.22141692     
         456   2226710.49020993     
         458   2209971.03335985     
         460   2193312.97661761     
         462   2176738.29011864     
         464   2160248.79663549     
         466   2143846.17939986     
         468   2127531.98951739     
         470   2111307.65299645     
         472   2095174.47741175     
         474   2079133.65822202     
         476   2063186.28475998     
         478   2047333.34591208     
         480   2031575.73550422     
         482   2015914.25740891     
         484   2000349.63038866     
         486   1984882.49268914     
         488   1969513.40639538     
         490   1954242.86156333     
         492   1939071.28013837     
         494   1923999.01967209     
         496   1909026.37688206     
         498   1894153.60038004     
         500   1879384.18037646     
