         100   1812.74114063091     
         105   8922.41714705852     
         110   17320.3496062458     
         115   25366.9431198123     
         120   32929.0329529580     
         125   40190.5203273869     
         130   47367.9268332671     
         135   54655.5339842724     
         140   62221.9613462008     
         145   70216.7911900004     
         150   78777.7639513583     
         155   88036.7094316400     
         160   98124.1791249389     
         165   109173.091107453     
         170   121321.694828739     
         175   134716.093335721     
         180   149512.494282111     
         185   165879.310923237     
         190   183999.198519043     
         195   204071.086026500     
         200   226312.243829981     
         205   250960.412417873     
         210   278276.001771991     
         215   308544.354475071     
         220   342078.045001652     
         225   379219.161502053     
         230   420341.483796188     
         235   465852.434373408     
         240   516194.647243991     
         245   571846.970305084     
         250   633324.608498929     
         255   701178.936069328     
         260   776004.864351319     
         265   858462.738793532     
         270   949193.589885692     
         275   1048245.24733091     
         280   1154303.97386054     
         285   1267481.50709380     
         290   1403602.75548283     
         295   1624138.40297957     
         300   2069582.48646404     
         305   2968879.27176180     
         310   4604171.81257907     
         315   7238121.87575287     
         320   11035976.8739046     
         325   16016285.5494119     
         330   22045663.9117663     
         335   28871268.2519361     
         340   36172647.2347392     
         345   43614402.2270124     
         350   50887603.6507533     
         355   57735515.0567217     
         360   63964653.7121853     
         365   69444875.3542323     
         370   74102678.2185664     
         375   77911261.6848429     
         380   80879823.9357570     
         385   83043586.0864028     
         390   84455267.8026348     
         395   85178235.6917467     
         400   85281255.3454260     
         405   84834637.8240918     
         410   83907525.2741618     
         415   82566066.4261503     
         420   80872263.3359260     
         425   78883309.4248118     
         430   76651276.7953220     
         435   74223043.8482144     
         440   71640380.9920695     
         445   68940132.6311128     
         450   66154447.9886335     
         455   63311021.8023255     
         460   60433307.6890902     
         465   57540658.8026298     
         470   54648322.8417101     
         475   51767143.8446537     
         480   48902614.5044896     
         485   46052281.6451066     
         490   43198338.0026503     
         495   40284357.0747383     
         500   37110650.3024449     
