         100   1812.74114063091     
         102   4254.88298362592     
         104   7290.04914611658     
         106   10592.0231410163     
         108   13968.5693961171     
         110   17320.3828419932     
         112   20602.5587397759     
         114   23800.1004214300     
         116   26913.8463699369     
         118   29952.6610675889     
         120   32929.1688197385     
         122   35857.4552201054     
         124   38751.8569995697     
         126   41626.3535303833     
         128   44494.2899432192     
         130   47368.2812307158     
         132   50260.2129234554     
         134   53181.2909558953     
         136   56142.1142297823     
         138   59152.7552489879     
         140   62222.8409675810     
         142   65361.6298522054     
         144   68578.0833468007     
         146   71880.9311481818     
         148   75278.7303618614     
         150   78779.9189452565     
         152   82392.8639983050     
         154   86125.9055106537     
         156   89987.3961675285     
         158   93985.7377809508     
         160   98129.4148651767     
         162   102427.025824224     
         164   106887.312170101     
         166   111519.186145485     
         168   116331.757085257     
         170   121334.356818030     
         172   126536.564381488     
         174   131948.230304004     
         176   137579.500689303     
         178   143440.841330823     
         180   149543.062077731     
         182   155897.341675514     
         184   162515.253310679     
         186   169408.791101972     
         188   176590.397800178     
         190   184072.993985920     
         192   191870.009091144     
         194   199995.414616823     
         196   208463.759978930     
         198   217290.211489706     
         200   226490.595075452     
         202   236081.443450162     
         204   246080.048612971     
         206   256504.520724860     
         208   267373.854657614     
         210   278708.005807616     
         212   290527.977137676     
         214   302855.919845872     
         216   315715.250527821     
         218   329130.788143748     
         220   343128.914527148     
         222   357737.762859526     
         224   372987.440439038     
         226   388910.297264922     
         228   405541.263806595     
         230   422918.303848058     
         232   441083.064367208     
         234   460081.852910385     
         236   479967.125862615     
         238   500799.712218859     
         240   522652.004437494     
         242   545612.297481091     
         244   569790.333463209     
         246   595323.912258288     
         248   622386.178226641     
         250   651192.929541738     
         252   682009.071426169     
         254   715153.200430010     
         256   750999.304018405     
         258   789974.706045062     
         260   832553.674823342     
         262   879246.501550894     
         264   930584.299588594     
         266   987100.208692630     
         268   1049308.05551925     
         270   1117679.77830202     
         272   1192623.04405612     
         274   1274460.46599461     
         276   1363411.68055648     
         278   1459579.29496604     
         280   1562939.40300242     
         282   1673337.02618446     
         284   1790486.50446385     
         286   1913976.56288584     
         288   2043279.53823235     
         290   2177764.07329489     
         292   2316710.47892843     
         294   2459327.92162794     
         296   2604772.60853980     
         298   2752166.20125198     
         300   2900613.78196361     
         302   3049220.80852645     
         304   3197108.61740107     
         306   3343428.15660697     
         308   3487371.74715832     
         310   3628182.77622667     
         312   3765163.31522268     
         314   3897679.72962975     
         316   4025166.40454708     
         318   4147127.75127766     
         320   4263138.68737023     
         322   4372843.79714403     
         324   4475955.38393707     
         326   4572250.62119536     
         328   4661567.99904135     
         330   4743803.24793010     
         332   4818904.90300154     
         334   4886869.65310365     
         336   4947737.59828012     
         338   5001587.51963861     
         340   5048532.24657565     
         342   5088714.18877634     
         344   5122301.08451453     
         346   5149482.00270364     
         348   5170463.62393596     
         350   5185466.81536611     
         352   5194723.50565116     
         354   5198473.85912535     
         356   5196963.74280731     
         358   5190442.47554607     
         360   5179160.84544014     
         362   5163369.37944837     
         364   5143316.84769717     
         366   5119248.98423366     
         368   5091407.40575150     
         370   5060028.71001172     
         372   5025343.73619783     
         374   4987576.97019831     
         376   4946946.07873170     
         378   4903661.55725966     
         380   4857926.47772673     
         382   4809936.32328277     
         384   4759878.89825691     
         386   4707934.30273724     
         388   4654274.96215256     
         390   4599065.70323914     
         392   4542463.86869986     
         394   4484619.46371961     
         396   4425675.32828950     
         398   4365767.33001110     
         400   4305024.57270464     
         402   4243569.61673244     
         404   4181518.70747572     
         406   4118982.00887336     
         408   4056063.83934817     
         410   3992862.90781653     
         412   3929472.54780325     
         414   3865980.94797147     
         416   3802471.37763043     
         418   3739022.40600748     
         420   3675708.11426729     
         422   3612598.29943627     
         424   3549758.66954589     
         426   3487251.02944846     
         428   3425133.45688657     
         430   3363460.46851422     
         432   3302283.17567670     
         434   3241649.42985975     
         436   3181603.95781668     
         438   3122188.48647801     
         440   3063441.85784098     
         442   3005400.13412832     
         444   2948096.69359492     
         446   2891562.31745000     
         448   2835825.26844840     
         450   2780911.36178804     
         452   2726844.02903028     
         454   2673644.37583446     
         456   2621331.23436563     
         458   2569921.21129414     
         460   2519428.73235544     
         462   2469866.08447624     
         464   2421243.45649722     
         466   2373568.97953192     
         468   2326848.76799329     
         470   2281086.96229406     
         472   2236285.77418214     
         474   2192445.53560830     
         476   2149564.75193956     
         478   2107640.16022903     
         480   2066666.79313221     
         482   2026638.04892354     
         484   1987545.76791853     
         486   1949380.31545066     
         488   1912130.67139732     
         490   1875784.52610443     
         492   1840328.38244313     
         494   1805747.66366474     
         496   1772026.82529206     
         498   1739148.89545603     
         500   1706925.06083521     
