         100   1812.74114063091     
         102   4254.88553025281     
         104   7290.05935310245     
         106   10592.0489541824     
         108   13968.6188755912     
         110   17320.4628547959     
         112   20602.6749909619     
         114   23800.2581216973     
         116   26914.0510129049     
         118   29952.9191079390     
         120   32929.4882246162     
         122   35857.8459335295     
         124   38752.3313723925     
         126   41626.9267625305     
         128   44494.9805760848     
         130   47369.1117209164     
         132   50261.2103256731     
         134   53182.4877419466     
         136   56143.5492728012     
         138   59154.4750052644     
         140   62224.9008939154     
         142   65364.0961035575     
         144   68581.0348075905     
         146   71884.4618610294     
         148   75282.9524301192     
         150   78784.9660007632     
         152   82398.8953438668     
         154   86133.1110684298     
         156   89996.0023904900     
         158   93996.0147157919     
         160   98141.6845925715     
         162   102441.672547467     
         164   106904.794277580     
         166   111540.050638110     
         168   116356.656839394     
         170   121364.071250732     
         172   126572.024201730     
         174   131990.547176021     
         176   137630.002808139     
         178   143501.116123563     
         180   149615.007506726     
         182   155983.227945135     
         184   162617.797184081     
         186   169531.245541852     
         188   176736.660288813     
         190   184247.737698353     
         192   192078.842153915     
         194   200245.074078414     
         196   208762.349003093     
         198   217647.490934090     
         200   226918.344546518     
         202   236593.913085921     
         204   246694.532943845     
         206   257242.102799999     
         208   268260.396248536     
         210   279775.502792288     
         212   291816.462375573     
         214   304416.179853930     
         216   317612.720873862     
         218   331451.088987981     
         220   345985.553538752     
         222   361282.529639604     
         224   377423.903721722     
         226   394510.560252761     
         228   412665.719331377     
         230   432037.571991557     
         232   452800.633470280     
         234   475155.251076666     
         236   499324.814884470     
         238   525550.419620375     
         240   554082.989747657     
         242   585173.168349150     
         244   619059.540211237     
         246   655955.970324606     
         248   696038.961692349     
         250   739435.957136160     
         252   786215.431235448     
         254   836379.457064342     
         256   889859.213911901     
         258   946513.656733317     
         260   1006131.32487764     
         262   1068435.05112957     
         264   1133089.15966970     
         266   1199708.62269953     
         268   1267869.58229430     
         270   1337120.63259558     
         272   1406994.28954906     
         274   1477018.14047051     
         276   1546725.25251620     
         278   1615663.51697495     
         280   1683403.70600156     
         282   1749546.11276068     
         284   1813725.72983833     
         286   1875615.99110772     
         288   1934931.15763894     
         290   1991427.46873617     
         292   2044903.20579266     
         294   2095197.83105056     
         296   2142190.36756612     
         298   2185797.18284892     
         300   2225969.32883312     
         302   2262689.57693024     
         304   2295969.27052881     
         306   2325845.09978141     
         308   2352375.88590321     
         310   2375639.44527583     
         312   2395729.58794927     
         314   2412753.29100357     
         316   2426828.07484922     
         318   2438079.59996570     
         320   2446639.49275863     
         322   2452643.40205574     
         324   2456229.28211152     
         326   2457535.89368288     
         328   2456701.51159409     
         330   2453862.82505354     
         332   2449154.01564922     
         334   2442705.99728131     
         336   2434645.80214990     
         338   2425096.09718450     
         340   2414174.81587449     
         342   2401994.89125010     
         344   2388664.07669986     
         346   2374284.84233370     
         348   2358954.33566537     
         350   2342764.39645802     
         352   2325801.61662428     
         354   2308147.43707885     
         356   2289878.27439226     
         358   2271065.67098131     
         360   2251776.46338919     
         362   2232072.96395425     
         364   2212013.15184176     
         366   2191650.87001876     
         368   2171036.02529233     
         370   2150214.78900955     
         372   2129229.79643745     
         374   2108120.34320891     
         376   2086922.57753923     
         378   2065669.68719341     
         380   2044392.08042076     
         382   2023117.56027449     
         384   2001871.49190476     
         386   1980676.96255683     
         388   1959554.93412572     
         390   1938524.38821726     
         392   1917602.46374670     
         394   1896804.58717095     
         396   1876144.59550291     
         398   1855634.85229680     
         400   1835286.35682472     
         402   1815108.84668736     
         404   1795110.89411812     
         406   1775299.99625038     
         408   1755682.65962329     
         410   1736264.47920363     
         412   1717050.21220006     
         414   1698043.84694238     
         416   1679248.66709307     
         418   1660667.31145105     
         420   1642301.82959958     
         422   1624153.73364097     
         424   1606224.04625138     
         426   1588513.34527885     
         428   1571021.80509761     
         430   1553749.23492141     
         432   1536695.11426881     
         434   1519858.62576294     
         436   1503238.68543887     
         438   1486833.97072221     
         440   1470642.94623310     
         442   1454663.88756150     
         444   1438894.90315074     
         446   1423333.95441850     
         448   1407978.87423660     
         450   1392827.38388365     
         452   1377877.10857772     
         454   1363125.59168941     
         456   1348570.30772964     
         458   1334208.67420042     
         460   1320038.06239137     
         462   1306055.80719930     
         464   1292259.21604337     
         466   1278645.57694354     
         468   1265212.16582552     
         470   1251956.25311146     
         472   1238875.10965144     
         474   1225966.01204733     
         476   1213226.24741702     
         478   1200653.11764379     
         480   1188243.94315264     
         482   1175996.06625235     
         484   1163906.85407980     
         486   1151973.70118017     
         488   1140194.03175507     
         490   1128565.30160835     
         492   1117084.99981813     
         494   1105750.65016161     
         496   1094559.81212540     
         498   1083510.08534324     
         500   1072620.29592597     
