         100   1812.74114063091     
         102   4254.90757186171     
         104   7290.15441795650     
         106   10592.2963630602     
         108   13969.0997157023     
         110   17321.2464280216     
         112   20603.8189014572     
         114   23801.8149313337     
         116   26916.0760840460     
         118   29955.4774776262     
         120   32932.6602084562     
         122   35861.7318533233     
         124   38757.0559384436     
         126   41632.6435861733     
         128   44501.8772002541     
         130   47377.4154904953     
         132   50271.1953859411     
         134   53194.4834499267     
         136   56157.9503274734     
         138   59171.7536445309     
         140   62245.6215669536     
         142   65388.9331068217     
         144   68610.7934729911     
         146   71920.1040090909     
         148   75325.6269542115     
         150   78836.0456377160     
         152   82460.0209207069     
         154   86206.2448070453     
         156   90083.4922185456     
         158   94100.6719963518     
         160   98266.8782793387     
         162   102591.443545271     
         164   107083.994811986     
         166   111754.514830463     
         168   116613.410634798     
         170   121671.592665142     
         172   126940.569017179     
         174   132432.561385744     
         176   138160.652076939     
         178   144138.974915809     
         180   150382.966302366     
         182   156909.694630443     
         184   163738.284551191     
         186   170890.444486106     
         188   178391.089160390     
         190   186269.023142274     
         192   194557.618551134     
         194   203295.385512889     
         196   212526.305439148     
         198   222299.783510606     
         200   232670.085089698     
         202   243695.154615586     
         204   255434.773050393     
         206   267948.084039534     
         208   281290.598546572     
         210   295510.860150715     
         212   310647.006869062     
         214   326723.492081919     
         216   343748.223441108     
         218   361710.346056002     
         220   380578.840513257     
         222   400302.035870521     
         224   420808.062170627     
         226   442006.195179455     
         228   463788.985122542     
         230   486035.015912345     
         232   508612.113858289     
         234   531380.814937866     
         236   554197.905367943     
         238   576919.868264048     
         240   599406.095877765     
         242   621521.758511980     
         244   643140.254364927     
         246   664145.196506003     
         248   684431.921929730     
         250   703908.531889718     
         252   722496.491856690     
         254   740130.833382235     
         256   756760.009189868     
         258   772345.457528911     
         260   786860.932933716     
         262   800291.658801965     
         264   812633.353393417     
         266   823891.175639603     
         268   834078.631135635     
         270   843216.472339768     
         272   851331.620709096     
         274   858456.132523966     
         276   864626.224684571     
         278   869881.371910939     
         280   874263.482593809     
         282   877816.157034399     
         284   880584.028949348     
         286   882612.188854499     
         288   883945.686215814     
         290   884629.105999364     
         292   884706.214395436     
         294   884219.667966966     
         296   883210.780217348     
         298   881719.339530490     
         300   879783.472557457     
         302   877439.547366340     
         304   874722.110999490     
         306   871663.856465352     
         308   868295.614607193     
         310   864646.366719140     
         312   860743.274207015     
         314   856611.722006446     
         316   852275.372866318     
         318   847756.229976391     
         320   843074.705760826     
         322   838249.694972726     
         324   833298.650508298     
         326   828237.660613192     
         328   823081.526379266     
         330   817843.838628909     
         332   812537.053457989     
         334   807172.565859507     
         336   801760.780980185     
         338   796311.182673493     
         340   790832.399107102     
         342   785332.265262280     
         344   779817.882229077     
         346   774295.673255983     
         348   768771.436557490     
         350   763250.394919128     
         352   757737.242168163     
         354   752236.186600421     
         356   746750.991470571     
         358   741285.012665520     
         360   735841.233689042     
         362   730422.298091130     
         364   725030.539478237     
         366   719668.009241221     
         368   714336.502136676     
         370   709037.579854867     
         372   703772.592703999     
         374   698542.699536200     
         376   693348.886035725     
         378   688191.981484549     
         380   683072.674114938     
         382   677991.525152859     
         384   672948.981650320     
         386   667945.388198948     
         388   662980.997611489     
         390   658055.980652380     
         392   653170.434893183     
         394   648324.392763546     
         396   643517.828863442     
         398   638750.666597724     
         400   634022.784189617     
         402   629334.020125557     
         404   624684.178079831     
         406   620073.031363768     
         408   615500.326940730     
         410   610965.789044927     
         412   606469.122439021     
         414   602010.015342682     
         416   597588.142061620     
         418   593203.165344193     
         420   588854.738490429     
         422   584542.507236226     
         424   580266.111433550     
         426   576025.186545692     
         428   571819.364974990     
         430   567648.277238930     
         432   563511.553009126     
         434   559408.822026433     
         436   555339.714904255     
         438   551303.863831040     
         440   547300.903181966     
         442   543330.470048932     
         444   539392.204697116     
         446   535485.750955626     
         448   531610.756549078     
         450   527766.873376281     
         452   523953.757741661     
         454   520171.070544502     
         456   516418.477430627     
         458   512695.648910676     
         460   509002.260448763     
         462   505337.992524909     
         464   501702.530674345     
         466   498095.565506437     
         468   494516.792705747     
         470   490965.913017490     
         472   487442.632219388     
         474   483946.661081767     
         476   480477.715317514     
         478   477035.515523368     
         480   473619.787113845     
         482   470230.260248990     
         484   466866.669756976     
         486   463528.755052516     
         488   460216.260051883     
         490   456928.933085308     
         492   453666.526807389     
         494   450428.798106101     
         496   447215.508010912     
         498   444026.421578638     
         500   440859.002150710     
