         100   1812.74114063091     
         102   4254.88290415271     
         104   7290.04886829974     
         106   10592.0224677781     
         108   13968.5681218007     
         110   17320.3807875825     
         112   20602.5557572618     
         114   23800.0963810621     
         116   26913.8411427814     
         118   29952.6545092432     
         120   32929.1607566742     
         122   35857.4454381866     
         124   38751.8452337334     
         126   41626.3394544594     
         128   44494.2731590124     
         130   47368.2612556125     
         132   50260.1891759123     
         134   53181.2627381932     
         136   56142.0807074141     
         138   59152.7154259876     
         140   62222.7936570016     
         142   65361.5736408217     
         144   68578.0165529422     
         146   71880.8517713961     
         148   75278.6360228588     
         150   78779.8068142842     
         152   82392.7307097420     
         154   86125.7470611883     
         156   89987.2077947676     
         158   93985.5138186966     
         160   98129.1485708761     
         162   102426.709173218     
         164   106886.935610258     
         166   111518.738304540     
         168   116331.224421683     
         170   121333.723204465     
         172   126535.810607566     
         174   131947.333482858     
         176   137578.433548868     
         178   143439.571367287     
         180   149541.550543979     
         182   155895.542371867     
         184   162513.111138608     
         186   169406.240333392     
         188   176587.360005087     
         190   184069.375549185     
         192   191865.698234530     
         194   199990.277824384     
         196   208457.637701585     
         198   217282.912977359     
         200   226481.892150661     
         202   236071.062994527     
         204   246067.663483265     
         206   256489.738747375     
         208   267356.205262124     
         210   278686.923755204     
         212   290502.782677915     
         214   302825.794546701     
         216   315679.208050443     
         218   329087.639543774     
         220   343077.228395503     
         222   357675.821638157     
         224   372913.194668103     
         226   388821.317197680     
         228   405434.679398127     
         230   422790.706327872     
         232   440930.315467958     
         234   459898.719166360     
         236   479746.644725228     
         238   500532.235469831     
         240   522323.989600182     
         242   545205.159310732     
         244   569280.030520799     
         246   594682.394655239     
         248   621586.284665157     
         250   650218.682798297     
         252   680873.457675802     
         254   713925.325133706     
         256   749842.241638162     
         258   789194.419632459     
         260   832658.166504074     
         262   881013.019136335     
         264   935131.154124850     
         266   995958.737191869     
         268   1064489.64213692     
         270   1141732.71644805     
         272   1228674.40138546     
         274   1326238.95538929     
         276   1435248.73927205     
         278   1556386.99228159     
         280   1690165.28288896     
         282   1836897.40313167     
         284   1996680.94974658     
         286   2169387.26177644     
         288   2354659.82061427     
         290   2551920.71169682     
         292   2760384.33060039     
         294   2979077.20892495     
         296   3206862.64250538     
         298   3442468.72063665     
         300   3684518.36667688     
         302   3931560.08928093     
         304   4182098.28923404     
         306   4434622.14920483     
         308   4687632.33435204     
         310   4939664.93508169     
         312   5189312.27718855     
         314   5435240.40036929     
         316   5676203.15808577     
         318   5911053.01716380     
         320   6138748.73374617     
         322   6358360.15438617     
         324   6569070.43945118     
         326   6770176.03361827     
         328   6961084.71844839     
         330   7141312.07825194     
         332   7310476.69598245     
         334   7468294.37370396     
         336   7614571.64488210     
         338   7749198.81554656     
         340   7872142.74004801     
         342   7983439.50607484     
         344   8083187.17384087     
         346   8171538.68662866     
         348   8248695.04464066     
         350   8314898.81162520     
         352   8370428.00409454     
         354   8415590.39609876     
         356   8450718.25833438     
         358   8476163.53865939     
         360   8492293.48162967     
         362   8499486.67721985     
         364   8498129.52319237     
         366   8488613.08138898     
         368   8471330.30530649     
         370   8446673.61446948     
         372   8415032.79013507     
         374   8376793.16658593     
         376   8332334.09253877     
         378   8282027.63788710     
         380   8226237.52199974     
         382   8165318.24101906     
         384   8099614.37296887     
         386   8029460.04093048     
         388   7955178.51602622     
         390   7877081.94342558     
         392   7795471.17602776     
         394   7710635.70185631     
         396   7622853.65250772     
         398   7532391.88121801     
         400   7439506.10024063     
         402   7344441.06826357     
         404   7247430.81953230     
         406   7148698.92719006     
         408   7048458.79410146     
         410   6946913.96509477     
         412   6844258.45514874     
         414   6740677.08856859     
         416   6636345.84465102     
         418   6531432.20573823     
         420   6426095.50391568     
         422   6320487.26292587     
         424   6214751.53216182     
         426   6109025.20987725     
         428   6003438.35301548     
         430   5898114.47132442     
         432   5793170.80369825     
         434   5688718.57497401     
         436   5584863.23171987     
         438   5481704.65588325     
         440   5379337.35552552     
         442   5277850.63225371     
         444   5177328.72536772     
         446   5077850.93316932     
         448   4979491.71231974     
         450   4882320.75657836     
         452   4786403.05669480     
         454   4691798.94364907     
         456   4598564.11782689     
         458   4506749.66706587     
         460   4416402.07680031     
         462   4327563.23575520     
         464   4240270.44078219     
         466   4154556.40448329     
         468   4070449.26922441     
         470   3987972.63099826     
         472   3907145.57635293     
         474   3827982.73526381     
         476   3750494.35239857     
         478   3674686.37871870     
         480   3600560.58479103     
         482   3528114.69656488     
         484   3457342.55372403     
         486   3388234.29006680     
         488   3320776.53472371     
         490   3254952.63240734     
         492   3190742.88032764     
         494   3128124.77905763     
         496   3067073.30194203     
         498   3007561.30723773     
         500   2949542.84246221     
