         100   1812.74114063091     
         102   4254.90716898842     
         104   7290.15198423431     
         106   10592.2894418709     
         108   13969.0857623173     
         110   17321.2232552377     
         112   20603.7847001355     
         114   23801.7680775334     
         116   26916.0149006145     
         118   29955.4000210050     
         120   32932.5640933494     
         122   35861.6141049440     
         124   38756.9128567622     
         126   41632.4706077209     
         128   44501.6687454762     
         130   47377.1647866051     
         132   50270.8942562407     
         134   53194.1220606755     
         136   56157.5168827270     
         138   59171.2340180387     
         140   62244.9988582436     
         142   65388.1871059855     
         144   68609.9000153367     
         146   71919.0341965977     
         148   75324.3462153904     
         150   78834.5125907360     
         152   82458.1859960542     
         154   86204.0485749241     
         156   90080.8633518233     
         158   94097.5247807771     
         160   98263.1095570369     
         162   102586.928942056     
         164   107078.584049236     
         166   111748.025852226     
         168   116605.622185919     
         170   121662.234844041     
         172   126929.311243623     
         174   132418.997307936     
         176   138144.281507637     
         178   144119.184520126     
         180   150359.014371980     
         182   156880.712030918     
         184   163703.314933107     
         186   170848.562628047     
         188   178341.656108534     
         190   186212.158022792     
         192   194494.984962924     
         194   203231.399227271     
         196   212469.863551167     
         198   222266.588596916     
         200   232685.589994648     
         202   243798.087207203     
         204   255681.123014445     
         206   268415.356109634     
         208   282082.070360001     
         210   296759.538961575     
         212   312518.965274270     
         214   329420.281842095     
         216   347508.116640113     
         218   366808.228164297     
         220   387324.671313263     
         222   409037.891217998     
         224   431903.862036725     
         226   455854.302795579     
         228   480797.922273095     
         230   506622.577265280     
         232   533198.178197043     
         234   560380.145054254     
         236   588013.204638268     
         238   615935.324962651     
         240   643981.600802070     
         242   671987.932011861     
         244   699794.369318595     
         246   727248.037298701     
         248   754205.578324263     
         250   780535.092226876     
         252   806117.572926662     
         254   830847.864581664     
         256   854635.175772523     
         258   877403.201103749     
         260   899089.905912513     
         262   919647.032227886     
         264   939039.383482945     
         266   957243.942506760     
         268   974248.872713244     
         270   990052.446770837     
         272   1004661.94089006     
         274   1018092.52660822     
         276   1030366.18588494     
         278   1041510.66966216     
         280   1051558.51492524     
         282   1060546.13080197     
         284   1068512.96038189     
         286   1075500.72171751     
         288   1081552.72884993     
         290   1086713.29162983     
         292   1091027.19152322     
         294   1094539.22943357     
         296   1097293.84077492     
         298   1099334.77253358     
         300   1100704.81680160     
         302   1101445.59520497     
         304   1101597.38873715     
         306   1101199.00770812     
         308   1100287.69679773     
         310   1098899.07053350     
         312   1097067.07487688     
         314   1094823.97098024     
         316   1092200.33755722     
         318   1089225.08868169     
         320   1085925.50418790     
         322   1082327.27018214     
         324   1078454.52749025     
         326   1074329.92615494     
         328   1069974.68436061     
         330   1065408.65040160     
         332   1060650.36652317     
         334   1055717.13365457     
         336   1050625.07622091     
         338   1045389.20636791     
         340   1040023.48706141     
         342   1034540.89363476     
         344   1028953.47345255     
         346   1023272.40344072     
         348   1017508.04530241     
         350   1011669.99829713     
         352   1005767.14950972     
         354   999807.721575849     
         356   993799.317863921     
         358   987748.965140055     
         360   981663.153764235     
         362   975547.875482441     
         364   969408.658892423     
         366   963250.602670295     
         368   957078.406651835     
         370   950896.400866753     
         372   944708.572626669     
         374   938518.591768422     
         376   932329.834153926     
         378   926145.403526395     
         380   919968.151820495     
         382   913800.698021194     
         384   907645.445662686     
         386   901504.599055193     
         388   895380.178323489     
         390   889274.033337031     
         392   883187.856607437     
         394   877123.195224978     
         396   871081.461901670     
         398   865063.945184579     
         400   859071.818899059     
         402   853106.150877883     
         404   847167.911028644     
         406   841257.978788291     
         408   835377.150010440     
         410   829526.143327919     
         412   823705.606030063     
         414   817916.119491486     
         416   812158.204186418     
         418   806432.324320239     
         420   800738.892107492     
         422   795078.271723548     
         424   789450.782955016     
         426   783856.704572139     
         428   778296.277444652     
         430   772769.707420944     
         432   767277.167988844     
         434   761818.802734955     
         436   756394.727618138     
         438   751005.033071553     
         440   745649.785946535     
         442   740329.031310556     
         444   735042.794110557     
         446   729791.080712058     
         448   724573.880323633     
         450   719391.166315584     
         452   714242.897440964     
         454   709129.018966432     
         456   704049.463719861     
         458   699004.153061068     
         460   693992.997781517     
         462   689015.898938398     
         464   684072.748628082     
         466   679163.430703497     
         468   674287.821439697     
         470   669445.790151475     
         472   664637.199766643     
         474   659861.907358268     
         476   655119.764638918     
         478   650410.618419741     
         480   645734.311036954     
         482   641090.680748150     
         484   636479.562100621     
         486   631900.786273743     
         488   627354.181397297     
         490   622839.572847470     
         492   618356.783522127     
         494   613905.634096860     
         496   609485.943263198     
         498   605097.528052737     
         500   600740.467016340     
