         100   1812.74114063091     
         101   2933.80694272474     
         102   4254.88200846385     
         103   5722.17875004801     
         104   7290.04537947621     
         105   8922.41756790058     
         106   10592.0138094463     
         107   12278.8228696839     
         108   13968.5516817625     
         109   15651.2766228790     
         110   17320.3543376464     
         111   18971.5749334888     
         112   20602.5174398268     
         113   22212.0652439491     
         114   23800.0444886262     
         115   25366.9554850479     
         116   26913.7738627420     
         117   28441.8037526468     
         118   29952.5697019579     
         119   31447.7373924588     
         120   32929.0557752283     
         121   34398.3151312721     
         122   35857.3169764005     
         123   37307.8527729579     
         124   38751.6891849464     
         125   40190.5581871796     
         126   41626.1507656731     
         127   43060.1132640736     
         128   44494.0456679451     
         129   45929.5012960176     
         130   47367.9875004244     
         131   48810.9670778250     
         132   50259.8601684935     
         133   51716.0464771464     
         134   53180.8676920852     
         135   54655.6300115766     
         136   56141.6067108404     
         137   57640.0407014945     
         138   59152.1470492529     
         139   60679.1154261872     
         140   62222.1124817555     
         141   63782.2841227122     
         142   65360.7576964070     
         143   66958.6440752176     
         144   68577.0396422266     
         145   70217.0281799440     
         146   71879.6826650715     
         147   73566.0669731044     
         148   75277.2374970928     
         149   77014.2446851831     
         150   78778.1345017032     
         151   80569.9498165876     
         152   82390.7317278701     
         153   84241.5208218633     
         154   86123.3583754763     
         155   88037.2875049397     
         156   89984.3542650036     
         157   91965.6087024602     
         158   93982.1058676337     
         159   96034.9067872654     
         160   98125.0794020181     
         161   100253.699471623     
         162   102421.851450504     
         163   104630.629336536     
         164   106881.137495418     
         165   109174.491462979     
         166   111511.818727613     
         167   113894.259494843     
         168   116322.967435958     
         169   118799.110422468     
         170   121323.871248087     
         171   123898.448339787     
         172   126524.056459406     
         173   129201.927397207     
         174   131933.310658682     
         175   134719.474145846     
         176   137561.704834172     
         177   140461.309446303     
         178   143419.615123551     
         179   146437.970096217     
         180   149517.744353670     
         181   152660.330315096     
         182   155867.143501802     
         183   159139.623211912     
         184   162479.233198278     
         185   165887.462350388     
         186   169365.825381043     
         187   172915.863518558     
         188   176539.145205226     
         189   180237.266802758     
         190   184011.853305431     
         191   187864.559061643     
         192   191797.068504609     
         193   195811.096892869     
         194   199908.391061363     
         195   204090.730183771     
         196   208359.926546861     
         197   212717.826337577     
         198   217166.310443640     
         199   221707.295268430     
         200   226342.733560964     
         201   231074.615261781     
         202   235904.968365602     
         203   240835.859801641     
         204   245869.396332507     
         205   251007.725472652     
         206   256253.036427368     
         207   261607.561053390     
         208   267073.574842233     
         209   272653.397927376     
         210   278349.396116581     
         211   284163.981950574     
         212   290099.615789473     
         213   296158.806928401     
         214   302344.114743755     
         215   308658.149871763     
         216   315103.575420960     
         217   321683.108220392     
         218   328399.520105357     
         219   335255.639242671     
         220   342254.351497519     
         221   349398.601844027     
         222   356691.395821790     
         223   364135.801040782     
         224   371734.948737082     
         225   379492.035381900     
         226   387410.324346707     
         227   395493.147627051     
         228   403743.907628000     
         229   412166.079013935     
         230   420763.210625687     
         231   429538.927467887     
         232   438496.932769408     
         233   447641.010119758     
         234   456975.025684299     
         235   466502.930501143     
         236   476228.762862786     
         237   486156.650785620     
         238   496290.814571084     
         239   506635.569462651     
         240   517195.328403577     
         241   527974.604900965     
         242   538978.016001872     
         243   550210.285386627     
         244   561676.246582251     
         245   573380.846294877     
         246   585329.147852720     
         247   597526.334741002     
         248   609977.714196509     
         249   622688.720813318     
         250   635664.920093968     
         251   648912.011865012     
         252   662435.833466235     
         253   676242.362624171     
         254   690337.719938954     
         255   704728.170955303     
         256   719420.127860129     
         257   734420.150955701     
         258   749734.950201707     
         259   765371.387302134     
         260   781336.479030122     
         261   797637.402728160     
         262   814281.505179945     
         263   831276.316307774     
         264   848629.569385890     
         265   866349.229653342     
         266   884443.533337146     
         267   902921.039135181     
         268   921790.694139115     
         269   941061.915985086     
         270   960744.692694287     
         271   980849.701204548     
         272   1001388.44500206     
         273   1022373.41055257     
         274   1043818.24142338     
         275   1065737.92810821     
         276   1088149.01064855     
         277   1111069.79022299     
         278   1134520.54498827     
         279   1158523.74464079     
         280   1183104.25746157     
         281   1208289.54304487     
         282   1234109.82352116     
         283   1260598.22589132     
         284   1287790.88811025     
         285   1315727.02180425     
         286   1344448.92498113     
         287   1374001.93879222     
         288   1404434.34331871     
         289   1435797.18846460     
         290   1468144.05731828     
         291   1501530.76076523     
         292   1536014.96365812     
         293   1571655.74443748     
         294   1608513.09170244     
         295   1646647.34281075     
         296   1686118.57109444     
         297   1726985.92966676     
         298   1769306.96102552     
         299   1813136.88268896     
         300   1858527.85990160     
         301   1905528.27699312     
         302   1954182.01924666     
         303   2004527.77712594     
         304   2056598.38442395     
         305   2110420.20133930     
         306   2166012.55267837     
         307   2223387.23034850     
         308   2282548.06808062     
         309   2343490.59493866     
         310   2406201.77267686     
         311   2470659.82043917     
         312   2536834.12869928     
         313   2604685.26275847     
         314   2674165.05458929     
         315   2745216.78037287     
         316   2817775.41975536     
         317   2891767.99167067     
         318   2967113.96056117     
         319   3043725.70598821     
         320   3121509.04796756     
         321   3200363.81989326     
         322   3280184.48062254     
         323   3360860.75717733     
         324   3442278.30956256     
         325   3524319.40939275     
         326   3606863.62434023     
         327   3689788.50085136     
         328   3772970.23810292     
         329   3856284.34676948     
         330   3939606.28682536     
         331   4022812.07929324     
         332   4105778.88755949     
         333   4188385.56458760     
         334   4270513.16306286     
         335   4352045.40618131     
         336   4432869.11744474     
         337   4512874.60843271     
         338   4591956.02408618     
         339   4670011.64555093     
         340   4746944.15109000     
         341   4822660.83598055     
         342   4897073.79266299     
         343   4970100.05270823     
         344   5041661.69241550     
         345   5111685.90405049     
         346   5180105.03488406     
         347   5246856.59629954     
         348   5311883.24530570     
         349   5375132.74082541     
         350   5436557.87713228     
         351   5496116.39678247     
         352   5553770.88533949     
         353   5609488.65012168     
         354   5663241.58511639     
         355   5715006.02410676     
         356   5764762.58394845     
         357   5812495.99981760     
         358   5858194.95412998     
         359   5901851.90070757     
         360   5943462.88564336     
         361   5983027.36619097     
         362   6020548.02888300     
         363   6056030.60796263     
         364   6089483.70509780     
         365   6120918.61123676     
         366   6150349.13135871     
         367   6177791.41277411     
         368   6203263.77753604     
         369   6226786.55943727     
         370   6248381.94598725     
         371   6268073.82568911     
         372   6285887.64086887     
         373   6301850.24624731     
         374   6315989.77338907     
         375   6328335.50111322     
         376   6338917.73190474     
         377   6347767.67432637     
         378   6354917.33139543     
         379   6360399.39485941     
         380   6364247.14527781     
         381   6366494.35779491     
         382   6367175.21346926     
         383   6366324.21600930     
         384   6363976.11375225     
         385   6360165.82671216     
         386   6354928.37851585     
         387   6348298.83303915     
         388   6340312.23555205     
         389   6331003.55817914     
         390   6320407.64948093     
         391   6308559.18796221     
         392   6295492.63931504     
         393   6281242.21720690     
         394   6265841.84742753     
         395   6249325.13521256     
         396   6231725.33556616     
         397   6213075.32641061     
         398   6193407.58439567     
         399   6172754.16320680     
         400   6151146.67421698     
         401   6128616.26933309     
         402   6105193.62589405     
         403   6080908.93348390     
         404   6055791.88252945     
         405   6029871.65455808     
         406   6003176.91399732     
         407   5975735.80140384     
         408   5947575.92801510     
         409   5918724.37152269     
         410   5889207.67297160     
         411   5859051.83469510     
         412   5828282.31919980     
         413   5796924.04892025     
         414   5765001.40676726     
         415   5732538.23739800     
         416   5699557.84914085     
         417   5666083.01651100     
         418   5632135.98325717     
         419   5597738.46588303     
         420   5562911.65759000     
         421   5527676.23259133     
         422   5492052.35075010     
         423   5456059.66249610     
         424   5419717.31397928     
         425   5383043.95241931     
         426   5346057.73161259     
         427   5308776.31756030     
         428   5271216.89418188     
         429   5233396.16908020     
         430   5195330.37932562     
         431   5157035.29722719     
         432   5118526.23605996     
         433   5079818.05571837     
         434   5040925.16826602     
         435   5001861.54335299     
         436   4962640.71347219     
         437   4923275.77902689     
         438   4883779.41318237     
         439   4844163.86647508     
         440   4804440.97115420     
         441   4764622.14523128     
         442   4724718.39621579     
         443   4684740.32451651     
         444   4644698.12649143     
         445   4604601.59713300     
         446   4564460.13237970     
         447   4524282.73105121     
         448   4484077.99641139     
         449   4443854.13737220     
         450   4403618.96936212     
         451   4363379.91489537     
         452   4323144.00389303     
         453   4282917.87382456     
         454   4242707.76975865     
         455   4202519.54443503     
         456   4162358.65849586     
         457   4122230.18104476     
         458   4082138.79073486     
         459   4042088.77762416     
         460   4002084.04607676     
         461   3962128.11903213     
         462   3922224.14401144     
         463   3882374.90127888     
         464   3842582.81462730     
         465   3802849.96530951     
         466   3763178.10968820     
         467   3723568.70122767     
         468   3684022.91749703     
         469   3644541.69289472     
         470   3605125.75783642     
         471   3565775.68516826     
         472   3526491.94457186     
         473   3487274.96571263     
         474   3448125.21084316     
         475   3409043.25750436     
         476   3370029.89186243     
         477   3331086.21307368     
         478   3292213.74887541     
         479   3253414.58235251     
         480   3214691.48952043     
         481   3176048.08698892     
         482   3137488.98852253     
         483   3099019.96878945     
         484   3060648.13198751     
         485   3022382.08235706     
         486   2984232.09283885     
         487   2946210.26732360     
         488   2908330.69108686     
         489   2870609.56313848     
         490   2833065.30338655     
         491   2795718.62678775     
         492   2758592.57612787     
         493   2721712.50488855     
         494   2685106.00201428     
         495   2648802.75159544     
         496   2612834.32297071     
         497   2577233.89178373     
         498   2542035.95575704     
         499   2507280.27965200     
         500   2473261.05737033     
