         100   1812.74114063091     
         102   4254.89224915952     
         104   7290.08689639480     
         106   10592.1192485183     
         108   13968.7542218093     
         110   17320.6822736648     
         112   20602.9942867508     
         114   23800.6917219620     
         116   26914.6141200992     
         118   29953.6295799264     
         120   32930.3681052148     
         122   35858.9227422894     
         124   38753.6392990533     
         126   41628.5078958628     
         128   44496.8862724891     
         130   47371.4041997939     
         132   50263.9645691122     
         134   53185.7937748427     
         136   56147.5149046758     
         138   59159.2291256042     
         140   62230.5974281994     
         142   65370.9187571362     
         144   68589.2027495231     
         146   71894.2365304874     
         148   75294.6456849971     
         150   78798.9498729862     
         152   82415.6137202171     
         154   86153.0936816449     
         156   90019.8815855856     
         158   94024.5455544197     
         160   98175.7689780352     
         162   102482.388200323     
         164   106953.429573707     
         166   111598.146547115     
         168   116426.057483692     
         170   121446.984961398     
         172   126671.097399397     
         174   132108.953986359     
         176   137771.554079558     
         178   143670.392522910     
         180   149817.522744312     
         182   156225.630120373     
         184   162908.119081835     
         186   169879.219003461     
         188   177154.116396396     
         190   184749.124648181     
         192   192681.907732720     
         194   200971.780645074     
         196   209640.115575114     
         198   218710.886500878     
         200   228211.382181428     
         202   238173.104140756     
         204   248632.838750918     
         206   259633.850323110     
         208   271227.088965358     
         210   283472.251521879     
         212   296438.488577473     
         214   310204.528702283     
         216   324858.003618903     
         218   340493.809603534     
         220   357211.428045249     
         222   375111.240695563     
         224   394289.996066162     
         226   414835.693851653     
         228   436822.237108792     
         230   460304.245182091     
         232   485312.418915937     
         234   511849.805621399     
         236   539889.232704703     
         238   569372.077901440     
         240   600208.434298200     
         242   632278.622629404     
         244   665435.912154821     
         246   699510.241809007     
         248   734312.688688076     
         250   769640.411412964     
         252   805281.798984455     
         254   841021.577189747     
         256   876645.659331954     
         258   911945.570812858     
         260   946722.323129738     
         262   980789.658177511     
         264   1013976.62538212     
         266   1046129.49013287     
         268   1077113.00114435     
         270   1106811.06643958     
         272   1135126.90286396     
         274   1161982.73307807     
         276   1187319.10774197     
         278   1211093.93010595     
         280   1233281.25648152     
         282   1253869.94003048     
         284   1272862.17781643     
         286   1290272.01281365     
         288   1306123.83412152     
         290   1320450.91041266     
         292   1333293.98395019     
         294   1344699.94553910     
         296   1354720.60463896     
         298   1363411.56360090     
         300   1370831.20059211     
         302   1377039.76219195     
         304   1382098.56381627     
         306   1386069.29396890     
         308   1389013.41674576     
         310   1390991.66593727     
         312   1392063.62340838     
         314   1392287.37410216     
         316   1391719.22994546     
         318   1390413.51507138     
         320   1388422.40506145     
         322   1385795.81330696     
         324   1382581.31805647     
         326   1378824.12422744     
         328   1374567.05458907     
         330   1369850.56545488     
         332   1364712.78254201     
         334   1359189.55315122     
         336   1353314.51128960     
         338   1347119.15279346     
         340   1340632.91790835     
         342   1333883.27914770     
         344   1326895.83257868     
         346   1319694.39097794     
         348   1312301.07755938     
         350   1304736.41920598     
         352   1297019.43833761     
         354   1289167.74272159     
         356   1281197.61268285     
         358   1273124.08529972     
         360   1264961.03528113     
         362   1256721.25231381     
         364   1248416.51474588     
         366   1240057.65953796     
         368   1231654.64846589     
         370   1223216.63060270     
         372   1214752.00114177     
         374   1206268.45665090     
         376   1197773.04686755     
         378   1189272.22316189     
         380   1180771.88380499     
         382   1172277.41618758     
         384   1163793.73613905     
         386   1155325.32449838     
         388   1146876.26108854     
         390   1138450.25624432     
         392   1130050.68004018     
         394   1121680.58936102     
         396   1113342.75295344     
         398   1105039.67459015     
         400   1096773.61447397     
         402   1088546.60900196     
         404   1080360.48900427     
         406   1072216.89656554     
         408   1064117.30053113     
         410   1056063.01079395     
         412   1048055.19145196     
         414   1040094.87292068     
         416   1032182.96307940     
         418   1024320.25752467     
         420   1016507.44899959     
         422   1008745.13606257     
         424   1001033.83105477     
         426   993373.967421156     
         428   985765.906436137     
         430   978209.943380898     
         432   970706.313216085     
         434   963255.195790185     
         436   955856.720620855     
         438   948510.971283598     
         440   941217.989439508     
         442   933977.778531346     
         444   926790.307174875     
         446   919655.512270291     
         448   912573.301856585     
         450   905543.557729847     
         452   898566.137844858     
         454   891640.878517710     
         456   884767.596445824     
         458   877946.090560334     
         460   871176.143724627     
         462   864457.524291712     
         464   857789.987531998     
         466   851173.276942165     
         468   844607.125444903     
         470   838091.256488487     
         472   831625.385054421     
         474   825209.218580695     
         476   818842.457807582     
         478   812524.797552299     
         480   806255.927418370     
         482   800035.532445001     
         484   793863.293701346     
         486   787738.888830145     
         488   781661.992544830     
         490   775632.277083830     
         492   769649.412625527     
         494   763713.067667013     
         496   757822.909375005     
         498   751978.606182609     
         500   746181.120848383     
