         100   1812.74114063091     
         102   4254.89219726151     
         104   7290.08677574161     
         106   10592.1189700023     
         108   13968.7536438932     
         110   17320.6812452969     
         112   20602.9926905481     
         114   23800.6894976021     
         116   26914.6112698295     
         118   29953.6261645738     
         120   32930.3642375821     
         122   35858.9185818527     
         124   38753.6350496814     
         126   41628.5038070863     
         128   44496.8826443523     
         130   47371.4013912119     
         132   50263.9630097260     
         134   53185.7939805217     
         136   56147.5174969932     
         138   59159.2348558080     
         140   62230.6072064032     
         142   65370.9336876735     
         144   68589.2241736493     
         146   71894.2660778894     
         148   75294.6853358901     
         150   78799.0020329535     
         152   82415.6813103953     
         154   86153.1802473911     
         156   90019.9914274041     
         158   94024.6838856903     
         160   98175.9421150108     
         162   102482.603790968     
         164   106953.696873280     
         166   111598.476749983     
         168   116426.464122792     
         170   121447.484389033     
         172   126671.709365945     
         174   132109.702337671     
         176   137772.467602550     
         178   143671.505995132     
         180   149818.878333402     
         182   156227.279579969     
         184   162910.128113518     
         186   169881.677724287     
         188   177157.166326693     
         190   184753.027406854     
         192   192687.211180977     
         194   200979.695545600     
         196   209653.313355222     
         198   218735.078743015     
         200   228258.249923206     
         202   238265.399466359     
         204   248812.749692134     
         206   259975.945522809     
         208   271857.265146509     
         210   284594.015147862     
         212   298367.551267903     
         214   313412.061246280     
         216   330022.007443299     
         218   348557.016298922     
         220   369443.061967615     
         222   393169.034090788     
         224   420278.180553341     
         226   451354.420398975     
         228   487004.056140432     
         230   527833.901217675     
         232   574427.211193030     
         234   627319.022224495     
         236   686972.540256707     
         238   753758.098393675     
         240   827935.938359013     
         242   909643.718344814     
         244   998889.252207148     
         246   1095548.58950972     
         248   1199369.18986988     
         250   1309977.65482481     
         252   1426891.27052072     
         254   1549532.48854468     
         256   1677245.42499939     
         258   1809313.47816328     
         260   1944977.23800644     
         262   2083451.97052447     
         264   2223944.09105469     
         266   2365666.18009197     
         268   2507850.23185191     
         270   2649758.95197896     
         272   2790695.03112724     
         274   2930008.41280737     
         276   3067101.64600721     
         278   3201433.46625279     
         280   3332520.78459872     
         282   3459939.28477162     
         284   3583322.83687714     
         286   3702361.93431028     
         288   3816801.35123639     
         290   3926437.20344533     
         292   4031113.57742717     
         294   4130718.87274310     
         296   4225181.98241559     
         298   4314468.41608091     
         300   4398576.45171327     
         302   4477533.38429643     
         304   4551391.92415531     
         306   4620226.78389192     
         308   4684131.48101089     
         310   4743215.37330702     
         312   4797600.93580046     
         314   4847421.28129286     
         316   4892817.92131026     
         318   4933938.76011820     
         320   4970936.31147058     
         322   5003966.12562024     
         324   5033185.41272628     
         326   5058751.84800322     
         328   5080822.54365088     
         330   5099553.17267562     
         332   5115097.23007446     
         334   5127605.41742733     
         336   5137225.13766801     
         338   5144100.08762807     
         340   5148369.93683076     
         342   5150170.08191964     
         344   5149631.46701492     
         346   5146880.46117957     
         348   5142038.78503364     
         350   5135223.47936819     
         352   5126546.90937485     
         354   5116116.79881682     
         356   5104036.28912406     
         358   5090404.01899528     
         360   5075314.22063692     
         362   5058856.82926389     
         364   5041117.60293260     
         366   5022178.25017611     
         368   5002116.56326719     
         370   4981006.55525137     
         372   4958918.59917215     
         374   4935919.56815657     
         376   4912072.97524628     
         378   4887439.11204812     
         380   4862075.18544358     
         382   4836035.45173925     
         384   4809371.34776449     
         386   4782131.61852915     
         388   4754362.44114534     
         390   4726107.54479583     
         392   4697408.32659738     
         394   4668303.96326386     
         396   4638831.51852079     
         398   4609026.04626224     
         400   4578920.68947362     
         402   4548546.77497031     
         404   4517933.90402385     
         406   4487110.03896444     
         408   4456101.58586229     
         410   4424933.47340029     
         412   4393629.22805859     
         414   4362211.04573672     
         416   4330699.85994253     
         418   4299115.40667896     
         420   4267476.28616040     
         422   4235800.02148968     
         424   4204103.11442529     
         426   4172401.09836644     
         428   4140708.58868059     
         430   4109039.33049517     
         432   4077406.24407140     
         434   4045821.46787459     
         436   4014296.39945119     
         438   3982841.73421886     
         440   3951467.50227172     
         442   3920183.10329871     
         444   3888997.33970892     
         446   3857918.44805381     
         448   3826954.12883182     
         450   3796111.57475755     
         452   3765397.49757327     
         454   3734818.15347727     
         456   3704379.36723977     
         458   3674086.55507367     
         460   3643944.74632414     
         462   3613958.60403786     
         464   3584132.44446965     
         466   3554470.25558132     
         468   3524975.71458473     
         470   3495652.20457842     
         472   3466502.83032475     
         474   3437530.43321167     
         476   3408737.60544156     
         478   3380126.70348674     
         480   3351699.86084962     
         482   3323459.00016332     
         484   3295405.84466667     
         486   3267541.92908580     
         488   3239868.60995285     
         490   3212387.07539054     
         492   3185098.35439025     
         494   3158003.32561206     
         496   3131102.72601212     
         498   3104397.19765751     
         500   3077894.94866758     
