         100   1812.74114063091     
         101   2933.81642499250     
         102   4254.90806627826     
         103   5722.23674789968     
         104   7290.15538213380     
         105   8922.60248034153     
         106   10592.2974035959     
         107   12279.2282383945     
         108   13969.1003119275     
         109   15651.9880468854     
         110   17321.2462210430     
         111   18972.6634419212     
         112   20603.8177543718     
         113   22213.5921316235     
         114   23801.8128696148     
         115   25368.9809650286     
         116   26916.0732171934     
         117   28444.3953616841     
         118   29955.4739409037     
         119   31450.9769866736     
         120   32932.6561289608     
         121   34402.3046403247     
         122   35861.7273338262     
         123   37312.7192761723     
         124   38757.0510517677     
         125   40196.4588875144     
         126   41632.6383749031     
         127   43067.2408436891     
         128   44501.8716786159     
         129   45938.0900480785     
         130   47377.4096466757     
         131   48821.3001535830     
         132   50271.1891839743     
         133   51728.4645675025     
         134   53194.4768307459     
         135   54670.5417929534     
         136   56157.9432089484     
         137   57657.9354116139     
         138   59171.7459204027     
         139   60700.5779929174     
         140   62245.6131045847     
         141   63808.0133474539     
         142   65388.9237436414     
         143   66989.4744722960     
         144   68610.7830114440     
         145   70253.9561979026     
         146   71920.0922097918     
         147   73610.2824771493     
         148   75325.6135268616     
         149   77067.1687686378     
         150   78836.0302291383     
         151   80633.2802416641     
         152   82460.0030990632     
         153   84317.2866777365     
         154   86206.2240408678     
         155   88127.9150292683     
         156   90083.4678485493     
         157   92074.0006617327     
         158   94100.6431969025     
         159   96164.5383801187     
         160   98266.8440045877     
         161   100408.734448055     
         162   102591.402451605     
         163   104816.060974589     
         164   107083.945142343     
         165   109396.314305822     
         166   111754.454235403     
         167   114159.679475074     
         168   116613.335888256     
         169   119116.803432749     
         170   121671.499210110     
         171   124278.880844166     
         172   126940.450254602     
         173   129657.757904486     
         174   132432.407614923     
         175   135266.062055283     
         176   138160.449032450     
         177   141117.368716069     
         178   144138.701946755     
         179   147226.419778382     
         180   150382.594401197     
         181   153609.411576616     
         182   156909.184684324     
         183   160284.370435198     
         184   163737.586237670     
         185   167271.629119657     
         186   170889.496003597     
         187   174594.405010524     
         188   178389.817334286     
         189   182279.459084593     
         190   186267.342354558     
         191   190357.784633202     
         192   194555.425565101     
         193   198865.239967264     
         194   203292.545956166     
         195   207843.007023383     
         196   212522.626932168     
         197   217337.736393255     
         198   222294.970616847     
         199   227401.237027251     
         200   232663.672661787     
         201   238089.591049055     
         202   243686.418663191     
         203   249461.621368935     
         204   255422.621594239     
         205   261576.707279740     
         206   267930.933944728     
         207   274492.021465637     
         208   281266.247375167     
         209   288259.338649903     
         210   295476.364055946     
         211   302921.629162414     
         212   310598.576111279     
         213   318509.690150684     
         214   326656.414802057     
         215   335039.077344969     
         216   343656.826075697     
         217   352507.580534507     
         218   361587.995612365     
         219   370893.440149685     
         220   380417.990337498     
         221   390154.437933831     
         222   400094.313023403     
         223   410227.920783932     
         224   420544.391483264     
         225   431031.742722700     
         226   441676.952766516     
         227   452466.043657623     
         228   463384.172715316     
         229   474415.730942627     
         230   485544.446836597     
         231   496753.494092613     
         232   508025.601720928     
         233   519343.165146415     
         234   530688.356937709     
         235   542043.235905543     
         236   553389.853418358     
         237   564710.355902450     
         238   575987.082620435     
         239   587202.657952390     
         240   598340.077535538     
         241   609382.787748254     
         242   620314.758150083     
         243   631120.546609470     
         244   641785.356963467     
         245   652295.089157591     
         246   662636.381908396     
         247   672796.648015640     
         248   682764.102524883     
         249   692527.784004927     
         250   702077.569257875     
         251   711404.181823052     
         252   720499.194670141     
         253   729355.027502217     
         254   737964.939106509     
         255   746323.015200598     
         256   754424.152224898     
         257   762264.037529628     
         258   769839.126396737     
         259   777146.616325132     
         260   784184.418991852     
         261   790951.130283149     
         262   797445.998768417     
         263   803668.892967150     
         264   809620.267735103     
         265   815301.130071079     
         266   820713.004620601     
         267   825857.899127670     
         268   830738.270060940     
         269   835356.988616473     
         270   839717.307275743     
         271   843822.827075120     
         272   847677.465721666     
         273   851285.426669907     
         274   854651.169255327     
         275   857779.379962766     
         276   860674.944891621     
         277   863342.923464869     
         278   865788.523415308     
         279   868017.077070156     
         280   870034.018944056     
         281   871844.864640735     
         282   873455.191054846     
         283   874870.617857890     
         284   876096.790245544     
         285   877139.362918044     
         286   878003.985260485     
         287   878696.287685954     
         288   879221.869101168     
         289   879586.285451729     
         290   879795.039302182     
         291   879853.570404648     
         292   879767.247208906     
         293   879541.359266333     
         294   879181.110480013     
         295   878691.613153600     
         296   878077.882792021     
         297   877344.833607938     
         298   876497.274688852     
         299   875539.906780938     
         300   874477.319647005     
         301   873313.989957416     
         302   872054.279674346     
         303   870702.434891346     
         304   869262.585091818     
         305   867738.742791719     
         306   866134.803533453     
         307   864454.546199650     
         308   862701.633617187     
         309   860879.613423470     
         310   858991.919168630     
         311   857041.871628881     
         312   855032.680307832     
         313   852967.445104051     
         314   850849.158124634     
         315   848680.705625919     
         316   846464.870063836     
         317   844204.332237644     
         318   841901.673512067     
         319   839559.378103954     
         320   837179.835420748     
         321   834765.342439029     
         322   832318.106112469     
         323   829840.245799363     
         324   827333.795700899     
         325   824800.707302029     
         326   822242.851807684     
         327   819662.022567722     
         328   817059.937484712     
         329   814438.241399270     
         330   811798.508448264     
         331   809142.244391719     
         332   806470.888904790     
         333   803785.817831616     
         334   801088.345398302     
         335   798379.726382673     
         336   795661.158238822     
         337   792933.783174778     
         338   790198.690181957     
         339   787456.917015329     
         340   784709.452123479     
         341   781957.236527989     
         342   779201.165651761     
         343   776442.091096119     
         344   773680.822366659     
         345   770918.128548009     
         346   768154.739927784     
         347   765391.349570130     
         348   762628.614839389     
         349   759867.158874490     
         350   757107.572014767     
         351   754350.413177975     
         352   751596.211191339     
         353   748845.466076525     
         354   746098.650289480     
         355   743356.209916098     
         356   740618.565824733     
         357   737886.114776590     
         358   735159.230495033     
         359   732438.264694894     
         360   729723.548072838     
         361   727015.391259886     
         362   724314.085737148     
         363   721619.904715880     
         364   718933.103982904     
         365   716253.922712486     
         366   713582.584245703     
         367   710919.296838361     
         368   708264.254378474     
         369   705617.637074337     
         370   702979.612114160     
         371   700350.334298274     
         372   697729.946644828     
         373   695118.580969937     
         374   692516.358443191     
         375   689923.390119410     
         376   687339.777447521     
         377   684765.612757403     
         378   682200.979725527     
         379   679645.953820191     
         380   677100.602727132     
         381   674564.986756261     
         382   672039.159230275     
         383   669523.166855836     
         384   667017.050078020     
         385   664520.843418696     
         386   662034.575799479     
         387   659558.270849891     
         388   657091.947201321     
         389   654635.618767365     
         390   652189.295011125     
         391   649752.981199986     
         392   647326.678648414     
         393   644910.384949260     
         394   642504.094194075     
         395   640107.797182891     
         396   637721.481623914     
         397   635345.132323581     
         398   632978.731367376     
         399   630622.258291824     
         400   628275.690248033     
         401   625939.002157170     
         402   623612.166858211     
         403   621295.155248314     
         404   618987.936416154     
         405   616690.477768510     
         406   614402.745150430     
         407   612124.702959250     
         408   609856.314252753     
         409   607597.540851727     
         410   605348.343437189     
         411   603108.681642499     
         412   600878.514140632     
         413   598657.798726796     
         414   596446.492396639     
         415   594244.551420238     
         416   592051.931412070     
         417   589868.587397156     
         418   587694.473873556     
         419   585529.544871393     
         420   583373.754008560     
         421   581227.054543289     
         422   579089.399423705     
         423   576960.741334540     
         424   574841.032741121     
         425   572730.225930778     
         426   570628.273051791     
         427   568535.126150008     
         428   566450.737203229     
         429   564375.058153486     
         430   562308.040937318     
         431   560249.637514131     
         432   558199.799892758     
         433   556158.480156289     
         434   554125.630485282     
         435   552101.203179409     
         436   550085.150677650     
         437   548077.425577081     
         438   546077.980650344     
         439   544086.768861866     
         440   542103.743382892     
         441   540128.857605388     
         442   538162.065154885     
         443   536203.319902315     
         444   534252.575974887     
         445   532309.787766064     
         446   530374.909944694     
         447   528447.897463319     
         448   526528.705565737     
         449   524617.289793834     
         450   522713.605993740     
         451   520817.610321350     
         452   518929.259247223     
         453   517048.509560934     
         454   515175.318374871     
         455   513309.643127531     
         456   511451.441586348     
         457   509600.671850060     
         458   507757.292350668     
         459   505921.261854991     
         460   504092.539465854     
         461   502271.084622931     
         462   500456.857103254     
         463   498649.817021425     
         464   496849.924829541     
         465   495057.141316845     
         466   493271.427609142     
         467   491492.745167969     
         468   489721.055789557     
         469   487956.321603592     
         470   486198.505071781     
         471   484447.568986258     
         472   482703.476467818     
         473   480966.190964008     
         474   479235.676247084     
         475   477511.896411835     
         476   475794.815873299     
         477   474084.399364367     
         478   472380.611933292     
         479   470683.418941118     
         480   468992.786059013     
         481   467308.679265546     
         482   465631.064843893     
         483   463959.909378979     
         484   462295.179754580     
         485   460636.843150372     
         486   458984.867038943     
         487   457339.219182770     
         488   455699.867631167     
         489   454066.780717213     
         490   452439.927054649     
         491   450819.275534774     
         492   449204.795323317     
         493   447596.455857310     
         494   445994.226841948     
         495   444398.078247457     
         496   442807.980305956     
         497   441223.903508328     
         498   439645.818601097     
         499   438073.696580063     
         500   436507.298034018     
