         100   1812.74114063091     
         105   8922.59336547120     
         110   17321.2484274804     
         115   25369.0032457084     
         120   32932.6929393140     
         125   40196.5057632045     
         130   47377.4664129853     
         135   54670.6123692391     
         140   62245.7056020414     
         145   70254.0841250393     
         150   78836.2152428524     
         155   88128.1921814334     
         160   98267.2718119814     
         165   109396.995973078     
         170   121672.635227387     
         175   135268.094579503     
         180   150386.541905364     
         185   167279.502251612     
         190   186281.876433120     
         195   207866.016569146     
         200   232695.177686914     
         205   261620.563662536     
         210   295555.965369925     
         215   335217.871351485     
         220   380812.826435444     
         225   431809.829147855     
         230   486904.068498857     
         235   544186.190908007     
         240   601445.489442942     
         245   656501.065624229     
         250   707472.653947925     
         255   752946.065065760     
         260   792030.116773373     
         265   824328.340762677     
         270   849858.163256621     
         275   868947.782057071     
         280   882132.899772963     
         285   890066.503867104     
         290   893447.489628313     
         295   892968.884168688     
         300   889283.569531058     
         305   882984.165492214     
         310   874593.527602735     
         315   864562.668611545     
         320   853273.496585282     
         325   841044.386018284     
         330   828137.158886068     
         335   814764.511209358     
         340   801097.271885531     
         345   787271.135759323     
         350   773392.689859479     
         355   759544.668676435     
         360   745790.447415441     
         365   732177.824391639     
         370   718742.165137144     
         375   705508.988697749     
         380   692496.076197948     
         385   679715.176601822     
         390   667173.377048817     
         395   654874.196699705     
         400   642818.454602190     
         405   631004.954194788     
         410   619431.019970498     
         415   608092.915614138     
         420   596986.167607186     
         425   586105.813804366     
         430   575446.592743065     
         435   565003.086355930     
         440   554769.826225089     
         445   544741.371456076     
         450   534912.364582173     
         455   525277.570567247     
         460   515831.902898467     
         465   506570.439900262     
         470   497488.433716306     
         475   488581.313863166     
         480   479844.686829716     
         485   471274.332857728     
         490   462866.200772867     
         495   454616.401515693     
         500   446519.411336476     
