         100   1812.74114063091     
         101   2933.81300019418     
         102   4254.89812057216     
         103   5722.21394715453     
         104   7290.11138640962     
         105   8922.52772441292     
         106   10592.1819314945     
         107   12279.0623606734     
         108   13968.8750024006     
         109   15651.6950948147     
         110   17320.8781982478     
         111   18972.2135509695     
         112   20603.2796132127     
         113   22212.9595341995     
         114   23801.0795473190     
         115   25368.1403625130     
         116   26915.1182881873     
         117   28443.3183855249     
         118   29954.2663576402     
         119   31449.6292471820     
         120   32931.1575559741     
         121   34400.6432962517     
         122   35859.8898914690     
         123   37310.6908888006     
         124   38754.8152193673     
         125   40193.9973163619     
         126   41629.9308278924     
         127   43064.2649790482     
         128   44498.6028747987     
         129   45934.5012127008     
         130   47373.4710073929     
         131   48816.9790287865     
         132   50266.4497311132     
         133   51723.2675067305     
         134   53188.7791414426     
         135   54664.2963804841     
         136   56151.0985388071     
         137   57650.4351078359     
         138   59163.5283248388     
         139   60691.5756816303     
         140   62235.7523572555     
         141   63797.2135652645     
         142   65377.0968106368     
         143   66976.5240547051     
         144   68596.6037888580     
         145   70238.4330195616     
         146   71903.0991685050     
         147   73591.6818925656     
         148   75305.2548288979     
         149   77044.8872708584     
         150   78811.6457807325     
         151   80606.5957453821     
         152   82430.8028810177     
         153   84285.3346933295     
         154   86171.2618992351     
         155   88089.6598165059     
         156   90041.6097275538     
         157   92028.2002236960     
         158   94050.5285362827     
         159   96109.7018611779     
         160   98206.8386832353     
         161   100343.070107621     
         162   102519.541205113     
         163   104737.412378857     
         164   106997.860760502     
         165   109302.081644205     
         166   111651.289967645     
         167   114046.721850052     
         168   116489.636198251     
         169   118981.316392988     
         170   121523.072069369     
         171   124116.241007125     
         172   126762.191148901     
         173   129462.322767747     
         174   132218.070808924     
         175   135030.907436015     
         176   137902.344817619     
         177   140833.938198832     
         178   143827.289311606     
         179   146884.050190306     
         180   150005.927473585     
         181   153194.687291060     
         182   156452.160853190     
         183   159780.250884559     
         184   163180.939063524     
         185   166656.294653257     
         186   170208.484528482     
         187   173839.784815620     
         188   177552.594368463     
         189   181349.450292761     
         190   185233.045707486     
         191   189206.249884173     
         192   193272.130835440     
         193   197433.980327669     
         194   201695.341170170     
         195   206060.036485534     
         196   210532.200496756     
         197   215116.310181952     
         198   219817.216955211     
         199   224640.177342119     
         200   229590.881442158     
         201   234675.477819499     
         202   239900.593350564     
         203   245273.346492100     
         204   250801.352426608     
         205   256492.718599291     
         206   262356.029285867     
         207   268400.318023437     
         208   274635.026993409     
         209   281069.952758893     
         210   287715.178118439     
         211   294580.990230208     
         212   301677.785570421     
         213   309015.962701018     
         214   316605.804217240     
         215   324457.349610581     
         216   332580.261101884     
         217   340983.684761019     
         218   349676.109424185     
         219   358665.226040899     
         220   367957.790126980     
         221   377559.489967283     
         222   387474.823105514     
         223   397706.983483937     
         224   408257.761361047     
         225   419127.457850084     
         226   430314.815596623     
         227   441816.966760955     
         228   453629.399102478     
         229   465745.940590353     
         230   478158.762597943     
         231   490858.401387955     
         232   503833.797268941     
         233   517072.350509023     
         234   530559.992834600     
         235   544281.273124199     
         236   558219.455732769     
         237   572356.629750346     
         238   586673.827410570     
         239   601151.149817472     
         240   615767.898150448     
         241   630502.708534284     
         242   645333.688819355     
         243   660238.555602519     
         244   675194.769927307     
         245   690179.670228086     
         246   705170.601222725     
         247   720145.037607492     
         248   735080.701562611     
         249   749955.673233511     
         250   764748.493508034     
         251   779438.258561065     
         252   794004.705782824     
         253   808428.290843455     
         254   822690.255773246     
         255   836772.688053534     
         256   850658.570817484     
         257   864331.824352077     
         258   877777.339172606     
         259   890981.001009005     
         260   903929.708099668     
         261   916611.381233649     
         262   929014.967016866     
         263   941130.434862927     
         264   952948.768225304     
         265   964461.950595573     
         266   975662.946793337     
         267   986545.680067981     
         268   997105.005521562     
         269   1007336.68034665     
         270   1017237.33135365     
         271   1026804.42023986     
         272   1036036.20702753     
         273   1044931.71207209     
         274   1053490.67701349     
         275   1061713.52501558     
         276   1069601.32060949     
         277   1077155.72942861     
         278   1084378.97809434     
         279   1091273.81448471     
         280   1097843.46859112     
         281   1104091.61414347     
         282   1110022.33115942     
         283   1115640.06955119     
         284   1120949.61390174     
         285   1125956.04950242     
         286   1130664.72972587     
         287   1135081.24479116     
         288   1139211.39196266     
         289   1143061.14721031     
         290   1146636.63834651     
         291   1149944.11964336     
         292   1152989.94792441     
         293   1155780.56011619     
         294   1158322.45223695     
         295   1160622.15979413     
         296   1162686.23955567     
         297   1164521.25265644     
         298   1166133.74899651     
         299   1167530.25288548     
         300   1168717.24988421     
         301   1169701.17479393     
         302   1170488.40074105     
         303   1171085.22930574     
         304   1171497.88164151     
         305   1171732.49053362     
         306   1171795.09334419     
         307   1171691.62579280     
         308   1171427.91652212     
         309   1171009.68239964     
         310   1170442.52450739     
         311   1169731.92477344     
         312   1168883.24320038     
         313   1167901.71564769     
         314   1166792.45212659     
         315   1165560.43556779     
         316   1164210.52102448     
         317   1162747.43527443     
         318   1161175.77678729     
         319   1159500.01602453     
         320   1157724.49604166     
         321   1155853.43336379     
         322   1153890.91910756     
         323   1151840.92032381     
         324   1149707.28153736     
         325   1147493.72646144     
         326   1145203.85986604     
         327   1142841.16958086     
         328   1140409.02861478     
         329   1137910.69737519     
         330   1135349.32597183     
         331   1132727.95659074     
         332   1130049.52592533     
         333   1127316.86765239     
         334   1124532.71494211     
         335   1121699.70299190     
         336   1118820.37157477     
         337   1115897.16759398     
         338   1112932.44763632     
         339   1109928.48051712     
         340   1106887.44981078     
         341   1103811.45636144     
         342   1100702.52076863     
         343   1097562.58584366     
         344   1094393.51903275     
         345   1091197.11480366     
         346   1087975.09699262     
         347   1084729.12110925     
         348   1081460.77659705     
         349   1078171.58904782     
         350   1074863.02236830     
         351   1071536.48089795     
         352   1068193.31147674     
         353   1064834.80546236     
         354   1061462.20069623     
         355   1058076.68341802     
         356   1054679.39012854     
         357   1051271.40940106     
         358   1047853.78364114     
         359   1044427.51079536     
         360   1040993.54600933     
         361   1037552.80323544     
         362   1034106.15679108     
         363   1030654.44286790     
         364   1027198.46099293     
         365   1023738.97544240     
         366   1020276.71660902     
         367   1016812.38232385     
         368   1013346.63913340     
         369   1009880.12353330     
         370   1006413.44315922     
         371   1002947.17793631     
         372   999481.881188049     
         373   996018.080705620     
         374   992556.279778852     
         375   989096.958189773     
         376   985640.573169840     
         377   982187.560321888     
         378   978738.334507845     
         379   975293.290703238     
         380   971852.804819519     
         381   968417.234495215     
         382   964986.919856883     
         383   961562.184250875     
         384   958143.334946832     
         385   954730.663813882     
         386   951324.447970442     
         387   947924.950408529     
         388   944532.420593468     
         389   941147.095039839     
         390   937769.197864523     
         391   934398.941317641     
         392   931036.526292193     
         393   927682.142813174     
         394   924335.970506896     
         395   920998.179051278     
         396   917668.928607777     
         397   914348.370235679     
         398   911036.646289382     
         399   907733.890799349     
         400   904440.229837334     
         401   901155.781866479     
         402   897880.658076896     
         403   894614.962707263     
         404   891358.793353000     
         405   888112.241261553     
         406   884875.391615281     
         407   881648.323802448     
         408   878431.111676789     
         409   875223.823806114     
         410   872026.523710366     
         411   868839.270089602     
         412   865662.117042248     
         413   862495.114274076     
         414   859338.307298246     
         415   856191.737626789     
         416   853055.442953889     
         417   849929.457331280     
         418   846813.811336120     
         419   843708.532231608     
         420   840613.644120680     
         421   837529.168093056     
         422   834455.122365923     
         423   831391.522418504     
         424   828338.381120798     
         425   825295.708856700     
         426   822263.513641770     
         427   819241.801235859     
         428   816230.575250809     
         429   813229.837253440     
         430   810239.586864033     
         431   807259.821850477     
         432   804290.538218291     
         433   801331.730296676     
         434   798383.390820781     
         435   795445.511010335     
         436   792518.080644807     
         437   789601.088135246     
         438   786694.520592925     
         439   783798.363894959     
         440   780912.602746990     
         441   778037.220743103     
         442   775172.200423057     
         443   772317.523326977     
         444   769473.170047598     
         445   766639.120280172     
         446   763815.352870150     
         447   761001.845858716     
         448   758198.576526284     
         449   755405.521434034     
         450   752622.656463590     
         451   749849.956854892     
         452   747087.397242374     
         453   744334.951689501     
         454   741592.593721736     
         455   738860.296358024     
         456   736138.032140836     
         457   733425.773164849     
         458   730723.491104323     
         459   728031.157239223     
         460   725348.742480150     
         461   722676.217392127     
         462   720013.552217293     
         463   717360.716896561     
         464   714717.681090266     
         465   712084.414197867     
         466   709460.885376740     
         467   706847.063560090     
         468   704242.917474039     
         469   701648.415653915     
         470   699063.526459777     
         471   696488.218091219     
         472   693922.458601474     
         473   691366.215910854     
         474   688819.457819562     
         475   686282.152019889     
         476   683754.266107833     
         477   681235.767594171     
         478   678726.623914991     
         479   676226.802441724     
         480   673736.270490698     
         481   671254.995332217     
         482   668782.944199209     
         483   666320.084295450     
         484   663866.382803383     
         485   661421.806891555     
         486   658986.323721680     
         487   656559.900455361     
         488   654142.504260462     
         489   651734.102317173     
         490   649334.661823764     
         491   646944.150002034     
         492   644562.534102502     
         493   642189.781409313     
         494   639825.859244890     
         495   637470.734974355     
         496   635124.376009704     
         497   632786.749813755     
         498   630457.823904369     
         499   628137.566056497     
         500   625826.068025791     
