         100   1812.74114063091     
         101   2933.81445712340     
         102   4254.90223833269     
         103   5722.22325293404     
         104   7290.12919310173     
         105   8922.55782090834     
         106   10592.2282535651     
         107   12279.1287330657     
         108   13968.9649842854     
         109   15651.8119217637     
         110   17321.0247969626     
         111   18972.3926005346     
         112   20603.4936310235     
         113   22213.2109710182     
         114   23801.3708817250     
         115   25368.4741894968     
         116   26915.4973997218     
         117   28443.7458428894     
         118   29954.7455563826     
         119   31450.1639761494     
         120   32931.7520520490     
         121   34401.3022964309     
         122   35860.6186838272     
         123   37311.4953637383     
         124   38755.7019223982     
         125   40194.9735035629     
         126   41631.0045250278     
         127   43065.4450452980     
         128   44499.8990719594     
         129   45935.9242806962     
         130   47375.0327469186     
         131   48818.6923919203     
         132   50268.3289207509     
         133   51725.3280857462     
         134   53191.0381525335     
         135   54666.7724777281     
         136   56153.8121320488     
         137   57653.4085211147     
         138   59166.7859701872     
         139   60695.1442496960     
         140   62239.6610263453     
         141   63801.4942305693     
         142   65381.7843355717     
         143   66981.6565464990     
         144   68602.2229007478     
         145   70244.5842821877     
         146   71909.8323533825     
         147   73599.0514108026     
         148   75313.3201686772     
         149   77053.7134775712     
         150   78821.3039840772     
         151   80617.1637382164     
         152   82442.3657552779     
         153   84297.9855389333     
         154   86185.1025725524     
         155   88104.8017857453     
         156   90058.1750032701     
         157   92046.3223836047     
         158   94070.3538546792     
         159   96131.3905545350     
         160   98230.5662850142     
         161   100369.028987023     
         162   102547.942246450     
         163   104768.486840517     
         164   107031.862335169     
         165   109339.288745183     
         166   111692.008269985     
         167   114091.287119831     
         168   116538.417449088     
         169   119034.719416067     
         170   121581.543392264     
         171   124180.272348368     
         172   126832.324450123     
         173   129539.155904615     
         174   132302.264107060     
         175   135123.191150279     
         176   138003.527774058     
         177   140944.917849926     
         178   143949.063518615     
         179   147017.731122490     
         180   150152.758102845     
         181   153356.061061060     
         182   156629.645211308     
         183   159975.615478067     
         184   163396.189510945     
         185   166893.712898012     
         186   170470.676852650     
         187   174129.738623131     
         188   177873.744824410     
         189   181705.757814331     
         190   185629.085129245     
         191   189647.311856382     
         192   193764.335653691     
         193   197984.403936399     
         194   202312.152539723     
         195   206752.644948072     
         196   211311.410963621     
         197   215994.483484018     
         198   220808.431883330     
         199   225760.390355328     
         200   230858.079495961     
         201   236109.819382329     
         202   241524.532456057     
         203   247111.734643472     
         204   252881.513343553     
         205   258844.491183254     
         206   265011.774770857     
         207   271394.888060251     
         208   278005.690358411     
         209   284856.279448825     
         210   291958.880747760     
         211   299325.723840770     
         212   306968.908146613     
         213   314900.259809717     
         214   323131.182217202     
         215   331672.502762143     
         216   340534.318623954     
         217   349725.844405820     
         218   359255.264457486     
         219   369129.592622056     
         220   379354.541983418     
         221   389934.406964150     
         222   400871.959842292     
         223   412168.363430090     
         224   423823.101300757     
         225   435833.926572457     
         226   448196.829874058     
         227   460906.026735878     
         228   473953.964280826     
         229   487331.346745929     
         230   501027.179048640     
         231   515028.827332366     
         232   529322.095185563     
         233   543891.314031258     
         234   558719.446030037     
         235   573788.197729373     
         236   589078.142624263     
         237   604568.850766175     
         238   620239.023566215     
         239   636066.631980438     
         240   652029.056336234     
         241   668103.226154317     
         242   684265.758436584     
         243   700493.093021523     
         244   716761.623751711     
         245   733047.824348186     
         246   749328.368040478     
         247   765580.240155471     
         248   781780.843020147     
         249   797908.092680193     
         250   813940.507076257     
         251   829857.285450844     
         252   845638.378879985     
         253   861264.551934182     
         254   876717.435572000     
         255   891979.571456965     
         256   907034.447963910     
         257   921866.528204976     
         258   936461.270458444     
         259   950805.141425973     
         260   964885.622776310     
         261   978691.211456946     
         262   992211.414270103     
         263   1005436.73721697     
         264   1018358.67011479     
         265   1030969.66698627     
         266   1043263.12271072     
         267   1055233.34641164     
         268   1066875.53203761     
         269   1078185.72657242     
         270   1089160.79628720     
         271   1099798.39142243     
         272   1110096.90966205     
         273   1120055.45873495     
         274   1129673.81845248     
         275   1138952.40246364     
         276   1147892.21998336     
         277   1156494.83772334     
         278   1164762.34222999     
         279   1172697.30281029     
         280   1180302.73520321     
         281   1187582.06613315     
         282   1194539.09886143     
         283   1201177.97983301     
         284   1207503.16649802     
         285   1213519.39637176     
         286   1219231.65738173     
         287   1224645.15953705     
         288   1229765.30794322     
         289   1234597.67717444     
         290   1239147.98700577     
         291   1243422.07949888     
         292   1247425.89742737     
         293   1251165.46402136     
         294   1254646.86400490     
         295   1257876.22589541     
         296   1260859.70552981     
         297   1263603.47077910     
         298   1266113.68741017     
         299   1268396.50605160     
         300   1270458.05021876     
         301   1272304.40535224     
         302   1273941.60882323     
         303   1275375.64085892     
         304   1276612.41634134     
         305   1277657.77743305     
         306   1278517.48698412     
         307   1279197.22267522     
         308   1279702.57185292     
         309   1280039.02701437     
         310   1280211.98189965     
         311   1280226.72815169     
         312   1280088.45250497     
         313   1279802.23446561     
         314   1279373.04444727     
         315   1278805.74232857     
         316   1278105.07639948     
         317   1277275.68266572     
         318   1276322.08448164     
         319   1275248.69248378     
         320   1274059.80479858     
         321   1272759.60749964     
         322   1271352.17529079     
         323   1269841.47239315     
         324   1268231.35361552     
         325   1266525.56558857     
         326   1264727.74814511     
         327   1262841.43582916     
         328   1260870.05951849     
         329   1258816.94814581     
         330   1256685.33050516     
         331   1254478.33713104     
         332   1252199.00223850     
         333   1249850.26571377     
         334   1247434.97514546     
         335   1244955.88788729     
         336   1242415.67314422     
         337   1239816.91407428     
         338   1237162.10989940     
         339   1234453.67801878     
         340   1231693.95611933     
         341   1228885.20427793     
         342   1226029.60705094     
         343   1223129.27554689     
         344   1220186.24947860     
         345   1217202.49919142     
         346   1214179.92766479     
         347   1211120.37248454     
         348   1208025.60778367     
         349   1204897.34614977     
         350   1201737.24049736     
         351   1198546.88590386     
         352   1195327.82140798     
         353   1192081.53176960     
         354   1188809.44919040     
         355   1185512.95499476     
         356   1182193.38127041     
         357   1178852.01246862     
         358   1175490.08696393     
         359   1172108.79857321     
         360   1168709.29803439     
         361   1165292.69444491     
         362   1161860.05666026     
         363   1158412.41465299     
         364   1154950.76083258     
         365   1151476.05132679     
         366   1147989.20722490     
         367   1144491.11578360     
         368   1140982.63159599     
         369   1137464.57772464     
         370   1133937.74679908     
         371   1130402.90207877     
         372   1126860.77848210     
         373   1123312.08358225     
         374   1119757.49857067     
         375   1116197.67918905     
         376   1112633.25663041     
         377   1109064.83841025     
         378   1105493.00920853     
         379   1101918.33168314     
         380   1098341.34725586     
         381   1094762.57687141     
         382   1091182.52173044     
         383   1087601.66399721     
         384   1084020.46748279     
         385   1080439.37830433     
         386   1076858.82552135     
         387   1073279.22174961     
         388   1069700.96375338     
         389   1066124.43301669     
         390   1062549.99629431     
         391   1058978.00614308     
         392   1055408.80143431     
         393   1051842.70784773     
         394   1048280.03834777     
         395   1044721.09364266     
         396   1041166.16262696     
         397   1037615.52280812     
         398   1034069.44071755     
         399   1030528.17230679     
         400   1026991.96332933     
         401   1023461.04970846     
         402   1019935.65789178     
         403   1016416.00519276     
         404   1012902.30011981     
         405   1009394.74269341     
         406   1005893.52475154     
         407   1002398.83024398     
         408   998910.835515888     
         409   995429.709580933     
         410   991955.614384435     
         411   988488.705056898     
         412   985029.130158228     
         413   981577.031913021     
         414   978132.546437226     
         415   974695.803956518     
         416   971266.929016666     
         417   967846.040686217     
         418   964433.252751759     
         419   961028.673906050     
         420   957632.407929275     
         421   954244.553863689     
         422   950865.206181885     
         423   947494.454948937     
         424   944132.385978632     
         425   940779.080984025     
         426   937434.617722523     
         427   934099.070135700     
         428   930772.508484050     
         429   927454.999476845     
         430   924146.606397323     
         431   920847.389223329     
         432   917557.404743622     
         433   914276.706669984     
         434   911005.345745307     
         435   907743.369847787     
         436   904490.824091396     
         437   901247.750922747     
         438   898014.190214505     
         439   894790.179355463     
         440   891575.753337411     
         441   888370.944838916     
         442   885175.784306134     
         443   881990.300030749     
         444   878814.518225176     
         445   875648.463095085     
         446   872492.156909395     
         447   869345.620067790     
         448   866208.871165879     
         449   863081.927058070     
         450   859964.802918238     
         451   856857.512298303     
         452   853760.067184731     
         453   850672.478053118     
         454   847594.753920841     
         455   844526.902397922     
         456   841468.929736107     
         457   838420.840876285     
         458   835382.639494246     
         459   832354.328044902     
         460   829335.907804964     
         461   826327.378914193     
         462   823328.740415213     
         463   820339.990292000     
         464   817361.125507045     
         465   814392.142037268     
         466   811433.034908715     
         467   808483.798230096     
         468   805544.425225170     
         469   802614.908264074     
         470   799695.238893578     
         471   796785.407866341     
         472   793885.405169194     
         473   790995.220050456     
         474   788114.841046395     
         475   785244.256006739     
         476   782383.452119415     
         477   779532.415934418     
         478   776691.133386922     
         479   773859.589819620     
         480   771037.770004333     
         481   768225.658162906     
         482   765423.237987429     
         483   762630.492659795     
         484   759847.404870603     
         485   757073.956837484     
         486   754310.130322786     
         487   751555.906650724     
         488   748811.266723947     
         489   746076.191039589     
         490   743350.659704789     
         491   740634.652451710     
         492   737928.148652088     
         493   735231.127331304     
         494   732543.567181986     
         495   729865.446577223     
         496   727196.743583304     
         497   724537.435972077     
         498   721887.501233568     
         499   719246.916886244     
         500   716615.843118027     
