         100   1812.74114063091     
         102   4254.88185875864     
         104   7290.04470817672     
         106   10592.0119848749     
         108   13968.5480737067     
         110   17320.3484181544     
         112   20602.5087749726     
         114   23800.0326835244     
         116   26913.7585004812     
         118   29952.5502913969     
         120   32929.0317090088     
         122   35857.2874957564     
         124   38751.6533471369     
         126   41626.1074104247     
         128   44493.9933800055     
         130   47367.9245658624     
         132   50259.7845226438     
         134   53180.7768570861     
         136   56141.4977205785     
         138   59152.0163592502     
         140   62221.9558611358     
         142   65360.5700985537     
         144   68576.8150501052     
         146   71879.4139064072     
         148   75276.9160236612     
         150   78777.7501258741     
         152   82390.2723082137     
         154   86122.8094416528     
         156   89983.6985702683     
         158   93981.3228550317     
         160   98124.1445676651     
         162   102420.735584145     
         164   106879.805774649     
         166   111510.229637616     
         168   116321.071481187     
         170   121321.609415918     
         172   126521.358388093     
         174   131930.092452872     
         176   137557.866460344     
         178   143415.037304898     
         180   149512.284868587     
         182   155860.632771922     
         184   162471.469030414     
         186   169356.566701656     
         188   176528.104595679     
         190   183998.688110115     
         192   191781.370241401     
         194   199889.672813229     
         196   208337.607953797     
         198   217139.699843553     
         200   226311.006745087     
         202   235867.143316217     
         204   245824.303195927     
         206   256199.281840505     
         208   267009.499573599     
         210   278273.024798912     
         212   290008.597307557     
         214   302235.651593540     
         216   314974.340070262     
         218   328245.556058274     
         220   342070.956389734     
         222   356472.983448331     
         224   371474.886434887     
         226   387100.741619737     
         228   403375.471313330     
         230   420324.861258902     
         232   437975.576126856     
         234   456355.172773666     
         236   475492.110922217     
         238   495415.760932148     
         240   516156.408365324     
         242   537745.255123202     
         244   560214.417053481     
         246   583596.918107772     
         248   607926.681404313     
         250   633238.517935630     
         252   659568.114210507     
         254   686952.020907329     
         256   715427.645717236     
         258   745033.254907785     
         260   775807.989250321     
         262   807791.899769293     
         264   841026.006573761     
         266   875552.382925681     
         268   911414.280939008     
         270   948656.380354996     
         272   987325.422063192     
         274   1027471.87214066     
         276   1069153.93592667     
         278   1112446.23348730     
         280   1157456.65817399     
         282   1204356.08336752     
         284   1253426.18443878     
         286   1305130.12691793     
         288   1360208.74066333     
         290   1419800.86728999     
         292   1485581.15352819     
         294   1559902.55050239     
         296   1645925.48009295     
         298   1747712.46649909     
         300   1870267.13030889     
         302   2019500.28072443     
         304   2202113.06886413     
         306   2425396.66344836     
         308   2696958.06575369     
         310   3024390.77255549     
         312   3414915.58087048     
         314   3875020.01834037     
         316   4410124.45766642     
         318   5024299.33024140     
         320   5720051.83911792     
         322   6498193.25393119     
         324   7357790.32293698     
         326   8296197.46565916     
         328   9309160.85236108     
         330   10390981.5750001     
         332   11534722.9373758     
         334   12732446.2963211     
         336   13975460.5887091     
         338   15254572.3318266     
         340   16560325.1308776     
         342   17883220.2455590     
         344   19213912.2960228     
         346   20543376.5347049     
         348   21863046.1503271     
         350   23164919.7392641     
         352   24441640.3604363     
         354   25686548.5003949     
         356   26893711.8551350     
         358   28057935.1363490     
         360   29174753.1883738     
         362   30240410.6125335     
         364   31251830.8874576     
         366   32206577.6895629     
         368   33102810.7918484     
         370   33939238.5782734     
         372   34715068.8751839     
         374   35429959.4842573     
         376   36083969.5120383     
         378   36677512.3342057     
         380   37211310.8100062     
         382   37686355.1735911     
         384   38103863.8724194     
         386   38465247.4957933     
         388   38772075.8357607     
         390   39026048.0446474     
         392   39228965.7950206     
         394   39382709.3057977     
         396   39489216.0695289     
         398   39550462.0980693     
         400   39568445.4946341     
         402   39545172.1576444     
         404   39482643.4242433     
         406   39382845.4674968     
         408   39247740.2700196     
         410   39079258.0072106     
         412   38879290.6847063     
         414   38649686.8865903     
         416   38392247.5028596     
         418   38108722.3163896     
         420   37800807.3409055     
         422   37470142.8121446     
         424   37118311.7443497     
         426   36746838.9734501     
         428   36357190.6167028     
         430   35950773.8862149     
         432   35528937.2006395     
         434   35092970.5454554     
         436   34644106.0376454     
         438   34183518.6552992     
         440   33712327.0966977     
         442   33231594.7368248     
         444   32742330.6519949     
         446   32245490.6853630     
         448   31741978.5274904     
         450   31232646.7867967     
         452   30718298.0245482     
         454   30199685.7278610     
         456   29677515.1918047     
         458   29152444.2777294     
         460   28625084.0088976     
         462   28095998.9556138     
         464   27565707.3491458     
         466   27034680.8450486     
         468   26503343.8292602     
         470   25972072.1201148     
         472   25441190.8590008     
         474   24910971.2896338     
         476   24381625.9797851     
         478   23853301.8018551     
         480   23326069.5885159     
         482   22799908.6751232     
         484   22274683.2324653     
         486   21750104.6991121     
         488   21225669.0360250     
         490   20700544.2196602     
         492   20173347.8156774     
         494   19641647.5026901     
         496   19100659.9598499     
         498   18539280.8511706     
         500   17916917.6812792     
