         100   1812.74114063091     
         101   2933.80693715678     
         102   4254.88199690430     
         103   5722.17872839992     
         104   7290.04534237173     
         105   8922.41750900661     
         106   10592.0137218971     
         107   12278.8227465109     
         108   13968.5515162390     
         109   15651.2764087470     
         110   17320.3540692295     
         111   18971.5746057119     
         112   20602.5170481690     
         113   22212.0647843542     
         114   23800.0439573900     
         115   25366.9548786966     
         116   26913.7731779104     
         117   28441.8029859633     
         118   29952.5688499370     
         119   31447.7364514035     
         120   32929.0547411413     
         121   34398.3139997755     
         122   35857.3157426618     
         123   37307.8514316215     
         124   38751.6877300683     
         125   40190.5566121650     
         126   41626.1490632138     
         127   43060.1114260857     
         128   44494.0436855049     
         129   45929.4991592944     
         130   47367.9851986101     
         131   48810.9645990585     
         132   50259.8574997799     
         133   51716.0436042697     
         134   53180.8645995139     
         135   54655.6266823608     
         136   56141.6031265002     
         137   57640.0368418981     
         138   59152.1428924849     
         139   60679.1109484037     
         140   62222.1076570269     
         141   63782.2789228518     
         142   65360.7520907842     
         143   66958.6380305548     
         144   68577.0331223770     
         145   70217.0211456509     
         146   71879.6750737050     
         147   73566.0587783755     
         148   75277.2286487421     
         149   77014.2351286411     
         150   78778.1241777222     
         151   80569.9386608392     
         152   82390.7196705087     
         153   84241.5077870502     
         154   86123.3442808624     
         155   88037.2722611023     
         156   89984.3377748334     
         157   91965.5908604949     
         158   93982.0865593325     
         159   96034.8858882196     
         160   98125.0567770922     
         161   100253.674974020     
         162   102421.824920749     
         163   104630.600601370     
         164   106881.106366593     
         165   109174.457735950     
         166   111511.782180110     
         167   113894.219885325     
         168   116322.924501918     
         169   118799.063878606     
         170   121323.820784305     
         171   123898.393619019     
         172   126523.997115250     
         173   129201.863031356     
         174   131933.240838121     
         175   134719.398399802     
         176   137561.622650808     
         177   140461.220269102     
         178   143419.518347400     
         179   146437.865063136     
         180   149517.630348168     
         181   152660.206559120     
         182   155867.009149243     
         183   159139.477342632     
         184   162479.074811605     
         185   165887.290358049     
         186   169365.638599478     
         187   172915.660660564     
         188   176538.924870864     
         189   180237.027469477     
         190   184011.593317325     
         191   187864.276617788     
         192   191796.761646367     
         193   195810.763490112     
         194   199908.028797501     
         195   204090.336539490     
         196   208359.498782460     
         197   212717.361473799     
         198   217165.805240855     
         199   221706.746204057     
         200   226342.136804972     
         201   231073.966650113     
         202   235904.263371371     
         203   240835.093503922     
         204   245868.563382516     
         205   251006.820057131     
         206   256252.052228956     
         207   261606.491207774     
         208   267072.411891805     
         209   272652.133771188     
         210   278348.021956313     
         211   284162.488232250     
         212   290097.992140669     
         213   296157.042090627     
         214   302342.196499744     
         215   308656.064967378     
         216   315101.309481432     
         217   321680.645660604     
         218   328396.844033950     
         219   335252.731359723     
         220   342251.191985596     
         221   349395.169252505     
         222   356687.666944370     
         223   364131.750786231     
         224   371730.549993323     
         225   379487.258873820     
         226   387405.138488117     
         227   395487.518367570     
         228   403737.798295888     
         229   412159.450156342     
         230   420756.019848243     
         231   429531.129276150     
         232   438488.478415488     
         233   447631.847458311     
         234   456965.099043137     
         235   466492.180572852     
         236   476217.126624883     
         237   486144.061457911     
         238   496277.201619624     
         239   506620.858660334     
         240   517179.441957395     
         241   527957.461655991     
         242   538959.531732184     
         243   550190.373184916     
         244   561654.817364049     
         245   573357.809442543     
         246   585304.412040975     
         247   597499.809013354     
         248   609949.309403085     
         249   622658.351578367     
         250   635632.507557161     
         251   648877.487534913     
         252   662399.144634988     
         253   676203.479915984     
         254   690296.647695655     
         255   704684.961293856     
         256   719374.899363330     
         257   734373.113074907     
         258   749686.434559598     
         259   765321.887191299     
         260   781286.698524546     
         261   797588.316983373     
         262   814234.433726965     
         263   831233.011486784     
         264   848592.322563662     
         265   866320.998570896     
         266   884428.094883600     
         267   902923.173073084     
         268   921816.404831928     
         269   941118.700993743     
         270   960841.869184598     
         271   980998.803378805     
         272   1001603.70814423     
         273   1022672.35963509     
         274   1044222.40441763     
         275   1066273.69600423     
         276   1088848.66754539     
         277   1111972.73752152     
         278   1135674.74353556     
         279   1159987.39749277     
         280   1184947.75363393     
         281   1210597.67913739     
         282   1236984.31540373     
         283   1264160.51676066     
         284   1292185.25225146     
         285   1321123.95546455     
         286   1351048.80708147     
         287   1382038.93500969     
         288   1414180.51765242     
         289   1447566.77705872     
         290   1482297.85038551     
         291   1518480.53025728     
         292   1556227.86718163     
         293   1595658.63010308     
         294   1636896.62437003     
         295   1680069.86975655     
         296   1725309.64461678     
         297   1772749.40564624     
         298   1822523.59597106     
         299   1874766.35727854     
         300   1929610.16434150     
         301   1987184.40249211     
         302   2047613.91029783     
         303   2111017.51083259     
         304   2177506.55549111     
         305   2247183.50425272     
         306   2320140.56567474     
         307   2396458.41871568     
         308   2476205.03680240     
         309   2559434.63242614     
         310   2646186.73805476     
         311   2736485.43636514     
         312   2830338.74981710     
         313   2927738.19649865     
         314   3028658.51605577     
         315   3133057.56646211     
         316   3240876.38945645     
         317   3352039.43974526     
         318   3466454.97058578     
         319   3584015.56617580     
         320   3704598.80940891     
         321   3828068.07202782     
         322   3954273.41303107     
         323   4083052.57035733     
         324   4214232.03037602     
         325   4347628.15953380     
         326   4483048.38261841     
         327   4620292.39247575     
         328   4759153.37661870     
         329   4899419.24696370     
         330   5040873.85988653     
         331   5183298.21486796     
         332   5326471.62116929     
         333   5470172.82320359     
         334   5614181.07652439     
         335   5758277.16761023     
         336   5902244.37186024     
         337   6045869.34541140     
         338   6188942.94752714     
         339   6331260.99137545     
         340   6472624.92200388     
         341   6612842.42122038     
         342   6751727.93989943     
         343   6889103.15895031     
         344   7024797.38080767     
         345   7158647.85383707     
         346   7290500.03249116     
         347   7420207.77641228     
         348   7547633.49195731     
         349   7672648.21982838     
         350   7795131.67263378     
         351   7914972.22628402     
         352   8032066.86915502     
         353   8146321.11293030     
         354   8257648.86897351     
         355   8365972.29398715     
         356   8471221.60858933     
         357   8573334.89229290     
         358   8672257.85820491     
         359   8767943.61058443     
         360   8860352.38820676     
         361   8949451.29628521     
         362   9035214.02950238     
         363   9117620.58850247     
         364   9196656.99199798     
         365   9272314.98645001     
         366   9344591.75509221     
         367   9413489.62788698     
         368   9479015.79382789     
         369   9541182.01683756     
         370   9600004.35635350     
         371   9655502.89354854     
         372   9707701.46399533     
         373   9756627.39745794     
         374   9802311.26537644     
         375   9844786.63650299     
         376   9884089.84105000     
         377   9920259.74362195     
         378   9953337.52512214     
         379   9983366.47375346     
         380   10010391.7851681     
         381   10034460.3717639     
         382   10055620.6810755     
         383   10073922.5231634     
         384   10089416.9068676     
         385   10102155.8847593     
         386   10112192.4065963     
         387   10119580.1810661     
         388   10124373.5455791     
         389   10126627.3438643     
         390   10126396.8111011     
         391   10123737.4663194     
         392   10118705.0117892     
         393   10111355.2391177     
         394   10101743.9417743     
         395   10089926.8337586     
         396   10075959.4741326     
         397   10059897.1971389     
         398   10041795.0476337     
         399   10021707.7215651     
         400   9999689.51123812     
         401   9975794.25510983     
         402   9950075.29186909     
         403   9922585.41856170     
         404   9893376.85252986     
         405   9862501.19694364     
         406   9830009.40971059     
         407   9795951.77555796     
         408   9760377.88109098     
         409   9723336.59263878     
         410   9684876.03670844     
         411   9645043.58287549     
         412   9603885.82894765     
         413   9561448.58824645     
         414   9517776.87885908     
         415   9472914.91472024     
         416   9426906.09839110     
         417   9379793.01540931     
         418   9331617.43009083     
         419   9282420.28267055     
         420   9232241.68767495     
         421   9181120.93342573     
         422   9129096.48257899     
         423   9076205.97360962     
         424   9022486.22315563     
         425   8967973.22914184     
         426   8912702.17460636     
         427   8856707.43215796     
         428   8800022.56899555     
         429   8742680.35242502     
         430   8684712.75581148     
         431   8626150.96490824     
         432   8567025.38450597     
         433   8507365.64534821     
         434   8447200.61126107     
         435   8386558.38644674     
         436   8325466.32289142     
         437   8263951.02783948     
         438   8202038.37128577     
         439   8139753.49343818     
         440   8077120.81210195     
         441   8014164.02993636     
         442   7950906.14153262     
         443   7887369.44025982     
         444   7823575.52482308     
         445   7759545.30547452     
         446   7695299.00981378     
         447   7630856.18811048     
         448   7566235.71807587     
         449   7501455.80900589     
         450   7436534.00521266     
         451   7371487.18865627     
         452   7306331.58068499     
         453   7241082.74278875     
         454   7175755.57627086     
         455   7110364.32074486     
         456   7044922.55137103     
         457   6979443.17475984     
         458   6913938.42349033     
         459   6848419.84922213     
         460   6782898.31442220     
         461   6717383.98278501     
         462   6651886.30849983     
         463   6586414.02461434     
         464   6520975.13086314     
         465   6455576.88147548     
         466   6390225.77365159     
         467   6324927.53760352     
         468   6259687.12929482     
         469   6194508.72728538     
         470   6129395.73538975     
         471   6064350.79318709     
         472   5999375.79677152     
         473   5934471.93249370     
         474   5869639.72680532     
         475   5804879.11565977     
         476   5740189.53722369     
         477   5675570.05188813     
         478   5611019.49370285     
         479   5546536.65735734     
         480   5482120.52465441     
         481   5417770.53402465     
         482   5353486.89596332     
         483   5289270.95628921     
         484   5225125.60778150     
         485   5161055.74900531     
         486   5097068.78695675     
         487   5033175.17752668     
         488   4969388.99469749     
         489   4905728.51587501     
         490   4842216.80687712     
         491   4778882.28595212     
         492   4715759.24194864     
         493   4652888.27765737     
         494   4590316.64580037     
         495   4528098.44285067     
         496   4466294.62610593     
         497   4404972.82656720     
         498   4344207.08629779     
         499   4284084.17597423     
         500   4224955.94800291     
