         100   1812.74114063091     
         105   8922.58940733035     
         110   17321.2261210608     
         115   25368.9510506685     
         120   32932.5998361154     
         125   40196.3538296427     
         130   47377.2252189135     
         135   54670.2325738449     
         140   62245.1092359473     
         145   70253.1490938659     
         150   78834.7505450640     
         155   88125.8980978185     
         160   98263.6751786129     
         165   109391.342675743     
         170   121663.706420558     
         175   135253.893504050     
         180   150363.880693855     
         185   167244.328416948     
         190   186234.614218822     
         195   207834.629373127     
         200   232799.266329102     
         205   262198.699180573     
         210   297350.408943730     
         215   339563.649136983     
         220   389747.004164759     
         225   448032.198607120     
         230   513576.448534936     
         235   584618.728806803     
         240   658751.720547069     
         245   733299.864819878     
         250   805686.674363716     
         255   873711.542187934     
         260   935705.706616910     
         265   990576.073363184     
         270   1037766.31826992     
         275   1077169.46561370     
         280   1109021.22444120     
         285   1133794.65532339     
         290   1152108.07812184     
         295   1164651.32891516     
         300   1172130.95104523     
         305   1175232.36294638     
         310   1174595.94060587     
         315   1170803.75449214     
         320   1164373.99528100     
         325   1155760.62866283     
         330   1145356.36782903     
         335   1133497.55419797     
         340   1120469.95539091     
         345   1106514.81700139     
         350   1091834.74900747     
         355   1076599.20255993     
         360   1060949.41326998     
         365   1045002.76661506     
         370   1028856.59099505     
         375   1012591.41318575     
         380   996273.726136609     
         385   979958.325110395     
         390   963690.268504686     
         395   947506.516692964     
         400   931437.297459051     
         405   915507.241094368     
         410   899736.322618193     
         415   884140.643237715     
         420   868733.078284326     
         425   853523.814530302     
         430   838520.796021795     
         435   823730.094335684     
         440   809156.216433297     
         445   794802.360988426     
         450   780670.632152883     
         455   766762.218135457     
         460   753077.540659017     
         465   739616.380281097     
         470   726377.981676669     
         475   713361.142254764     
         480   700564.286885057     
         485   687985.531022886     
         490   675622.734122150     
         495   663473.545153191     
         500   651536.869011762     
