         100   1812.74114063091     
         105   8922.58391160933     
         110   17321.1963597413     
         115   25368.8818294015     
         120   32932.4769841526     
         125   40196.1546442046     
         130   47376.9111932244     
         135   54669.7412474360     
         140   62244.3419461561     
         145   70251.9514956690     
         150   78832.8814898869     
         155   88122.9796839638     
         160   98259.1116534118     
         165   109384.186706154     
         170   121652.444064073     
         175   135236.232578305     
         180   150337.807237996     
         185   167218.507111553     
         190   186281.575833460     
         195   208279.835385377     
         200   234713.930828066     
         205   268358.779972942     
         210   313628.171949310     
         215   376375.129537544     
         220   462933.441673569     
         225   578639.154477393     
         230   726393.367304477     
         235   905807.045121419     
         240   1113167.57365895     
         245   1342119.10275115     
         250   1584740.40611220     
         255   1832677.92558552     
         260   2078086.95543710     
         265   2314265.40786319     
         270   2535973.48494720     
         275   2739496.94367300     
         280   2922535.00884744     
         285   3083990.25486085     
         290   3223721.02074297     
         295   3342297.12741532     
         300   3440782.25814328     
         305   3520553.37439971     
         310   3583159.02170682     
         315   3630213.50113582     
         320   3663321.59273441     
         325   3684027.87851018     
         330   3693785.01035712     
         335   3693936.01525340     
         340   3685706.62382872     
         345   3670204.47970470     
         350   3648422.85404362     
         355   3621247.12368097     
         360   3589462.77251636     
         365   3553764.05909022     
         370   3514762.77825611     
         375   3472996.75163497     
         380   3428937.82811212     
         385   3382999.27707242     
         390   3335542.52539807     
         395   3286883.23378412     
         400   3237296.73567081     
         405   3187022.87822681     
         410   3136270.31309839     
         415   3085220.28774215     
         420   3034029.98796445     
         425   2982835.48009620     
         430   2931754.29791688     
         435   2880887.71559147     
         440   2830322.74387393     
         445   2780133.88289636     
         450   2730384.66114064     
         455   2681128.98675250     
         460   2632412.33423771     
         465   2584272.78678011     
         470   2536741.95193142     
         475   2489845.76622110     
         480   2443605.20229746     
         485   2398036.89051158     
         490   2353153.66538036     
         495   2308965.05855791     
         500   2265491.98378791     
