  -89.50000       461597.148345776     
  -88.50000       469588.897576489     
  -87.50000       477576.492405969     
  -86.50000       485559.382726723     
  -85.50000       493535.434141793     
  -84.50000       501502.362597525     
  -83.50000       509457.851886235     
  -82.50000       517399.578820720     
  -81.50000       525325.221401097     
  -80.50000       533232.462324345     
  -79.50000       541118.990914770     
  -78.50000       548982.504425818     
  -77.50000       556820.709056413     
  -76.50000       564631.320821296     
  -75.50000       572412.066336723     
  -74.50000       580160.683550137     
  -73.50000       587874.922427080     
  -72.50000       595552.545601173     
  -71.50000       603191.328988857     
  -70.50000       610789.062368217     
  -69.50000       618343.549919677     
  -68.50000       625852.610725242     
  -67.50000       633314.079222026     
  -66.50000       640725.805605081     
  -65.50000       648085.656173716     
  -64.50000       655391.513614780     
  -63.50000       662641.277215593     
  -62.50000       669832.862998414     
  -61.50000       676964.203767479     
  -60.50000       684033.249058785     
  -59.50000       691037.964981880     
  -58.50000       697976.333942009     
  -57.50000       704846.354230046     
  -56.50000       711646.039466765     
  -55.50000       718373.417887182     
  -54.50000       725053.640769504     
  -53.50000       731728.608116704     
  -52.50000       738330.969063510     
  -51.50000       744858.933852195     
  -50.50000       751310.713313732     
  -49.50000       757684.514745950     
  -48.50000       763978.537196586     
  -47.50000       770190.966102740     
  -46.50000       776319.967240713     
  -45.50000       782363.679946126     
  -44.50000       788320.209573987     
  -43.50000       794187.619182675     
  -42.50000       799963.920443713     
  -41.50000       805647.063800232     
  -40.50000       811234.927922457     
  -39.50000       816725.308544840     
  -38.50000       822115.906829136     
  -37.50000       827404.317496779     
  -36.50000       832588.017121406     
  -35.50000       837664.353156955     
  -34.50000       842630.534456250     
  -33.50000       847483.624144418     
  -32.50000       852220.535697526     
  -31.50000       856838.032955746     
  -30.50000       861467.083979782     
  -29.50000       866186.970173943     
  -28.50000       870779.487458002     
  -27.50000       875238.618330605     
  -26.50000       879557.969822720     
  -25.50000       883730.839050154     
  -24.50000       887750.331546301     
  -23.50000       891609.541696226     
  -22.50000       895301.791056057     
  -21.50000       898840.412480919     
  -20.50000       902680.676718705     
  -19.50000       906306.462830750     
  -18.50000       909708.196107611     
  -17.50000       912877.754740995     
  -16.50000       915808.773878813     
  -15.50000       918671.577218191     
  -14.50000       921591.151313763     
  -13.50000       924169.623876888     
  -12.50000       926411.491096302     
  -11.50000       928338.790051744     
  -10.50000       930104.040303272     
  -9.500000       931598.392199709     
  -8.500000       932859.534516019     
  -7.500000       933974.296879669     
  -6.500000       934967.462762274     
  -5.500000       935826.427032076     
  -4.500000       936541.275398026     
  -3.500000       937112.604444727     
  -2.500000       937541.435971190     
  -1.500000       937827.430551781     
 -0.5000000       937970.453949152     
  0.5000000       937970.453949152     
   1.500000       937827.430551783     
   2.500000       937541.435971191     
   3.500000       937112.604444728     
   4.500000       936541.275398027     
   5.500000       935826.427032076     
   6.500000       934967.462762273     
   7.500000       933974.296879669     
   8.500000       932859.534516020     
   9.500000       931598.392199710     
   10.50000       930104.040303273     
   11.50000       928338.790051744     
   12.50000       926411.491096302     
   13.50000       924169.623876887     
   14.50000       921591.151313764     
   15.50000       918671.577218191     
   16.50000       915808.773878813     
   17.50000       912877.754740995     
   18.50000       909708.196107611     
   19.50000       906306.462830750     
   20.50000       902680.676718705     
   21.50000       898840.412480919     
   22.50000       895301.791056057     
   23.50000       891609.541696226     
   24.50000       887750.331546301     
   25.50000       883730.839050154     
   26.50000       879557.969822720     
   27.50000       875238.618330605     
   28.50000       870779.487458001     
   29.50000       866186.970173942     
   30.50000       861467.083979782     
   31.50000       856838.032955746     
   32.50000       852220.535697525     
   33.50000       847483.624144418     
   34.50000       842630.534456250     
   35.50000       837664.353156955     
   36.50000       832588.017121406     
   37.50000       827404.317496779     
   38.50000       822115.906829136     
   39.50000       816725.308544841     
   40.50000       811234.927922458     
   41.50000       805647.063800232     
   42.50000       799963.920443713     
   43.50000       794187.619182675     
   44.50000       788320.209573987     
   45.50000       782363.679946125     
   46.50000       776319.967240712     
   47.50000       770190.966102739     
   48.50000       763978.537196586     
   49.50000       757684.514745950     
   50.50000       751310.713313733     
   51.50000       744858.933852195     
   52.50000       738330.969063511     
   53.50000       731728.608116706     
   54.50000       725053.640769506     
   55.50000       718373.417887182     
   56.50000       711646.039466765     
   57.50000       704846.354230046     
   58.50000       697976.333942009     
   59.50000       691037.964981880     
   60.50000       684033.249058785     
   61.50000       676964.203767479     
   62.50000       669832.862998413     
   63.50000       662641.277215592     
   64.50000       655391.513614780     
   65.50000       648085.656173716     
   66.50000       640725.805605080     
   67.50000       633314.079222026     
   68.50000       625852.610725242     
   69.50000       618343.549919677     
   70.50000       610789.062368217     
   71.50000       603191.328988856     
   72.50000       595552.545601173     
   73.50000       587874.922427080     
   74.50000       580160.683550136     
   75.50000       572412.066336722     
   76.50000       564631.320821296     
   77.50000       556820.709056413     
   78.50000       548982.504425818     
   79.50000       541118.990914770     
   80.50000       533232.462324344     
   81.50000       525325.221401098     
   82.50000       517399.578820720     
   83.50000       509457.851886235     
   84.50000       501502.362597526     
   85.50000       493535.434141793     
   86.50000       485559.382726722     
   87.50000       477576.492405969     
   88.50000       469588.897576489     
   89.50000       461597.148345776     
