  -89.50000       490758.745688517     
  -88.50000       499242.991086738     
  -87.50000       507733.882019263     
  -86.50000       516221.459357627     
  -85.50000       524702.579138439     
  -84.50000       533174.576375517     
  -83.50000       541634.907702597     
  -82.50000       550081.075720879     
  -81.50000       558510.606909471     
  -80.50000       566921.044000220     
  -79.50000       575309.943183288     
  -78.50000       583674.873200819     
  -77.50000       592013.415266661     
  -76.50000       600323.163377434     
  -75.50000       608601.724818547     
  -74.50000       616846.720768628     
  -73.50000       625055.786951178     
  -72.50000       633226.574304028     
  -71.50000       641356.749648176     
  -70.50000       649443.996343242     
  -69.50000       657486.014919755     
  -68.50000       665480.523679829     
  -67.50000       673425.259258433     
  -66.50000       681317.977137361     
  -65.50000       689156.452103751     
  -64.50000       696938.478644329     
  -63.50000       704661.871265781     
  -62.50000       712324.464730611     
  -61.50000       719924.114196771     
  -60.50000       727458.695247944     
  -59.50000       734926.103800024     
  -58.50000       742324.255867674     
  -57.50000       749651.087173154     
  -56.50000       756904.552577805     
  -55.50000       764082.625314598     
  -54.50000       771183.295998208     
  -53.50000       778204.571387040     
  -52.50000       785144.472869688     
  -51.50000       792001.034646505     
  -50.50000       798772.301575361     
  -49.50000       805456.326649465     
  -48.50000       812051.168074470     
  -47.50000       818554.885912334     
  -46.50000       824965.538261121     
  -45.50000       831281.176943837     
  -44.50000       837499.842685945     
  -43.50000       843619.559770772     
  -42.50000       849638.330173942     
  -41.50000       855554.127192026     
  -40.50000       861364.888597507     
  -39.50000       867068.509376279     
  -38.50000       872667.216118551     
  -37.50000       878347.428611544     
  -36.50000       883921.401214011     
  -35.50000       889386.483090147     
  -34.50000       894739.842510663     
  -33.50000       899978.448252631     
  -32.50000       905099.052596688     
  -31.50000       910098.176445082     
  -30.50000       914972.096868841     
  -29.50000       919716.837583360     
  -28.50000       924328.163936560     
  -27.50000       928801.586259686     
  -26.50000       933132.378565223     
  -25.50000       937315.622369724     
  -24.50000       941399.140366075     
  -23.50000       945647.934005173     
  -22.50000       949725.717090282     
  -21.50000       953623.853689563     
  -20.50000       957334.109789843     
  -19.50000       960848.912631029     
  -18.50000       964161.535181735     
  -17.50000       967266.233655423     
  -16.50000       970480.667988543     
  -15.50000       973536.211783542     
  -14.50000       976315.208452713     
  -13.50000       978812.199006829     
  -12.50000       981029.883483021     
  -11.50000       982982.737658761     
  -10.50000       984826.388966931     
  -9.500000       986379.980682968     
  -8.500000       987722.848659899     
  -7.500000       988912.967881237     
  -6.500000       989966.641628283     
  -5.500000       990875.171056460     
  -4.500000       991631.786957373     
  -3.500000       992236.818637079     
  -2.500000       992690.882337241     
  -1.500000       992993.695410307     
 -0.5000000       993145.132356576     
  0.5000000       993145.132356576     
   1.500000       992993.695410306     
   2.500000       992690.882337240     
   3.500000       992236.818637080     
   4.500000       991631.786957373     
   5.500000       990875.171056459     
   6.500000       989966.641628283     
   7.500000       988912.967881237     
   8.500000       987722.848659899     
   9.500000       986379.980682969     
   10.50000       984826.388966931     
   11.50000       982982.737658760     
   12.50000       981029.883483021     
   13.50000       978812.199006829     
   14.50000       976315.208452713     
   15.50000       973536.211783543     
   16.50000       970480.667988543     
   17.50000       967266.233655423     
   18.50000       964161.535181736     
   19.50000       960848.912631030     
   20.50000       957334.109789843     
   21.50000       953623.853689564     
   22.50000       949725.717090282     
   23.50000       945647.934005174     
   24.50000       941399.140366075     
   25.50000       937315.622369724     
   26.50000       933132.378565224     
   27.50000       928801.586259686     
   28.50000       924328.163936560     
   29.50000       919716.837583360     
   30.50000       914972.096868842     
   31.50000       910098.176445083     
   32.50000       905099.052596687     
   33.50000       899978.448252631     
   34.50000       894739.842510663     
   35.50000       889386.483090146     
   36.50000       883921.401214010     
   37.50000       878347.428611544     
   38.50000       872667.216118550     
   39.50000       867068.509376279     
   40.50000       861364.888597507     
   41.50000       855554.127192027     
   42.50000       849638.330173941     
   43.50000       843619.559770772     
   44.50000       837499.842685945     
   45.50000       831281.176943836     
   46.50000       824965.538261121     
   47.50000       818554.885912333     
   48.50000       812051.168074470     
   49.50000       805456.326649466     
   50.50000       798772.301575361     
   51.50000       792001.034646505     
   52.50000       785144.472869688     
   53.50000       778204.571387040     
   54.50000       771183.295998209     
   55.50000       764082.625314599     
   56.50000       756904.552577805     
   57.50000       749651.087173154     
   58.50000       742324.255867674     
   59.50000       734926.103800024     
   60.50000       727458.695247944     
   61.50000       719924.114196771     
   62.50000       712324.464730612     
   63.50000       704661.871265780     
   64.50000       696938.478644329     
   65.50000       689156.452103751     
   66.50000       681317.977137361     
   67.50000       673425.259258433     
   68.50000       665480.523679829     
   69.50000       657486.014919754     
   70.50000       649443.996343242     
   71.50000       641356.749648175     
   72.50000       633226.574304028     
   73.50000       625055.786951177     
   74.50000       616846.720768628     
   75.50000       608601.724818547     
   76.50000       600323.163377434     
   77.50000       592013.415266661     
   78.50000       583674.873200819     
   79.50000       575309.943183288     
   80.50000       566921.044000219     
   81.50000       558510.606909471     
   82.50000       550081.075720879     
   83.50000       541634.907702596     
   84.50000       533174.576375517     
   85.50000       524702.579138439     
   86.50000       516221.459357627     
   87.50000       507733.882019263     
   88.50000       499242.991086738     
   89.50000       490758.745688517     
