  -89.50000       556803.231125007     
  -88.50000       566073.934726819     
  -87.50000       575627.208100397     
  -86.50000       585210.340082094     
  -85.50000       594796.042166097     
  -84.50000       604374.483835846     
  -83.50000       613940.057761983     
  -82.50000       623488.591685822     
  -81.50000       633016.510641913     
  -80.50000       642520.527310985     
  -79.50000       651997.509451351     
  -78.50000       661444.416822250     
  -77.50000       670858.268758070     
  -76.50000       680236.126523286     
  -75.50000       689575.083323247     
  -74.50000       698872.258514263     
  -73.50000       708124.794233187     
  -72.50000       717329.853477683     
  -71.50000       726484.619086767     
  -70.50000       735586.293297857     
  -69.50000       744632.097681403     
  -68.50000       753619.273328297     
  -67.50000       762545.081210686     
  -66.50000       771406.802661795     
  -65.50000       780201.739939417     
  -64.50000       788927.216848165     
  -63.50000       797580.579403234     
  -62.50000       806159.196522669     
  -61.50000       814660.460739768     
  -60.50000       823081.788928144     
  -59.50000       831420.623034804     
  -58.50000       839674.430817029     
  -57.50000       847840.706579986     
  -56.50000       855916.971912447     
  -55.50000       863900.776418406     
  -54.50000       871789.698442662     
  -53.50000       879581.345788718     
  -52.50000       887273.356427400     
  -51.50000       894863.399194570     
  -50.50000       902349.174476242     
  -49.50000       909728.414879662     
  -48.50000       916998.885888470     
  -47.50000       924158.386500021     
  -46.50000       931204.749842709     
  -45.50000       938135.843770857     
  -44.50000       944949.571435227     
  -43.50000       951643.871826839     
  -42.50000       958216.720291963     
  -41.50000       964666.129015043     
  -40.50000       970990.147464046     
  -39.50000       977186.862788889     
  -38.50000       983254.400160129     
  -37.50000       989190.923036018     
  -36.50000       994994.633354348     
  -35.50000       1000663.77166411     
  -34.50000       1006196.61723456     
  -33.50000       1011591.48819041     
  -32.50000       1016846.74169818     
  -31.50000       1021960.77414835     
  -30.50000       1026932.02114343     
  -29.50000       1031758.95695812     
  -28.50000       1036440.09308332     
  -27.50000       1040973.97562905     
  -26.50000       1045359.18184146     
  -25.50000       1049594.31675584     
  -24.50000       1053678.01181862     
  -23.50000       1057608.92768300     
  -22.50000       1061385.76271140     
  -21.50000       1065007.26655632     
  -20.50000       1068472.25465599     
  -19.50000       1071779.61563675     
  -18.50000       1074928.30159204     
  -17.50000       1077917.29376361     
  -16.50000       1080745.54522778     
  -15.50000       1083411.91655665     
  -14.50000       1085915.13489057     
  -13.50000       1088253.81797416     
  -12.50000       1090426.61567089     
  -11.50000       1092432.51268760     
  -10.50000       1094271.21676262     
  -9.500000       1095943.28825909     
  -8.500000       1097449.60775212     
  -7.500000       1098790.44086850     
  -6.500000       1099965.13048869     
  -5.500000       1100972.79035179     
  -4.500000       1101812.94142221     
  -3.500000       1102485.37844827     
  -2.500000       1102989.90655599     
  -1.500000       1103326.35665411     
 -0.5000000       1103494.62071823     
  0.5000000       1103494.62071823     
   1.500000       1103326.35665411     
   2.500000       1102989.90655599     
   3.500000       1102485.37844828     
   4.500000       1101812.94142221     
   5.500000       1100972.79035179     
   6.500000       1099965.13048869     
   7.500000       1098790.44086850     
   8.500000       1097449.60775212     
   9.500000       1095943.28825909     
   10.50000       1094271.21676262     
   11.50000       1092432.51268760     
   12.50000       1090426.61567089     
   13.50000       1088253.81797416     
   14.50000       1085915.13489057     
   15.50000       1083411.91655665     
   16.50000       1080745.54522778     
   17.50000       1077917.29376361     
   18.50000       1074928.30159205     
   19.50000       1071779.61563675     
   20.50000       1068472.25465599     
   21.50000       1065007.26655632     
   22.50000       1061385.76271140     
   23.50000       1057608.92768300     
   24.50000       1053678.01181863     
   25.50000       1049594.31675585     
   26.50000       1045359.18184148     
   27.50000       1040973.97562907     
   28.50000       1036440.09308334     
   29.50000       1031758.95695814     
   30.50000       1026932.02114344     
   31.50000       1021960.77414836     
   32.50000       1016846.74169818     
   33.50000       1011591.48819042     
   34.50000       1006196.61723457     
   35.50000       1000663.77166411     
   36.50000       994994.633354341     
   37.50000       989190.923036010     
   38.50000       983254.400160115     
   39.50000       977186.862788871     
   40.50000       970990.147464030     
   41.50000       964666.129015030     
   42.50000       958216.720291948     
   43.50000       951643.871826822     
   44.50000       944949.571435218     
   45.50000       938135.843770870     
   46.50000       931204.749842738     
   47.50000       924158.386500051     
   48.50000       916998.885888483     
   49.50000       909728.414879655     
   50.50000       902349.174476224     
   51.50000       894863.399194548     
   52.50000       887273.356427378     
   53.50000       879581.345788690     
   54.50000       871789.698442637     
   55.50000       863900.776418402     
   56.50000       855916.971912471     
   57.50000       847840.706580017     
   58.50000       839674.430817043     
   59.50000       831420.623034808     
   60.50000       823081.788928132     
   61.50000       814660.460739765     
   62.50000       806159.196522701     
   63.50000       797580.579403269     
   64.50000       788927.216848177     
   65.50000       780201.739939412     
   66.50000       771406.802661803     
   67.50000       762545.081210686     
   68.50000       753619.273328288     
   69.50000       744632.097681399     
   70.50000       735586.293297858     
   71.50000       726484.619086774     
   72.50000       717329.853477664     
   73.50000       708124.794233172     
   74.50000       698872.258514272     
   75.50000       689575.083323258     
   76.50000       680236.126523286     
   77.50000       670858.268758070     
   78.50000       661444.416822258     
   79.50000       651997.509451351     
   80.50000       642520.527310993     
   81.50000       633016.510641894     
   82.50000       623488.591685822     
   83.50000       613940.057761974     
   84.50000       604374.483835843     
   85.50000       594796.042166093     
   86.50000       585210.340082093     
   87.50000       575627.208100401     
   88.50000       566073.934726817     
   89.50000       556803.231125010     
