  -89.50000       672969.132626590     
  -88.50000       681233.119626433     
  -87.50000       692075.793683969     
  -86.50000       703240.562099385     
  -85.50000       714499.089535010     
  -84.50000       725784.204612601     
  -83.50000       737067.294301029     
  -82.50000       748332.793735557     
  -81.50000       759570.521490475     
  -80.50000       770772.841147602     
  -79.50000       781933.441130671     
  -78.50000       793046.749408201     
  -77.50000       804107.628091854     
  -76.50000       815111.202916479     
  -75.50000       826052.762496269     
  -74.50000       836927.695770018     
  -73.50000       847731.451360382     
  -72.50000       858459.509985118     
  -71.50000       869107.364872837     
  -70.50000       879670.507208385     
  -69.50000       890144.414769519     
  -68.50000       900524.542591266     
  -67.50000       910806.314908090     
  -66.50000       920985.117849239     
  -65.50000       931056.292532576     
  -64.50000       941015.128297624     
  -63.50000       950856.855881657     
  -62.50000       960576.640380616     
  -61.50000       970169.573874273     
  -60.50000       979630.667598781     
  -59.50000       988954.843571861     
  -58.50000       998136.925574783     
  -57.50000       1007171.62940057     
  -56.50000       1016053.55227649     
  -55.50000       1024777.16136797     
  -54.50000       1033336.78126531     
  -53.50000       1041726.58035275     
  -52.50000       1049940.55595190     
  -51.50000       1057972.51812383     
  -50.50000       1065816.07200537     
  -49.50000       1073464.59855213     
  -48.50000       1080911.23355280     
  -47.50000       1088148.84477729     
  -46.50000       1095170.00711452     
  -45.50000       1101966.97553371     
  -44.50000       1108531.65567105     
  -43.50000       1114855.57178702     
  -42.50000       1120929.83181186     
  -41.50000       1126745.08924717     
  -40.50000       1132291.50189227     
  -39.50000       1137558.68770229     
  -38.50000       1142535.67840694     
  -37.50000       1147210.87146211     
  -36.50000       1151571.97997186     
  -35.50000       1155605.97810993     
  -34.50000       1159299.03663433     
  -33.50000       1162636.44085517     
  -32.50000       1165602.48466024     
  -31.50000       1168180.34218943     
  -30.50000       1170351.93530869     
  -29.50000       1172097.83774306     
  -28.50000       1173400.90030759     
  -27.50000       1174269.96145095     
  -26.50000       1174657.21735500     
  -25.50000       1174541.27093329     
  -24.50000       1173900.86260035     
  -23.50000       1172714.63227660     
  -22.50000       1170959.82478991     
  -21.50000       1168609.46163978     
  -20.50000       1165627.80916079     
  -19.50000       1161964.63241519     
  -18.50000       1157549.73802178     
  -17.50000       1152524.43075222     
  -16.50000       1146792.92245226     
  -15.50000       1140649.31772041     
  -14.50000       1141273.11535165     
  -13.50000       1143287.24031333     
  -12.50000       1145249.75107085     
  -11.50000       1147157.67587941     
  -10.50000       1148993.56542628     
  -9.500000       1150724.87674235     
  -8.500000       1152312.92189600     
  -7.500000       1153729.11187006     
  -6.500000       1154964.30935470     
  -5.500000       1156021.53437617     
  -4.500000       1156903.45298155     
  -3.500000       1157609.59264063     
  -2.500000       1158139.35292204     
  -1.500000       1158492.62151263     
 -0.5000000       1158669.29912566     
  0.5000000       1158669.29912566     
   1.500000       1158492.62151263     
   2.500000       1158139.35292204     
   3.500000       1157609.59264063     
   4.500000       1156903.45298155     
   5.500000       1156021.53437617     
   6.500000       1154964.30935470     
   7.500000       1153729.11187006     
   8.500000       1152312.92189600     
   9.500000       1150724.87674235     
   10.50000       1148993.56542628     
   11.50000       1147157.67587941     
   12.50000       1145249.75107085     
   13.50000       1143287.24031333     
   14.50000       1141273.11535165     
   15.50000       1140649.31772055     
   16.50000       1146792.92245245     
   17.50000       1152524.43075241     
   18.50000       1157549.73802194     
   19.50000       1161964.63241530     
   20.50000       1165627.80916089     
   21.50000       1168609.46163987     
   22.50000       1170959.82479000     
   23.50000       1172714.63227672     
   24.50000       1173900.86260051     
   25.50000       1174541.27093349     
   26.50000       1174657.21735524     
   27.50000       1174269.96145125     
   28.50000       1173400.90030788     
   29.50000       1172097.83774332     
   30.50000       1170351.93530887     
   31.50000       1168180.34218953     
   32.50000       1165602.48466032     
   33.50000       1162636.44085524     
   34.50000       1159299.03663438     
   35.50000       1155605.97810991     
   36.50000       1151571.97997181     
   37.50000       1147210.87146200     
   38.50000       1142535.67840675     
   39.50000       1137558.68770204     
   40.50000       1132291.50189205     
   41.50000       1126745.08924698     
   42.50000       1120929.83181163     
   43.50000       1114855.57178683     
   44.50000       1108531.65567100     
   45.50000       1101966.97553396     
   46.50000       1095170.00711487     
   47.50000       1088148.84477760     
   48.50000       1080911.23355288     
   49.50000       1073464.59855203     
   50.50000       1065816.07200520     
   51.50000       1057972.51812361     
   52.50000       1049940.55595164     
   53.50000       1041726.58035242     
   54.50000       1033336.78126508     
   55.50000       1024777.16136797     
   56.50000       1016053.55227678     
   57.50000       1007171.62940090     
   58.50000       998136.925574954     
   59.50000       988954.843571871     
   60.50000       979630.667598582     
   61.50000       970169.573874247     
   62.50000       960576.640381006     
   63.50000       950856.855882021     
   64.50000       941015.128297722     
   65.50000       931056.292532486     
   66.50000       920985.117849254     
   67.50000       910806.314908140     
   68.50000       900524.542591170     
   69.50000       890144.414769447     
   70.50000       879670.507208364     
   71.50000       869107.364872879     
   72.50000       858459.509984919     
   73.50000       847731.451360311     
   74.50000       836927.695770186     
   75.50000       826052.762496444     
   76.50000       815111.202916473     
   77.50000       804107.628091867     
   78.50000       793046.749408241     
   79.50000       781933.441130663     
   80.50000       770772.841147577     
   81.50000       759570.521490305     
   82.50000       748332.793735542     
   83.50000       737067.294300981     
   84.50000       725784.204612528     
   85.50000       714499.089534974     
   86.50000       703240.562099434     
   87.50000       692075.793683985     
   88.50000       681233.119626376     
   89.50000       672969.132626567     
