         100 -1.623371710090329E-004
         105   103140.593744243     
         110   198670.211811240     
         115   287010.077674587     
         120   368560.693151682     
         125   443702.793894217     
         130   512798.262280320     
         135   576191.000290430     
         140   634207.763806752     
         145   687158.959813137     
         150   735339.408067975     
         155   779029.068798204     
         160   818493.737899257     
         165   853985.711058259     
         170   885744.418153945     
         175   913997.029227471     
         180   938959.033262696     
         185   960834.790962301     
         190   979818.062656678     
         195   996092.512435890     
         200   1009832.18955105     
         205   1021201.98809029     
         210   1030358.08589631     
         215   1037448.36365811     
         220   1042612.80507988     
         225   1045983.87897995     
         230   1047686.90386476     
         235   1047840.39444662     
         240   1046556.39055182     
         245   1043940.78832196     
         250   1040093.74433430     
         255   1035110.21230913     
         260   1029080.38298107     
         265   1022089.31182965     
         270   1014215.10061709     
         275   1005526.27376959     
         280   996080.631827177     
         285   985928.090351697     
         290   975118.155150359     
         295   963709.959896923     
         300   951780.940479115     
         305   939430.134317298     
         310   926773.768195150     
         315   913933.639801554     
         320   901021.612550170     
         325   888124.942996183     
         330   875296.512605912     
         335   862551.916683886     
         340   849873.007906859     
         345   837215.902225817     
         350   824520.952221444     
         355   811722.538023774     
         360   798757.272018445     
         365   785569.982929431     
         370   772117.431660596     
         375   758370.061794275     
         380   744312.236516921     
         385   729941.426615534     
         390   715266.753496226     
         395   700307.202498331     
         400   685089.732595575     
         405   669647.432289104     
         410   654017.812439617     
         415   638241.284367333     
         420   622359.843056066     
         425   606415.957527934     
         430   590451.660525652     
         435   574507.825300943     
         440   558623.616991504     
         445   542836.108803496     
         450   527180.058473624     
         455   511687.847936469     
         460   496389.598189661     
         465   481313.480253566     
         470   466486.246799006     
         475   451933.994513798     
         480   437683.103709731     
         485   423761.118515197     
         490   410196.871640218     
         495   397018.080602962     
         500   384242.211785153     
