         100 -1.341753289825341E-002
         105   61305.1593528918     
         110   118086.183254184     
         115   170593.489014922     
         120   219065.210894055     
         125   263727.738526684     
         130   304796.221847026     
         135   342475.090266336     
         140   376958.561163512     
         145   408431.123886033     
         150   437067.998356084     
         155   463035.570501219     
         160   486491.806707179     
         165   507586.649165225     
         170   526462.396453192     
         175   543254.102492796     
         180   558090.226225366     
         185   571094.674515694     
         190   582394.006709421     
         195   592137.603793494     
         200   600538.660652676     
         205   607931.295555613     
         210   614815.919600485     
         215   621852.414360817     
         220   629778.881835978     
         225   639274.536670528     
         230   650817.465828353     
         235   664589.159640748     
         240   680452.290511012     
         245   697996.638602349     
         250   716627.505988802     
         255   735666.318905113     
         260   754439.868897074     
         265   772345.573301836     
         270   788889.891793636     
         275   803703.319966504     
         280   816538.161711645     
         285   827255.567380948     
         290   835807.268873900     
         295   842215.927796036     
         300   846556.561219476     
         305   848940.353723295     
         310   849501.354189261     
         315   848386.049581099     
         320   845745.531958497     
         325   841729.855660040     
         330   836484.158870880     
         335   830146.154174295     
         340   822844.647401068     
         345   814698.805658897     
         350   805817.954233494     
         355   796301.733564626     
         360   786240.490212775     
         365   775715.809808990     
         370   764801.126385545     
         375   753562.362469093     
         380   742058.569141399     
         385   730342.546068612     
         390   718461.429224304     
         395   706457.239456344     
         400   694367.388778854     
         405   682225.143771964     
         410   670060.047093409     
         415   657898.299106016     
         420   645763.102193614     
         425   633674.970611890     
         430   621652.008798365     
         435   609710.161016406     
         440   597863.435080474     
         445   586124.102737090     
         450   574502.879080886     
         455   563009.083182753     
         460   551650.781907078     
         465   540434.918703416     
         470   529367.428978178     
         475   518453.343485697     
         480   507696.881025974     
         485   497101.531598476     
         490   486670.131036880     
         495   476404.928037856     
         500   466307.644396910     
