         100 -1.158786892464996E-002
         105   52945.3630837426     
         110   101983.518411183     
         115   147330.735470822     
         120   189192.675661079     
         125   227764.857296484     
         130   263233.091677504     
         135   295773.931471453     
         140   325555.109863456     
         145   352735.958557247     
         150   377467.803844071     
         155   399894.342655999     
         160   420152.000488691     
         165   438370.272530107     
         170   454672.047524029     
         175   469173.899043599     
         180   481986.228396327     
         185   493212.685302102     
         190   502946.971306090     
         195   511263.101348989     
         200   518195.171720206     
         205   523709.004515184     
         210   527679.685611195     
         215   529895.346905258     
         220   530098.376307619     
         225   528054.709091726     
         230   523625.679512093     
         235   516816.322269848     
         240   507786.808328375     
         245   496829.585863240     
         250   484325.138064412     
         255   470691.602775482     
         260   456340.100993628     
         265   441642.121965854     
         270   426910.404296412     
         275   412391.591297043     
         280   398267.540279653     
         285   384662.022382661     
         290   371650.080976051     
         295   359268.079005634     
         300   347523.195976437     
         305   336401.716758358     
         310   325875.861956068     
         315   315909.164216187     
         320   306460.533629554     
         325   297487.215363419     
         330   288946.854045835     
         335   280798.864105192     
         340   273005.277714700     
         345   265531.210996306     
         350   258345.059535565     
         355   251418.508330755     
         360   244726.419800488     
         365   238246.646321115     
         370   231959.800473130     
         375   225849.006114760     
         380   219899.645936889     
         385   214099.115715887     
         390   208436.591589036     
         395   202902.813942365     
         400   197489.889618064     
         405   192191.112884818     
         410   187000.804793520     
         415   181914.170032626     
         420   176927.170106463     
         425   172036.411517170     
         430   167239.047587154     
         435   162532.692579243     
         440   157915.346831530     
         445   153385.331706571     
         450   148941.233248650     
         455   144581.853540652     
         460   140306.168848939     
         465   136113.293737319     
         470   132002.450418159     
         475   127972.942688900     
         480   124024.133875476     
         485   120155.428270446     
         490   116366.255613250     
         495   112656.058213394     
         500   109024.280364975     
