         100 -3.268358699170793E-003
         105   123867.978576326     
         110   238595.394417958     
         115   344688.132252857     
         120   442627.198622600     
         125   532869.862611101     
         130   615850.743500597     
         135   691982.859130746     
         140   761658.630756996     
         145   825250.842797539     
         150   883113.558930808     
         155   935582.996701337     
         160   982978.362719042     
         165   1025602.65034649     
         170   1063743.40160719     
         175   1097673.43492715     
         180   1127651.54023009     
         185   1153923.14283314     
         190   1176720.93752912     
         195   1196265.49417335     
         200   1212765.83575800     
         205   1226419.98711054     
         210   1237415.47761435     
         215   1245929.75206423     
         220   1252130.54364973     
         225   1256177.04539686     
         230   1258224.71821506     
         235   1258438.39322197     
         240   1257015.99179433     
         245   1254216.89582176     
         250   1250380.33105207     
         255   1245918.95846510     
         260   1241283.36684988     
         265   1236907.09418180     
         270   1233149.92614337     
         275   1230255.94802756     
         280   1228335.10038366     
         285   1227368.16587584     
         290   1227229.05445440     
         295   1227716.06177489     
         300   1228584.59105248     
         305   1229576.13500737     
         310   1230440.83816962     
         315   1230952.98139737     
         320   1230920.02207934     
         325   1230186.45399566     
         330   1228633.90797102     
         335   1226178.79328958     
         340   1222768.53254463     
         345   1218377.16792631     
         350   1213000.86848657     
         355   1206653.66783470     
         360   1199363.61346550     
         365   1191169.40657703     
         370   1182117.54540030     
         375   1172259.94614766     
         380   1161651.99541506     
         385   1150350.97976624     
         390   1138414.83754520     
         395   1125901.18143036     
         400   1112866.54570701     
         405   1099365.81835746     
         410   1085451.82407769     
         415   1071175.02981994     
         420   1056583.34926278     
         425   1041722.02669043     
         430   1026633.58416465     
         435   1011357.81867438     
         440   995931.838243772     
         445   980390.127857563     
         450   964764.637609003     
         455   949084.886759452     
         460   933378.078480983     
         465   917669.220980132     
         470   901981.251508306     
         475   886335.160477290     
         480   870750.113532638     
         485   855243.570001039     
         490   839831.396621149     
         495   824527.975887198     
         500   809346.308675317     
