         100 -1.708812347853642E-004
         105   108569.047408934     
         110   209126.541372866     
         115   302115.875027463     
         120   387958.629238430     
         125   467055.578381004     
         130   539787.651279043     
         135   606516.850021763     
         140   667587.128173695     
         145   723325.229932469     
         150   774041.491889757     
         155   820030.609024979     
         160   861572.366494737     
         165   898932.338709860     
         170   932362.557124814     
         175   962102.148101708     
         180   988377.942152715     
         185   1011405.05580967     
         190   1031387.44731766     
         195   1048518.44730021     
         200   1062981.26549766     
         205   1074949.47463651     
         210   1084587.47244796     
         215   1092050.92281646     
         220   1097487.17700710     
         225   1101035.67589220     
         230   1102828.33405811     
         235   1102989.90655599     
         240   1101638.33890617     
         245   1098885.10188686     
         250   1094835.51695169     
         255   1089589.08233744     
         260   1083239.79616073     
         265   1075876.43106385     
         270   1067582.68853190     
         275   1058437.22013871     
         280   1048513.63577964     
         285   1037880.70542885     
         290   1026602.90134700     
         295   1014741.25187674     
         300   1002354.29944266     
         305   989498.865197037     
         310   976230.356428476     
         315   962602.503203757     
         320   948666.620625689     
         325   934470.663093536     
         330   920058.385357197     
         335   905468.845479413     
         340   890736.338996159     
         345   875890.718038054     
         350   860957.969654249     
         355   845960.909516256     
         360   830919.871262206     
         365   815853.313339640     
         370   800778.305982005     
         375   785710.891761224     
         380   770666.332007338     
         385   755659.260174691     
         390   740703.765136829     
         395   725813.425381506     
         400   711001.311350084     
         405   696279.969097524     
         410   681661.394766000     
         415   667157.006361965     
         420   652777.617049859     
         425   638533.412552777     
         430   624433.934168060     
         435   610488.068253069     
         440   596704.042725088     
         445   583089.431089630     
         450   569651.164729319     
         455   556395.554629710     
         460   543328.324350780     
         465   530454.656749046     
         470   517779.257349418     
         475   505306.436402874     
         480   493040.207239828     
         485   480984.385231282     
         490   469142.637648179     
         495   457518.354021140     
         500   446114.023224274     
