         100 -1.169163364900589E-002
         105   53782.9593317313     
         110   103596.900710135     
         115   149661.514638864     
         120   192185.715500839     
         125   231368.114151060     
         130   267397.461090312     
         135   300453.101916930     
         140   330705.423337780     
         145   358316.277713102     
         150   383439.385348332     
         155   406220.716468994     
         160   426798.854773380     
         165   445305.343688452     
         170   461865.011431596     
         175   476596.223395644     
         180   489610.683011984     
         185   501010.895959851     
         190   510879.025010980     
         195   519244.012778267     
         200   526013.479197619     
         205   530877.736926448     
         210   533232.462324345     
         215   532188.695257584     
         220   526708.986996563     
         225   515839.549081656     
         230   498952.920745542     
         235   475912.597683817     
         240   447113.653614207     
         245   413407.110005079     
         250   375951.201325697     
         255   336041.034446550     
         260   294956.931656416     
         265   253853.227884204     
         270   213692.642869020     
         275   175220.561875453     
         280   138968.740104851     
         285   105277.401730122     
         290   74326.4704198240     
         295   46169.2357468736     
         300   20764.2311740633     
         305  -1996.92765986983     
         310  -22266.6097276524     
         315  -40223.1380556447     
         320  -56057.1849840454     
         325  -69961.9100894378     
         330  -82126.1169041514     
         335  -92729.7551080426     
         340  -101941.187403681     
         345  -109915.744845872     
         350  -116795.194465768     
         355  -122707.830782560     
         360  -127768.975615293     
         365  -132081.728738329     
         370  -135737.856988513     
         375  -138818.743552353     
         380  -141396.344480211     
         385  -143534.117921805     
         390  -145287.904782035     
         395  -146706.748775508     
         400  -147833.650245275     
         405  -148706.252398259     
         410  -149357.461393109     
         415  -149816.003437881     
         420  -150106.923038866     
         425  -150252.027022306     
         430  -150270.279095170     
         435  -150178.149638238     
         440  -149989.925217276     
         445  -149717.982013159     
         450  -149373.027048236     
         455  -148964.310749660     
         460  -148499.814057461     
         465  -147986.412966080     
         470  -147430.023088826     
         475  -146835.726558236     
         480  -146207.883322724     
         485  -145550.228670969     
         490  -144865.958609263     
         495  -144157.804532191     
         500  -143428.098461815     
