         100 -1.413355074185592E-002
         105   75527.5136916814     
         110   145481.377615336     
         115   210170.095227284     
         120   269887.031303383     
         125   324911.080640208     
         130   375507.296890048     
         135   421927.532096349     
         140   464411.060866707     
         145   503185.174821125     
         150   538465.746527251     
         155   570457.765419914     
         160   599355.848159928     
         165   625344.725217940     
         170   648599.703033423     
         175   669287.076999888     
         180   687564.275694848     
         185   703578.443831698     
         190   717458.317925682     
         195   729286.036483742     
         200   739028.926701869     
         205   746424.657447446     
         210   750857.590205414     
         215   751310.713313732     
         220   746470.919753331     
         225   734990.387106269     
         230   715816.830729126     
         235   688468.303392339     
         240   653162.200996673     
         245   610778.498464543     
         250   562697.767607664     
         255   510581.094818573     
         260   456153.763615940     
         265   401032.568818617     
         270   346612.530690977     
         275   294010.846126042     
         280   244056.235749430     
         285   197308.936740838     
         290   154097.846128396     
         295   114564.422793790     
         300   78706.3705814147     
         305   46417.0555442478     
         310   17518.7837804124     
         315  -8210.49942386563     
         320  -31016.6899484922     
         325  -51154.3723310439     
         330  -68876.0837253278     
         335  -84425.0655503296     
         340  -98030.6771309118     
         345  -109905.779885273     
         350  -120245.537107392     
         355  -129227.198271727     
         360  -137010.541940218     
         365  -143738.736680301     
         370  -149539.446396865     
         375  -154526.057738475     
         380  -158798.945621818     
         385  -162446.721122275     
         390  -165547.426337019     
         395  -168169.655261390     
         400  -170373.589756463     
         405  -172211.946508165     
         410  -173730.835383366     
         415  -174970.532446312     
         420  -175966.172602995     
         425  -176748.367750785     
         430  -177343.756684058     
         435  -177775.493027429     
         440  -178063.677265709     
         445  -178225.738603525     
         450  -178276.771978994     
         455  -178229.835116115     
         460  -178096.210056564     
         465  -177885.633180418     
         470  -177606.497317233     
         475  -177266.029169355     
         480  -176870.444920928     
         485  -176425.086589116     
         490  -175934.541387817     
         495  -175402.746116943     
         500  -174833.078360237     
