         100 -1.325007964515490E-002
         105   81266.9633225350     
         110   156536.769473473     
         115   226141.358410909     
         120   290396.376069765     
         125   349601.898201971     
         130   404043.112545029     
         135   453991.006907776     
         140   499703.038925264     
         145   541423.774189327     
         150   579385.492177695     
         155   613808.762478651     
         160   644902.993765978     
         165   672866.957420604     
         170   697889.286604087     
         175   720148.941997690     
         180   739815.546476438     
         185   757048.916187442     
         190   771994.646551800     
         195   784765.984260386     
         200   795393.207688460     
         205   803724.446947290     
         210   809294.963757445     
         215   811234.927922457     
         220   808306.853887228     
         225   799112.919022899     
         230   782417.677929293     
         235   757465.899171580     
         240   724182.066676351     
         245   683200.536293688     
         250   635745.684548885     
         255   583423.700678727     
         260   527994.226943291     
         265   471172.679199878     
         270   414489.030403560     
         275   359207.439434490     
         280   306297.817785456     
         285   256444.900042266     
         290   210080.212260720     
         295   167424.937217379     
         300   128535.149283336     
         305   93344.1344463728     
         310   61699.0536848625     
         315   33390.9689414094     
         320   8178.33800326652     
         325  -14195.3327159892     
         330  -33988.7456103256     
         335  -51454.0122209407     
         340  -66830.9062931015     
         345  -80343.4067495456     
         350  -92197.9079070030     
         355  -102582.606711041     
         360  -111667.692081111     
         365  -119606.056708848     
         370  -126534.327447160     
         375  -132574.069047912     
         380  -137833.060310216     
         385  -142406.574529128     
         390  -146378.620022872     
         395  -149823.113595637     
         400  -152804.971779865     
         405  -155381.112940376     
         410  -157601.368841665     
         415  -159509.307852702     
         420  -161142.974163967     
         425  -162535.548638623     
         430  -163715.937517000     
         435  -164709.295357856     
         440  -165537.488484551     
         445  -166219.504916547     
         450  -166771.816380265     
         455  -167208.697558472     
         460  -167542.507287055     
         465  -167783.935963842     
         470  -167942.223009065     
         475  -168025.347818800     
         480  -168040.197285040     
         485  -167992.712620216     
         490  -167888.017919688     
         495  -167730.532621667     
         500  -167524.069778311     
