         100 -9.080839235389795E-003
         105   115699.460256308     
         110   222861.004217784     
         115   321957.177822331     
         120   413437.304617036     
         125   497728.537924345     
         130   575236.859729444     
         135   646348.060055043     
         140   711428.681244598     
         145   770826.919011867     
         150   824873.480788255     
         155   873882.403970556     
         160   918151.836608592     
         165   957964.782678685     
         170   993589.813770948     
         175   1025281.74881597     
         180   1053282.30352783     
         185   1077820.71396618     
         190   1099114.36759562     
         195   1117369.67914432     
         200   1132784.40486649     
         205   1145555.43981785     
         210   1155900.78204076     
         215   1164105.14013395     
         220   1170585.65296432     
         225   1175948.10268252     
         230   1180987.37142814     
         235   1186603.08253694     
         240   1193646.48016670     
         245   1202753.66859789     
         250   1214225.91557188     
         255   1227991.60437093     
         260   1243648.47847096     
         265   1260559.42826388     
         270   1277967.43708412     
         275   1295101.42497738     
         280   1311256.66574834     
         285   1325844.82402113     
         290   1338416.41208770     
         295   1348662.23504790     
         300   1356401.16256745     
         305   1361560.61875530     
         310   1364154.55778967     
         315   1364262.04187224     
         320   1362008.17322601     
         325   1357548.14380124     
         330   1351054.52697678     
         335   1342707.56962661     
         340   1332688.06880636     
         345   1321172.36542536     
         350   1308329.00559441     
         355   1294316.67346860     
         360   1279283.06514409     
         365   1263364.43879802     
         370   1246685.63534291     
         375   1229360.41383944     
         380   1211491.98642045     
         385   1193173.66930293     
         390   1174489.59085623     
         395   1155515.41601013     
         400   1136319.05979171     
         405   1116961.37257183     
         410   1097496.78658130     
         415   1077973.91814104     
         420   1058436.12339744     
         425   1038922.00758625     
         430   1019465.88928463     
         435   1000098.22198528     
         440   980845.975811281     
         445   961732.982409108     
         450   942780.246098733     
         455   924006.224287729     
         460   905427.080013393     
         465   887056.909294648     
         470   868907.945773779     
         475   850990.744920954     
         480   833314.349870683     
         485   815886.440764385     
         490   798713.469290276     
         495   781800.779942346     
         500   765152.719364874     
