         100 -1.965134159290427E-004
         105   124854.401931786     
         110   240495.517592831     
         115   347433.249078578     
         120   446152.414374540     
         125   537113.904002682     
         130   620755.786101359     
         135   697494.363064538     
         140   767725.181483232     
         145   831823.997176922     
         150   890147.697218633     
         155   943035.180827673     
         160   990808.200927461     
         165   1033772.16808412     
         170   1072216.91846428     
         175   1106417.44737866     
         180   1136634.60991086     
         185   1163115.79006735     
         190   1186095.53982511     
         195   1205796.18939662     
         200   1222428.42997886     
         205   1236191.87020319     
         210   1247275.56745645     
         215   1255858.53520018     
         220   1262110.22737344     
         225   1266191.00100211     
         230   1268252.55890447     
         235   1268438.37714079     
         240   1266884.11830643     
         245   1263717.97708284     
         250   1259060.76954659     
         255   1253025.62747851     
         260   1245717.97113667     
         265   1237237.72464724     
         270   1227685.38865721     
         275   1217169.99617133     
         280   1205812.58513202     
         285   1193738.48872789     
         290   1181057.07856215     
         295   1167835.06698188     
         300   1154074.31604475     
         305   1139704.99814919     
         310   1124600.06217113     
         315   1108609.03539227     
         320   1091601.58805507     
         325   1073507.76813792     
         330   1054343.95025232     
         335   1034219.58070764     
         340   1013326.28355494     
         345   991915.119375787     
         350   970268.978522579     
         355   948675.983185783     
         360   927407.630661150     
         365   906703.268479118     
         370   886760.894789979     
         375   867733.349080038     
         380   849728.587073282     
         385   832812.730205625     
         390   817014.769747013     
         395   802332.063636917     
         400   788736.016736183     
         405   776177.547785719     
         410   764592.108802557     
         415   753904.137886436     
         420   744030.902780858     
         425   734885.739350336     
         430   726380.714594839     
         435   718428.754226792     
         440   710945.274539111     
         445   703849.349970547     
         450   697064.432874659     
         455   690518.621421005     
         460   684144.446885689     
         465   677878.127661092     
         470   671658.227860665     
         475   665423.698450851     
         480   659111.451844600     
         485   652654.117169026     
         490   645979.865407847     
         495   639019.102158033     
         500   631729.383788715     
