         100 -9.493604252590021E-003
         105   120958.521502171     
         110   232991.039983720     
         115   336591.580722413     
         120   432229.891043013     
         125   520352.540309139     
         130   601383.964214577     
         135   675727.488675056     
         140   743766.317033395     
         145   805864.472065814     
         150   862367.693345026     
         155   913604.292681032     
         160   959885.970294518     
         165   1001508.59396637     
         170   1038752.94307448     
         175   1071885.41922142     
         180   1101158.72529610     
         185   1126812.51895103     
         190   1149074.09006200     
         195   1168159.41831569     
         200   1184276.40473351     
         205   1197636.35706383     
         210   1208486.78370505     
         215   1217179.74281908     
         220   1224270.43841005     
         225   1230601.53575366     
         230   1237303.66526617     
         235   1245668.42606597     
         240   1256918.02168201     
         245   1271954.39392371     
         250   1291179.11595342     
         255   1314436.03924041     
         260   1341074.65689231     
         265   1370093.96831371     
         270   1400315.15532480     
         275   1430540.58174049     
         280   1459674.57399770     
         285   1486798.53548999     
         290   1511204.60305507     
         295   1532397.72000058     
         300   1550077.15751780     
         305   1564107.09300820     
         310   1574483.41263337     
         315   1581301.42329806     
         320   1584727.10739847     
         325   1584973.06826867     
         330   1582279.35303964     
         335   1576898.78951578     
         340   1569086.21191527     
         345   1559090.87231269     
         350   1547151.36217338     
         355   1533492.44824530     
         360   1518323.32590869     
         365   1501836.89175456     
         370   1484209.72599041     
         375   1465602.55040321     
         380   1446160.98851395     
         385   1426016.50240604     
         390   1405287.41738351     
         395   1384079.97315354     
         400   1362489.36053600     
         405   1340600.71742677     
         410   1318490.06823778     
         415   1296225.19838333     
         420   1273866.46041688     
         425   1251467.51178163     
         430   1229075.98630058     
         435   1206734.10284912     
         440   1184479.21538480     
         445   1162344.30884040     
         450   1140358.44545188     
         455   1118547.16598663     
         460   1096932.85012519     
         465   1075535.03997804     
         470   1054370.73041795     
         475   1033454.62959922     
         480   1012799.39273079     
         485   992415.831879050     
         490   972313.104303080     
         495   952498.881572006     
         500   932979.501482466     
