         100 -1.479400782142525E-002
         105   116271.527323449     
         110   223962.799826989     
         115   323548.720593340     
         120   415480.869777835     
         125   500188.549436235     
         130   578079.771315911     
         135   649542.241218516     
         140   714944.313307570     
         145   774635.899932805     
         150   828949.336721590     
         155   878200.206104926     
         160   922688.122385352     
         165   962697.480857171     
         170   998498.173083070     
         175   1030346.27144683     
         180   1058484.70247469     
         185   1083144.07062656     
         190   1104544.62255900     
         195   1122903.50940165     
         200   1138458.85302996     
         205   1151529.53506172     
         210   1162620.86413983     
         215   1172547.50077658     
         220   1182497.41644616     
         225   1193956.75955733     
         230   1208479.19701350     
         235   1227371.85165058     
         240   1251415.98368945     
         245   1280717.55521723     
         250   1314718.04051982     
         255   1352334.28920914     
         260   1392165.17703771     
         265   1432703.56720643     
         270   1472511.45476504     
         275   1510339.51622774     
         280   1545190.66210312     
         285   1576337.75443224     
         290   1603309.40689618     
         295   1625857.13702000     
         300   1643914.38508795     
         305   1657554.65055239     
         310   1666953.09302395     
         315   1672353.73593468     
         320   1674042.91855995     
         325   1672328.74492267     
         330   1667525.81551886     
         335   1659944.35201228     
         340   1649882.82057179     
         345   1637623.24518905     
         350   1623428.52575910     
         355   1607541.20595857     
         360   1590183.25658427     
         365   1571556.54377291     
         370   1551843.73653984     
         375   1531209.47534101     
         380   1509801.67516487     
         385   1487752.87568019     
         390   1465181.57979646     
         395   1442193.54291971     
         400   1418882.99011111     
         405   1395333.74880166     
         410   1371620.29187307     
         415   1347808.69068815     
         420   1323957.48072550     
         425   1300118.44434471     
         430   1276337.31624954     
         435   1252654.41769134     
         440   1229105.22555480     
         445   1205720.88232594     
         450   1182528.65265253     
         455   1159552.33183369     
         460   1136812.61116244     
         465   1114327.40462063     
         470   1092112.14100949     
         475   1070180.02520119     
         480   1048542.27182484     
         485   1027208.31435675     
         490   1006185.99227102     
         495   985481.718621438     
         500   965100.630169152     
