         100 -1.222113699597416E-002
         105   96050.3929228105     
         110   185012.749197254     
         115   267279.380068790     
         120   343223.330016615     
         125   413199.239872303     
         130   477544.162821224     
         135   536578.377571712     
         140   590606.176696122     
         145   639916.618224857     
         150   684784.240287124     
         155   725469.741415011     
         160   762220.629077763     
         165   795271.838516731     
         170   824846.323530749     
         175   851155.620159133     
         180   874400.378438923     
         185   894770.809075936     
         190   912446.711047878     
         195   927595.672535705     
         200   940365.546926586     
         205   950864.793096889     
         210   959127.238975434     
         215   965070.969454125     
         220   968477.173540907     
         225   969016.109224142     
         230   966325.756642501     
         235   960118.717758500     
         240   950277.320376096     
         245   936904.682291885     
         250   920321.445386583     
         255   901018.752236528     
         260   879588.568987152     
         265   856652.191283663     
         270   832801.211998295     
         275   808557.315790483     
         280   784351.037596118     
         285   760516.041585459     
         290   737294.204277568     
         295   714847.005099545     
         300   693269.661351303     
         305   672605.550695797     
         310   652859.448395230     
         315   634008.855165495     
         320   616013.197304580     
         325   598820.984793082     
         330   582375.169820398     
         335   566617.007746050     
         340   551488.723999774     
         345   536935.261370003     
         350   522905.340273039     
         355   509352.020432294     
         360   496232.911497219     
         365   483510.144950777     
         370   471150.190826132     
         375   459123.579942285     
         380   447404.574799257     
         385   435970.819037461     
         390   424802.985583746     
         395   413884.436503926     
         400   403200.902513571     
         405   392740.186548971     
         410   382491.893365593     
         415   372447.185504831     
         420   362598.564920562     
         425   352939.678914512     
         430   343465.148668910     
         435   334170.418496327     
         440   325051.623885624     
         445   316105.476464076     
         450   307329.164087284     
         455   298720.264388522     
         460   290276.670253032     
         465   281996.525820499     
         470   273878.171754425     
         475   265920.098646345     
         480   258120.907543685     
         485   250479.276701450     
         490   242993.933759482     
         495   235663.632638915     
         500   228487.134534067     
