         100 -7.980570144297876E-004
         105   102952.163699690     
         110   198307.242574853     
         115   286485.692859954     
         120   367887.288591674     
         125   442892.073955451     
         130   511861.272709567     
         135   575138.159478964     
         140   633048.893129058     
         145   685903.312993051     
         150   733995.699433922     
         155   777605.500348020     
         160   816998.025154772     
         165   852425.107727012     
         170   884125.739635165     
         175   912326.675009033     
         180   937243.008260249     
         185   959078.725853984     
         190   978027.233268745     
         195   994271.858237240     
         200   1007986.33131944     
         205   1019335.24482179     
         210   1028474.49105602     
         215   1035551.68101385     
         220   1040706.54489823     
         225   1044071.31464020     
         230   1045771.07142402     
         235   1045923.98070412     
         240   1044641.27707614     
         245   1042027.05231982     
         250   1038178.55957804     
         255   1033188.36408074     
         260   1027149.09667159     
         265   1020159.53835831     
         270   1012328.82026646     
         275   1003775.56392983     
         280   994621.030092829     
         285   984978.205050685     
         290   974940.434222832     
         295   964573.048147514     
         300   953909.953979370     
         305   942955.383423367     
         310   931689.656840311     
         315   920077.217597859     
         320   908075.209275193     
         325   895641.257087002     
         330   882739.632906729     
         335   869345.469152479     
         340   855447.059537132     
         345   841046.521226035     
         350   826159.205322709     
         355   810812.260275709     
         360   795042.709942892     
         365   778895.335238976     
         370   762420.568302388     
         375   745672.535086464     
         380   728707.323013915     
         385   711581.506484347     
         390   694350.933239997     
         395   677069.756182100     
         400   659789.685234134     
         405   642559.429629264     
         410   625424.300464412     
         415   608425.944991103     
         420   591602.186879149     
         425   574986.949957808     
         430   558610.246358374     
         435   542498.213394025     
         440   526673.186884824     
         445   511153.802008328     
         450   495955.116200740     
         455   481088.752211831     
         460   466563.063134434     
         465   452383.324970057     
         470   438551.965724737     
         475   425068.842475402     
         480   411931.578112678     
         485   399135.965666620     
         490   386676.437616243     
         495   374546.577325672     
         500   362739.617822724     
