         100 -1.036809366929063E-002
         105   47372.1688928603     
         110   91248.4149144715     
         115   131822.242351875     
         120   169277.664042704     
         125   203789.617433380     
         130   235524.354746856     
         135   264639.844165566     
         140   291286.162755977     
         145   315605.870469322     
         150   337734.364519047     
         155   357800.215849249     
         160   375925.489370763     
         165   392226.048944138     
         170   406811.843431502     
         175   419787.126180955     
         180   431250.260084638     
         185   441291.390107222     
         190   449982.312606611     
         195   457346.798522619     
         200   463299.545152247     
         205   467560.843955155     
         210   469588.897576489     
         215   468590.671808665     
         220   463644.745564844     
         225   453908.201567301     
         230   438831.205842714     
         235   418301.156075548     
         240   392676.555484362     
         245   362718.297307082     
         250   329456.985090123     
         255   294041.897313853     
         260   257607.040845496     
         265   221173.285818234     
         270   185590.889802606     
         275   151517.261010661     
         280   119420.625530746     
         285   89599.8349212832     
         290   62212.1401502503     
         295   37303.0383848661     
         300   14834.4841123856     
         305  -5290.50422044779     
         310  -23207.5914627231     
         315  -39075.2144398572     
         320  -53062.5842972116     
         325  -65340.9952384758     
         330  -76077.7982658276     
         335  -85432.4443166194     
         340  -93554.0835897532     
         345  -100580.300559236     
         350  -106636.652716947     
         355  -111836.758641428     
         360  -116282.745296087     
         365  -120065.915766485     
         370  -123267.538403101     
         375  -125959.688427087     
         380  -128206.095378874     
         385  -130062.966049291     
         390  -131579.764168883     
         395  -132799.936305805     
         400  -133761.579047817     
         405  -134498.046317983     
         410  -135038.498122640     
         415  -135408.393543931     
         420  -135629.931653038     
         425  -135722.444440690     
         430  -135702.745986227     
         435  -135585.442019897     
         440  -135383.203848161     
         445  -135107.010358893     
         450  -134766.361536558     
         455  -134369.466619427     
         460  -133923.409736211     
         465  -133434.295577153     
         470  -132907.377389915     
         475  -132347.169346045     
         480  -131757.545100387     
         485  -131141.824163365     
         490  -130502.847523679     
         495  -129843.043795481     
         500  -129164.487018041     
