         100 -1.513034933167189E-002
         105   69601.4763385431     
         110   134066.576534936     
         115   193679.605945032     
         120   248710.924356772     
         125   299417.557580871     
         130   346043.770969728     
         135   388821.658825591     
         140   427971.721591234     
         145   463703.415260927     
         150   496215.671993397     
         155   525697.394433245     
         160   552327.926222210     
         165   576277.500800902     
         170   597707.673210155     
         175   616771.770576806     
         180   633615.612916565     
         185   648379.750706131     
         190   661207.364019569     
         195   672266.493527623     
         200   681795.519490091     
         205   690167.041458233     
         210   697939.418649798     
         215   705850.604587665     
         220   714728.627236120     
         225   725338.624511756     
         230   738222.903087928     
         235   753592.524531802     
         240   771300.791730985     
         245   790893.518407693     
         250   811707.582361340     
         255   832983.743612967     
         260   853967.111554083     
         265   873980.878018085     
         270   892469.932163594     
         275   909018.099554552     
         280   923345.931475880     
         285   935296.330518204     
         290   944814.132197588     
         295   951924.066420899     
         300   956709.890109296     
         305   959296.178879021     
         310   959833.350089201     
         315   958485.916229387     
         320   955423.654148834     
         325   950815.239273779     
         330   944823.867015394     
         335   937604.416917965     
         340   929301.776193801     
         345   920050.008338621     
         350   909972.118607117     
         355   899180.226081850     
         360   887776.000160016     
         365   875851.257672682     
         370   863488.646610793     
         375   850762.364963176     
         380   837738.879888995     
         385   824477.624625575     
         390   811031.659248134     
         395   797448.287520665     
         400   783769.626289615     
         405   770033.126697194     
         410   756272.048323154     
         415   742515.888494790     
         420   728790.769648649     
         425   715119.787938686     
         430   701523.326375142     
         435   688019.335724529     
         440   674623.586258469     
         445   661349.893245624     
         450   648210.318861983     
         455   635215.352967490     
         460   622374.074972231     
         465   609694.298800039     
         470   597182.702755217     
         475   584844.945911222     
         480   572685.772469155     
         485   560709.105378799     
         490   548918.130374916     
         495   537315.371455829     
         500   525902.758718744     
