         100 -7.560540031289609E-004
         105   97533.6274082540     
         110   187870.016662042     
         115   271407.494714776     
         120   348524.794859083     
         125   419581.958949835     
         130   484921.198963787     
         135   544867.722435826     
         140   599730.521970984     
         145   649803.129565045     
         150   695364.337136945     
         155   736678.884795321     
         160   773998.118302442     
         165   807560.617113458     
         170   837592.794291928     
         175   864309.469536777     
         180   887914.416498288     
         185   908600.885509193     
         190   926552.102809733     
         195   941941.747302154     
         200   954934.405830426     
         205   965686.007946245     
         210   974344.241114074     
         215   981048.947491658     
         220   985932.504112669     
         225   989120.185587320     
         230   990730.474887026     
         235   990875.171056435     
         240   989659.031509710     
         245   987179.066774663     
         250   983524.882997492     
         255   978782.631137702     
         260   973043.959347858     
         265   966417.425562604     
         270   959036.125567124     
         275   951055.469332133     
         280   942639.440396901     
         285   933939.189242341     
         290   925070.984215443     
         295   916100.139729865     
         300   907034.643093684     
         305   897828.748746081     
         310   888394.260524015     
         315   878616.089271693     
         320   868368.742838527     
         325   857531.179841437     
         330   845998.470899550     
         335   833689.652005504     
         340   820551.871119781     
         345   806561.379446578     
         350   791722.128657368     
         355   776062.762908853     
         360   759632.706591076     
         365   742497.904587250     
         370   724736.615265411     
         375   706435.514442339     
         380   687686.253951750     
         385   668582.534088440     
         390   649217.692235622     
         395   629682.775051387     
         400   610065.042887929     
         405   590446.847497586     
         410   570904.823483617     
         415   551509.337443619     
         420   532324.144361507     
         425   513406.207316391     
         430   494805.643326421     
         435   476565.764839091     
         440   458723.192962194     
         445   441308.025085968     
         450   424344.046218261     
         455   407848.980262673     
         460   391834.784625674     
         465   376307.998719255     
         470   361270.163492342     
         475   346718.333771994     
         480   332645.705628657     
         485   319042.373579425     
         490   305896.212143679     
         495   293193.837238226     
         500   280921.541516256     
