         100  2.005432867420884E-006
         105   114049.600503908     
         110   219683.229192092     
         115   317366.660982156     
         120   407542.756985308     
         125   490632.521451145     
         130   567036.111730166     
         135   637133.803470135     
         140   701286.912987889     
         145   759838.678649953     
         150   813115.103026430     
         155   861425.757512558     
         160   905064.551042094     
         165   944310.464448443     
         170   979428.251963960     
         175   1010669.11128515     
         180   1038271.32357168     
         185   1062460.86469004     
         190   1083451.98895833     
         195   1101447.78659708     
         200   1116640.71604212     
         205   1129213.11222954     
         210   1139337.67191965     
         215   1147177.91708658     
         220   1152888.63736367     
         225   1156616.31250094     
         230   1158499.51575984     
         235   1158669.29912566     
         240   1157249.56110666     
         245   1154357.39791038     
         250   1150103.44070352     
         255   1144592.18767059     
         260   1137922.33511650     
         265   1130187.04673692     
         270   1121473.97866569     
         275   1111864.97584282     
         280   1101436.08615716     
         285   1090259.51174353     
         290   1078408.50122643     
         295   1065962.64963367     
         300   1053007.32119148     
         305   1039622.59616138     
         310   1025865.25480483     
         315   1011754.63101335     
         320   997272.168336906     
         325   982376.131217740     
         330   967024.545054835     
         335   951196.679451074     
         340   934906.196294525     
         345   918204.008174352     
         350   901172.792427834     
         355   883916.794472214     
         360   866550.405108211     
         365   849187.933139620     
         370   831935.791563672     
         375   814887.380453905     
         380   798120.387374148     
         385   781695.979299189     
         390   765659.320699048     
         395   750040.922208918     
         400   734858.434465201     
         405   720118.612814025     
         410   705819.272598180     
         415   691951.126429854     
         420   678499.445661057     
         425   665445.522157490     
         430   652767.927889525     
         435   640443.582686258     
         440   628448.647883796     
         445   616759.267972757     
         450   605352.185741017     
         455   594205.260887760     
         460   583297.930492754     
         465   572611.666962937     
         470   562130.524634879     
         475   551841.939274375     
         480   541738.094720251     
         485   531818.479465843     
         490   522094.892456453     
         495   512601.474197009     
         500   503415.070498994     
