         100 -9.660690095616145E-004
         105   124626.302406035     
         110   240056.133783958     
         115   346798.467466059     
         120   445337.240440149     
         125   536132.506190102     
         130   619621.535577624     
         135   696219.871566352     
         140   766322.338042767     
         145   830304.003670309     
         150   888521.102569670     
         155   941311.913770501     
         160   988997.601304217     
         165   1031883.01669860     
         170   1070257.46553653     
         175   1104395.43965710     
         180   1134557.31650384     
         185   1160990.02705889     
         190   1183927.69374167     
         195   1203592.23959525     
         200   1220193.97003267     
         205   1233932.12836913     
         210   1244995.42629552     
         215   1253562.55013032     
         220   1259802.64274475     
         225   1263875.76534491     
         230   1265933.39195850     
         235   1266119.15367149     
         240   1264570.19379727     
         245   1261418.92911394     
         250   1256793.20074035     
         255   1250811.23097959     
         260   1243569.58144108     
         265   1235127.92544638     
         270   1225499.53553160     
         275   1214655.87955705     
         280   1202547.32717493     
         285   1189134.20801788     
         290   1174418.17584774     
         295   1158464.62571104     
         300   1141411.14410977     
         305   1123461.87172745     
         310   1104871.19490041     
         315   1085921.68694933     
         320   1066901.03422592     
         325   1048081.52819710     
         330   1029704.24563271     
         335   1011968.70455636     
         340   995027.781621663     
         345   978987.057797198     
         350   963907.481898724     
         355   949810.219548219     
         360   936682.692498734     
         365   924485.025828717     
         370   913156.346805730     
         375   902620.581983333     
         380   892791.561197753     
         385   883577.355326533     
         390   874883.853606071     
         395   866617.633966178     
         400   858688.204668463     
         405   851009.704918668     
         410   843502.151833464     
         415   836092.315320819     
         420   828714.293830320     
         425   821309.854223528     
         430   813828.589111577     
         435   806227.935293364     
         440   798473.087456858     
         445   790536.831943788     
         450   782399.315914899     
         455   774047.757512235     
         460   765476.092578347     
         465   756684.543474022     
         470   747679.086432165     
         475   738470.787525165     
         480   729074.976918287     
         485   719510.241685785     
         490   709797.246136520     
         495   699957.443414725     
         500   690011.828037649     
