         100 -1.383829917846932E-002
         105   65195.4893389106     
         110   125579.758203916     
         115   181419.113324095     
         120   232966.797816847     
         125   280463.564800105     
         130   324138.215555477     
         135   364208.151616136     
         140   400879.915102550     
         145   434349.703098732     
         150   464803.855161434     
         155   492419.316276834     
         160   517364.077538026     
         165   539797.596082971     
         170   559871.192444056     
         175   577728.392335713     
         180   593504.960753791     
         185   607327.338410353     
         190   619305.060867862     
         195   629507.573596289     
         200   637914.858996696     
         205   644345.707165120     
         210   648396.736202436     
         215   649443.996343242     
         220   646739.378917863     
         225   639582.859532871     
         230   627507.782278342     
         235   610411.077053094     
         240   588590.820323834     
         245   562694.431782763     
         250   533608.913848510     
         255   502332.192615340     
         260   469856.881787801     
         265   437083.914588752     
         270   404770.666464929     
         275   373509.701385291     
         280   343730.350497655     
         285   315714.744129331     
         290   289621.172529092     
         295   265509.575772926     
         300   243365.849517524     
         305   223123.175082928     
         310   204679.660125476     
         315   187912.256667793     
         320   172687.299492352     
         325   158868.175312560     
         330   146320.670619968     
         335   134916.511331665     
         340   124535.538757088     
         345   115066.887495917     
         350   106409.454738400     
         355   98471.8833471725     
         360   91172.2252437687     
         365   84437.4069279301     
         370   78202.5842445992     
         375   72410.4471900826     
         380   67010.5159891615     
         385   61958.4554054430     
         390   57215.4240198502     
         395   52747.4680150206     
         400   48524.9640413608     
         405   44522.1124030740     
         410   40716.4796294901     
         415   37088.5881468743     
         420   33621.5499882774     
         425   30300.7410926914     
         430   27113.5126200173     
         435   24048.9357532846     
         440   21097.5766099088     
         445   18251.2980951953     
         450   15503.0857736852     
         455   12846.8950872554     
         460   10277.5175001934     
         465   7790.46339272506     
         470   5381.85975101073     
         475   3048.36091105560     
         480   787.070805414965     
         485  -1404.52466489784     
         490  -3528.61635458691     
         495  -5587.12277549554     
         500  -7581.73413128095     
