         100 -1.480891194337873E-002
         105   90827.7788495618     
         110   174952.852897100     
         115   252746.213845423     
         120   324560.642431004     
         125   390731.517421797     
         130   451577.578040894     
         135   507401.693003521     
         140   558491.609066587     
         145   605120.664233394     
         150   647548.464968516     
         155   686021.530213577     
         160   720773.904948430     
         165   752027.745444323     
         170   779993.877661986     
         175   804872.326815842     
         180   826852.786107740     
         185   846114.799398035     
         190   862826.602889466     
         195   877139.343893792     
         200   889170.367716917     
         205   898970.174135273     
         210   906478.763752444     
         215   911494.909032184     
         220   913688.983055188     
         225   912672.860668520     
         230   908108.582859012     
         235   899815.369750917     
         240   887836.858876070     
         245   872451.429936465     
         250   854132.115204653     
         255   833476.812700126     
         260   811131.720994822     
         265   787725.076409108     
         270   763819.856075618     
         275   739886.919397277     
         280   716295.594832733     
         285   693316.861994707     
         290   671134.221399205     
         295   649858.219554825     
         300   629541.764369813     
         305   610194.455499704     
         310   591795.008640664     
         315   574301.444502801     
         320   557659.078450627     
         325   541806.542571492     
         330   526680.153528708     
         335   512216.951442660     
         340   498356.709113864     
         345   485043.168084003     
         350   472224.710934374     
         355   459854.634706134     
         360   447891.151569754     
         365   436297.210857345     
         370   425040.211096482     
         375   414091.650980517     
         380   403426.753317715     
         385   393024.084965528     
         390   382865.187724466     
         395   372934.229422478     
         400   363217.680388431     
         405   353704.017740703     
         410   344383.458058262     
         415   335247.717796972     
         420   326289.800070644     
         425   317503.805993495     
         430   308884.768576388     
         435   300428.507110506     
         440   292131.500007496     
         445   283990.774158551     
         450   276003.809001574     
         455   268168.453628693     
         460   260482.855414786     
         465   252945.398794151     
         470   245554.652952609     
         475   238309.327333562     
         480   231208.233977619     
         485   224250.255825895     
         490   217434.320217027     
         495   210759.376897933     
         500   204224.379948761     
