         100 -2.984153521243139E-003
         105   113096.847213127     
         110   217847.963439688     
         115   314715.243419900     
         120   404137.867028711     
         125   486533.340810696     
         130   562298.491057231     
         135   631810.421003916     
         140   695427.428309925     
         145   753489.881348685     
         150   806321.055644700     
         155   854227.932426705     
         160   897501.961200911     
         165   936419.788074136     
         170   971243.951409190     
         175   1002223.54628455     
         180   1029594.85914646     
         185   1053581.97397461     
         190   1074397.35122709     
         195   1092242.38077905     
         200   1107307.90994018     
         205   1119774.74672362     
         210   1129814.13402874     
         215   1137588.18278481     
         220   1143250.29241721     
         225   1146945.86011822     
         230   1148814.25032000     
         235   1148993.56542628     
         240   1147628.90379198     
         245   1144881.97838922     
         250   1140937.13878262     
         255   1135998.93338405     
         260   1130279.97483520     
         265   1123982.52198852     
         270   1117279.79179903     
         275   1110302.45404938     
         280   1103133.09868752     
         285   1095808.51028162     
         290   1088327.60284485     
         295   1080662.19445085     
         300   1072768.12105781     
         305   1064594.98629162     
         310   1056093.69473740     
         315   1047221.58703329     
         320   1037945.41645242     
         325   1028242.60651349     
         330   1018101.27272765     
         335   1007519.44483114     
         340   996503.839448049     
         345   985068.439500072     
         350   973233.053096963     
         355   961021.957978548     
         360   948462.688606628     
         365   935584.989494858     
         370   922419.937036716     
         375   908999.219672901     
         380   895354.559941546     
         385   881517.259614080     
         390   867517.849166163     
         395   853385.824189225     
         400   839149.453311692     
         405   824835.644338441     
         410   810469.857385929     
         415   796076.055663303     
         420   781676.686176579     
         425   767292.684007705     
         430   752943.494961154     
         435   738647.112306450     
         440   724420.124108310     
         445   710277.768258257     
         450   696233.992831095     
         455   682301.519810822     
         460   668491.910583431     
         465   654815.631894484     
         470   641282.121229376     
         475   627899.850802286     
         480   614676.389541420     
         485   601618.462636025     
         490   588732.008365355     
         495   576022.232060557     
         500   563493.657155479     
