         100 -1.879693623380267E-004
         105   119425.954738315     
         110   230039.200496118     
         115   332327.469733213     
         120   426754.501411928     
         125   513761.147354577     
         130   593766.429276488     
         135   667168.549484427     
         140   734345.856907582     
         145   795657.770171133     
         150   851445.659533319     
         155   902033.689478531     
         160   947729.623685697     
         165   988825.594013063     
         170   1025598.83506655     
         175   1058312.38585018     
         180   1087215.75993275     
         185   1112545.58550442     
         190   1134526.21663962     
         195   1153370.31702886     
         200   1169279.41739087     
         205   1182444.44772895     
         210   1193046.24555126     
         215   1201256.04113314     
         220   1207235.92086155     
         225   1211139.26971670     
         230   1213111.19444481     
         235   1213288.93077474     
         240   1211802.23561487     
         245   1208773.72901665     
         250   1204319.06218647     
         255   1198546.82239406     
         260   1191558.62252005     
         265   1183450.66953226     
         270   1174317.86436151     
         275   1164259.11287696     
         280   1153379.64368456     
         285   1141785.93558309     
         290   1129572.39374016     
         295   1116803.83583618     
         300   1103501.01736947     
         305   1089636.32695618     
         310   1075143.53289480     
         315   1059940.23000796     
         320   1043956.63677679     
         325   1027162.10328872     
         330   1009582.13086081     
         335   991302.703072196     
         340   972463.001177262     
         345   953240.349665849     
         350   933832.004523999     
         355   914437.652506145     
         360   895245.069755366     
         365   876419.974166314     
         370   858100.054631599     
         375   840392.551702301     
         380   823374.522995650     
         385   807094.927300674     
         390   791577.788425803     
         395   776825.871155636     
         400   762824.468866820     
         405   749545.042721958     
         410   736948.559426182     
         415   724988.450358429     
         420   713613.165044399     
         425   702768.322609142     
         430   692398.481459262     
         435   682448.554163410     
         440   672864.894198037     
         445   663596.075667371     
         450   654593.377245877     
         455   645810.968021061     
         460   637205.776677595     
         465   628737.009744302     
         470   620365.278454265     
         475   612051.320184791     
         480   603754.414303541     
         485   595430.918666735     
         490   587034.169667167     
         495   578518.900860355     
         500   569857.646105187     
