         100 -1.725085067778526E-002
         105   85106.6533256902     
         110   163932.723120778     
         115   236825.845105815     
         120   304116.599621622     
         125   366119.262219204     
         130   423132.508492287     
         135   475440.134757286     
         140   523311.762642046     
         145   567003.509936518     
         150   606758.626633464     
         155   642808.099102136     
         160   675371.225298443     
         165   704656.163312729     
         170   730860.456152491     
         175   754171.547731551     
         180   774767.397656719     
         185   792817.767471281     
         190   808488.248972339     
         195   821951.839655465     
         200   833414.063282056     
         205   843151.236037481     
         210   851546.248007036     
         215   859094.271313450     
         220   866358.254563975     
         225   873880.386184726     
         230   882081.192399747     
         235   891183.963565506     
         240   901187.700257820     
         245   911889.610237754     
         250   922941.645210361     
         255   933919.986596225     
         260   944389.714835001     
         265   953954.198154593     
         270   962285.878336235     
         275   969140.064465820     
         280   974355.770144092     
         285   977848.145125881     
         290   979596.470141413     
         295   979630.667598781     
         300   978018.246696875     
         305   974852.749022358     
         310   970244.146932217     
         315   964311.253117026     
         320   957175.977249475     
         325   948959.162454026     
         330   939777.706446846     
         335   929742.686932173     
         340   918958.246172632     
         345   907521.031923690     
         350   895520.033433626     
         355   883036.688160912     
         360   870145.165830326     
         365   856912.761350991     
         370   843400.347532525     
         375   829662.853301304     
         380   815749.744119134     
         385   801705.489350306     
         390   787570.007100867     
         395   773379.081128721     
         400   759164.747239152     
         405   744955.648479363     
         410   730777.359686196     
         415   716652.682715514     
         420   702601.914130919     
         425   688643.087355882     
         430   674792.191370412     
         435   661063.368013134     
         440   647469.089868532     
         445   634020.320602457     
         450   620726.659473861     
         455   607596.471608699     
         460   594637.005480322     
         465   581854.498904286     
         470   569254.274726928     
         475   556840.827267812     
         480   544617.900466745     
         485   532588.558586623     
         490   520755.250233347     
         495   509119.866373153     
         500   497683.792955077     
