         100 -1.829047731403842E-002
         105   97741.4876837966     
         110   188270.016890246     
         115   271984.827383805     
         120   349265.567695517     
         125   420473.160501002     
         130   485950.616406917     
         135   546023.861585055     
         140   601002.545525627     
         145   651180.810323231     
         150   696838.020475402     
         155   738239.456425783     
         160   775636.975038121     
         165   809269.639545608     
         170   839364.322264300     
         175   866136.298712791     
         180   889789.980023778     
         185   910520.638464073     
         190   928520.524176565     
         195   943998.191764135     
         200   957224.212219135     
         205   968607.636656957     
         210   978778.244751431     
         215   988618.880936582     
         220   999196.550507348     
         225   1011590.45023086     
         230   1026674.50574798     
         235   1044936.47852460     
         240   1066393.27617164     
         245   1090615.65718179     
         250   1116835.56868581     
         255   1144091.81866197     
         260   1171373.24911597     
         265   1197733.09552220     
         270   1222364.12368350     
         275   1244635.97096037     
         280   1264102.50738006     
         285   1280488.95273912     
         290   1293667.65781591     
         295   1303629.40955099     
         300   1310454.86661753     
         305   1314288.79743180     
         310   1315318.35803883     
         315   1313755.70055569     
         320   1309824.64934363     
         325   1303750.90930492     
         330   1295755.17935045     
         335   1286048.55848594     
         340   1274829.69996133     
         345   1262283.25750893     
         350   1248579.25776155     
         355   1233873.11468521     
         360   1218306.07124857     
         365   1202005.90985519     
         370   1185087.81727005     
         375   1167655.32359054     
         380   1149801.26013501     
         385   1131608.69972640     
         390   1113151.85627515     
         395   1094496.93008224     
         400   1075702.89189863     
         405   1056822.20327003     
         410   1037901.47366066     
         415   1018982.05672658     
         420   1000100.58922496     
         425   981289.476638027     
         430   962577.329827870     
         435   943989.357044611     
         440   925547.715468482     
         445   907271.826237216     
         450   889178.656633103     
         455   871282.972806806     
         460   853597.566115292     
         465   836133.455860118     
         470   818900.070936730     
         475   801905.412648937     
         480   785156.200706998     
         485   768658.004213093     
         490   752415.359243690     
         495   736431.874463564     
         500   720710.326049469     
