         100 -1.415079069014395E-002
         105   111216.248243066     
         110   214225.295875571     
         115   309481.398039381     
         120   397416.500988350     
         125   478441.241488879     
         130   552945.891663700     
         135   621301.300556208     
         140   683859.806946449     
         145   740956.109617925     
         150   792908.094836385     
         155   840017.624070368     
         160   882571.284925737     
         165   920841.107694611     
         170   955085.249509205     
         175   985548.648677138     
         180   1012463.66261180     
         185   1036050.79734361     
         190   1056520.18761845     
         195   1074076.59383987     
         200   1088935.57078143     
         205   1101363.39442258     
         210   1111747.50333310     
         215   1120678.41432059     
         220   1128992.40355710     
         225   1137721.64725219     
         230   1147940.89104627     
         235   1160558.62791329     
         240   1176131.38517085     
         245   1194764.41383406     
         250   1216118.97989102     
         255   1239505.50584288     
         260   1264021.13959487     
         265   1288690.85198326     
         270   1312584.03705974     
         275   1334894.12297897     
         280   1354980.92603729     
         285   1372382.50857091     
         290   1386805.79981102     
         295   1398104.80766653     
         300   1406253.41663945     
         305   1411317.59574153     
         310   1413429.90853437     
         315   1412767.74783056     
         320   1409535.72473419     
         325   1403952.04483797     
         330   1396238.39664433     
         335   1386612.76032344     
         340   1375284.54193901     
         345   1362451.49525723     
         350   1348297.97537370     
         355   1332994.15504143     
         360   1316695.91482948     
         365   1299545.18726471     
         370   1281670.59166526     
         375   1263188.24112121     
         380   1244202.63753774     
         385   1224807.59661113     
         390   1205087.16378603     
         395   1185116.49616078     
         400   1164962.69523438     
         405   1144685.58233563     
         410   1124338.41333364     
         415   1103968.53240262     
         420   1083617.96665475     
         425   1063323.96469813     
         430   1043119.48286758     
         435   1023033.62318978     
         440   1003092.02720925     
         445   983317.229705029     
         450   963728.976133564     
         455   944344.507383380     
         460   925178.815150635     
         465   906244.870961063     
         470   887553.831585286     
         475   869115.223328602     
         480   850937.107427511     
         485   833026.228555415     
         490   815388.148229876     
         495   798027.364723229     
         500   780947.420906346     
