         100 -1.768227127431906E-002
         105   83305.3479683554     
         110   160463.025295761     
         115   231813.312804667     
         120   297679.798924725     
         125   358370.112641731     
         130   414176.611150534     
         135   465377.085300680     
         140   512235.450025394     
         145   555002.401600140     
         150   593916.040571044     
         155   629202.463311471     
         160   661076.325136625     
         165   689741.377506612     
         170   715390.985693854     
         175   738208.678761107     
         180   758369.108753103     
         185   776041.337422908     
         190   791401.017988170     
         195   804665.716142473     
         200   816169.097678733     
         205   826468.296235780     
         210   836435.284701064     
         215   847255.245593859     
         220   860284.066309808     
         225   876793.132870319     
         230   897694.703039794     
         235   923349.043054772     
         240   953509.180132637     
         245   987398.389433617     
         250   1023873.76447021     
         255   1061617.84858222     
         260   1099311.79603033     
         265   1135764.14462234     
         270   1169988.33016703     
         275   1201234.68643186     
         280   1228988.50467682     
         285   1252946.60081530     
         290   1272982.97524294     
         295   1289111.29086242     
         300   1301449.09271786     
         305   1310186.43186118     
         310   1315559.95484824     
         315   1317832.50919933     
         320   1317277.75611011     
         325   1314169.03290096     
         330   1308771.65192179     
         335   1301337.87422200     
         340   1292103.89815932     
         345   1281288.32030189     
         350   1269091.63905697     
         355   1255696.47110271     
         360   1241268.23365503     
         365   1225956.11198045     
         370   1209894.18311737     
         375   1193202.60585870     
         380   1175988.81609162     
         385   1158348.68777523     
         390   1140367.63501766     
         395   1122121.64139357     
         400   1103678.21000244     
         405   1085097.23271456     
         410   1066431.78026804     
         415   1047728.81687542     
         420   1029029.84414230     
         425   1010371.47966435     
         430   991785.975843975     
         435   973301.684391442     
         440   954943.471742409     
         445   936733.090300517     
         450   918689.510044763     
         455   900829.214656523     
         460   883166.465939514     
         465   865713.539939662     
         470   848480.937827736     
         475   831477.574289144     
         480   814710.945873920     
         485   798187.281495419     
         490   781911.677027597     
         495   765888.215736434     
         500   750120.076089220     
