         100 -1.560791303094583E-002
         105   77001.2603014872     
         110   148320.087698058     
         115   214271.009756741     
         120   275153.122986202     
         125   331250.771941933     
         130   382834.186931902     
         135   430160.136060349     
         140   473472.562712869     
         145   513003.192516554     
         150   548972.108805420     
         155   581588.299253559     
         160   611050.176296959     
         165   637546.073282847     
         170   661254.716639083     
         175   682345.661326400     
         180   700979.581563563     
         185   717307.832292652     
         190   731469.162873853     
         195   743578.664968333     
         200   753702.816350249     
         205   761821.034511880     
         210   767789.748532910     
         215   771337.238038875     
         220   772109.856254750     
         225   769763.299745539     
         230   764066.498363480     
         235   754979.533106590     
         240   742681.843348115     
         245   727549.675842953     
         250   710098.663335385     
         255   690913.130345031     
         260   670580.316236917     
         265   649640.228371831     
         270   628554.525634347     
         275   607692.781739757     
         280   587331.995995936     
         285   567664.692015190     
         290   548811.541451949     
         295   530835.490429101     
         300   513755.425294021     
         305   497558.287163511     
         310   482209.173090767     
         315   467659.364918279     
         320   453852.454596354     
         325   440728.840297084     
         330   428228.896134783     
         335   416295.103155288     
         340   404873.393032779     
         345   393913.912591175     
         350   383371.374732667     
         355   373205.123496728     
         360   363379.009241947     
         365   353861.144427596     
         370   344623.590578707     
         375   335642.011885090     
         380   326895.319608052     
         385   318365.323220022     
         390   310036.398274316     
         395   301895.176818611     
         400   293930.263271308     
         405   286131.976724810     
         410   278492.119359086     
         415   271003.769845949     
         420   263661.100154684     
         425   256459.213928318     
         430   249394.004511660     
         435   242462.030724030     
         440   235660.408543964     
         445   228986.716984263     
         450   222438.916566035     
         455   216015.278938021     
         460   209714.326324994     
         465   203534.779621456     
         470   197475.514071630     
         475   191535.521592133     
         480   185713.878899384     
         485   180009.720699523     
         490   174422.217284880     
         495   168950.555958280     
         500   163593.925775452     
