         100 -1.691347758832860E-002
         105   79683.3796966479     
         110   153486.378530847     
         115   221734.482520483     
         120   284737.211046175     
         125   342788.817932901     
         130   396168.949204984     
         135   445143.317860214     
         140   489964.364280208     
         145   530871.884912535     
         150   568093.628115317     
         155   601845.859993858     
         160   632333.903027841     
         165   659752.649821391     
         170   684287.056706941     
         175   706112.652085214     
         180   725396.310598581     
         185   742298.569800039     
         190   756981.859388808     
         195   769634.121042000     
         200   780518.283941623     
         205   790043.813158775     
         210   798827.610866845     
         215   807693.033473237     
         220   817575.169561835     
         225   829351.123447099     
         230   843657.370421569     
         235   860761.509542616     
         240   880525.577773529     
         245   902457.678909298     
         250   925820.887856467     
         255   949760.824064114     
         260   973420.933240820     
         265   996028.231878300     
         270   1016944.94338030     
         275   1035689.84729856     
         280   1051937.04269058     
         285   1065500.40824090     
         290   1076310.80226154     
         295   1084391.14308106     
         300   1089832.64589115     
         305   1092773.98784639     
         310   1093384.10778728     
         315   1091848.67420820     
         320   1088359.88309985     
         325   1083109.08173942     
         330   1076281.67738134     
         335   1068053.82412114     
         340   1058590.44897485     
         345   1048044.25617976     
         350   1036555.42395726     
         355   1024251.77427465     
         360   1011249.25133616     
         365   997652.588697337     
         370   983556.079195834     
         375   969044.387899094     
         380   954193.367591929     
         385   939070.850421087     
         390   923737.399412962     
         395   908247.010684769     
         400   892647.762064711     
         405   876982.407126187     
         410   861288.915779971     
         415   845600.963894010     
         420   829948.375170534     
         425   814357.518883650     
         430   798851.667195826     
         435   783451.315719375     
         440   768174.470832850     
         445   753036.907045923     
         450   738052.397459658     
         455   723232.920111827     
         460   708588.842741975     
         465   694129.088266085     
         470   679861.283020748     
         475   665791.889623829     
         480   651926.326103848     
         485   638269.072773359     
         490   624823.768161977     
         495   611593.295181262     
         500   598579.858565242     
