         100 -1.537588838339896E-002
         105   72439.4345177793     
         110   139533.068367382     
         115   201576.797922289     
         120   258852.004431511     
         125   311626.191366503     
         130   360153.582380230     
         135   404675.734738175     
         140   445422.139691379     
         145   482610.794005633     
         150   516448.741638376     
         155   547132.588135346     
         160   574848.990282934     
         165   599775.122952181     
         170   622079.124575498     
         175   641920.522210464     
         180   659450.635676186     
         185   674812.954105196     
         190   688143.460128335     
         195   699570.847319145     
         200   709216.571469160     
         205   717194.760161948     
         210   723612.173534641     
         215   728568.514908240     
         220   732157.274239850     
         225   734466.991489985     
         230   735582.576349957     
         235   735586.293297857     
         240   734558.199048684     
         245   732576.055346033     
         250   729714.900852492     
         255   726046.508339731     
         260   721638.907514315     
         265   716556.073233532     
         270   710857.804922620     
         275   704599.774341931     
         280   697833.696594126     
         285   690607.576185125     
         290   682965.987395329     
         295   674950.359427004     
         300   666599.247704353     
         305   657948.581464672     
         310   649031.883956396     
         315   639880.465438014     
         320   630523.591296123     
         325   620988.628526013     
         330   611301.174000676     
         335   601485.167726425     
         340   591562.993865992     
         345   581555.571837864     
         350   571482.439347859     
         355   561361.828810941     
         360   551210.738289994     
         365   541044.997812664     
         370   530879.331720249     
         375   520727.417544621     
         380   510601.941790579     
         385   500514.652913300     
         390   490476.411716441     
         395   480497.239349931     
         400   470586.363053072     
         405   460752.259764668     
         410   451002.697704768     
         415   441344.776020481     
         420   431784.962579444     
         425   422329.129988210     
         430   412982.589907961     
         435   403750.125736369     
         440   394636.023721419     
         445   385644.102570599     
         450   376777.741616712     
         455   368039.907599582     
         460   359433.180121125     
         465   350959.775829446     
         470   342621.571385920     
         475   334420.125267483     
         480   326356.698454672     
         485   318432.274054271     
         490   310647.575903735     
         495   303003.086202923     
         500   295499.062217020     
