         100 -1.306711943016007E-002
         105   60110.3638715990     
         110   115784.766681333     
         115   167268.744864493     
         120   214795.790957216     
         125   258587.881788433     
         130   298855.973791634     
         135   335800.512039171     
         140   369611.928725106     
         145   400471.117656481     
         150   428549.883873580     
         155   454011.370563419     
         160   477010.465395834     
         165   497694.187797714     
         170   516202.056710571     
         175   532666.422215836     
         180   547212.634373746     
         185   559958.416777080     
         190   571010.339109774     
         195   580452.983187968     
         200   588326.273029808     
         205   594593.435952644     
         210   599115.221293007     
         215   601653.434147081     
         220   601916.816195960     
         225   599639.149284613     
         230   594660.879454651     
         235   586984.528700578     
         240   576788.462485575     
         245   564401.619366260     
         250   550253.691404503     
         255   534818.047024891     
         260   518560.923648434     
         265   501904.199227782     
         270   485203.461486977     
         275   468739.471976509     
         280   452719.504447202     
         285   437284.854510190     
         290   422521.410606666     
         295   408471.038447211     
         300   395142.360860050     
         305   382520.177441599     
         310   370573.233708556     
         315   359260.340791885     
         320   348535.005975605     
         325   338348.803632499     
         330   328653.729757286     
         335   319403.766311868     
         340   310555.850514815     
         345   302070.409090135     
         350   293911.583883136     
         355   286047.245780937     
         360   278448.869419949     
         365   271091.321640097     
         370   263952.601510703     
         375   257013.558293138     
         380   250257.605201046     
         385   243670.440621948     
         390   237239.784027413     
         395   230955.130680491     
         400   224807.527101755     
         405   218789.367813191     
         410   212894.212942047     
         415   207116.625686078     
         420   201452.028308808     
         425   195896.575169651     
         430   190447.041242894     
         435   185100.724601748     
         440   179855.361411105     
         445   174709.052066156     
         450   169660.197220631     
         455   164707.442559391     
         460   159849.631280014     
         465   155085.763353264     
         470   150414.960731079     
         475   145836.437761780     
         480   141349.476155458     
         485   136953.403917723     
         490   132647.577737791     
         495   128431.368377490     
         500   124304.148661854     
