         100  2.100929811577484E-006
         105   119480.541876886     
         110   230144.350783901     
         115   332479.381429366     
         120   426949.583579960     
         125   513996.009336276     
         130   594037.871188866     
         135   667473.553176401     
         140   734681.577180008     
         145   796021.526274456     
         150   851834.926984668     
         155   902446.092222654     
         160   948162.926606338     
         165   989277.695790324     
         170   1026067.76136997     
         175   1058796.28285451     
         180   1087712.88814225     
         185   1113054.31387110     
         190   1135045.01696080     
         195   1153897.75860903     
         200   1169814.16195257     
         205   1182985.24455635     
         210   1193591.92684804     
         215   1201805.51757395     
         220   1207788.17731325     
         225   1211693.36105283     
         230   1213666.24079166     
         235   1213844.10907989     
         240   1212356.76419260     
         245   1209326.87769009     
         250   1204870.34907986     
         255   1199096.66497513     
         260   1192109.27198269     
         265   1184005.83883056     
         270   1174878.02718080     
         275   1164810.57827748     
         280   1153881.02654684     
         285   1142163.40417626     
         290   1129738.12110884     
         295   1116702.93043973     
         300   1103171.98034121     
         305   1089253.16094828     
         310   1075010.62061745     
         315   1060434.70950170     
         320   1045439.94816250     
         325   1029894.49876926     
         330   1013667.16612724     
         335   996671.953105846     
         340   978895.757201566     
         345   960404.895724958     
         350   941334.265301836     
         355   921866.540790688     
         360   902208.607559647     
         365   882570.280267504     
         370   863147.893754323     
         375   844113.413576386     
         380   825608.535593836     
         385   807742.716354711     
         390   790593.980389862     
         395   774211.484737598     
         400   758619.042690167     
         405   743819.035405214     
         410   729796.333223382     
         415   716521.996765331     
         420   703956.633475067     
         425   692053.356120423     
         430   680760.334808442     
         435   670022.961316235     
         440   659785.660414894     
         445   649993.392417336     
         450   640592.898631693     
         455   631533.751078768     
         460   622769.285676471     
         465   614257.534365096     
         470   605962.346192879     
         475   597855.040328798     
         480   589917.247780442     
         485   582146.243872157     
         490   574565.404442227     
         495   567245.171973341     
         500   560345.628162869     
