         100 -1.402949532969842E-002
         105   86047.3682367023     
         110   165744.805696864     
         115   239443.778199299     
         120   307478.499068636     
         125   370166.695554298     
         130   427810.331126582     
         135   480696.334038018     
         140   529097.306475560     
         145   573272.200228201     
         150   613466.958258949     
         155   649915.124825025     
         160   682838.426745903     
         165   712447.327840702     
         170   738941.557663953     
         175   762510.609157221     
         180   783334.140352961     
         185   801581.831249027     
         190   817410.597650591     
         195   830952.636547673     
         200   842281.759754907     
         205   851347.282155833     
         210   857886.834791905     
         215   861364.888597507     
         220   860997.887064875     
         225   855892.856002198     
         230   845263.092935330     
         235   828640.592037785     
         240   806009.414003263     
         245   777825.926713893     
         250   744938.834792515     
         255   708450.182167762     
         260   669562.889587474     
         265   629448.783464489     
         270   589154.339130847     
         275   549547.065964510     
         280   511296.584120184     
         285   474880.750820441     
         290   440607.079425103     
         295   408641.434609719     
         300   379038.307514905     
         305   351769.140939574     
         310   326746.873181790     
         315   303846.045518153     
         320   282918.544468855     
         325   263805.439226209     
         330   246345.536866767     
         335   230381.301623750     
         340   215762.732971274     
         345   202349.712168827     
         350   190013.233302565     
         355   178635.846378116     
         360   168111.562982721     
         365   158345.411402095     
         370   149252.777442570     
         375   140758.628047153     
         380   132796.685195687     
         385   125308.595647361     
         390   118243.126123785     
         395   111555.402119526     
         400   105206.200517484     
         405   99161.3006809083     
         410   93390.8950050995     
         415   87869.0575229897     
         420   82573.2676869913     
         425   77483.9856145008     
         430   72584.2746836494     
         435   67859.4672543998     
         440   63296.8693654281     
         445   58885.5004478277     
         450   54615.8643531805     
         455   50479.7482825545     
         460   46470.0465023142     
         465   42580.6060279899     
         470   38806.0917400491     
         475   35141.8686601611     
         480   31583.8993609361     
         485   28128.6547052773     
         490   24773.0363136167     
         495   21514.3093393040     
         500   18350.0442955080     
