         100 -8.400600257306140E-004
         105   108370.699991125     
         110   208744.468487664     
         115   301563.891005133     
         120   387249.782324264     
         125   466202.188961068     
         130   538801.346455347     
         135   605408.596522102     
         140   666367.264287131     
         145   722003.496421056     
         150   772627.061730899     
         155   818532.115900719     
         160   859997.932007101     
         165   897289.598340565     
         170   930658.684978401     
         175   960343.880481289     
         180   986571.600022209     
         185   1009556.56619877     
         190   1029502.36372776     
         195   1046601.96917233     
         200   1061038.25680845     
         205   1072984.48169734     
         210   1082604.74099796     
         215   1090054.41453604     
         220   1095480.58568379     
         225   1099022.44369309     
         230   1100811.66796101     
         235   1100972.79035179     
         240   1099623.52264241     
         245   1096875.03786432     
         250   1092832.23615668     
         255   1087594.09701962     
         260   1081254.23398855     
         265   1073901.65114673     
         270   1065621.51496520     
         275   1056495.65854842     
         280   1046602.61985501     
         285   1036017.22100316     
         290   1024809.88449106     
         295   1013045.95698405     
         300   1000785.26548131     
         305   988082.018947370     
         310   974985.054257327     
         315   961538.347290812     
         320   947781.677344779     
         325   933751.336220429     
         330   919480.797035936     
         335   905001.288627508     
         340   890342.250455474     
         345   875531.665643701     
         350   860596.284727168     
         355   845561.760447337     
         360   830452.716132167     
         365   815292.768730998     
         370   800104.524156245     
         375   784909.558501595     
         380   769728.394782536     
         385   754580.481507091     
         390   739484.176779860     
         395   724456.739748224     
         400   709514.329909598     
         405   694672.013980262     
         410   679943.779552737     
         415   665342.554534100     
         420   650880.231281377     
         425   636567.694375034     
         430   622414.851060332     
         435   608430.663516762     
         440   594623.182277103     
         445   580999.580306539     
         450   567566.187469808     
         455   554328.525362931     
         460   541291.342765097     
         465   528458.652267256     
         470   515833.768932427     
         475   503419.352087239     
         480   491217.451442296     
         485   479229.558540402     
         490   467456.663819988     
         495   455899.318092283     
         500   444557.694759531     
