         100  1.814439320630882E-006
         105   103187.737180486     
         110   198761.023420308     
         115   287141.274134957     
         120   368729.173200125     
         125   443905.629235107     
         130   513032.689378443     
         135   576454.412560847     
         140   634497.704032106     
         145   687473.112800710     
         150   735675.593582635     
         155   779385.234792304     
         160   818867.954045186     
         165   854376.162579803     
         170   886149.399947584     
         175   914414.940262362     
         180   939388.371247111     
         185   961274.147263946     
         190   980266.117464185     
         195   996548.030148626     
         200   1010294.01438399     
         205   1021669.03987979     
         210   1030829.35609094     
         215   1037922.91147509     
         220   1043089.75380028     
         225   1046462.41236775     
         230   1048166.26298749     
         235   1048319.87653740     
         240   1047035.35201322     
         245   1044418.63493686     
         250   1040569.81981228     
         255   1035583.42798443     
         260   1029548.65517143     
         265   1022549.65502038     
         270   1014666.07262296     
         275   1005973.96032147     
         280   996546.392935244     
         285   986451.912500601     
         290   975749.445030382     
         295   964482.269482660     
         300   952678.182294539     
         305   940361.644079997     
         310   927574.698936744     
         315   914394.648129726     
         320   900936.780946656     
         325   887339.566053168     
         330   873739.469716684     
         335   860246.294773638     
         340   846927.231799528     
         345   833802.383995805     
         350   820849.990309410     
         355   808017.437555542     
         360   795234.127730864     
         365   782423.358270706     
         370   769511.698808207     
         375   756435.418732374     
         380   743144.189243310     
         385   729602.598342005     
         390   715790.090494331     
         395   701699.883595937     
         400   687337.302993578     
         405   672717.852394716     
         410   657865.237100139     
         415   642809.473634818     
         420   627585.161078573     
         425   612229.949392073     
         430   596783.214163619     
         435   581284.931213536     
         440   565774.734894464     
         445   550291.137940900     
         450   534870.885992921     
         455   519548.414005311     
         460   504355.361288208     
         465   489320.081098008     
         470   474467.038275693     
         475   459815.901723055     
         480   445379.960903652     
         485   431163.130640892     
         490   417154.056135510     
         495   403314.274066735     
         500   389554.158771946     
