         100  2.196426528051952E-006
         105   124911.470301508     
         110   240605.447434487     
         115   347592.065845095     
         120   446356.363905198     
         125   537359.441518591     
         130   621039.566270448     
         135   697813.230547171     
         140   768076.161753157     
         145   832204.287632450     
         150   890554.658627786     
         155   943466.329132792     
         160   991261.199416195     
         165   1034244.81992212     
         170   1072707.15957888     
         175   1106923.33967991     
         180   1137154.33483510     
         185   1163647.64242814     
         190   1186637.92195608     
         195   1206347.60557068     
         200   1222987.48108784     
         205   1236757.24868059     
         210   1247846.05242439     
         215   1256432.98781915     
         220   1262687.58637232     
         225   1266770.27829099     
         230   1268832.83429595     
         235   1269018.78748732     
         240   1267463.83589292     
         245   1264296.22641254     
         250   1259637.12688191     
         255   1253601.01233106     
         260   1246296.07965734     
         265   1237824.50261037     
         270   1228281.94837091     
         275   1217756.05448016     
         280   1206325.84189823     
         285   1194067.17286065     
         290   1181067.61861207     
         295   1167443.09027172     
         300   1153336.51988925     
         305   1138883.60740686     
         310   1124155.86925855     
         315   1109114.67192787     
         320   1093607.61314732     
         325   1077412.75302833     
         330   1060309.67599514     
         335   1042147.11833928     
         340   1022885.21322947     
         345   1002605.68266095     
         350   981495.642423562     
         355   959816.196630049     
         360   937866.724995428     
         365   915952.547805788     
         370   894359.921529632     
         375   873339.377018676     
         380   853096.618276768     
         385   833789.391310064     
         390   815528.580631902     
         395   798381.989639252     
         400   782379.594265513     
         405   767519.401490275     
         410   753773.336682900     
         415   741092.808519375     
         420   729413.760594501     
         425   718661.126645429     
         430   708752.674988359     
         435   699602.269423583     
         440   691122.598232842     
         445   683227.437625706     
         450   675833.527502088     
         455   668862.152271852     
         460   662240.546753282     
         465   655903.302475917     
         470   649794.063247828     
         475   643868.031679600     
         480   638096.285972750     
         485   632473.888287906     
         490   627035.791328734     
         495   621888.739469135     
         500   617276.050093917     
