         100 -1.157791909791756E-002
         105   90995.1078160588     
         110   175275.233637816     
         115   253212.040745260     
         120   325158.939692704     
         125   391451.906000111     
         130   452410.253207065     
         135   508337.403243547     
         140   559521.633279346     
         145   606236.787760501     
         150   648742.955437370     
         155   687287.113863225     
         160   722103.743795106     
         165   753415.415457437     
         170   781433.348204597     
         175   806357.943986465     
         180   828379.283714630     
         185   847677.479653378     
         190   864422.218857687     
         195   878768.698767649     
         200   890842.205641638     
         205   900698.592654992     
         210   908253.817522877     
         215   913201.821165302     
         220   914972.096868839     
         225   912780.929881456     
         230   905787.378507904     
         235   893305.414373555     
         240   874992.632111155     
         245   850951.438444460     
         250   821722.267218391     
         255   788189.834367687     
         260   751444.378784506     
         265   712639.304383710     
         270   672873.603644377     
         275   633111.713394201     
         280   594141.074782262     
         285   556560.552590161     
         290   520790.339099594     
         295   487094.404243715     
         300   455608.409588409     
         305   426368.202347033     
         310   399335.961681989     
         315   374422.557610274     
         320   351505.688161175     
         325   330443.964777914     
         330   311087.427545547     
         335   293285.090220044     
         340   276890.118019819     
         345   261763.183407384     
         350   247774.461905944     
         355   234804.642229043     
         360   222745.243719594     
         365   211498.464179262     
         370   200976.723879558     
         375   191102.026215780     
         380   181805.220552905     
         385   173025.226512714     
         390   164708.259516132     
         395   156807.083284795     
         400   149280.304939793     
         405   142091.721286578     
         410   135209.720042742     
         415   128606.736538736     
         420   122258.764342341     
         425   116144.916986484     
         430   110247.037269204     
         435   104549.350265032     
         440   99038.1561109416     
         445   93701.5587169560     
         450   88529.2267383920     
         455   83512.1833901089     
         460   78642.6219537082     
         465   73913.7441068584     
         470   69319.6184773561     
         475   64855.0570854813     
         480   60515.5075823023     
         485   56296.9594166920     
         490   52195.8622692520     
         495   48209.0552773821     
         500   44333.7057432158     
