         100 -1.093470196663626E-002
         105   85939.8287356751     
         110   165537.729686397     
         115   239144.718191301     
         120   307094.570903218     
         125   369704.598052755     
         130   427276.373554854     
         135   480096.462581239     
         140   528437.126918225     
         145   572556.997445622     
         150   612701.713552166     
         155   649104.531828667     
         160   681986.906335490     
         165   711559.042294877     
         170   738020.424630732     
         175   761560.321216775     
         180   782358.243851744     
         185   800584.206370429     
         190   816397.783917138     
         195   829941.783205868     
         200   841318.923393101     
         205   850532.452015852     
         210   857380.456716151     
         215   861332.734709309     
         220   861467.083979782     
         225   856545.817576322     
         230   845249.072540677     
         235   826492.190636286     
         240   799708.033592580     
         245   764998.297061328     
         250   723123.206589642     
         255   675361.051001482     
         260   623300.341341750     
         265   568626.589160634     
         270   512946.185939191     
         275   457666.320145566     
         280   403931.338716569     
         285   352605.306728992     
         290   304286.732014599     
         295   259342.074890423     
         300   217947.441140100     
         305   180131.147536371     
         310   145812.777192617     
         315   114836.569506365     
         320   86998.4943356286     
         325   62067.2646934274     
         330   39800.0086712317     
         335   19953.4985314229     
         340   2291.83938725914     
         345  -13408.5665242108     
         350  -27356.0884792431     
         355  -39742.4086878896     
         360  -50742.0980349880     
         365  -60512.8923287291     
         370  -69196.4209948196     
         375  -76919.2080038147     
         380  -83793.8170740298     
         385  -89920.0525561536     
         390  -95386.1564941083     
         395  -100269.963473957     
         400  -104639.989936761     
         405  -108556.445179283     
         410  -112072.158496518     
         415  -115233.421746630     
         420  -118080.749728257     
         425  -120649.562659946     
         430  -122970.796112612     
         435  -125071.444236389     
         440  -126975.042234470     
         445  -128702.093903820     
         450  -130270.449780443     
         455  -131695.641060082     
         460  -132991.174057979     
         465  -134168.789552593     
         470  -135238.690946738     
         475  -136209.744787005     
         480  -137089.656814924     
         485  -137885.126384549     
         490  -138601.981771804     
         495  -139245.298620739     
         500  -139819.503519505     
