         100 -7.842542707624979E-003
         105   99922.2577108323     
         110   192470.860692111     
         115   278053.916785330     
         120   357059.478131515     
         125   429856.449860150     
         130   496795.452764625     
         135   558209.669125878     
         140   614415.658229697     
         145   665714.134545854     
         150   712390.709028060     
         155   754716.595782448     
         160   792949.286297777     
         165   827333.193090682     
         170   858100.264344265     
         175   885470.570931734     
         180   909652.867003413     
         185   930845.123803128     
         190   949235.021526410     
         195   965000.279991795     
         200   978308.221115492     
         205   989312.501823848     
         210   998142.588985512     
         215   1004881.14226880     
         220   1009531.10463520     
         225   1011987.60801301     
         230   1012038.28851110     
         235   1009406.84071551     
         240   1003831.62934390     
         245   995151.245139114     
         250   983366.039220898     
         255   968657.990612803     
         260   951369.594783416     
         265   931955.416387978     
         270   910923.844812119     
         275   888783.470319425     
         280   866002.410215940     
         285   842983.113998642     
         290   820051.221246252     
         295   797455.123099941     
         300   775372.485076410     
         305   753920.471633276     
         310   733167.241063267     
         315   713143.121400749     
         320   693850.574202936     
         325   675272.557063280     
         330   657379.221863026     
         335   640133.072425271     
         340   623492.794053193     
         345   607415.993899702     
         350   591861.081761445     
         355   576788.493778495     
         360   562161.427974913     
         365   547946.227083701     
         370   534112.513947326     
         375   520633.159279683     
         380   507484.140897496     
         385   494644.337282003     
         390   482095.285876320     
         395   469820.927168649     
         400   457807.348710113     
         405   446042.538209710     
         410   434516.151277638     
         415   423219.296886107     
         420   412144.341899539     
         425   401284.734877513     
         430   390634.848612038     
         435   380189.840405619     
         440   369945.528840876     
         445   359898.285672610     
         450   350044.941443979     
         455   340382.703457799     
         460   330909.084799407     
         465   321621.843193572     
         470   312518.928574085     
         475   303598.438343876     
         480   294858.579401267     
         485   286297.636101544     
         490   277913.943410649     
         495   269705.864588850     
         500   261671.772816231     
