         100 -1.097798093344881E-002
         105   50158.7643273596     
         110   96615.9634635160     
         115   139576.484289456     
         120   179235.163916753     
         125   215777.230219751     
         130   249378.714954330     
         135   280206.878539825     
         140   308420.626096771     
         145   334170.903447652     
         150   357601.072340067     
         155   378847.266707592     
         160   398038.731749195     
         165   415298.146985067     
         170   430741.931214309     
         175   444480.497893866     
         180   456618.229119980     
         185   467252.022230904     
         190   476464.626171647     
         195   484304.933867488     
         200   490747.342076049     
         205   495634.907501708     
         210   498634.274281432     
         215   499242.991086738     
         220   496871.541131499     
         225   490981.433232125     
         230   481228.417406672     
         235   467558.709812881     
         240   450231.647600828     
         245   429773.901616869     
         250   406891.015422946     
         255   382366.697398936     
         260   356973.511692476     
         265   331407.638187191     
         270   306250.575130666     
         275   281954.348407219     
         280   258843.999802317     
         285   237130.840716561     
         290   216931.018343430     
         295   198285.462742161     
         300   181178.740895418     
         305   165555.504436707     
         310   151334.031211664     
         315   138416.869094543     
         320   126698.867519899     
         325   116073.001931205     
         330   106434.419104147     
         335   97683.1007488176     
         340   89725.4878192372     
         345   82475.3461087687     
         350   75854.0946362494     
         355   69790.7665861246     
         360   64221.7296630522     
         365   59090.2584918176     
         370   54346.0251689853     
         375   49944.5539966425     
         380   45846.6715353805     
         385   42017.9722649732     
         390   38428.3123772749     
         395   35051.3387710335     
         400   31864.0565644623     
         405   28846.4359224306     
         410   25981.0573602190     
         415   23252.7936748245     
         420   20648.5260774084     
         425   18156.8918189247     
         430   15768.0605167452     
         435   13473.5364335180     
         440   11265.9840818776     
         445   9139.07469639437     
         450   7087.35130456779     
         455   5106.11032661486     
         460   3191.29782955511     
         465   1339.41874861630     
         470  -452.542435183343     
         475  -2187.19091003542     
         480  -3866.78184135969     
         485  -5493.27283889996     
         490  -7068.36952796299     
         495  -8593.56506143045     
         500  -10070.1743123394     
