         100 -7.429777198370041E-003
         105   94663.1901956737     
         110   182340.812850220     
         115   263419.496439664     
         120   338266.869303007     
         125   407232.420505418     
         130   470648.317109686     
         135   528830.205482823     
         140   582077.983891396     
         145   630676.539723849     
         150   674896.451774662     
         155   714994.659719745     
         160   751215.102860839     
         165   783789.329894681     
         170   812937.081202037     
         175   838866.844970324     
         180   861776.388161942     
         185   881853.260415444     
         190   899275.239503342     
         195   914210.480274285     
         200   926816.159865159     
         205   937231.522492513     
         210   945556.524633753     
         215   951806.476313724     
         220   955846.255192080     
         225   957334.109789634     
         230   955721.927538308     
         235   950341.426774209     
         240   940560.012401576     
         245   925950.437317357     
         250   906412.747100790     
         255   882213.452689221     
         260   853943.300215512     
         265   822420.745756081     
         270   788575.980713687     
         275   753344.152091256     
         280   717584.325028667     
         285   682029.210647203     
         290   647262.824287857     
         295   613719.419105574     
         300   581696.259234051     
         305   551373.755913776     
         310   522838.135475635     
         315   496103.481231535     
         320   471131.374516750     
         325   447847.361472443     
         330   426154.120147306     
         335   405941.573347461     
         340   387094.369125257     
         345   369497.203381449     
         350   353038.440474623     
         355   337612.433873179     
         360   323120.882243794     
         365   309473.489838086     
         370   296588.140141837     
         375   284390.741086675     
         380   272814.859050614     
         385   261801.226602975     
         390   251297.184211458     
         395   241256.097550403     
         400   231636.778345617     
         405   222402.926752137     
         410   213522.606173296     
         415   204967.756465067     
         420   196713.748064546     
         425   188738.977305923     
         430   181024.501719491     
         435   173553.713211026     
         440   166312.046516323     
         445   159286.720092962     
         450   152466.506558498     
         455   145841.529847494     
         460   139403.086394634     
         465   133143.487826637     
         470   127055.922841130     
         475   121134.336151963     
         480   115373.322578733     
         485   109768.034548012     
         490   104314.101451652     
         495   99007.5594720168     
         500   93844.7906344559     
