         100 -7.140510418996138E-004
         105   92115.0975762154     
         110   177432.803191370     
         115   256329.314544206     
         120   329162.324208379     
         125   396271.871732034     
         130   457981.157333070     
         135   514597.321477852     
         140   566412.190531495     
         145   613702.989171802     
         150   656733.020892129     
         155   695752.318030938     
         160   730998.262709984     
         165   762696.179982532     
         170   791059.904420273     
         175   816292.321305478     
         180   838585.883540578     
         185   858123.105338663     
         190   875077.033713843     
         195   889611.698749406     
         200   901882.543584223     
         205   912036.835025554     
         210   920214.055700402     
         215   926546.278941772     
         220   931158.528622835     
         225   934169.122041269     
         230   935689.943963524     
         235   935826.427032076     
         240   934676.851487536     
         245   932331.146614700     
         250   928871.271573003     
         255   924376.963059651     
         260   918938.886536026     
         265   912675.376847071     
         270   905743.494398812     
         275   898335.437539800     
         280   890657.912535094     
         285   882900.233988439     
         290   875201.593134391     
         295   867627.288257060     
         300   860159.386852864     
         305   852702.166167289     
         310   845098.913614240     
         315   837155.007632290     
         320   828662.320463633     
         325   819421.144243751     
         330   809257.348439160     
         335   798033.872698654     
         340   785656.719289287     
         345   772076.273490209     
         350   757285.087555618     
         355   741313.301346464     
         360   724222.739765611     
         365   706100.511633293     
         370   687052.701506777     
         375   667198.535019876     
         380   646665.228367341     
         385   625583.607687671     
         390   604084.499953674     
         395   582295.845530297     
         400   560340.455150760     
         405   538334.323041884     
         410   516385.407272039     
         415   494592.793747411     
         420   473046.168732463     
         425   451825.534526570     
         430   431001.113009118     
         435   410633.391740189     
         440   390773.277097375     
         445   371462.328669318     
         450   352733.059024746     
         455   334609.293213655     
         460   317106.592951873     
         465   300232.761060516     
         470   283988.451432713     
         475   268367.916649336     
         480   253359.925966327     
         485   238948.875395040     
         490   225116.081503477     
         495   211841.192769861     
         500   199103.561481431     
