         100 -1.496493526342160E-002
         105   79970.3042531252     
         110   154039.097309032     
         115   222533.029868363     
         120   285762.723441556     
         125   344023.478385346     
         130   397595.939728031     
         135   446746.774324594     
         140   491729.331745733     
         145   532784.273693618     
         150   570140.171109767     
         155   604014.071619269     
         160   634612.039912610     
         165   662129.673002580     
         170   686752.590494135     
         175   708656.883796459     
         180   728009.377989142     
         185   744966.843287082     
         190   759670.718918938     
         195   772228.426586727     
         200   782667.942187874     
         205   790861.210911308     
         210   796441.677642203     
         215   798772.301575361     
         220   797015.997700546     
         225   790310.346973913     
         230   777988.306441502     
         235   759761.870427883     
         240   735808.337214096     
         245   706745.838686321     
         250   673525.222129898     
         255   637283.118754676     
         260   599197.524298661     
         265   560372.522200774     
         270   521762.682253129     
         275   484135.689775564     
         280   448065.295517180     
         285   413944.733340314     
         290   382011.591110219     
         295   352377.193349095     
         300   325055.834851271     
         305   299991.162094429     
         310   277078.451096486     
         315   256182.488427020     
         320   237151.322164760     
         325   219826.425568493     
         330   204049.908607088     
         335   189669.397859844     
         340   176541.136435219     
         345   164531.765869299     
         350   153519.160783804     
         355   143392.604328928     
         360   134052.522191430     
         365   125409.935946396     
         370   117385.751776590     
         375   109909.966341263     
         380   102920.845933885     
         385   96364.1162259968     
         390   90192.1862929008     
         395   84363.4209728175     
         400   78841.4689043475     
         405   73594.6490278315     
         410   68595.3953249355     
         415   63819.7576599006     
         420   59246.9554456821     
         425   54858.9802488057     
         430   50640.2431956532     
         435   46577.2630273319     
         440   42658.3907839790     
         445   38873.5673224116     
         450   35214.1101424778     
         455   31672.5262898041     
         460   28242.3483978528     
         465   24917.9912189136     
         470   21694.6262650321     
         475   18568.0724321881     
         480   15534.7007126522     
         485   12591.3513110471     
         490   9735.26166980867     
         495   6964.00408052168     
         500   4275.43171037008     
