         100 -1.636774424160256E-002
         105   100388.594376589     
         110   193368.936320727     
         115   279351.069279937     
         120   358724.908792243     
         125   431861.136641624     
         130   499112.043536759     
         135   560812.379099267     
         140   617280.179207910     
         145   668817.554277461     
         150   715711.437759337     
         155   758234.297948503     
         160   796644.816130882     
         165   831188.533468043     
         170   862098.468719885     
         175   889595.711633994     
         180   913890.025739042     
         185   935180.682608629     
         190   953658.559227131     
         195   969512.703527199     
         200   982947.527745373     
         205   994215.901323257     
         210   1003662.56374744     
         215   1011754.89014191     
         220   1019071.11222315     
         225   1026232.80231414     
         230   1033799.48778873     
         235   1042164.84033025     
         240   1051491.65107579     
         245   1061702.32357924     
         250   1072518.54586042     
         255   1083529.92472152     
         260   1094269.21504635     
         265   1104277.47361833     
         270   1113150.68174767     
         275   1120566.39936006     
         280   1126293.37188000     
         285   1130188.82394714     
         290   1132188.23053769     
         295   1132291.50189227     
         300   1130548.37945629     
         305   1127044.77655303     
         310   1121890.96359646     
         315   1115211.92006419     
         320   1107139.81889798     
         325   1097808.41785897     
         330   1087349.05266774     
         335   1075887.91510626     
         340   1063544.32452082     
         345   1050429.74291755     
         350   1036647.32977575     
         355   1022291.87612330     
         360   1007449.99522061     
         365   992200.478423533     
         370   976614.749640118     
         375   960757.371008940     
         380   944686.566945640     
         385   928454.744460176     
         390   912108.995471796     
         395   895691.572440585     
         400   879240.332556718     
         405   862789.148421773     
         410   846368.284958180     
         415   830004.743446638     
         420   813722.574305245     
         425   797543.160625603     
         430   781485.474669766     
         435   765566.309578856     
         440   749800.488499532     
         445   734201.053233636     
         450   718779.434383401     
         455   703545.604815845     
         460   688508.218116613     
         465   673674.733552131     
         470   659051.528914270     
         475   644644.002485909     
         480   630456.665240264     
         485   616493.224271991     
         490   602756.658353728     
         495   589249.286417519     
         500   575972.829675819     
