   4.000000             100   1812.74114063091     
   4.000000             110   17321.2028900675     
   4.000000             120   32932.7610835939     
   4.000000             130   47377.5487304101     
   4.000000             140   62245.7920875680     
   4.000000             150   78836.3583536638     
   4.000000             160   98267.6528531105     
   4.000000             170   121674.055754761     
   4.000000             180   150393.763659141     
   4.000000             190   186312.931035247     
   4.000000             200   232761.504508226     
   4.000000             210   295718.456265801     
   4.000000             220   381820.435249934     
   4.000000             230   490790.684100925     
   4.000000             240   610814.189654009     
   4.000000             250   724243.831489293     
   4.000000             260   816882.865797613     
   4.000000             270   882400.369281778     
   4.000000             280   921328.456033711     
   4.000000             290   937996.279131784     
   4.000000             300   937869.915877912     
   4.000000             310   926018.792062268     
   4.000000             320   906510.977073521     
   4.000000             330   882342.120899171     
   4.000000             340   855594.327020203     
   4.000000             350   827653.809136291     
   4.000000             360   799410.830656170     
   4.000000             370   771417.491976889     
   4.000000             380   744002.583226436     
   4.000000             390   717351.118342102     
   4.000000             400   691557.585909640     
   4.000000             410   666660.737897478     
   4.000000             420   642665.882377812     
   4.000000             430   619558.933007197     
   4.000000             440   597315.123148167     
   4.000000             450   575904.318467836     
   4.000000             460   555294.188951292     
   4.000000             470   535452.050383414     
   4.000000             480   516345.889519857     
   4.000000             490   497944.896011241     
   4.000000             500   480219.702063585     
 
   8.000000             100   1812.74114063091     
   8.000000             110   17321.1998290553     
   8.000000             120   32932.7475601099     
   8.000000             130   47377.5136355256     
   8.000000             140   62245.7046868349     
   8.000000             150   78836.1421321662     
   8.000000             160   98267.1185835368     
   8.000000             170   121672.719281239     
   8.000000             180   150390.265741532     
   8.000000             190   186302.928255988     
   8.000000             200   232732.376866945     
   8.000000             210   295649.371692987     
   8.000000             220   381711.060235414     
   8.000000             230   490698.981184591     
   8.000000             240   610841.551103507     
   8.000000             250   724477.821742771     
   8.000000             260   817358.975265200     
   8.000000             270   883103.194741691     
   8.000000             280   922213.140592926     
   8.000000             290   939009.678016641     
   8.000000             300   938963.529528655     
   8.000000             310   927153.992410465     
   8.000000             320   907659.545272072     
   8.000000             330   883484.694748382     
   8.000000             340   856718.301209208     
   8.000000             350   828751.401684656     
   8.000000             360   800477.550737377     
   8.000000             370   772451.020206746     
   8.000000             380   745001.993503998     
   8.000000             390   718316.355193706     
   8.000000             400   692489.122076744     
   8.000000             410   667559.354372562     
   8.000000             420   643532.529485276     
   8.000000             430   620394.644107183     
   8.000000             440   598120.961998032     
   8.000000             450   576681.347837617     
   8.000000             460   556043.452501570     
   8.000000             470   536174.562717408     
   8.000000             480   517042.631202679     
   8.000000             490   498616.811553660     
   8.000000             500   480867.699631542     
 
   12.00000             100   1812.74114063091     
   12.00000             110   17321.1946438892     
   12.00000             120   32932.7246522281     
   12.00000             130   47377.4541876256     
   12.00000             140   62245.5566396525     
   12.00000             150   78835.7758899744     
   12.00000             160   98266.2136938135     
   12.00000             170   121670.456164224     
   12.00000             180   150384.345666748     
   12.00000             190   186286.009817100     
   12.00000             200   232683.082359098     
   12.00000             210   295532.184892128     
   12.00000             220   381524.870320970     
   12.00000             230   490541.823911759     
   12.00000             240   610886.077193197     
   12.00000             250   724873.816975451     
   12.00000             260   818167.667785464     
   12.00000             270   884298.851549685     
   12.00000             280   923719.514164158     
   12.00000             290   940736.168659880     
   12.00000             300   940827.345856934     
   12.00000             310   929089.141457816     
   12.00000             320   909617.790726775     
   12.00000             330   885432.925085519     
   12.00000             340   858634.951198493     
   12.00000             350   830623.151741045     
   12.00000             360   802296.709325326     
   12.00000             370   774213.609981662     
   12.00000             380   746706.420822515     
   12.00000             390   719962.516274077     
   12.00000             400   694077.817304072     
   12.00000             410   669091.911992887     
   12.00000             420   645010.567913387     
   12.00000             430   621819.924249669     
   12.00000             440   599495.297157030     
   12.00000             450   578006.549979391     
   12.00000             460   557321.301219154     
   12.00000             470   537406.788182435     
   12.00000             480   518230.905619235     
   12.00000             490   499762.745687422     
   12.00000             500   481972.842294331     
 
   16.00000             100   1812.74114063091     
   16.00000             110   17321.1872060970     
   16.00000             120   32932.6917924722     
   16.00000             130   47377.3689148609     
   16.00000             140   62245.3442847480     
   16.00000             150   78835.2505908144     
   16.00000             160   98264.9159720683     
   16.00000             170   121667.211589468     
   16.00000             180   150375.865046844     
   16.00000             190   186261.797870518     
   16.00000             200   232612.475398571     
   16.00000             210   295363.736848766     
   16.00000             220   381255.773611548     
   16.00000             230   490312.353906231     
   16.00000             240   610945.871595739     
   16.00000             250   725440.978615015     
   16.00000             260   819332.510516403     
   16.00000             270   886025.278865957     
   16.00000             280   925897.578517495     
   16.00000             290   943234.631448430     
   16.00000             300   943526.030275980     
   16.00000             310   931892.136074209     
   16.00000             320   912454.930967773     
   16.00000             330   888256.014442296     
   16.00000             340   861412.580128206     
   16.00000             350   833335.906666711     
   16.00000             360   804933.368340456     
   16.00000             370   776768.359253974     
   16.00000             380   749176.918512786     
   16.00000             390   722348.591387404     
   16.00000             400   696380.616865103     
   16.00000             410   671313.352979803     
   16.00000             420   647152.990995843     
   16.00000             430   623885.878606055     
   16.00000             440   601487.409155576     
   16.00000             450   579927.444832146     
   16.00000             460   559173.557700293     
   16.00000             470   539192.913732253     
   16.00000             480   519953.323840685     
   16.00000             490   501423.791242788     
   16.00000             500   483574.760113152     
 
   20.00000             100   1812.74114063091     
   20.00000             110   17321.1773292834     
   20.00000             120   32932.6481575239     
   20.00000             130   47377.2556819087     
   20.00000             140   62245.0623109387     
   20.00000             150   78834.5531288326     
   20.00000             160   98263.1932163777     
   20.00000             170   121662.906171314     
   20.00000             180   150364.624043971     
   20.00000             190   186229.749543428     
   20.00000             200   232518.907603973     
   20.00000             210   295139.422939348     
   20.00000             220   380894.732623890     
   20.00000             230   490000.159729242     
   20.00000             240   611017.653593585     
   20.00000             250   726192.391340973     
   20.00000             260   820888.145235501     
   20.00000             270   888338.762373956     
   20.00000             280   928821.865884403     
   20.00000             290   946593.078401851     
   20.00000             300   947156.412472625     
   20.00000             310   935664.761281556     
   20.00000             320   916274.809313571     
   20.00000             330   892057.835737439     
   20.00000             340   865153.745106721     
   20.00000             350   836990.059905394     
   20.00000             360   808485.254070558     
   20.00000             370   780210.053444135     
   20.00000             380   752505.206349957     
   20.00000             390   725563.203929396     
   20.00000             400   699483.074824909     
   20.00000             410   674306.223440939     
   20.00000             420   650039.417666509     
   20.00000             430   626669.289800808     
   20.00000             440   604171.339515142     
   20.00000             450   582515.428903211     
   20.00000             460   561669.068379271     
   20.00000             470   541599.328377236     
   20.00000             480   522273.907208653     
   20.00000             490   503661.688478409     
   20.00000             500   485732.995597334     
 
   24.00000             100   1812.74114063091     
   24.00000             110   17321.1647625862     
   24.00000             120   32932.5926393378     
   24.00000             130   47377.1116151705     
   24.00000             140   62244.7035716689     
   24.00000             150   78833.6658739018     
   24.00000             160   98261.0021330929     
   24.00000             170   121657.433331646     
   24.00000             180   150350.355451809     
   24.00000             190   186189.144207085     
   24.00000             200   232400.187146574     
   24.00000             210   294853.009184101     
   24.00000             220   380429.209115323     
   24.00000             230   489590.341921298     
   24.00000             240   611095.971018586     
   24.00000             250   727145.236254890     
   24.00000             260   822882.032085503     
   24.00000             270   891317.432512329     
   24.00000             280   932596.520581020     
   24.00000             290   950934.968536441     
   24.00000             300   951854.653338608     
   24.00000             310   940550.373799851     
   24.00000             320   921223.834768309     
   24.00000             330   896984.941523284     
   24.00000             340   870003.209030192     
   24.00000             350   841727.363639068     
   24.00000             360   813090.380673509     
   24.00000             370   784672.571282724     
   24.00000             380   756820.844318338     
   24.00000             390   729731.547162254     
   24.00000             400   703506.053020674     
   24.00000             410   678187.138644106     
   24.00000             420   653782.329587444     
   24.00000             430   630278.633532335     
   24.00000             440   607651.692023166     
   24.00000             450   585871.369542129     
   24.00000             460   564905.098127850     
   24.00000             470   544719.825300974     
   24.00000             480   525283.103961356     
   24.00000             490   506563.662977912     
   24.00000             500   488531.669387769     
 
   28.00000             100   1812.74114063091     
   28.00000             110   17321.1491824079     
   28.00000             120   32932.5238086396     
   28.00000             130   47376.9330082810     
   28.00000             140   62244.2588509103     
   28.00000             150   78832.5660985823     
   28.00000             160   98258.2869530767     
   28.00000             170   121650.656034800     
   28.00000             180   150332.717525595     
   28.00000             190   186139.069395482     
   28.00000             200   232253.534471481     
   28.00000             210   294496.398607382     
   28.00000             220   379842.383599893     
   28.00000             230   489062.109449194     
   28.00000             240   611171.911949278     
   28.00000             250   728320.844382452     
   28.00000             260   825376.810616984     
   28.00000             270   895066.260171360     
   28.00000             280   937362.703918512     
   28.00000             290   956428.508316581     
   28.00000             300   957806.865704177     
   28.00000             310   946745.333091629     
   28.00000             320   927502.824387924     
   28.00000             330   903238.529608652     
   28.00000             340   876159.833399041     
   28.00000             350   847742.621900455     
   28.00000             360   818938.465612985     
   28.00000             370   790339.977786842     
   28.00000             380   762301.980164761     
   28.00000             390   735025.777351250     
   28.00000             400   708615.759508390     
   28.00000             410   683116.471791440     
   28.00000             420   658536.418357611     
   28.00000             430   634863.094023735     
   28.00000             440   612072.327070110     
   28.00000             450   590133.989117464     
   28.00000             460   569015.415219049     
   28.00000             470   548683.398368997     
   28.00000             480   529105.307754812     
   28.00000             490   510249.676309290     
   28.00000             500   492086.472816774     
 
   32.00000             100   1812.74114063091     
   32.00000             110   17321.1301828609     
   32.00000             120   32932.4398727641     
   32.00000             130   47376.7152130339     
   32.00000             140   62243.7165932827     
   32.00000             150   78831.2253192254     
   32.00000             160   98254.9778494804     
   32.00000             170   121642.403105601     
   32.00000             180   150311.286282964     
   32.00000             190   186078.408380645     
   32.00000             200   232075.545360043     
   32.00000             210   294059.361237450     
   32.00000             220   379112.102009649     
   32.00000             230   488386.713893739     
   32.00000             240   611231.012522458     
   32.00000             250   729744.399838147     
   32.00000             260   828453.318184009     
   32.00000             270   899723.971613008     
   32.00000             280   943309.133271680     
   32.00000             290   963300.077431963     
   32.00000             300   965264.573419284     
   32.00000             310   954515.725836662     
   32.00000             320   935384.387031473     
   32.00000             330   911092.045793363     
   32.00000             340   883894.098881042     
   32.00000             350   855300.933119389     
   32.00000             360   826287.773167129     
   32.00000             370   797462.898637231     
   32.00000             380   769191.218119174     
   32.00000             390   741680.361851114     
   32.00000             400   715038.574524923     
   32.00000             410   689312.664577531     
   32.00000             420   664512.392206760     
   32.00000             430   640625.881066875     
   32.00000             440   617629.204597532     
   32.00000             450   595492.249944433     
   32.00000             460   574182.234341340     
   32.00000             470   553665.759082351     
   32.00000             480   533909.963995235     
   32.00000             490   514883.136680223     
   32.00000             500   496554.997299456     
 
   36.00000             100   1812.74114063091     
   36.00000             110   17321.1072659914     
   36.00000             120   32932.3386325245     
   36.00000             130   47376.4525279288     
   36.00000             140   62243.0626289602     
   36.00000             150   78829.6086276874     
   36.00000             160   98250.9893501677     
   36.00000             170   121632.465634095     
   36.00000             180   150285.548735574     
   36.00000             190   186005.834877986     
   36.00000             200   231862.181931534     
   36.00000             210   293529.263531983     
   36.00000             220   378209.503491642     
   36.00000             230   487524.432371080     
   36.00000             240   611249.850872023     
   36.00000             250   731443.841741397     
   36.00000             260   832214.212945173     
   36.00000             270   905472.434662289     
   36.00000             280   950686.944636535     
   36.00000             290   971853.519794695     
   36.00000             300   974567.163630143     
   36.00000             310   964221.817348509     
   36.00000             320   945238.446457720     
   36.00000             330   920917.099828806     
   36.00000             340   893573.947052473     
   36.00000             350   864763.152170813     
   36.00000             360   835490.006771710     
   36.00000             370   806382.731706833     
   36.00000             380   777819.090676898     
   36.00000             390   750014.785803172     
   36.00000             400   723082.987856183     
   36.00000             410   697073.403877632     
   36.00000             420   671997.408263742     
   36.00000             430   647843.938395335     
   36.00000             440   624589.391276348     
   36.00000             450   602203.683863468     
   36.00000             460   580653.892295497     
   36.00000             470   559906.381782086     
   36.00000             480   539928.007358180     
   36.00000             490   520686.750863847     
   36.00000             500   502152.021983265     
 
   40.00000             100   1812.74114063091     
   40.00000             110   17321.0798340165     
   40.00000             120   32932.2174480085     
   40.00000             130   47376.1381100622     
   40.00000             140   62242.2799576250     
   40.00000             150   78827.6741735679     
   40.00000             160   98246.2191442195     
   40.00000             170   121620.594483659     
   40.00000             180   150254.899822238     
   40.00000             190   185919.824416183     
   40.00000             200   231608.828619061     
   40.00000             210   292890.878348608     
   40.00000             220   377097.312860484     
   40.00000             230   486420.181489510     
   40.00000             240   611190.467006895     
   40.00000             250   733447.088759939     
   40.00000             260   836787.895575213     
   40.00000             270   912549.172774818     
   40.00000             280   959830.593365903     
   40.00000             290   982497.951653994     
   40.00000             300   986174.703898659     
   40.00000             310   976354.093933626     
   40.00000             320   957570.065772645     
   40.00000             330   933222.005980052     
   40.00000             340   905703.298347380     
   40.00000             350   876623.899385769     
   40.00000             360   847027.504316157     
   40.00000             370   817567.848530033     
   40.00000             380   788639.168890198     
   40.00000             390   760467.527368242     
   40.00000             400   733172.428831257     
   40.00000             410   706807.317012983     
   40.00000             420   681385.655894761     
   40.00000             430   656897.444855542     
   40.00000             440   633319.512892904     
   40.00000             450   610621.830791684     
   40.00000             460   588771.307989866     
   40.00000             470   567734.019964306     
   40.00000             480   547476.468482991     
   40.00000             490   527966.254295919     
   40.00000             500   509172.399132066     
 
   44.00000             100   1812.74114063091     
   44.00000             110   17321.0471879542     
   44.00000             120   32932.0732326417     
   44.00000             130   47375.7639605816     
   44.00000             140   62241.3487166796     
   44.00000             150   78825.3731074089     
   44.00000             160   98240.5480521247     
   44.00000             170   121606.500828275     
   44.00000             180   150218.648044558     
   44.00000             190   185818.698236503     
   44.00000             200   231310.476730699     
   44.00000             210   292126.444175978     
   44.00000             220   375727.880373580     
   44.00000             230   484997.191330816     
   44.00000             240   610991.157747093     
   44.00000             250   735775.886632626     
   44.00000             260   842331.811370673     
   44.00000             270   921263.632888136     
   44.00000             280   971187.212036441     
   44.00000             290   995788.143103007     
   44.00000             300   1000716.46567841     
   44.00000             310   991587.135008636     
   44.00000             320   973076.369568510     
   44.00000             330   948710.038347972     
   44.00000             340   920980.440675226     
   44.00000             350   891569.286503834     
   44.00000             360   861569.798408967     
   44.00000             370   831668.688187336     
   44.00000             380   802281.524113889     
   44.00000             390   773647.809109121     
   44.00000             400   745895.284519602     
   44.00000             410   719082.268123792     
   44.00000             420   693224.963061315     
   44.00000             430   668314.774261444     
   44.00000             440   644329.117429461     
   44.00000             450   621238.057587935     
   44.00000             460   599008.310423811     
   44.00000             470   577605.596273931     
   44.00000             480   556995.977730734     
   44.00000             490   537146.578836561     
   44.00000             500   518025.934435002     
 
   48.00000             100   1812.74114063091     
   48.00000             110   17321.0085407149     
   48.00000             120   32931.9025111688     
   48.00000             130   47375.3210762084     
   48.00000             140   62240.2465640345     
   48.00000             150   78822.6505541872     
   48.00000             160   98233.8425625625     
   48.00000             170   121589.863181618     
   48.00000             180   150176.038426233     
   48.00000             190   185700.724708145     
   48.00000             200   230962.140712818     
   48.00000             210   291216.303243109     
   48.00000             220   374041.312579777     
   48.00000             230   483148.050794989     
   48.00000             240   610551.216707111     
   48.00000             250   738432.978763381     
   48.00000             260   849032.801478058     
   48.00000             270   932017.369146612     
   48.00000             280   985357.700556233     
   48.00000             290   1012483.69955858     
   48.00000             300   1019063.75767958     
   48.00000             310   1010861.61580013     
   48.00000             320   992733.947907014     
   48.00000             330   968369.383322109     
   48.00000             340   940388.516368381     
   48.00000             350   910566.590327481     
   48.00000             360   880061.616996378     
   48.00000             370   849603.564607100     
   48.00000             380   819636.049331155     
   48.00000             390   790416.289040447     
   48.00000             400   762082.910547401     
   48.00000             410   734700.697324084     
   48.00000             420   708289.507656593     
   48.00000             430   682842.643172609     
   48.00000             440   658338.334615984     
   48.00000             450   634746.809990451     
   48.00000             460   612034.565374937     
   48.00000             470   590166.885953600     
   48.00000             480   569109.285840346     
   48.00000             490   548828.288845259     
   48.00000             500   529291.814143584     
 
   52.00000             100   1812.74114063091     
   52.00000             110   17320.9630587471     
   52.00000             120   32931.7016037970     
   52.00000             130   47374.7999282350     
   52.00000             140   62238.9498767626     
   52.00000             150   78819.4486063811     
   52.00000             160   98225.9623599439     
   52.00000             170   121570.346828161     
   52.00000             180   150126.306933113     
   52.00000             190   185564.314742803     
   52.00000             200   230559.659141641     
   52.00000             210   290140.723783936     
   52.00000             220   371964.656203002     
   52.00000             230   480722.570295262     
   52.00000             240   609705.642100402     
   52.00000             250   741376.188431099     
   52.00000             260   857098.971032348     
   52.00000             270   945326.628073980     
   52.00000             280   1003153.58202255     
   52.00000             290   1033636.59180397     
   52.00000             300   1042441.19654180     
   52.00000             310   1035511.92066538     
   52.00000             320   1017936.42203806     
   52.00000             330   993615.737742735     
   52.00000             340   965339.637304296     
   52.00000             350   935007.508107975     
   52.00000             360   903863.747134279     
   52.00000             370   872696.199514118     
   52.00000             380   841986.122054754     
   52.00000             390   812014.576391226     
   52.00000             400   782934.890209890     
   52.00000             410   754820.618241984     
   52.00000             420   727696.612073999     
   52.00000             430   701558.798295086     
   52.00000             440   676386.572556276     
   52.00000             450   652150.445113191     
   52.00000             460   628816.674334639     
   52.00000             470   606350.012914730     
   52.00000             480   584715.285743762     
   52.00000             490   563878.254023647     
   52.00000             500   543806.050260692     
 
   56.00000             100   1812.74114063091     
   56.00000             110   17320.9099553209     
   56.00000             120   32931.4670384329     
   56.00000             130   47374.1915331286     
   56.00000             140   62237.4364213849     
   56.00000             150   78815.7129485846     
   56.00000             160   98216.7767699856     
   56.00000             170   121547.645115378     
   56.00000             180   150068.788087624     
   56.00000             190   185408.358503644     
   56.00000             200   230101.072919551     
   56.00000             210   288883.927705743     
   56.00000             220   369414.454843241     
   56.00000             230   477512.949856058     
   56.00000             240   608183.680464980     
   56.00000             250   744466.999065277     
   56.00000             260   866730.321457965     
   56.00000             270   961840.904053910     
   56.00000             280   1025673.34174555     
   56.00000             290   1060721.48252440     
   56.00000             300   1072600.10734746     
   56.00000             310   1067470.02371377     
   56.00000             320   1050717.53138668     
   56.00000             330   1026525.73694293     
   56.00000             340   997912.225609417     
   56.00000             350   966945.012800795     
   56.00000             360   934986.537037612     
   56.00000             370   902904.088538892     
   56.00000             380   871230.789770838     
   56.00000             390   840280.678431158     
   56.00000             400   810227.497795898     
   56.00000             410   781157.049628792     
   56.00000             420   753101.215319800     
   56.00000             430   726059.672696304     
   56.00000             440   700013.541935876     
   56.00000             450   674933.828407504     
   56.00000             460   650786.557903934     
   56.00000             470   627535.834948318     
   56.00000             480   605145.612418794     
   56.00000             490   583580.671768826     
   56.00000             500   562807.126996794     
 
   60.00000             100   1812.74114063091     
   60.00000             110   17320.8486699194     
   60.00000             120   32931.1963431729     
   60.00000             130   47373.4895087003     
   60.00000             140   62235.6904721650     
   60.00000             150   78811.4055055330     
   60.00000             160   98206.1959106685     
   60.00000             170   121521.556357948     
   60.00000             180   150003.106071815     
   60.00000             190   185232.752516531     
   60.00000             200   229588.735340573     
   60.00000             210   287441.799839084     
   60.00000             220   366307.728907212     
   60.00000             230   473240.489626311     
   60.00000             240   605543.167201785     
   60.00000             250   747369.964763271     
   60.00000             260   878039.069431033     
   60.00000             270   982337.529053211     
   60.00000             280   1054397.29427060     
   60.00000             290   1095829.73138952     
   60.00000             300   1112094.64376829     
   60.00000             310   1109601.57307274     
   60.00000             320   1094126.36329809     
   60.00000             330   1070234.50445964     
   60.00000             340   1041258.45760701     
   60.00000             350   1009502.06845942     
   60.00000             360   976494.186600828     
   60.00000             370   943214.773379555     
   60.00000             380   910270.874354382     
   60.00000             390   878023.747550341     
   60.00000             400   846676.520295834     
   60.00000             410   816332.736919523     
   60.00000             420   787034.562549075     
   60.00000             430   758787.257137075     
   60.00000             440   731574.606796938     
   60.00000             450   705368.506520921     
   60.00000             460   680134.814349332     
   60.00000             470   655836.857949790     
   60.00000             480   632437.480415776     
   60.00000             490   609900.188280320     
   60.00000             500   588189.755634137     
 
   64.00000             100   1812.74114063091     
   64.00000             110   17320.7791774292     
   64.00000             120   32930.8894118335     
   64.00000             130   47372.6936143590     
   64.00000             140   62233.7116097283     
   64.00000             150   78806.5261168985     
   64.00000             160   98194.2237414325     
   64.00000             170   121492.113119463     
   64.00000             180   149929.484517928     
   64.00000             190   185039.144299865     
   64.00000             200   229032.045034991     
   64.00000             210   285834.687313286     
   64.00000             220   362591.108702960     
   64.00000             230   467559.033911073     
   64.00000             240   601075.517526321     
   64.00000             250   749359.856941987     
   64.00000             260   890853.610388505     
   64.00000             270   1007635.76259154     
   64.00000             280   1091280.25761769     
   64.00000             290   1141953.02291148     
   64.00000             300   1164731.33826175     
   64.00000             310   1166281.17852138     
   64.00000             320   1152887.85826888     
   64.00000             330   1129647.39822137     
   64.00000             340   1100341.56288048     
   64.00000             350   1067616.34407335     
   64.00000             360   1033244.71227211     
   64.00000             370   998373.262366378     
   64.00000             380   963719.089498327     
   64.00000             390   929714.173781558     
   64.00000             400   896605.933028831     
   64.00000             410   864524.867013739     
   64.00000             420   833528.943601677     
   64.00000             430   803632.167825537     
   64.00000             440   774822.674963997     
   64.00000             450   747074.018024692     
   64.00000             460   720352.100293450     
   64.00000             470   694619.356317089     
   64.00000             480   669837.214587539     
   64.00000             490   645967.499887882     
   64.00000             500   622973.190048878     
 
   68.00000             100   1812.74114063091     
   68.00000             110   17320.7024639427     
   68.00000             120   32930.5506047756     
   68.00000             130   47371.8151936822     
   68.00000             140   62231.5282270521     
   68.00000             150   78801.1457092205     
   68.00000             160   98181.0387709145     
   68.00000             170   121459.776628498     
   68.00000             180   149849.199271001     
   68.00000             190   184831.861782932     
   68.00000             200   228450.007242921     
   68.00000             210   284124.382995638     
   68.00000             220   358302.868464683     
   68.00000             230   460117.946392508     
   68.00000             240   593701.576071516     
   68.00000             250   748968.188465210     
   68.00000             260   904257.427477783     
   68.00000             270   1038273.28550035     
   68.00000             280   1138750.22675018     
   68.00000             290   1203369.62302266     
   68.00000             300   1236314.64433189     
   68.00000             310   1244422.96718201     
   68.00000             320   1234634.68283888     
   68.00000             330   1212799.24423848     
   68.00000             340   1183364.71428885     
   68.00000             350   1149497.10651221     
   68.00000             360   1113346.40451595     
   68.00000             370   1076319.50811152     
   68.00000             380   1039306.98178705     
   68.00000             390   1002853.17548600     
   68.00000             400   967276.452266324     
   68.00000             410   932750.906716956     
   68.00000             420   899360.407009022     
   68.00000             430   867133.603480884     
   68.00000             440   836066.229258493     
   68.00000             450   806135.094184581     
   68.00000             460   777306.736015663     
   68.00000             470   749542.680336137     
   68.00000             480   722802.572973334     
   68.00000             490   697045.992976664     
   68.00000             500   672233.457426061     
 
   72.00000             100   1812.74114063091     
   72.00000             110   17320.6211533054     
   72.00000             120   32930.1915144978     
   72.00000             130   47370.8843332270     
   72.00000             140   62229.2152638777     
   72.00000             150   78795.4497065217     
   72.00000             160   98167.0989746339     
   72.00000             170   121425.686388184     
   72.00000             180   149765.146961543     
   72.00000             190   184618.903561610     
   72.00000             200   227871.850139367     
   72.00000             210   282426.562526665     
   72.00000             220   353676.086385601     
   72.00000             230   450782.406705455     
   72.00000             240   581984.723807605     
   72.00000             250   743411.388047198     
   72.00000             260   915541.443572969     
   72.00000             270   1073503.55978813     
   72.00000             280   1199267.38082430     
   72.00000             290   1286032.19793556     
   72.00000             300   1335879.72048302     
   72.00000             310   1355425.57717175     
   72.00000             320   1352380.41440135     
   72.00000             330   1333679.32564240     
   72.00000             340   1304803.83910014     
   72.00000             350   1269758.78486312     
   72.00000             360   1231317.37963015     
   72.00000             370   1191324.20755775     
   72.00000             380   1150965.30661352     
   72.00000             390   1110978.53412097     
   72.00000             400   1071805.72129720     
   72.00000             410   1033697.73613135     
   72.00000             420   996784.773259819     
   72.00000             430   961122.308405118     
   72.00000             440   926720.605472897     
   72.00000             450   893563.374268178     
   72.00000             460   861619.398969753     
   72.00000             470   830849.676511662     
   72.00000             480   801211.721174280     
   72.00000             490   772662.100639101     
   72.00000             500   745157.880946059     
 
   76.00000             100   1812.74114063091     
   76.00000             110   17320.5401289990     
   76.00000             120   32929.8337094140     
   76.00000             130   47369.9569558692     
   76.00000             140   62226.9117330870     
   76.00000             150   78789.7807125706     
   76.00000             160   98153.2439152307     
   76.00000             170   121391.898570940     
   76.00000             180   149682.375488067     
   76.00000             190   184412.757296744     
   76.00000             200   227334.055425108     
   76.00000             210   280896.643531388     
   76.00000             220   349233.979767317     
   76.00000             230   440151.877271697     
   76.00000             240   564725.151702160     
   76.00000             250   728037.569308949     
   76.00000             260   917989.888295848     
   76.00000             270   1108347.00895302     
   76.00000             280   1273125.96832739     
   76.00000             290   1397190.65722665     
   76.00000             300   1477498.25072904     
   76.00000             310   1518991.27904958     
   76.00000             320   1529930.30051447     
   76.00000             330   1518765.14732019     
   76.00000             340   1492653.29668454     
   76.00000             350   1457059.17440594     
   76.00000             360   1415886.32591350     
   76.00000             370   1371795.24687046     
   76.00000             380   1326533.89297807     
   76.00000             390   1281214.05527822     
   76.00000             400   1236519.61635322     
   76.00000             410   1192854.22485685     
   76.00000             420   1150441.96087225     
   76.00000             430   1109394.08990907     
   76.00000             440   1069752.42696919     
   76.00000             450   1031517.04444418     
   76.00000             460   994663.722041357     
   76.00000             470   959154.783298038     
   76.00000             480   924945.723509181     
   76.00000             490   891989.189637454     
   76.00000             500   860237.312052194     
 
   80.00000             100   1812.74114063091     
   80.00000             110   17320.4667626489     
   80.00000             120   32929.5097398249     
   80.00000             130   47369.1174053388     
   80.00000             140   62224.8270243614     
   80.00000             150   78784.6534690463     
   80.00000             160   98140.7286653047     
   80.00000             170   121361.456748199     
   80.00000             180   149608.215112536     
   80.00000             190   184230.562216917     
   80.00000             200   226875.702449573     
   80.00000             210   279671.693718377     
   80.00000             220   345679.934675309     
   80.00000             230   430224.078986762     
   80.00000             240   543246.766255391     
   80.00000             250   697729.578561766     
   80.00000             260   897447.060796113     
   80.00000             270   1125188.01288745     
   80.00000             280   1348960.16296634     
   80.00000             290   1539265.51232831     
   80.00000             300   1680159.79042276     
   80.00000             310   1769548.62154301     
   80.00000             320   1814021.81748775     
   80.00000             330   1823517.51457908     
   80.00000             340   1807897.21567749     
   80.00000             350   1775392.49942037     
   80.00000             360   1732235.65101176     
   80.00000             370   1682856.14677385     
   80.00000             380   1630263.25114745     
   80.00000             390   1576429.97921569     
   80.00000             400   1522609.55502670     
   80.00000             410   1469572.08656444     
   80.00000             420   1417771.66906727     
   80.00000             430   1367460.00113359     
   80.00000             440   1318761.61245117     
   80.00000             450   1271722.69325959     
   80.00000             460   1226342.28625421     
   80.00000             470   1182591.93484941     
   80.00000             480   1140427.89344640     
   80.00000             490   1099798.60526119     
   80.00000             500   1060649.20205661     
 
   84.00000             100   1812.74114063091     
   84.00000             110   17320.4101706317     
   84.00000             120   32929.2598535288     
   84.00000             130   47368.4699223191     
   84.00000             140   62223.2196750806     
   84.00000             150   78780.7023502450     
   84.00000             160   98131.0943378477     
   84.00000             170   121338.071807493     
   84.00000             180   149551.494263301     
   84.00000             190   184092.546567466     
   84.00000             200   226536.824089336     
   84.00000             210   278819.793640948     
   84.00000             220   343409.975903150     
   84.00000             230   423694.045389522     
   84.00000             240   525097.754614776     
   84.00000             250   657766.350275314     
   84.00000             260   837800.100879487     
   84.00000             270   1076951.15992745     
   84.00000             280   1363958.53101683     
   84.00000             290   1662427.59768238     
   84.00000             300   1930341.52313757     
   84.00000             310   2139395.25217888     
   84.00000             320   2280467.38197600     
   84.00000             330   2358709.93360677     
   84.00000             340   2386135.66552390     
   84.00000             350   2376066.86029043     
   84.00000             360   2340233.88856278     
   84.00000             370   2287797.68210842     
   84.00000             380   2225397.86559963     
   84.00000             390   2157604.16160144     
   84.00000             400   2087440.06834806     
   84.00000             410   2016839.72202572     
   84.00000             420   1946999.81117966     
   84.00000             430   1878632.29503363     
   84.00000             440   1812137.94634689     
   84.00000             450   1747721.88795040     
   84.00000             460   1685468.76251080     
   84.00000             470   1625390.75054625     
   84.00000             480   1567457.76116313     
   84.00000             490   1511616.12945898     
   84.00000             500   1457800.01253322     
 
   88.00000             100   1812.74114063091     
   88.00000             110   17320.3791256654     
   88.00000             120   32929.1227764216     
   88.00000             130   47368.1147715923     
   88.00000             140   62222.3381877442     
   88.00000             150   78778.5362808219     
   88.00000             160   98125.8163264702     
   88.00000             170   121325.278587500     
   88.00000             180   149520.551036520     
   88.00000             190   184017.688752568     
   88.00000             200   226355.325888327     
   88.00000             210   278377.447597673     
   88.00000             220   342318.578645908     
   88.00000             230   420914.140525724     
   88.00000             240   517560.800145624     
   88.00000             250   636588.777521408     
   88.00000             260   783837.139840886     
   88.00000             270   968106.587742320     
   88.00000             280   1203874.93786729     
   88.00000             290   1509894.72311124     
   88.00000             300   1891158.13304107     
   88.00000             310   2314705.81433566     
   88.00000             320   2716061.65004672     
   88.00000             330   3034880.31578620     
   88.00000             340   3241684.11980463     
   88.00000             350   3339031.75660843     
   88.00000             360   3348282.44114201     
   88.00000             370   3296045.17792111     
   88.00000             380   3206065.81010619     
   88.00000             390   3096223.91206610     
   88.00000             400   2978516.97289036     
   88.00000             410   2860250.55534954     
   88.00000             420   2745431.51970701     
   88.00000             430   2635945.73896421     
   88.00000             440   2532417.96277056     
   88.00000             450   2434785.20822097     
   88.00000             460   2342653.54876083     
   88.00000             470   2255506.20737958     
   88.00000             480   2172816.12219615     
   88.00000             490   2094100.41872358     
   88.00000             500   2018941.44116401     
 
   92.00000             100   1812.74114063091     
   92.00000             110   17320.3791256654     
   92.00000             120   32929.1227764216     
   92.00000             130   47368.1147715923     
   92.00000             140   62222.3381877442     
   92.00000             150   78778.5362808219     
   92.00000             160   98125.8163264702     
   92.00000             170   121325.278587500     
   92.00000             180   149520.551036520     
   92.00000             190   184017.688752568     
   92.00000             200   226355.325888327     
   92.00000             210   278377.447597673     
   92.00000             220   342318.578645908     
   92.00000             230   420914.140525725     
   92.00000             240   517560.800145624     
   92.00000             250   636588.777521408     
   92.00000             260   783837.139840885     
   92.00000             270   968106.587742320     
   92.00000             280   1203874.93786729     
   92.00000             290   1509894.72311123     
   92.00000             300   1891158.13304107     
   92.00000             310   2314705.81433566     
   92.00000             320   2716061.65004672     
   92.00000             330   3034880.31578620     
   92.00000             340   3241684.11980463     
   92.00000             350   3339031.75660844     
   92.00000             360   3348282.44114202     
   92.00000             370   3296045.17792113     
   92.00000             380   3206065.81010622     
   92.00000             390   3096223.91206613     
   92.00000             400   2978516.97289039     
   92.00000             410   2860250.55534958     
   92.00000             420   2745431.51970705     
   92.00000             430   2635945.73896425     
   92.00000             440   2532417.96277060     
   92.00000             450   2434785.20822101     
   92.00000             460   2342653.54876087     
   92.00000             470   2255506.20737962     
   92.00000             480   2172816.12219618     
   92.00000             490   2094100.41872361     
   92.00000             500   2018941.44116405     
 
   96.00000             100   1812.74114063091     
   96.00000             110   17320.4101706317     
   96.00000             120   32929.2598535288     
   96.00000             130   47368.4699223191     
   96.00000             140   62223.2196750806     
   96.00000             150   78780.7023502450     
   96.00000             160   98131.0943378477     
   96.00000             170   121338.071807493     
   96.00000             180   149551.494263301     
   96.00000             190   184092.546567466     
   96.00000             200   226536.824089336     
   96.00000             210   278819.793640948     
   96.00000             220   343409.975903150     
   96.00000             230   423694.045389522     
   96.00000             240   525097.754614776     
   96.00000             250   657766.350275314     
   96.00000             260   837800.100879487     
   96.00000             270   1076951.15992745     
   96.00000             280   1363958.53101683     
   96.00000             290   1662427.59768238     
   96.00000             300   1930341.52313757     
   96.00000             310   2139395.25217888     
   96.00000             320   2280467.38197600     
   96.00000             330   2358709.93360677     
   96.00000             340   2386135.66552390     
   96.00000             350   2376066.86029043     
   96.00000             360   2340233.88856278     
   96.00000             370   2287797.68210842     
   96.00000             380   2225397.86559963     
   96.00000             390   2157604.16160144     
   96.00000             400   2087440.06834806     
   96.00000             410   2016839.72202572     
   96.00000             420   1946999.81117966     
   96.00000             430   1878632.29503363     
   96.00000             440   1812137.94634689     
   96.00000             450   1747721.88795040     
   96.00000             460   1685468.76251080     
   96.00000             470   1625390.75054625     
   96.00000             480   1567457.76116313     
   96.00000             490   1511616.12945898     
   96.00000             500   1457800.01253322     
 
   100.0000             100   1812.74114063091     
   100.0000             110   17320.4667626489     
   100.0000             120   32929.5097398249     
   100.0000             130   47369.1174053388     
   100.0000             140   62224.8270243614     
   100.0000             150   78784.6534690463     
   100.0000             160   98140.7286653047     
   100.0000             170   121361.456748199     
   100.0000             180   149608.215112536     
   100.0000             190   184230.562216917     
   100.0000             200   226875.702449573     
   100.0000             210   279671.693718377     
   100.0000             220   345679.934675309     
   100.0000             230   430224.078986762     
   100.0000             240   543246.766255390     
   100.0000             250   697729.578561762     
   100.0000             260   897447.060796099     
   100.0000             270   1125188.01288742     
   100.0000             280   1348960.16296629     
   100.0000             290   1539265.51232823     
   100.0000             300   1680159.79042264     
   100.0000             310   1769548.62154287     
   100.0000             320   1814021.81748759     
   100.0000             330   1823517.51457889     
   100.0000             340   1807897.21567730     
   100.0000             350   1775392.49942016     
   100.0000             360   1732235.65101155     
   100.0000             370   1682856.14677363     
   100.0000             380   1630263.25114723     
   100.0000             390   1576429.97921548     
   100.0000             400   1522609.55502649     
   100.0000             410   1469572.08656423     
   100.0000             420   1417771.66906706     
   100.0000             430   1367460.00113339     
   100.0000             440   1318761.61245098     
   100.0000             450   1271722.69325940     
   100.0000             460   1226342.28625403     
   100.0000             470   1182591.93484923     
   100.0000             480   1140427.89344622     
   100.0000             490   1099798.60526102     
   100.0000             500   1060649.20205645     
 
   104.0000             100   1812.74114063091     
   104.0000             110   17320.5401289990     
   104.0000             120   32929.8337094140     
   104.0000             130   47369.9569558692     
   104.0000             140   62226.9117330870     
   104.0000             150   78789.7807125706     
   104.0000             160   98153.2439152307     
   104.0000             170   121391.898570940     
   104.0000             180   149682.375488067     
   104.0000             190   184412.757296744     
   104.0000             200   227334.055425108     
   104.0000             210   280896.643531388     
   104.0000             220   349233.979767317     
   104.0000             230   440151.877271697     
   104.0000             240   564725.151702163     
   104.0000             250   728037.569308956     
   104.0000             260   917989.888295864     
   104.0000             270   1108347.00895305     
   104.0000             280   1273125.96832743     
   104.0000             290   1397190.65722671     
   104.0000             300   1477498.25072911     
   104.0000             310   1518991.27904967     
   104.0000             320   1529930.30051457     
   104.0000             330   1518765.14732029     
   104.0000             340   1492653.29668464     
   104.0000             350   1457059.17440605     
   104.0000             360   1415886.32591361     
   104.0000             370   1371795.24687056     
   104.0000             380   1326533.89297817     
   104.0000             390   1281214.05527832     
   104.0000             400   1236519.61635332     
   104.0000             410   1192854.22485695     
   104.0000             420   1150441.96087235     
   104.0000             430   1109394.08990917     
   104.0000             440   1069752.42696928     
   104.0000             450   1031517.04444427     
   104.0000             460   994663.722041444     
   104.0000             470   959154.783298123     
   104.0000             480   924945.723509263     
   104.0000             490   891989.189637534     
   104.0000             500   860237.312052271     
 
   108.0000             100   1812.74114063091     
   108.0000             110   17320.6211533054     
   108.0000             120   32930.1915144978     
   108.0000             130   47370.8843332270     
   108.0000             140   62229.2152638777     
   108.0000             150   78795.4497065217     
   108.0000             160   98167.0989746339     
   108.0000             170   121425.686388184     
   108.0000             180   149765.146961543     
   108.0000             190   184618.903561610     
   108.0000             200   227871.850139367     
   108.0000             210   282426.562526665     
   108.0000             220   353676.086385601     
   108.0000             230   450782.406705455     
   108.0000             240   581984.723807605     
   108.0000             250   743411.388047197     
   108.0000             260   915541.443572969     
   108.0000             270   1073503.55978813     
   108.0000             280   1199267.38082430     
   108.0000             290   1286032.19793556     
   108.0000             300   1335879.72048302     
   108.0000             310   1355425.57717175     
   108.0000             320   1352380.41440135     
   108.0000             330   1333679.32564240     
   108.0000             340   1304803.83910014     
   108.0000             350   1269758.78486312     
   108.0000             360   1231317.37963015     
   108.0000             370   1191324.20755775     
   108.0000             380   1150965.30661352     
   108.0000             390   1110978.53412097     
   108.0000             400   1071805.72129719     
   108.0000             410   1033697.73613135     
   108.0000             420   996784.773259816     
   108.0000             430   961122.308405114     
   108.0000             440   926720.605472893     
   108.0000             450   893563.374268173     
   108.0000             460   861619.398969748     
   108.0000             470   830849.676511658     
   108.0000             480   801211.721174276     
   108.0000             490   772662.100639096     
   108.0000             500   745157.880946054     
 
   112.0000             100   1812.74114063091     
   112.0000             110   17320.7024639427     
   112.0000             120   32930.5506047756     
   112.0000             130   47371.8151936822     
   112.0000             140   62231.5282270521     
   112.0000             150   78801.1457092205     
   112.0000             160   98181.0387709145     
   112.0000             170   121459.776628498     
   112.0000             180   149849.199271001     
   112.0000             190   184831.861782932     
   112.0000             200   228450.007242921     
   112.0000             210   284124.382995638     
   112.0000             220   358302.868464684     
   112.0000             230   460117.946392511     
   112.0000             240   593701.576071525     
   112.0000             250   748968.188465230     
   112.0000             260   904257.427477819     
   112.0000             270   1038273.28550041     
   112.0000             280   1138750.22675025     
   112.0000             290   1203369.62302275     
   112.0000             300   1236314.64433200     
   112.0000             310   1244422.96718212     
   112.0000             320   1234634.68283901     
   112.0000             330   1212799.24423861     
   112.0000             340   1183364.71428899     
   112.0000             350   1149497.10651235     
   112.0000             360   1113346.40451609     
   112.0000             370   1076319.50811165     
   112.0000             380   1039306.98178719     
   112.0000             390   1002853.17548613     
   112.0000             400   967276.452266456     
   112.0000             410   932750.906717085     
   112.0000             420   899360.407009146     
   112.0000             430   867133.603481005     
   112.0000             440   836066.229258610     
   112.0000             450   806135.094184694     
   112.0000             460   777306.736015772     
   112.0000             470   749542.680336243     
   112.0000             480   722802.572973436     
   112.0000             490   697045.992976762     
   112.0000             500   672233.457426156     
 
   116.0000             100   1812.74114063091     
   116.0000             110   17320.7791774292     
   116.0000             120   32930.8894118335     
   116.0000             130   47372.6936143590     
   116.0000             140   62233.7116097283     
   116.0000             150   78806.5261168985     
   116.0000             160   98194.2237414325     
   116.0000             170   121492.113119463     
   116.0000             180   149929.484517928     
   116.0000             190   185039.144299865     
   116.0000             200   229032.045034991     
   116.0000             210   285834.687313286     
   116.0000             220   362591.108702960     
   116.0000             230   467559.033911073     
   116.0000             240   601075.517526321     
   116.0000             250   749359.856941986     
   116.0000             260   890853.610388503     
   116.0000             270   1007635.76259154     
   116.0000             280   1091280.25761769     
   116.0000             290   1141953.02291148     
   116.0000             300   1164731.33826175     
   116.0000             310   1166281.17852138     
   116.0000             320   1152887.85826887     
   116.0000             330   1129647.39822137     
   116.0000             340   1100341.56288048     
   116.0000             350   1067616.34407334     
   116.0000             360   1033244.71227210     
   116.0000             370   998373.262366371     
   116.0000             380   963719.089498320     
   116.0000             390   929714.173781551     
   116.0000             400   896605.933028824     
   116.0000             410   864524.867013731     
   116.0000             420   833528.943601669     
   116.0000             430   803632.167825529     
   116.0000             440   774822.674963990     
   116.0000             450   747074.018024685     
   116.0000             460   720352.100293443     
   116.0000             470   694619.356317083     
   116.0000             480   669837.214587534     
   116.0000             490   645967.499887876     
   116.0000             500   622973.190048873     
 
   120.0000             100   1812.74114063091     
   120.0000             110   17320.8486699194     
   120.0000             120   32931.1963431729     
   120.0000             130   47373.4895087003     
   120.0000             140   62235.6904721650     
   120.0000             150   78811.4055055330     
   120.0000             160   98206.1959106685     
   120.0000             170   121521.556357948     
   120.0000             180   150003.106071815     
   120.0000             190   185232.752516531     
   120.0000             200   229588.735340573     
   120.0000             210   287441.799839084     
   120.0000             220   366307.728907212     
   120.0000             230   473240.489626311     
   120.0000             240   605543.167201785     
   120.0000             250   747369.964763272     
   120.0000             260   878039.069431033     
   120.0000             270   982337.529053212     
   120.0000             280   1054397.29427060     
   120.0000             290   1095829.73138952     
   120.0000             300   1112094.64376829     
   120.0000             310   1109601.57307275     
   120.0000             320   1094126.36329809     
   120.0000             330   1070234.50445964     
   120.0000             340   1041258.45760701     
   120.0000             350   1009502.06845942     
   120.0000             360   976494.186600830     
   120.0000             370   943214.773379557     
   120.0000             380   910270.874354384     
   120.0000             390   878023.747550343     
   120.0000             400   846676.520295836     
   120.0000             410   816332.736919525     
   120.0000             420   787034.562549077     
   120.0000             430   758787.257137077     
   120.0000             440   731574.606796939     
   120.0000             450   705368.506520923     
   120.0000             460   680134.814349333     
   120.0000             470   655836.857949791     
   120.0000             480   632437.480415777     
   120.0000             490   609900.188280321     
   120.0000             500   588189.755634138     
 
   124.0000             100   1812.74114063091     
   124.0000             110   17320.9099553209     
   124.0000             120   32931.4670384329     
   124.0000             130   47374.1915331286     
   124.0000             140   62237.4364213849     
   124.0000             150   78815.7129485846     
   124.0000             160   98216.7767699856     
   124.0000             170   121547.645115378     
   124.0000             180   150068.788087624     
   124.0000             190   185408.358503644     
   124.0000             200   230101.072919551     
   124.0000             210   288883.927705743     
   124.0000             220   369414.454843242     
   124.0000             230   477512.949856059     
   124.0000             240   608183.680464983     
   124.0000             250   744466.999065281     
   124.0000             260   866730.321457972     
   124.0000             270   961840.904053919     
   124.0000             280   1025673.34174557     
   124.0000             290   1060721.48252441     
   124.0000             300   1072600.10734747     
   124.0000             310   1067470.02371378     
   124.0000             320   1050717.53138669     
   124.0000             330   1026525.73694294     
   124.0000             340   997912.225609434     
   124.0000             350   966945.012800813     
   124.0000             360   934986.537037630     
   124.0000             370   902904.088538911     
   124.0000             380   871230.789770858     
   124.0000             390   840280.678431177     
   124.0000             400   810227.497795917     
   124.0000             410   781157.049628811     
   124.0000             420   753101.215319818     
   124.0000             430   726059.672696322     
   124.0000             440   700013.541935893     
   124.0000             450   674933.828407520     
   124.0000             460   650786.557903950     
   124.0000             470   627535.834948334     
   124.0000             480   605145.612418809     
   124.0000             490   583580.671768840     
   124.0000             500   562807.126996808     
 
   128.0000             100   1812.74114063091     
   128.0000             110   17320.9630587471     
   128.0000             120   32931.7016037970     
   128.0000             130   47374.7999282350     
   128.0000             140   62238.9498767626     
   128.0000             150   78819.4486063811     
   128.0000             160   98225.9623599439     
   128.0000             170   121570.346828161     
   128.0000             180   150126.306933113     
   128.0000             190   185564.314742803     
   128.0000             200   230559.659141641     
   128.0000             210   290140.723783935     
   128.0000             220   371964.656203000     
   128.0000             230   480722.570295256     
   128.0000             240   609705.642100386     
   128.0000             250   741376.188431070     
   128.0000             260   857098.971032304     
   128.0000             270   945326.628073920     
   128.0000             280   1003153.58202247     
   128.0000             290   1033636.59180388     
   128.0000             300   1042441.19654170     
   128.0000             310   1035511.92066527     
   128.0000             320   1017936.42203795     
   128.0000             330   993615.737742621     
   128.0000             340   965339.637304180     
   128.0000             350   935007.508107858     
   128.0000             360   903863.747134162     
   128.0000             370   872696.199514003     
   128.0000             380   841986.122054640     
   128.0000             390   812014.576391114     
   128.0000             400   782934.890209779     
   128.0000             410   754820.618241875     
   128.0000             420   727696.612073893     
   128.0000             430   701558.798294982     
   128.0000             440   676386.572556175     
   128.0000             450   652150.445113092     
   128.0000             460   628816.674334543     
   128.0000             470   606350.012914637     
   128.0000             480   584715.285743672     
   128.0000             490   563878.254023560     
   128.0000             500   543806.050260608     
 
   132.0000             100   1812.74114063091     
   132.0000             110   17321.0085407149     
   132.0000             120   32931.9025111688     
   132.0000             130   47375.3210762084     
   132.0000             140   62240.2465640345     
   132.0000             150   78822.6505541872     
   132.0000             160   98233.8425625625     
   132.0000             170   121589.863181618     
   132.0000             180   150176.038426233     
   132.0000             190   185700.724708145     
   132.0000             200   230962.140712818     
   132.0000             210   291216.303243109     
   132.0000             220   374041.312579777     
   132.0000             230   483148.050794989     
   132.0000             240   610551.216707112     
   132.0000             250   738432.978763381     
   132.0000             260   849032.801478058     
   132.0000             270   932017.369146612     
   132.0000             280   985357.700556234     
   132.0000             290   1012483.69955858     
   132.0000             300   1019063.75767958     
   132.0000             310   1010861.61580013     
   132.0000             320   992733.947907013     
   132.0000             330   968369.383322107     
   132.0000             340   940388.516368379     
   132.0000             350   910566.590327478     
   132.0000             360   880061.616996376     
   132.0000             370   849603.564607098     
   132.0000             380   819636.049331153     
   132.0000             390   790416.289040445     
   132.0000             400   762082.910547399     
   132.0000             410   734700.697324081     
   132.0000             420   708289.507656590     
   132.0000             430   682842.643172606     
   132.0000             440   658338.334615982     
   132.0000             450   634746.809990448     
   132.0000             460   612034.565374934     
   132.0000             470   590166.885953597     
   132.0000             480   569109.285840344     
   132.0000             490   548828.288845257     
   132.0000             500   529291.814143582     
 
   136.0000             100   1812.74114063091     
   136.0000             110   17321.0471879542     
   136.0000             120   32932.0732326417     
   136.0000             130   47375.7639605816     
   136.0000             140   62241.3487166796     
   136.0000             150   78825.3731074089     
   136.0000             160   98240.5480521247     
   136.0000             170   121606.500828275     
   136.0000             180   150218.648044558     
   136.0000             190   185818.698236503     
   136.0000             200   231310.476730700     
   136.0000             210   292126.444175979     
   136.0000             220   375727.880373586     
   136.0000             230   484997.191330832     
   136.0000             240   610991.157747129     
   136.0000             250   735775.886632691     
   136.0000             260   842331.811370772     
   136.0000             270   921263.632888270     
   136.0000             280   971187.212036607     
   136.0000             290   995788.143103200     
   136.0000             300   1000716.46567862     
   136.0000             310   991587.135008867     
   136.0000             320   973076.369568752     
   136.0000             330   948710.038348221     
   136.0000             340   920980.440675479     
   136.0000             350   891569.286504087     
   136.0000             360   861569.798409219     
   136.0000             370   831668.688187585     
   136.0000             380   802281.524114134     
   136.0000             390   773647.809109361     
   136.0000             400   745895.284519836     
   136.0000             410   719082.268124020     
   136.0000             420   693224.963061537     
   136.0000             430   668314.774261659     
   136.0000             440   644329.117429671     
   136.0000             450   621238.057588138     
   136.0000             460   599008.310424008     
   136.0000             470   577605.596274121     
   136.0000             480   556995.977730917     
   136.0000             490   537146.578836738     
   136.0000             500   518025.934435172     
 
   140.0000             100   1812.74114063091     
   140.0000             110   17321.0798340165     
   140.0000             120   32932.2174480085     
   140.0000             130   47376.1381100622     
   140.0000             140   62242.2799576250     
   140.0000             150   78827.6741735679     
   140.0000             160   98246.2191442195     
   140.0000             170   121620.594483659     
   140.0000             180   150254.899822238     
   140.0000             190   185919.824416183     
   140.0000             200   231608.828619061     
   140.0000             210   292890.878348608     
   140.0000             220   377097.312860483     
   140.0000             230   486420.181489510     
   140.0000             240   611190.467006894     
   140.0000             250   733447.088759939     
   140.0000             260   836787.895575212     
   140.0000             270   912549.172774818     
   140.0000             280   959830.593365902     
   140.0000             290   982497.951653993     
   140.0000             300   986174.703898658     
   140.0000             310   976354.093933625     
   140.0000             320   957570.065772644     
   140.0000             330   933222.005980052     
   140.0000             340   905703.298347380     
   140.0000             350   876623.899385769     
   140.0000             360   847027.504316156     
   140.0000             370   817567.848530033     
   140.0000             380   788639.168890198     
   140.0000             390   760467.527368242     
   140.0000             400   733172.428831257     
   140.0000             410   706807.317012983     
   140.0000             420   681385.655894762     
   140.0000             430   656897.444855543     
   140.0000             440   633319.512892904     
   140.0000             450   610621.830791684     
   140.0000             460   588771.307989866     
   140.0000             470   567734.019964306     
   140.0000             480   547476.468482991     
   140.0000             490   527966.254295919     
   140.0000             500   509172.399132066     
 
   144.0000             100   1812.74114063091     
   144.0000             110   17321.1072659914     
   144.0000             120   32932.3386325245     
   144.0000             130   47376.4525279288     
   144.0000             140   62243.0626289602     
   144.0000             150   78829.6086276874     
   144.0000             160   98250.9893501677     
   144.0000             170   121632.465634095     
   144.0000             180   150285.548735574     
   144.0000             190   186005.834877986     
   144.0000             200   231862.181931534     
   144.0000             210   293529.263531983     
   144.0000             220   378209.503491642     
   144.0000             230   487524.432371080     
   144.0000             240   611249.850872023     
   144.0000             250   731443.841741397     
   144.0000             260   832214.212945173     
   144.0000             270   905472.434662289     
   144.0000             280   950686.944636535     
   144.0000             290   971853.519794695     
   144.0000             300   974567.163630143     
   144.0000             310   964221.817348509     
   144.0000             320   945238.446457720     
   144.0000             330   920917.099828806     
   144.0000             340   893573.947052473     
   144.0000             350   864763.152170813     
   144.0000             360   835490.006771710     
   144.0000             370   806382.731706833     
   144.0000             380   777819.090676898     
   144.0000             390   750014.785803172     
   144.0000             400   723082.987856183     
   144.0000             410   697073.403877632     
   144.0000             420   671997.408263742     
   144.0000             430   647843.938395335     
   144.0000             440   624589.391276348     
   144.0000             450   602203.683863468     
   144.0000             460   580653.892295497     
   144.0000             470   559906.381782086     
   144.0000             480   539928.007358180     
   144.0000             490   520686.750863847     
   144.0000             500   502152.021983265     
 
   148.0000             100   1812.74114063091     
   148.0000             110   17321.1301828609     
   148.0000             120   32932.4398727641     
   148.0000             130   47376.7152130339     
   148.0000             140   62243.7165932827     
   148.0000             150   78831.2253192254     
   148.0000             160   98254.9778494804     
   148.0000             170   121642.403105601     
   148.0000             180   150311.286282964     
   148.0000             190   186078.408380645     
   148.0000             200   232075.545360043     
   148.0000             210   294059.361237450     
   148.0000             220   379112.102009650     
   148.0000             230   488386.713893741     
   148.0000             240   611231.012522462     
   148.0000             250   729744.399838153     
   148.0000             260   828453.318184018     
   148.0000             270   899723.971613020     
   148.0000             280   943309.133271694     
   148.0000             290   963300.077431979     
   148.0000             300   965264.573419302     
   148.0000             310   954515.725836681     
   148.0000             320   935384.387031493     
   148.0000             330   911092.045793384     
   148.0000             340   883894.098881063     
   148.0000             350   855300.933119410     
   148.0000             360   826287.773167150     
   148.0000             370   797462.898637252     
   148.0000             380   769191.218119195     
   148.0000             390   741680.361851135     
   148.0000             400   715038.574524942     
   148.0000             410   689312.664577551     
   148.0000             420   664512.392206779     
   148.0000             430   640625.881066893     
   148.0000             440   617629.204597550     
   148.0000             450   595492.249944450     
   148.0000             460   574182.234341357     
   148.0000             470   553665.759082368     
   148.0000             480   533909.963995251     
   148.0000             490   514883.136680238     
   148.0000             500   496554.997299471     
 
   152.0000             100   1812.74114063091     
   152.0000             110   17321.1491824079     
   152.0000             120   32932.5238086396     
   152.0000             130   47376.9330082810     
   152.0000             140   62244.2588509103     
   152.0000             150   78832.5660985823     
   152.0000             160   98258.2869530767     
   152.0000             170   121650.656034800     
   152.0000             180   150332.717525595     
   152.0000             190   186139.069395482     
   152.0000             200   232253.534471481     
   152.0000             210   294496.398607381     
   152.0000             220   379842.383599890     
   152.0000             230   489062.109449185     
   152.0000             240   611171.911949260     
   152.0000             250   728320.844382421     
   152.0000             260   825376.810616938     
   152.0000             270   895066.260171300     
   152.0000             280   937362.703918439     
   152.0000             290   956428.508316499     
   152.0000             300   957806.865704086     
   152.0000             310   946745.333091532     
   152.0000             320   927502.824387824     
   152.0000             330   903238.529608550     
   152.0000             340   876159.833398939     
   152.0000             350   847742.621900354     
   152.0000             360   818938.465612885     
   152.0000             370   790339.977786743     
   152.0000             380   762301.980164665     
   152.0000             390   735025.777351155     
   152.0000             400   708615.759508298     
   152.0000             410   683116.471791350     
   152.0000             420   658536.418357524     
   152.0000             430   634863.094023650     
   152.0000             440   612072.327070027     
   152.0000             450   590133.989117383     
   152.0000             460   569015.415218971     
   152.0000             470   548683.398368922     
   152.0000             480   529105.307754739     
   152.0000             490   510249.676309219     
   152.0000             500   492086.472816707     
 
   156.0000             100   1812.74114063091     
   156.0000             110   17321.1647625862     
   156.0000             120   32932.5926393378     
   156.0000             130   47377.1116151705     
   156.0000             140   62244.7035716689     
   156.0000             150   78833.6658739018     
   156.0000             160   98261.0021330929     
   156.0000             170   121657.433331646     
   156.0000             180   150350.355451809     
   156.0000             190   186189.144207085     
   156.0000             200   232400.187146574     
   156.0000             210   294853.009184101     
   156.0000             220   380429.209115323     
   156.0000             230   489590.341921299     
   156.0000             240   611095.971018586     
   156.0000             250   727145.236254890     
   156.0000             260   822882.032085503     
   156.0000             270   891317.432512329     
   156.0000             280   932596.520581020     
   156.0000             290   950934.968536441     
   156.0000             300   951854.653338608     
   156.0000             310   940550.373799851     
   156.0000             320   921223.834768309     
   156.0000             330   896984.941523284     
   156.0000             340   870003.209030192     
   156.0000             350   841727.363639068     
   156.0000             360   813090.380673509     
   156.0000             370   784672.571282724     
   156.0000             380   756820.844318338     
   156.0000             390   729731.547162254     
   156.0000             400   703506.053020674     
   156.0000             410   678187.138644106     
   156.0000             420   653782.329587444     
   156.0000             430   630278.633532336     
   156.0000             440   607651.692023166     
   156.0000             450   585871.369542129     
   156.0000             460   564905.098127850     
   156.0000             470   544719.825300974     
   156.0000             480   525283.103961356     
   156.0000             490   506563.662977912     
   156.0000             500   488531.669387769     
 
   160.0000             100   1812.74114063091     
   160.0000             110   17321.1773292834     
   160.0000             120   32932.6481575239     
   160.0000             130   47377.2556819087     
   160.0000             140   62245.0623109387     
   160.0000             150   78834.5531288326     
   160.0000             160   98263.1932163777     
   160.0000             170   121662.906171314     
   160.0000             180   150364.624043971     
   160.0000             190   186229.749543428     
   160.0000             200   232518.907603973     
   160.0000             210   295139.422939348     
   160.0000             220   380894.732623890     
   160.0000             230   490000.159729242     
   160.0000             240   611017.653593586     
   160.0000             250   726192.391340973     
   160.0000             260   820888.145235501     
   160.0000             270   888338.762373957     
   160.0000             280   928821.865884405     
   160.0000             290   946593.078401852     
   160.0000             300   947156.412472627     
   160.0000             310   935664.761281558     
   160.0000             320   916274.809313573     
   160.0000             330   892057.835737441     
   160.0000             340   865153.745106723     
   160.0000             350   836990.059905397     
   160.0000             360   808485.254070561     
   160.0000             370   780210.053444137     
   160.0000             380   752505.206349960     
   160.0000             390   725563.203929398     
   160.0000             400   699483.074824911     
   160.0000             410   674306.223440941     
   160.0000             420   650039.417666511     
   160.0000             430   626669.289800810     
   160.0000             440   604171.339515144     
   160.0000             450   582515.428903213     
   160.0000             460   561669.068379273     
   160.0000             470   541599.328377237     
   160.0000             480   522273.907208655     
   160.0000             490   503661.688478411     
   160.0000             500   485732.995597336     
 
   164.0000             100   1812.74114063091     
   164.0000             110   17321.1872060970     
   164.0000             120   32932.6917924722     
   164.0000             130   47377.3689148609     
   164.0000             140   62245.3442847480     
   164.0000             150   78835.2505908144     
   164.0000             160   98264.9159720683     
   164.0000             170   121667.211589468     
   164.0000             180   150375.865046844     
   164.0000             190   186261.797870518     
   164.0000             200   232612.475398571     
   164.0000             210   295363.736848765     
   164.0000             220   381255.773611544     
   164.0000             230   490312.353906219     
   164.0000             240   610945.871595714     
   164.0000             250   725440.978614973     
   164.0000             260   819332.510516341     
   164.0000             270   886025.278865875     
   164.0000             280   925897.578517395     
   164.0000             290   943234.631448317     
   164.0000             300   943526.030275855     
   164.0000             310   931892.136074076     
   164.0000             320   912454.930967635     
   164.0000             330   888256.014442155     
   164.0000             340   861412.580128063     
   164.0000             350   833335.906666567     
   164.0000             360   804933.368340314     
   164.0000             370   776768.359253834     
   164.0000             380   749176.918512648     
   164.0000             390   722348.591387269     
   164.0000             400   696380.616864971     
   164.0000             410   671313.352979674     
   164.0000             420   647152.990995718     
   164.0000             430   623885.878605934     
   164.0000             440   601487.409155458     
   164.0000             450   579927.444832031     
   164.0000             460   559173.557700182     
   164.0000             470   539192.913732146     
   164.0000             480   519953.323840582     
   164.0000             490   501423.791242688     
   164.0000             500   483574.760113056     
 
   168.0000             100   1812.74114063091     
   168.0000             110   17321.1946438892     
   168.0000             120   32932.7246522281     
   168.0000             130   47377.4541876256     
   168.0000             140   62245.5566396525     
   168.0000             150   78835.7758899744     
   168.0000             160   98266.2136938135     
   168.0000             170   121670.456164224     
   168.0000             180   150384.345666748     
   168.0000             190   186286.009817100     
   168.0000             200   232683.082359098     
   168.0000             210   295532.184892128     
   168.0000             220   381524.870320970     
   168.0000             230   490541.823911759     
   168.0000             240   610886.077193197     
   168.0000             250   724873.816975451     
   168.0000             260   818167.667785464     
   168.0000             270   884298.851549686     
   168.0000             280   923719.514164158     
   168.0000             290   940736.168659881     
   168.0000             300   940827.345856935     
   168.0000             310   929089.141457817     
   168.0000             320   909617.790726776     
   168.0000             330   885432.925085520     
   168.0000             340   858634.951198494     
   168.0000             350   830623.151741046     
   168.0000             360   802296.709325327     
   168.0000             370   774213.609981663     
   168.0000             380   746706.420822515     
   168.0000             390   719962.516274077     
   168.0000             400   694077.817304072     
   168.0000             410   669091.911992888     
   168.0000             420   645010.567913387     
   168.0000             430   621819.924249670     
   168.0000             440   599495.297157031     
   168.0000             450   578006.549979392     
   168.0000             460   557321.301219154     
   168.0000             470   537406.788182436     
   168.0000             480   518230.905619236     
   168.0000             490   499762.745687423     
   168.0000             500   481972.842294332     
 
   172.0000             100   1812.74114063091     
   172.0000             110   17321.1998290553     
   172.0000             120   32932.7475601099     
   172.0000             130   47377.5136355256     
   172.0000             140   62245.7046868349     
   172.0000             150   78836.1421321662     
   172.0000             160   98267.1185835368     
   172.0000             170   121672.719281239     
   172.0000             180   150390.265741532     
   172.0000             190   186302.928255988     
   172.0000             200   232732.376866945     
   172.0000             210   295649.371692987     
   172.0000             220   381711.060235414     
   172.0000             230   490698.981184591     
   172.0000             240   610841.551103507     
   172.0000             250   724477.821742771     
   172.0000             260   817358.975265200     
   172.0000             270   883103.194741691     
   172.0000             280   922213.140592926     
   172.0000             290   939009.678016641     
   172.0000             300   938963.529528655     
   172.0000             310   927153.992410465     
   172.0000             320   907659.545272072     
   172.0000             330   883484.694748382     
   172.0000             340   856718.301209208     
   172.0000             350   828751.401684656     
   172.0000             360   800477.550737377     
   172.0000             370   772451.020206746     
   172.0000             380   745001.993503998     
   172.0000             390   718316.355193706     
   172.0000             400   692489.122076744     
   172.0000             410   667559.354372562     
   172.0000             420   643532.529485276     
   172.0000             430   620394.644107183     
   172.0000             440   598120.961998032     
   172.0000             450   576681.347837617     
   172.0000             460   556043.452501570     
   172.0000             470   536174.562717408     
   172.0000             480   517042.631202679     
   172.0000             490   498616.811553660     
   172.0000             500   480867.699631542     
 
   176.0000             100   1812.74114063091     
   176.0000             110   17321.2028900675     
   176.0000             120   32932.7610835939     
   176.0000             130   47377.5487304101     
   176.0000             140   62245.7920875680     
   176.0000             150   78836.3583536638     
   176.0000             160   98267.6528531105     
   176.0000             170   121674.055754761     
   176.0000             180   150393.763659141     
   176.0000             190   186312.931035247     
   176.0000             200   232761.504508226     
   176.0000             210   295718.456265801     
   176.0000             220   381820.435249934     
   176.0000             230   490790.684100925     
   176.0000             240   610814.189654009     
   176.0000             250   724243.831489293     
   176.0000             260   816882.865797613     
   176.0000             270   882400.369281778     
   176.0000             280   921328.456033711     
   176.0000             290   937996.279131784     
   176.0000             300   937869.915877912     
   176.0000             310   926018.792062268     
   176.0000             320   906510.977073521     
   176.0000             330   882342.120899171     
   176.0000             340   855594.327020203     
   176.0000             350   827653.809136291     
   176.0000             360   799410.830656170     
   176.0000             370   771417.491976889     
   176.0000             380   744002.583226436     
   176.0000             390   717351.118342102     
   176.0000             400   691557.585909640     
   176.0000             410   666660.737897478     
   176.0000             420   642665.882377812     
   176.0000             430   619558.933007197     
   176.0000             440   597315.123148167     
   176.0000             450   575904.318467836     
   176.0000             460   555294.188951292     
   176.0000             470   535452.050383414     
   176.0000             480   516345.889519857     
   176.0000             490   497944.896011241     
   176.0000             500   480219.702063585     
 
