   4.000000             100   1812.74114063091     
   4.000000             110   17321.2028900674     
   4.000000             120   32932.7610835930     
   4.000000             130   47377.5487304047     
   4.000000             140   62245.7920875394     
   4.000000             150   78836.3583535176     
   4.000000             160   98267.6528522899     
   4.000000             170   121674.055744812     
   4.000000             180   150393.763391932     
   4.000000             190   186312.925718573     
   4.000000             200   232761.444617318     
   4.000000             210   295718.066744017     
   4.000000             220   381818.857104081     
   4.000000             230   490786.304643636     
   4.000000             240   610805.057235066     
   4.000000             250   724228.375668934     
   4.000000             260   816860.360055621     
   4.000000             270   882370.953244903     
   4.000000             280   921292.886840922     
   4.000000             290   937955.629452813     
   4.000000             300   937825.336978807     
   4.000000             310   925971.368732546     
   4.000000             320   906461.657633180     
   4.000000             330   882291.695782149     
   4.000000             340   855543.433955626     
   4.000000             350   827602.950431069     
   4.000000             360   799360.394266212     
   4.000000             370   771367.772145496     
   4.000000             380   743953.798858251     
   4.000000             390   717303.428551434     
   4.000000             400   691511.102794798     
   4.000000             410   666615.536848458     
   4.000000             420   642622.010299699     
   4.000000             430   619516.414832728     
   4.000000             440   597273.966970115     
   4.000000             450   575864.519569746     
   4.000000             460   555255.732964721     
   4.000000             470   535414.915755489     
   4.000000             480   516310.049437737     
   4.000000             490   497910.319899695     
   4.000000             500   480186.356747430     
 
   8.000000             100   1812.74114063091     
   8.000000             110   17321.1998290551     
   8.000000             120   32932.7475601062     
   8.000000             130   47377.5136355034     
   8.000000             140   62245.7046867190     
   8.000000             150   78836.1421315738     
   8.000000             160   98267.1185802173     
   8.000000             170   121672.719241339     
   8.000000             180   150390.264672169     
   8.000000             190   186302.906925065     
   8.000000             200   232732.135858860     
   8.000000             210   295647.799911564     
   8.000000             220   381704.677632286     
   8.000000             230   490681.237646139     
   8.000000             240   610804.502017230     
   8.000000             250   724415.059283714     
   8.000000             260   817267.521358534     
   8.000000             270   882983.600302017     
   8.000000             280   922068.476996891     
   8.000000             290   938844.307427665     
   8.000000             300   938782.138450867     
   8.000000             310   926960.999172486     
   8.000000             320   907458.813683701     
   8.000000             330   883279.446066998     
   8.000000             340   856511.134796127     
   8.000000             350   828544.365181243     
   8.000000             360   800272.225805074     
   8.000000             370   772248.606573387     
   8.000000             380   744803.383819092     
   8.000000             390   718122.198386984     
   8.000000             400   692299.875420283     
   8.000000             410   667375.325493776     
   8.000000             420   643353.909886564     
   8.000000             430   620221.535712972     
   8.000000             440   597953.398076327     
   8.000000             450   576519.309431112     
   8.000000             460   555886.881298156     
   8.000000             470   536023.371109265     
   8.000000             480   516896.710131502     
   8.000000             490   498476.036615701     
   8.000000             500   480731.935816488     
 
   12.00000             100   1812.74114063091     
   12.00000             110   17321.1946438887     
   12.00000             120   32932.7246522196     
   12.00000             130   47377.4541875744     
   12.00000             140   62245.5566393858     
   12.00000             150   78835.7758886120     
   12.00000             160   98266.2136862037     
   12.00000             170   121670.456074076     
   12.00000             180   150384.343259933     
   12.00000             190   186285.961602036     
   12.00000             200   232682.534814090     
   12.00000             210   295528.597260863     
   12.00000             220   381510.245108837     
   12.00000             230   490501.043006911     
   12.00000             240   610800.733831971     
   12.00000             250   724729.005655625     
   12.00000             260   817956.407135710     
   12.00000             270   884022.348929717     
   12.00000             280   923384.843288793     
   12.00000             290   940353.419031086     
   12.00000             300   940407.375871951     
   12.00000             310   928642.197812853     
   12.00000             320   909152.839346638     
   12.00000             330   884957.443773307     
   12.00000             340   858154.975768059     
   12.00000             350   830143.437908928     
   12.00000             360   801820.931224700     
   12.00000             370   773744.555022988     
   12.00000             380   746246.163366124     
   12.00000             390   719512.564687943     
   12.00000             400   693639.234831639     
   12.00000             410   668665.414305820     
   12.00000             420   644596.600950769     
   12.00000             430   621418.725869468     
   12.00000             440   599106.945725316     
   12.00000             450   577631.002531860     
   12.00000             460   556958.423353745     
   12.00000             470   537056.377422635     
   12.00000             480   517892.709635737     
   12.00000             490   499436.476478163     
   12.00000             500   481658.187191584     
 
   16.00000             100   1812.74114063091     
   16.00000             110   17321.1872060962     
   16.00000             120   32932.6917924566     
   16.00000             130   47377.3689147672     
   16.00000             140   62245.3442842591     
   16.00000             150   78835.2505883175     
   16.00000             160   98264.9159581841     
   16.00000             170   121667.211428386     
   16.00000             180   150375.860771108     
   16.00000             190   186261.711689995     
   16.00000             200   232611.489464920     
   16.00000             210   295357.232997851     
   16.00000             220   381229.110444324     
   16.00000             230   490237.679973820     
   16.00000             240   610789.089370965     
   16.00000             250   725174.317410270     
   16.00000             260   818942.818869769     
   16.00000             270   885514.608029925     
   16.00000             280   925278.918915589     
   16.00000             290   942526.628000032     
   16.00000             300   942748.799228606     
   16.00000             310   931064.686429944     
   16.00000             320   911593.909807596     
   16.00000             330   887375.313675621     
   16.00000             340   860523.417300681     
   16.00000             350   832447.122987395     
   16.00000             360   804051.796068990     
   16.00000             370   775899.183050495     
   16.00000             380   748323.997823419     
   16.00000             390   721514.733583570     
   16.00000             400   695567.801817909     
   16.00000             410   670522.914354858     
   16.00000             420   646385.760932430     
   16.00000             430   623142.302318829     
   16.00000             440   600767.635260803     
   16.00000             450   579231.396291996     
   16.00000             460   558500.987396391     
   16.00000             470   538543.447901523     
   16.00000             480   519326.495952774     
   16.00000             490   500819.068363922     
   16.00000             500   482991.563371249     
 
   20.00000             100   1812.74114063091     
   20.00000             110   17321.1773292820     
   20.00000             120   32932.6481574986     
   20.00000             130   47377.2556817564     
   20.00000             140   62245.0623101442     
   20.00000             150   78834.5531247772     
   20.00000             160   98263.1931939548     
   20.00000             170   121662.905918222     
   20.00000             180   150364.617381120     
   20.00000             190   186229.614152263     
   20.00000             200   232517.343275892     
   20.00000             210   295129.009370841     
   20.00000             220   380851.715919942     
   20.00000             230   489878.971572791     
   20.00000             240   610762.091055198     
   20.00000             250   725756.326747466     
   20.00000             260   820249.414048889     
   20.00000             270   887500.333224544     
   20.00000             280   927804.899506250     
   20.00000             290   945428.207871611     
   20.00000             300   945876.801297580     
   20.00000             310   934301.805830299     
   20.00000             320   914856.036472019     
   20.00000             330   890606.234170426     
   20.00000             340   863687.888011776     
   20.00000             350   835524.592064989     
   20.00000             360   807031.496650446     
   20.00000             370   778776.600484068     
   20.00000             380   751098.457671070     
   20.00000             390   724187.816994703     
   20.00000             400   698142.336437427     
   20.00000             410   673002.349900607     
   20.00000             420   648773.794352605     
   20.00000             430   625442.660972128     
   20.00000             440   602983.957918943     
   20.00000             450   581367.173288657     
   20.00000             460   560559.535554608     
   20.00000             470   540527.905163528     
   20.00000             480   521239.826561321     
   20.00000             490   502664.073163195     
   20.00000             500   484770.892095335     
 
   24.00000             100   1812.74114063091     
   24.00000             110   17321.1647625841     
   24.00000             120   32932.5926392997     
   24.00000             130   47377.1116149406     
   24.00000             140   62244.7035704694     
   24.00000             150   78833.6658677828     
   24.00000             160   98261.0020994950     
   24.00000             170   121657.432965578     
   24.00000             180   150350.345928766     
   24.00000             190   186188.948704851     
   24.00000             200   232397.899310324     
   24.00000             210   294837.599271977     
   24.00000             220   380364.924720458     
   24.00000             230   489407.845548773     
   24.00000             240   610708.920874205     
   24.00000             250   726482.066772695     
   24.00000             260   821907.723609417     
   24.00000             270   890035.725321979     
   24.00000             280   931039.425781769     
   24.00000             290   949149.354333845     
   24.00000             300   949891.486230090     
   24.00000             310   938458.021012664     
   24.00000             320   919044.765462440     
   24.00000             330   894754.658124155     
   24.00000             340   867750.414927558     
   24.00000             350   839474.703179171     
   24.00000             360   810855.366928178     
   24.00000             370   782468.504345681     
   24.00000             380   754657.633184769     
   24.00000             390   727616.407323006     
   24.00000             400   701444.080652865     
   24.00000             410   676181.774464477     
   24.00000             420   651835.729185592     
   24.00000             430   628391.960798630     
   24.00000             440   605825.350464468     
   24.00000             450   584105.183985027     
   24.00000             460   563198.457066554     
   24.00000             470   543071.792162652     
   24.00000             480   523692.503891642     
   24.00000             490   505029.150382531     
   24.00000             500   487051.780365827     
 
   28.00000             100   1812.74114063091     
   28.00000             110   17321.1491824048     
   28.00000             120   32932.5238085847     
   28.00000             130   47376.9330079503     
   28.00000             140   62244.2588491857     
   28.00000             150   78832.5660897904     
   28.00000             160   98258.2869051807     
   28.00000             170   121650.655534371     
   28.00000             180   150332.704704288     
   28.00000             190   186138.802770106     
   28.00000             200   232250.363513998     
   28.00000             210   294474.719293455     
   28.00000             220   379750.807893062     
   28.00000             230   488799.586920023     
   28.00000             240   610611.073786370     
   28.00000             250   727354.801566332     
   28.00000             260   823952.077353700     
   28.00000             270   893186.807643147     
   28.00000             280   935074.819845797     
   28.00000             290   953800.977231112     
   28.00000             300   954914.919287935     
   28.00000             310   943660.588506453     
   28.00000             320   924288.286172970     
   28.00000             330   899946.934211081     
   28.00000             340   872833.856560612     
   28.00000             350   844415.954452657     
   28.00000             360   815637.179484689     
   28.00000             370   787083.884365817     
   28.00000             380   759105.848873236     
   28.00000             390   731900.371325897     
   28.00000             400   705568.688764687     
   28.00000             410   680152.882800371     
   28.00000             420   655659.544779623     
   28.00000             430   632074.693173507     
   28.00000             440   609373.024045147     
   28.00000             450   587523.547148394     
   28.00000             460   566492.947482380     
   28.00000             470   546247.533560847     
   28.00000             480   526754.319244562     
   28.00000             490   507981.582661198     
   28.00000             500   489899.115831650     
 
   32.00000             100   1812.74114063091     
   32.00000             110   17321.1301828567     
   32.00000             120   32932.4398726878     
   32.00000             130   47376.7152125744     
   32.00000             140   62243.7165908872     
   32.00000             150   78831.2253070227     
   32.00000             160   98254.9777836200     
   32.00000             170   121642.402453965     
   32.00000             180   150311.269995784     
   32.00000             190   186078.064636300     
   32.00000             200   232071.374988251     
   32.00000             210   294030.314413148     
   32.00000             220   378987.473176964     
   32.00000             230   488025.044739958     
   32.00000             240   610451.286799806     
   32.00000             250   728392.363704919     
   32.00000             260   826449.697982143     
   32.00000             270   897071.652317567     
   32.00000             280   940072.247470437     
   32.00000             290   959575.781439562     
   32.00000             300   961159.912400199     
   32.00000             310   950133.002274697     
   32.00000             320   930813.816536017     
   32.00000             330   906409.260464467     
   32.00000             340   879160.369903793     
   32.00000             350   850564.671947745     
   32.00000             360   821586.469301966     
   32.00000             370   792825.057971758     
   32.00000             380   764638.106902023     
   32.00000             390   737227.491340658     
   32.00000             400   710696.925211959     
   32.00000             410   685089.676272573     
   32.00000             420   660412.755075073     
   32.00000             430   636652.162679896     
   32.00000             440   613782.344397128     
   32.00000             450   591771.947729413     
   32.00000             460   570587.254650711     
   32.00000             470   550194.169137206     
   32.00000             480   530559.319305264     
   32.00000             490   511650.625505512     
   32.00000             500   493437.552808548     
 
   36.00000             100   1812.74114063091     
   36.00000             110   17321.1072659857     
   36.00000             120   32932.3386324212     
   36.00000             130   47376.4525273067     
   36.00000             140   62243.0626257176     
   36.00000             150   78829.6086111842     
   36.00000             160   98250.9892619084     
   36.00000             170   121632.464808074     
   36.00000             180   150285.528615249     
   36.00000             190   186005.401923621     
   36.00000             200   231856.795340801     
   36.00000             210   293490.857318452     
   36.00000             220   378041.436351482     
   36.00000             230   487029.112024946     
   36.00000             240   610169.591921238     
   36.00000             250   729554.858528269     
   36.00000             260   829397.791033606     
   36.00000             270   901727.712740496     
   36.00000             280   946102.256743904     
   36.00000             290   966566.122179508     
   36.00000             300   968729.712331502     
   36.00000             310   957980.935532135     
   36.00000             320   938723.830121958     
   36.00000             330   914237.700598357     
   36.00000             340   886818.156653598     
   36.00000             350   858000.888141439     
   36.00000             360   828775.463922338     
   36.00000             370   799757.155466632     
   36.00000             380   771313.281739779     
   36.00000             390   743651.236935211     
   36.00000             400   716877.648188581     
   36.00000             410   691037.106975296     
   36.00000             420   666137.013723127     
   36.00000             430   642163.237130137     
   36.00000             440   619089.819576617     
   36.00000             450   596884.884523369     
   36.00000             460   575514.154331917     
   36.00000             470   554942.984216717     
   36.00000             480   535137.487418144     
   36.00000             490   516065.112754818     
   36.00000             500   497694.899000276     
 
   40.00000             100   1812.74114063091     
   40.00000             110   17321.0798340089     
   40.00000             120   32932.2174478715     
   40.00000             130   47376.1381092372     
   40.00000             140   62242.2799533262     
   40.00000             150   78827.6741517118     
   40.00000             160   98246.2190286534     
   40.00000             170   121620.593486636     
   40.00000             180   150254.876853525     
   40.00000             190   185919.321132642     
   40.00000             200   231602.376632190     
   40.00000             210   292843.539740537     
   40.00000             220   376885.058643562     
   40.00000             230   485782.549599441     
   40.00000             240   609779.760278719     
   40.00000             250   730954.282871179     
   40.00000             260   833042.841357665     
   40.00000             270   907542.244949965     
   40.00000             280   953675.990422596     
   40.00000             290   975379.219447041     
   40.00000             300   978298.478783281     
   40.00000             310   967920.116872674     
   40.00000             320   948755.702364514     
   40.00000             330   924176.629244589     
   40.00000             340   896548.305313943     
   40.00000             350   867455.438709204     
   40.00000             360   837920.181374763     
   40.00000             370   808578.497275286     
   40.00000             380   779810.274696168     
   40.00000             390   751830.155026754     
   40.00000             400   724748.643936257     
   40.00000             410   698612.147775936     
   40.00000             420   673428.662324616     
   40.00000             430   649183.963536098     
   40.00000             440   625851.639002363     
   40.00000             450   603399.189867998     
   40.00000             460   581791.660727663     
   40.00000             470   560993.735054462     
   40.00000             480   540970.891487256     
   40.00000             490   521689.994778282     
   40.00000             500   503119.553609468     
 
   44.00000             100   1812.74114063091     
   44.00000             110   17321.0471879443     
   44.00000             120   32932.0732324632     
   44.00000             130   47375.7639595074     
   44.00000             140   62241.3487110845     
   44.00000             150   78825.3730789921     
   44.00000             160   98240.5479032224     
   44.00000             170   121606.499623140     
   44.00000             180   150218.621386715     
   44.00000             190   185818.096890956     
   44.00000             200   231302.458270491     
   44.00000             210   292065.403767155     
   44.00000             220   375445.494927406     
   44.00000             230   484127.685740574     
   44.00000             240   609031.554628488     
   44.00000             250   732266.137040091     
   44.00000             260   837007.344371365     
   44.00000             270   914094.876630653     
   44.00000             280   962330.199378115     
   44.00000             290   985505.458460468     
   44.00000             300   989308.412811202     
   44.00000             310   979346.364950060     
   44.00000             320   960264.029619940     
   44.00000             330   935546.774369722     
   44.00000             340   907645.985939707     
   44.00000             350   878206.243573343     
   44.00000             360   848288.982662855     
   44.00000             370   818554.637719927     
   44.00000             380   789397.530702878     
   44.00000             390   761040.236787544     
   44.00000             400   733597.148516089     
   44.00000             410   707116.138497602     
   44.00000             420   681605.289335344     
   44.00000             430   657049.730652522     
   44.00000             440   633422.059249219     
   44.00000             450   610688.666231346     
   44.00000             460   588813.490906195     
   44.00000             470   567760.179119562     
   44.00000             480   547493.266667737     
   44.00000             490   527978.777226501     
   44.00000             500   509184.476472648     
 
   48.00000             100   1812.74114063091     
   48.00000             110   17321.0085407023     
   48.00000             120   32931.9025109405     
   48.00000             130   47375.3210748348     
   48.00000             140   62240.2465568834     
   48.00000             150   78822.6505179139     
   48.00000             160   98233.8423747834     
   48.00000             170   121589.861822577     
   48.00000             180   150176.011982951     
   48.00000             190   185700.120322775     
   48.00000             200   230953.717833012     
   48.00000             210   291149.272221771     
   48.00000             220   373719.082468159     
   48.00000             230   482125.113431486     
   48.00000             240   608192.165552584     
   48.00000             250   734135.800716388     
   48.00000             260   842433.153291348     
   48.00000             270   923052.055076925     
   48.00000             280   974208.799975976     
   48.00000             290   999478.537271682     
   48.00000             300   1004584.75721665     
   48.00000             310   995285.530550810     
   48.00000             320   976399.163970981     
   48.00000             330   951563.006821256     
   48.00000             340   923345.086136591     
   48.00000             350   893472.576464614     
   48.00000             360   863062.159088310     
   48.00000             370   832809.545189519     
   48.00000             380   803130.606905419     
   48.00000             390   774260.434509148     
   48.00000             400   746320.194169944     
   48.00000             410   719361.001058516     
   48.00000             420   693392.084077107     
   48.00000             430   668398.528889383     
   48.00000             440   644352.255580120     
   48.00000             450   621218.679490682     
   48.00000             460   598960.658233538     
   48.00000             470   577540.756660261     
   48.00000             480   556922.484878050     
   48.00000             490   537070.920322735     
   48.00000             500   517952.968829623     
 
   52.00000             100   1812.74114063091     
   52.00000             110   17320.9630587313     
   52.00000             120   32931.7016035109     
   52.00000             130   47374.7999265138     
   52.00000             140   62238.9498678067     
   52.00000             150   78819.4485610124     
   52.00000             160   98225.9621269024     
   52.00000             170   121570.345245473     
   52.00000             180   150126.278118693     
   52.00000             190   185563.628205179     
   52.00000             200   230549.470996982     
   52.00000             210   290054.655127825     
   52.00000             220   371529.130748896     
   52.00000             230   479282.241334891     
   52.00000             240   606279.998106838     
   52.00000             250   734993.967800492     
   52.00000             260   847136.463878297     
   52.00000             270   931633.629151144     
   52.00000             280   985980.734617143     
   52.00000             290   1013480.65166267     
   52.00000             300   1019899.27286354     
   52.00000             310   1011180.56014108     
   52.00000             320   992355.870906630     
   52.00000             330   967246.846777507     
   52.00000             340   938560.303099102     
   52.00000             350   908119.040031048     
   52.00000             360   877101.233296562     
   52.00000             370   846239.645202335     
   52.00000             380   815970.815891436     
   52.00000             390   786540.082372654     
   52.00000             400   758072.546396984     
   52.00000             410   730619.644234742     
   52.00000             420   704189.010761932     
   52.00000             430   678763.252992162     
   52.00000             440   654311.526178065     
   52.00000             450   630796.522671726     
   52.00000             460   608178.582830857     
   52.00000             470   586418.027637312     
   52.00000             480   565476.410414666     
   52.00000             490   545317.124350002     
   52.00000             500   525905.635942926     
 
   56.00000             100   1812.74114063091     
   56.00000             110   17320.9099553016     
   56.00000             120   32931.4670380832     
   56.00000             130   47374.1915310252     
   56.00000             140   62237.4364104471     
   56.00000             150   78815.7128932595     
   56.00000             160   98216.7764887052     
   56.00000             170   121547.643421187     
   56.00000             180   150068.764439269     
   56.00000             190   185407.810624779     
   56.00000             200   230092.416299461     
   56.00000             210   288805.432045598     
   56.00000             220   368991.374269442     
   56.00000             230   476040.440313177     
   56.00000             240   604542.454602612     
   56.00000             250   737485.102143561     
   56.00000             260   855600.239327893     
   56.00000             270   946307.056506315     
   56.00000             280   1005972.93250358     
   56.00000             290   1037409.03320074     
   56.00000             300   1046370.80048649     
   56.00000             310   1039032.55471435     
   56.00000             320   1020721.30427933     
   56.00000             330   995528.869873787     
   56.00000             340   966374.664646643     
   56.00000             350   935234.776766648     
   56.00000             360   903391.522940529     
   56.00000             370   871645.228974033     
   56.00000             380   840474.496512888     
   56.00000             390   810149.728995266     
   56.00000             400   780810.158336379     
   56.00000             410   752514.526307701     
   56.00000             420   725273.644164934     
   56.00000             430   699070.885706047     
   56.00000             440   673874.834008430     
   56.00000             450   649646.920864988     
   56.00000             460   626345.922170536     
   56.00000             470   603930.509727537     
   56.00000             480   582360.621492828     
   56.00000             490   561598.127699379     
   56.00000             500   541607.088232312     
 
   60.00000             100   1812.74114063091     
   60.00000             110   17320.8486698965     
   60.00000             120   32931.1963427593     
   60.00000             130   47373.4895062140     
   60.00000             140   62235.6904592456     
   60.00000             150   78811.4054402878     
   60.00000             160   98206.1955809822     
   60.00000             170   121521.554475802     
   60.00000             180   150003.082917011     
   60.00000             190   185232.196370668     
   60.00000             200   229579.016035763     
   60.00000             210   287344.321754058     
   60.00000             220   365733.677557155     
   60.00000             230   471093.378274689     
   60.00000             240   599933.768228346     
   60.00000             250   736171.009566334     
   60.00000             260   859658.217615884     
   60.00000             270   956140.382145147     
   60.00000             280   1020667.12751476     
   60.00000             290   1055474.69958219     
   60.00000             300   1066324.33290619     
   60.00000             310   1059682.94753386     
   60.00000             320   1041238.35612085     
   60.00000             330   1015400.25265726     
   60.00000             340   985326.793448422     
   60.00000             350   953155.554009112     
   60.00000             360   920268.944894043     
   60.00000             370   887523.740783427     
   60.00000             380   855426.260544673     
   60.00000             390   824256.905556826     
   60.00000             400   794154.708091971     
   60.00000             410   765172.865686788     
   60.00000             420   737314.279645921     
   60.00000             430   710553.782350812     
   60.00000             440   684851.726463513     
   60.00000             450   660162.082321691     
   60.00000             460   636437.106887751     
   60.00000             470   613629.910796160     
   60.00000             480   591695.762537990     
   60.00000             490   570592.652720481     
   60.00000             500   550281.439561010     
 
   64.00000             100   1812.74114063091     
   64.00000             110   17320.7791774034     
   64.00000             120   32930.8894113666     
   64.00000             130   47372.6936115530     
   64.00000             140   62233.7115951599     
   64.00000             150   78806.5260434544     
   64.00000             160   98194.2233727783     
   64.00000             170   121492.111172746     
   64.00000             180   149929.468388487     
   64.00000             190   185038.830530648     
   64.00000             200   229026.171011708     
   64.00000             210   285768.516533230     
   64.00000             220   362155.793116331     
   64.00000             230   465772.714758278     
   64.00000             240   596060.091414205     
   64.00000             250   738793.438279677     
   64.00000             260   872812.204345842     
   64.00000             270   981169.228411358     
   64.00000             280   1056476.47716172     
   64.00000             290   1099664.87977555     
   64.00000             300   1116220.67100091     
   64.00000             310   1112928.77908852     
   64.00000             320   1096010.01851271     
   64.00000             330   1070403.64623966     
   64.00000             340   1039703.31899060     
   64.00000             350   1006369.96197907     
   64.00000             360   972010.807631685     
   64.00000             370   937631.661378312     
   64.00000             380   903833.822731668     
   64.00000             390   870955.995612469     
   64.00000             400   839171.511639111     
   64.00000             410   808552.615674482     
   64.00000             420   779111.823772324     
   64.00000             430   750827.913145751     
   64.00000             440   723661.888379381     
   64.00000             450   697566.548670162     
   64.00000             460   672492.045674953     
   64.00000             470   648388.974289527     
   64.00000             480   625209.975007005     
   64.00000             490   602910.459549113     
   64.00000             500   581448.836505126     
 
   68.00000             100   1812.74114063091     
   68.00000             110   17320.7024639155     
   68.00000             120   32930.5506042822     
   68.00000             130   47371.8151907179     
   68.00000             140   62231.5282116758     
   68.00000             150   78801.1456318471     
   68.00000             160   98181.0383843638     
   68.00000             170   121459.774647774     
   68.00000             180   149849.185644617     
   68.00000             190   184831.627883486     
   68.00000             200   228445.017787696     
   68.00000             210   284057.404452699     
   68.00000             220   357783.918569525     
   68.00000             230   457672.966905431     
   68.00000             240   586050.827509807     
   68.00000             250   731492.536701668     
   68.00000             260   872613.712355214     
   68.00000             270   989846.463851351     
   68.00000             280   1073098.52455571     
   68.00000             290   1121822.21246808     
   68.00000             300   1141253.68989397     
   68.00000             310   1138633.85590786     
   68.00000             320   1120865.25286169     
   68.00000             330   1093520.65709732     
   68.00000             340   1060675.65422602     
   68.00000             350   1025112.93768211     
   68.00000             360   988631.057439183     
   68.00000             370   952334.205198519     
   68.00000             380   916861.761165201     
   68.00000             390   882554.528675990     
   68.00000             400   849568.511881992     
   68.00000             410   817949.728201292     
   68.00000             420   787681.852598058     
   68.00000             430   758715.695685139     
   68.00000             440   730986.902767920     
   68.00000             450   704426.204733860     
   68.00000             460   678965.066719747     
   68.00000             470   654538.560626768     
   68.00000             480   631086.609978909     
   68.00000             490   608554.316081630     
   68.00000             500   586891.794601171     
 
   72.00000             100   1812.74114063091     
   72.00000             110   17320.6211532792     
   72.00000             120   32930.1915140242     
   72.00000             130   47370.8843303829     
   72.00000             140   62229.2152491383     
   72.00000             150   78795.4496324952     
   72.00000             160   98167.0986064267     
   72.00000             170   121425.684545445     
   72.00000             180   149765.136956684     
   72.00000             190   184618.811890283     
   72.00000             200   227870.156413132     
   72.00000             210   282399.729025057     
   72.00000             220   353420.351675601     
   72.00000             230   449328.511508281     
   72.00000             240   576683.570952358     
   72.00000             250   729800.676164683     
   72.00000             260   888661.905652081     
   72.00000             270   1029660.79616417     
   72.00000             280   1136989.23150311     
   72.00000             290   1205981.90268263     
   72.00000             300   1240189.67029587     
   72.00000             310   1246949.23498570     
   72.00000             320   1234118.54652620     
   72.00000             330   1208432.16492675     
   72.00000             340   1175005.40452334     
   72.00000             350   1137429.07648538     
   72.00000             360   1098079.32396722     
   72.00000             370   1058450.05993537     
   72.00000             380   1019432.07123981     
   72.00000             390   981521.921376699     
   72.00000             400   944968.062303019     
   72.00000             410   909868.455431217     
   72.00000             420   876233.575040827     
   72.00000             430   844025.888481410     
   72.00000             440   813183.896602753     
   72.00000             450   783636.309867033     
   72.00000             460   755310.068410704     
   72.00000             470   728134.607872120     
   72.00000             480   702043.893872576     
   72.00000             490   676977.172634058     
   72.00000             500   652879.016198686     
 
   76.00000             100   1812.74114063091     
   76.00000             110   17320.5401289772     
   76.00000             120   32929.8337090204     
   76.00000             130   47369.9569535065     
   76.00000             140   62226.9117208537     
   76.00000             150   78789.7806512459     
   76.00000             160   98153.2436113875     
   76.00000             170   121391.897066171     
   76.00000             180   149682.367857494     
   76.00000             190   184412.709352601     
   76.00000             200   227333.399568865     
   76.00000             210   280883.999154751     
   76.00000             220   349069.214298660     
   76.00000             230   438890.406362137     
   76.00000             240   558815.667951459     
   76.00000             250   709589.549562908     
   76.00000             260   875858.556668449     
   76.00000             270   1031966.61560535     
   76.00000             280   1156019.35724330     
   76.00000             290   1238123.35232760     
   76.00000             300   1279582.35211689     
   76.00000             310   1287975.42767004     
   76.00000             320   1272611.32454729     
   76.00000             330   1241888.99582087     
   76.00000             340   1202306.88756519     
   76.00000             350   1158419.26919680     
   76.00000             360   1113183.89895396     
   76.00000             370   1068390.19791077     
   76.00000             380   1025034.43032555     
   76.00000             390   983604.578188077     
   76.00000             400   944279.598902151     
   76.00000             410   907061.220451749     
   76.00000             420   871857.349393648     
   76.00000             430   838532.743089524     
   76.00000             440   806938.441727454     
   76.00000             450   776927.882623580     
   76.00000             460   748364.930637950     
   76.00000             470   721127.174340113     
   76.00000             480   695106.574693915     
   76.00000             490   670208.732717269     
   76.00000             500   646351.522637226     
 
   80.00000             100   1812.74114063091     
   80.00000             110   17320.4667626346     
   80.00000             120   32929.5097395647     
   80.00000             130   47369.1174037777     
   80.00000             140   62224.8270162854     
   80.00000             150   78784.6534286294     
   80.00000             160   98140.7284657267     
   80.00000             170   121361.455767007     
   80.00000             180   149608.210267473     
   80.00000             190   184230.537656420     
   80.00000             200   226875.554622024     
   80.00000             210   279670.070668500     
   80.00000             220   345654.657363886     
   80.00000             230   429936.648706354     
   80.00000             240   541254.725432461     
   80.00000             250   689080.844109541     
   80.00000             260   871914.940071026     
   80.00000             270   1069091.30995452     
   80.00000             280   1249820.79554831     
   80.00000             290   1389730.48804532     
   80.00000             300   1479178.68299202     
   80.00000             310   1521252.72935910     
   80.00000             320   1525678.58733369     
   80.00000             330   1503618.32806039     
   80.00000             340   1464819.67347405     
   80.00000             350   1416655.39307172     
   80.00000             360   1364193.95537225     
   80.00000             370   1310665.12168531     
   80.00000             380   1257980.82548767     
   80.00000             390   1207174.24550398     
   80.00000             400   1158725.21035617     
   80.00000             410   1112783.58834171     
   80.00000             420   1069314.62233165     
   80.00000             430   1028189.41758234     
   80.00000             440   989238.937061981     
   80.00000             450   952284.674706722     
   80.00000             460   917154.925382183     
   80.00000             470   883692.456727408     
   80.00000             480   851757.247274337     
   80.00000             490   821226.541962164     
   80.00000             500   791993.570203153     
 
   84.00000             100   1812.74114063091     
   84.00000             110   17320.4101706254     
   84.00000             120   32929.2598534162     
   84.00000             130   47368.4699216438     
   84.00000             140   62223.2196715889     
   84.00000             150   78780.7023327926     
   84.00000             160   98131.0942518854     
   84.00000             170   121338.071387038     
   84.00000             180   149551.492209852     
   84.00000             190   184092.536495228     
   84.00000             200   226536.773898931     
   84.00000             210   278819.525577564     
   84.00000             220   343408.000870095     
   84.00000             230   423669.562504086     
   84.00000             240   524796.209173067     
   84.00000             250   655291.104352276     
   84.00000             260   825059.363673024     
   84.00000             270   1033522.29871978     
   84.00000             280   1257273.93972489     
   84.00000             290   1457486.66106918     
   84.00000             300   1601540.17215661     
   84.00000             310   1676892.88521373     
   84.00000             320   1689838.69624146     
   84.00000             330   1656487.56294290     
   84.00000             340   1594350.19500961     
   84.00000             350   1517780.56598998     
   84.00000             360   1436728.29279335     
   84.00000             370   1357233.43120782     
   84.00000             380   1282474.65577527     
   84.00000             390   1213775.23504337     
   84.00000             400   1151368.22830341     
   84.00000             410   1094911.02533208     
   84.00000             420   1043803.19302872     
   84.00000             430   997368.870152668     
   84.00000             440   954953.066176349     
   84.00000             450   915966.435682057     
   84.00000             460   879900.902195912     
   84.00000             470   846329.853202151     
   84.00000             480   814900.961680214     
   84.00000             490   785326.160996283     
   84.00000             500   757371.182582606     
 
   88.00000             100   1812.74114063091     
   88.00000             110   17320.3791256647     
   88.00000             120   32929.1227764078     
   88.00000             130   47368.1147715097     
   88.00000             140   62222.3381873174     
   88.00000             150   78778.5362786902     
   88.00000             160   98125.8163159846     
   88.00000             170   121325.278536353     
   88.00000             180   149520.550788088     
   88.00000             190   184017.687547762     
   88.00000             200   226355.320040207     
   88.00000             210   278377.419078298     
   88.00000             220   342318.437719311     
   88.00000             230   420913.421140472     
   88.00000             240   517556.946164933     
   88.00000             250   636568.369572440     
   88.00000             260   783744.549318617     
   88.00000             270   967770.065020186     
   88.00000             280   1202689.30924604     
   88.00000             290   1504711.31850199     
   88.00000             300   1869121.82405801     
   88.00000             310   2243907.62127720     
   88.00000             320   2547591.66185968     
   88.00000             330   2720622.30964693     
   88.00000             340   2753124.03399210     
   88.00000             350   2673793.46611918     
   88.00000             360   2524921.84104861     
   88.00000             370   2344425.18284995     
   88.00000             380   2158966.55013621     
   88.00000             390   1984136.85127867     
   88.00000             400   1827292.70836793     
   88.00000             410   1690582.59659083     
   88.00000             420   1573271.83271601     
   88.00000             430   1473268.59644253     
   88.00000             440   1388024.26781975     
   88.00000             450   1315015.16510762     
   88.00000             460   1251969.34387681     
   88.00000             470   1196948.92947974     
   88.00000             480   1148356.38409624     
   88.00000             490   1104904.65557941     
   88.00000             500   1065573.40333247     
 
   92.00000             100   1812.74114063091     
   92.00000             110   17320.3791256647     
   92.00000             120   32929.1227764078     
   92.00000             130   47368.1147715097     
   92.00000             140   62222.3381873174     
   92.00000             150   78778.5362786902     
   92.00000             160   98125.8163159846     
   92.00000             170   121325.278536353     
   92.00000             180   149520.550788088     
   92.00000             190   184017.687547762     
   92.00000             200   226355.320040207     
   92.00000             210   278377.419078298     
   92.00000             220   342318.437719311     
   92.00000             230   420913.421140472     
   92.00000             240   517556.946164933     
   92.00000             250   636568.369572440     
   92.00000             260   783744.549318616     
   92.00000             270   967770.065020186     
   92.00000             280   1202689.30924604     
   92.00000             290   1504711.31850199     
   92.00000             300   1869121.82405801     
   92.00000             310   2243907.62127720     
   92.00000             320   2547591.66185968     
   92.00000             330   2720622.30964692     
   92.00000             340   2753124.03399210     
   92.00000             350   2673793.46611918     
   92.00000             360   2524921.84104862     
   92.00000             370   2344425.18284996     
   92.00000             380   2158966.55013623     
   92.00000             390   1984136.85127870     
   92.00000             400   1827292.70836797     
   92.00000             410   1690582.59659087     
   92.00000             420   1573271.83271605     
   92.00000             430   1473268.59644257     
   92.00000             440   1388024.26781979     
   92.00000             450   1315015.16510766     
   92.00000             460   1251969.34387685     
   92.00000             470   1196948.92947978     
   92.00000             480   1148356.38409628     
   92.00000             490   1104904.65557945     
   92.00000             500   1065573.40333251     
 
   96.00000             100   1812.74114063091     
   96.00000             110   17320.4101706254     
   96.00000             120   32929.2598534162     
   96.00000             130   47368.4699216438     
   96.00000             140   62223.2196715889     
   96.00000             150   78780.7023327926     
   96.00000             160   98131.0942518854     
   96.00000             170   121338.071387038     
   96.00000             180   149551.492209852     
   96.00000             190   184092.536495228     
   96.00000             200   226536.773898931     
   96.00000             210   278819.525577564     
   96.00000             220   343408.000870095     
   96.00000             230   423669.562504086     
   96.00000             240   524796.209173067     
   96.00000             250   655291.104352276     
   96.00000             260   825059.363673024     
   96.00000             270   1033522.29871978     
   96.00000             280   1257273.93972488     
   96.00000             290   1457486.66106917     
   96.00000             300   1601540.17215660     
   96.00000             310   1676892.88521372     
   96.00000             320   1689838.69624145     
   96.00000             330   1656487.56294288     
   96.00000             340   1594350.19500960     
   96.00000             350   1517780.56598996     
   96.00000             360   1436728.29279334     
   96.00000             370   1357233.43120780     
   96.00000             380   1282474.65577525     
   96.00000             390   1213775.23504336     
   96.00000             400   1151368.22830340     
   96.00000             410   1094911.02533206     
   96.00000             420   1043803.19302871     
   96.00000             430   997368.870152651     
   96.00000             440   954953.066176333     
   96.00000             450   915966.435682040     
   96.00000             460   879900.902195897     
   96.00000             470   846329.853202136     
   96.00000             480   814900.961680199     
   96.00000             490   785326.160996269     
   96.00000             500   757371.182582592     
 
   100.0000             100   1812.74114063091     
   100.0000             110   17320.4667626346     
   100.0000             120   32929.5097395647     
   100.0000             130   47369.1174037777     
   100.0000             140   62224.8270162854     
   100.0000             150   78784.6534286294     
   100.0000             160   98140.7284657267     
   100.0000             170   121361.455767007     
   100.0000             180   149608.210267473     
   100.0000             190   184230.537656420     
   100.0000             200   226875.554622024     
   100.0000             210   279670.070668500     
   100.0000             220   345654.657363886     
   100.0000             230   429936.648706354     
   100.0000             240   541254.725432461     
   100.0000             250   689080.844109542     
   100.0000             260   871914.940071028     
   100.0000             270   1069091.30995452     
   100.0000             280   1249820.79554831     
   100.0000             290   1389730.48804533     
   100.0000             300   1479178.68299203     
   100.0000             310   1521252.72935911     
   100.0000             320   1525678.58733370     
   100.0000             330   1503618.32806040     
   100.0000             340   1464819.67347406     
   100.0000             350   1416655.39307173     
   100.0000             360   1364193.95537226     
   100.0000             370   1310665.12168532     
   100.0000             380   1257980.82548768     
   100.0000             390   1207174.24550399     
   100.0000             400   1158725.21035618     
   100.0000             410   1112783.58834172     
   100.0000             420   1069314.62233166     
   100.0000             430   1028189.41758235     
   100.0000             440   989238.937061986     
   100.0000             450   952284.674706727     
   100.0000             460   917154.925382188     
   100.0000             470   883692.456727413     
   100.0000             480   851757.247274340     
   100.0000             490   821226.541962168     
   100.0000             500   791993.570203156     
 
   104.0000             100   1812.74114063091     
   104.0000             110   17320.5401289772     
   104.0000             120   32929.8337090204     
   104.0000             130   47369.9569535065     
   104.0000             140   62226.9117208537     
   104.0000             150   78789.7806512459     
   104.0000             160   98153.2436113875     
   104.0000             170   121391.897066171     
   104.0000             180   149682.367857494     
   104.0000             190   184412.709352601     
   104.0000             200   227333.399568865     
   104.0000             210   280883.999154751     
   104.0000             220   349069.214298660     
   104.0000             230   438890.406362137     
   104.0000             240   558815.667951460     
   104.0000             250   709589.549562911     
   104.0000             260   875858.556668456     
   104.0000             270   1031966.61560537     
   104.0000             280   1156019.35724332     
   104.0000             290   1238123.35232763     
   104.0000             300   1279582.35211693     
   104.0000             310   1287975.42767008     
   104.0000             320   1272611.32454734     
   104.0000             330   1241888.99582092     
   104.0000             340   1202306.88756524     
   104.0000             350   1158419.26919685     
   104.0000             360   1113183.89895402     
   104.0000             370   1068390.19791082     
   104.0000             380   1025034.43032560     
   104.0000             390   983604.578188129     
   104.0000             400   944279.598902203     
   104.0000             410   907061.220451799     
   104.0000             420   871857.349393697     
   104.0000             430   838532.743089572     
   104.0000             440   806938.441727501     
   104.0000             450   776927.882623625     
   104.0000             460   748364.930637994     
   104.0000             470   721127.174340156     
   104.0000             480   695106.574693956     
   104.0000             490   670208.732717308     
   104.0000             500   646351.522637264     
 
   108.0000             100   1812.74114063091     
   108.0000             110   17320.6211532792     
   108.0000             120   32930.1915140242     
   108.0000             130   47370.8843303829     
   108.0000             140   62229.2152491383     
   108.0000             150   78795.4496324952     
   108.0000             160   98167.0986064267     
   108.0000             170   121425.684545445     
   108.0000             180   149765.136956684     
   108.0000             190   184618.811890283     
   108.0000             200   227870.156413132     
   108.0000             210   282399.729025057     
   108.0000             220   353420.351675601     
   108.0000             230   449328.511508281     
   108.0000             240   576683.570952358     
   108.0000             250   729800.676164684     
   108.0000             260   888661.905652083     
   108.0000             270   1029660.79616418     
   108.0000             280   1136989.23150311     
   108.0000             290   1205981.90268264     
   108.0000             300   1240189.67029588     
   108.0000             310   1246949.23498571     
   108.0000             320   1234118.54652621     
   108.0000             330   1208432.16492676     
   108.0000             340   1175005.40452335     
   108.0000             350   1137429.07648539     
   108.0000             360   1098079.32396723     
   108.0000             370   1058450.05993538     
   108.0000             380   1019432.07123982     
   108.0000             390   981521.921376704     
   108.0000             400   944968.062303023     
   108.0000             410   909868.455431221     
   108.0000             420   876233.575040831     
   108.0000             430   844025.888481413     
   108.0000             440   813183.896602755     
   108.0000             450   783636.309867035     
   108.0000             460   755310.068410705     
   108.0000             470   728134.607872121     
   108.0000             480   702043.893872577     
   108.0000             490   676977.172634058     
   108.0000             500   652879.016198686     
 
   112.0000             100   1812.74114063091     
   112.0000             110   17320.7024639155     
   112.0000             120   32930.5506042822     
   112.0000             130   47371.8151907179     
   112.0000             140   62231.5282116758     
   112.0000             150   78801.1456318471     
   112.0000             160   98181.0383843638     
   112.0000             170   121459.774647774     
   112.0000             180   149849.185644617     
   112.0000             190   184831.627883486     
   112.0000             200   228445.017787696     
   112.0000             210   284057.404452699     
   112.0000             220   357783.918569525     
   112.0000             230   457672.966905433     
   112.0000             240   586050.827509811     
   112.0000             250   731492.536701678     
   112.0000             260   872613.712355231     
   112.0000             270   989846.463851378     
   112.0000             280   1073098.52455575     
   112.0000             290   1121822.21246813     
   112.0000             300   1141253.68989402     
   112.0000             310   1138633.85590792     
   112.0000             320   1120865.25286176     
   112.0000             330   1093520.65709739     
   112.0000             340   1060675.65422609     
   112.0000             350   1025112.93768219     
   112.0000             360   988631.057439258     
   112.0000             370   952334.205198593     
   112.0000             380   916861.761165274     
   112.0000             390   882554.528676062     
   112.0000             400   849568.511882063     
   112.0000             410   817949.728201361     
   112.0000             420   787681.852598124     
   112.0000             430   758715.695685203     
   112.0000             440   730986.902767982     
   112.0000             450   704426.204733920     
   112.0000             460   678965.066719805     
   112.0000             470   654538.560626824     
   112.0000             480   631086.609978962     
   112.0000             490   608554.316081682     
   112.0000             500   586891.794601221     
 
   116.0000             100   1812.74114063091     
   116.0000             110   17320.7791774034     
   116.0000             120   32930.8894113666     
   116.0000             130   47372.6936115530     
   116.0000             140   62233.7115951599     
   116.0000             150   78806.5260434544     
   116.0000             160   98194.2233727783     
   116.0000             170   121492.111172746     
   116.0000             180   149929.468388487     
   116.0000             190   185038.830530648     
   116.0000             200   229026.171011708     
   116.0000             210   285768.516533230     
   116.0000             220   362155.793116331     
   116.0000             230   465772.714758278     
   116.0000             240   596060.091414202     
   116.0000             250   738793.438279671     
   116.0000             260   872812.204345832     
   116.0000             270   981169.228411344     
   116.0000             280   1056476.47716171     
   116.0000             290   1099664.87977552     
   116.0000             300   1116220.67100089     
   116.0000             310   1112928.77908849     
   116.0000             320   1096010.01851267     
   116.0000             330   1070403.64623963     
   116.0000             340   1039703.31899056     
   116.0000             350   1006369.96197904     
   116.0000             360   972010.807631648     
   116.0000             370   937631.661378274     
   116.0000             380   903833.822731631     
   116.0000             390   870955.995612431     
   116.0000             400   839171.511639074     
   116.0000             410   808552.615674445     
   116.0000             420   779111.823772288     
   116.0000             430   750827.913145716     
   116.0000             440   723661.888379346     
   116.0000             450   697566.548670129     
   116.0000             460   672492.045674920     
   116.0000             470   648388.974289496     
   116.0000             480   625209.975006975     
   116.0000             490   602910.459549084     
   116.0000             500   581448.836505098     
 
   120.0000             100   1812.74114063091     
   120.0000             110   17320.8486698965     
   120.0000             120   32931.1963427593     
   120.0000             130   47373.4895062140     
   120.0000             140   62235.6904592456     
   120.0000             150   78811.4054402878     
   120.0000             160   98206.1955809822     
   120.0000             170   121521.554475802     
   120.0000             180   150003.082917011     
   120.0000             190   185232.196370668     
   120.0000             200   229579.016035763     
   120.0000             210   287344.321754058     
   120.0000             220   365733.677557155     
   120.0000             230   471093.378274689     
   120.0000             240   599933.768228348     
   120.0000             250   736171.009566338     
   120.0000             260   859658.217615891     
   120.0000             270   956140.382145158     
   120.0000             280   1020667.12751477     
   120.0000             290   1055474.69958220     
   120.0000             300   1066324.33290621     
   120.0000             310   1059682.94753388     
   120.0000             320   1041238.35612087     
   120.0000             330   1015400.25265728     
   120.0000             340   985326.793448444     
   120.0000             350   953155.554009133     
   120.0000             360   920268.944894064     
   120.0000             370   887523.740783448     
   120.0000             380   855426.260544694     
   120.0000             390   824256.905556847     
   120.0000             400   794154.708091991     
   120.0000             410   765172.865686808     
   120.0000             420   737314.279645941     
   120.0000             430   710553.782350831     
   120.0000             440   684851.726463533     
   120.0000             450   660162.082321710     
   120.0000             460   636437.106887769     
   120.0000             470   613629.910796177     
   120.0000             480   591695.762538007     
   120.0000             490   570592.652720497     
   120.0000             500   550281.439561026     
 
   124.0000             100   1812.74114063091     
   124.0000             110   17320.9099553016     
   124.0000             120   32931.4670380832     
   124.0000             130   47374.1915310252     
   124.0000             140   62237.4364104471     
   124.0000             150   78815.7128932595     
   124.0000             160   98216.7764887052     
   124.0000             170   121547.643421187     
   124.0000             180   150068.764439269     
   124.0000             190   185407.810624779     
   124.0000             200   230092.416299461     
   124.0000             210   288805.432045598     
   124.0000             220   368991.374269442     
   124.0000             230   476040.440313177     
   124.0000             240   604542.454602611     
   124.0000             250   737485.102143559     
   124.0000             260   855600.239327890     
   124.0000             270   946307.056506310     
   124.0000             280   1005972.93250357     
   124.0000             290   1037409.03320074     
   124.0000             300   1046370.80048648     
   124.0000             310   1039032.55471434     
   124.0000             320   1020721.30427932     
   124.0000             330   995528.869873777     
   124.0000             340   966374.664646633     
   124.0000             350   935234.776766638     
   124.0000             360   903391.522940519     
   124.0000             370   871645.228974025     
   124.0000             380   840474.496512880     
   124.0000             390   810149.728995258     
   124.0000             400   780810.158336372     
   124.0000             410   752514.526307695     
   124.0000             420   725273.644164928     
   124.0000             430   699070.885706041     
   124.0000             440   673874.834008425     
   124.0000             450   649646.920864983     
   124.0000             460   626345.922170531     
   124.0000             470   603930.509727532     
   124.0000             480   582360.621492823     
   124.0000             490   561598.127699375     
   124.0000             500   541607.088232307     
 
   128.0000             100   1812.74114063091     
   128.0000             110   17320.9630587313     
   128.0000             120   32931.7016035109     
   128.0000             130   47374.7999265138     
   128.0000             140   62238.9498678067     
   128.0000             150   78819.4485610124     
   128.0000             160   98225.9621269024     
   128.0000             170   121570.345245473     
   128.0000             180   150126.278118693     
   128.0000             190   185563.628205179     
   128.0000             200   230549.470996982     
   128.0000             210   290054.655127825     
   128.0000             220   371529.130748895     
   128.0000             230   479282.241334889     
   128.0000             240   606279.998106832     
   128.0000             250   734993.967800481     
   128.0000             260   847136.463878281     
   128.0000             270   931633.629151122     
   128.0000             280   985980.734617115     
   128.0000             290   1013480.65166263     
   128.0000             300   1019899.27286350     
   128.0000             310   1011180.56014104     
   128.0000             320   992355.870906590     
   128.0000             330   967246.846777466     
   128.0000             340   938560.303099060     
   128.0000             350   908119.040031005     
   128.0000             360   877101.233296519     
   128.0000             370   846239.645202292     
   128.0000             380   815970.815891393     
   128.0000             390   786540.082372612     
   128.0000             400   758072.546396941     
   128.0000             410   730619.644234699     
   128.0000             420   704189.010761890     
   128.0000             430   678763.252992120     
   128.0000             440   654311.526178024     
   128.0000             450   630796.522671686     
   128.0000             460   608178.582830818     
   128.0000             470   586418.027637274     
   128.0000             480   565476.410414629     
   128.0000             490   545317.124349966     
   128.0000             500   525905.635942891     
 
   132.0000             100   1812.74114063091     
   132.0000             110   17321.0085407023     
   132.0000             120   32931.9025109405     
   132.0000             130   47375.3210748348     
   132.0000             140   62240.2465568834     
   132.0000             150   78822.6505179139     
   132.0000             160   98233.8423747834     
   132.0000             170   121589.861822577     
   132.0000             180   150176.011982951     
   132.0000             190   185700.120322775     
   132.0000             200   230953.717833012     
   132.0000             210   291149.272221771     
   132.0000             220   373719.082468161     
   132.0000             230   482125.113431493     
   132.0000             240   608192.165552599     
   132.0000             250   734135.800716416     
   132.0000             260   842433.153291391     
   132.0000             270   923052.055076984     
   132.0000             280   974208.799976050     
   132.0000             290   999478.537271768     
   132.0000             300   1004584.75721675     
   132.0000             310   995285.530550912     
   132.0000             320   976399.163971087     
   132.0000             330   951563.006821365     
   132.0000             340   923345.086136702     
   132.0000             350   893472.576464725     
   132.0000             360   863062.159088420     
   132.0000             370   832809.545189628     
   132.0000             380   803130.606905525     
   132.0000             390   774260.434509252     
   132.0000             400   746320.194170046     
   132.0000             410   719361.001058615     
   132.0000             420   693392.084077202     
   132.0000             430   668398.528889475     
   132.0000             440   644352.255580209     
   132.0000             450   621218.679490768     
   132.0000             460   598960.658233621     
   132.0000             470   577540.756660341     
   132.0000             480   556922.484878128     
   132.0000             490   537070.920322809     
   132.0000             500   517952.968829695     
 
   136.0000             100   1812.74114063091     
   136.0000             110   17321.0471879443     
   136.0000             120   32932.0732324632     
   136.0000             130   47375.7639595074     
   136.0000             140   62241.3487110845     
   136.0000             150   78825.3730789921     
   136.0000             160   98240.5479032224     
   136.0000             170   121606.499623140     
   136.0000             180   150218.621386715     
   136.0000             190   185818.096890956     
   136.0000             200   231302.458270492     
   136.0000             210   292065.403767155     
   136.0000             220   375445.494927409     
   136.0000             230   484127.685740583     
   136.0000             240   609031.554628510     
   136.0000             250   732266.137040130     
   136.0000             260   837007.344371425     
   136.0000             270   914094.876630734     
   136.0000             280   962330.199378215     
   136.0000             290   985505.458460584     
   136.0000             300   989308.412811331     
   136.0000             310   979346.364950200     
   136.0000             320   960264.029620087     
   136.0000             330   935546.774369874     
   136.0000             340   907645.985939862     
   136.0000             350   878206.243573499     
   136.0000             360   848288.982663011     
   136.0000             370   818554.637720081     
   136.0000             380   789397.530703030     
   136.0000             390   761040.236787694     
   136.0000             400   733597.148516236     
   136.0000             410   707116.138497745     
   136.0000             420   681605.289335484     
   136.0000             430   657049.730652658     
   136.0000             440   633422.059249351     
   136.0000             450   610688.666231474     
   136.0000             460   588813.490906320     
   136.0000             470   567760.179119683     
   136.0000             480   547493.266667854     
   136.0000             490   527978.777226615     
   136.0000             500   509184.476472757     
 
   140.0000             100   1812.74114063091     
   140.0000             110   17321.0798340089     
   140.0000             120   32932.2174478715     
   140.0000             130   47376.1381092372     
   140.0000             140   62242.2799533262     
   140.0000             150   78827.6741517118     
   140.0000             160   98246.2190286534     
   140.0000             170   121620.593486636     
   140.0000             180   150254.876853525     
   140.0000             190   185919.321132642     
   140.0000             200   231602.376632190     
   140.0000             210   292843.539740537     
   140.0000             220   376885.058643560     
   140.0000             230   485782.549599437     
   140.0000             240   609779.760278710     
   140.0000             250   730954.282871163     
   140.0000             260   833042.841357639     
   140.0000             270   907542.244949931     
   140.0000             280   953675.990422553     
   140.0000             290   975379.219446993     
   140.0000             300   978298.478783226     
   140.0000             310   967920.116872616     
   140.0000             320   948755.702364453     
   140.0000             330   924176.629244527     
   140.0000             340   896548.305313880     
   140.0000             350   867455.438709141     
   140.0000             360   837920.181374701     
   140.0000             370   808578.497275225     
   140.0000             380   779810.274696108     
   140.0000             390   751830.155026695     
   140.0000             400   724748.643936199     
   140.0000             410   698612.147775880     
   140.0000             420   673428.662324561     
   140.0000             430   649183.963536046     
   140.0000             440   625851.639002312     
   140.0000             450   603399.189867949     
   140.0000             460   581791.660727615     
   140.0000             470   560993.735054416     
   140.0000             480   540970.891487211     
   140.0000             490   521689.994778239     
   140.0000             500   503119.553609426     
 
   144.0000             100   1812.74114063091     
   144.0000             110   17321.1072659857     
   144.0000             120   32932.3386324212     
   144.0000             130   47376.4525273067     
   144.0000             140   62243.0626257176     
   144.0000             150   78829.6086111842     
   144.0000             160   98250.9892619084     
   144.0000             170   121632.464808074     
   144.0000             180   150285.528615249     
   144.0000             190   186005.401923621     
   144.0000             200   231856.795340801     
   144.0000             210   293490.857318452     
   144.0000             220   378041.436351482     
   144.0000             230   487029.112024948     
   144.0000             240   610169.591921242     
   144.0000             250   729554.858528276     
   144.0000             260   829397.791033617     
   144.0000             270   901727.712740511     
   144.0000             280   946102.256743922     
   144.0000             290   966566.122179529     
   144.0000             300   968729.712331526     
   144.0000             310   957980.935532161     
   144.0000             320   938723.830121986     
   144.0000             330   914237.700598386     
   144.0000             340   886818.156653628     
   144.0000             350   858000.888141470     
   144.0000             360   828775.463922368     
   144.0000             370   799757.155466663     
   144.0000             380   771313.281739810     
   144.0000             390   743651.236935241     
   144.0000             400   716877.648188611     
   144.0000             410   691037.106975325     
   144.0000             420   666137.013723155     
   144.0000             430   642163.237130165     
   144.0000             440   619089.819576644     
   144.0000             450   596884.884523396     
   144.0000             460   575514.154331943     
   144.0000             470   554942.984216742     
   144.0000             480   535137.487418168     
   144.0000             490   516065.112754842     
   144.0000             500   497694.899000298     
 
   148.0000             100   1812.74114063091     
   148.0000             110   17321.1301828567     
   148.0000             120   32932.4398726878     
   148.0000             130   47376.7152125744     
   148.0000             140   62243.7165908872     
   148.0000             150   78831.2253070227     
   148.0000             160   98254.9777836200     
   148.0000             170   121642.402453965     
   148.0000             180   150311.269995784     
   148.0000             190   186078.064636300     
   148.0000             200   232071.374988251     
   148.0000             210   294030.314413148     
   148.0000             220   378987.473176963     
   148.0000             230   488025.044739957     
   148.0000             240   610451.286799804     
   148.0000             250   728392.363704915     
   148.0000             260   826449.697982137     
   148.0000             270   897071.652317559     
   148.0000             280   940072.247470427     
   148.0000             290   959575.781439550     
   148.0000             300   961159.912400186     
   148.0000             310   950133.002274683     
   148.0000             320   930813.816536001     
   148.0000             330   906409.260464450     
   148.0000             340   879160.369903776     
   148.0000             350   850564.671947727     
   148.0000             360   821586.469301948     
   148.0000             370   792825.057971740     
   148.0000             380   764638.106902006     
   148.0000             390   737227.491340641     
   148.0000             400   710696.925211942     
   148.0000             410   685089.676272556     
   148.0000             420   660412.755075056     
   148.0000             430   636652.162679880     
   148.0000             440   613782.344397112     
   148.0000             450   591771.947729398     
   148.0000             460   570587.254650697     
   148.0000             470   550194.169137192     
   148.0000             480   530559.319305250     
   148.0000             490   511650.625505498     
   148.0000             500   493437.552808535     
 
   152.0000             100   1812.74114063091     
   152.0000             110   17321.1491824048     
   152.0000             120   32932.5238085847     
   152.0000             130   47376.9330079503     
   152.0000             140   62244.2588491857     
   152.0000             150   78832.5660897904     
   152.0000             160   98258.2869051807     
   152.0000             170   121650.655534371     
   152.0000             180   150332.704704288     
   152.0000             190   186138.802770106     
   152.0000             200   232250.363513998     
   152.0000             210   294474.719293454     
   152.0000             220   379750.807893060     
   152.0000             230   488799.586920017     
   152.0000             240   610611.073786359     
   152.0000             250   727354.801566313     
   152.0000             260   823952.077353674     
   152.0000             270   893186.807643112     
   152.0000             280   935074.819845754     
   152.0000             290   953800.977231061     
   152.0000             300   954914.919287879     
   152.0000             310   943660.588506392     
   152.0000             320   924288.286172906     
   152.0000             330   899946.934211014     
   152.0000             340   872833.856560544     
   152.0000             350   844415.954452588     
   152.0000             360   815637.179484620     
   152.0000             370   787083.884365747     
   152.0000             380   759105.848873166     
   152.0000             390   731900.371325828     
   152.0000             400   705568.688764619     
   152.0000             410   680152.882800304     
   152.0000             420   655659.544779558     
   152.0000             430   632074.693173443     
   152.0000             440   609373.024045085     
   152.0000             450   587523.547148334     
   152.0000             460   566492.947482321     
   152.0000             470   546247.533560789     
   152.0000             480   526754.319244506     
   152.0000             490   507981.582661144     
   152.0000             500   489899.115831599     
 
   156.0000             100   1812.74114063091     
   156.0000             110   17321.1647625841     
   156.0000             120   32932.5926392997     
   156.0000             130   47377.1116149406     
   156.0000             140   62244.7035704694     
   156.0000             150   78833.6658677828     
   156.0000             160   98261.0020994950     
   156.0000             170   121657.432965578     
   156.0000             180   150350.345928766     
   156.0000             190   186188.948704851     
   156.0000             200   232397.899310324     
   156.0000             210   294837.599271977     
   156.0000             220   380364.924720459     
   156.0000             230   489407.845548774     
   156.0000             240   610708.920874207     
   156.0000             250   726482.066772699     
   156.0000             260   821907.723609422     
   156.0000             270   890035.725321986     
   156.0000             280   931039.425781777     
   156.0000             290   949149.354333854     
   156.0000             300   949891.486230099     
   156.0000             310   938458.021012672     
   156.0000             320   919044.765462448     
   156.0000             330   894754.658124162     
   156.0000             340   867750.414927566     
   156.0000             350   839474.703179178     
   156.0000             360   810855.366928185     
   156.0000             370   782468.504345688     
   156.0000             380   754657.633184775     
   156.0000             390   727616.407323012     
   156.0000             400   701444.080652870     
   156.0000             410   676181.774464481     
   156.0000             420   651835.729185597     
   156.0000             430   628391.960798635     
   156.0000             440   605825.350464472     
   156.0000             450   584105.183985031     
   156.0000             460   563198.457066558     
   156.0000             470   543071.792162656     
   156.0000             480   523692.503891645     
   156.0000             490   505029.150382535     
   156.0000             500   487051.780365830     
 
   160.0000             100   1812.74114063091     
   160.0000             110   17321.1773292820     
   160.0000             120   32932.6481574986     
   160.0000             130   47377.2556817564     
   160.0000             140   62245.0623101442     
   160.0000             150   78834.5531247772     
   160.0000             160   98263.1931939548     
   160.0000             170   121662.905918222     
   160.0000             180   150364.617381120     
   160.0000             190   186229.614152263     
   160.0000             200   232517.343275892     
   160.0000             210   295129.009370841     
   160.0000             220   380851.715919942     
   160.0000             230   489878.971572789     
   160.0000             240   610762.091055194     
   160.0000             250   725756.326747460     
   160.0000             260   820249.414048881     
   160.0000             270   887500.333224533     
   160.0000             280   927804.899506237     
   160.0000             290   945428.207871597     
   160.0000             300   945876.801297565     
   160.0000             310   934301.805830284     
   160.0000             320   914856.036472004     
   160.0000             330   890606.234170411     
   160.0000             340   863687.888011761     
   160.0000             350   835524.592064975     
   160.0000             360   807031.496650432     
   160.0000             370   778776.600484055     
   160.0000             380   751098.457671057     
   160.0000             390   724187.816994691     
   160.0000             400   698142.336437415     
   160.0000             410   673002.349900596     
   160.0000             420   648773.794352594     
   160.0000             430   625442.660972117     
   160.0000             440   602983.957918933     
   160.0000             450   581367.173288648     
   160.0000             460   560559.535554599     
   160.0000             470   540527.905163519     
   160.0000             480   521239.826561312     
   160.0000             490   502664.073163186     
   160.0000             500   484770.892095327     
 
   164.0000             100   1812.74114063091     
   164.0000             110   17321.1872060962     
   164.0000             120   32932.6917924566     
   164.0000             130   47377.3689147672     
   164.0000             140   62245.3442842591     
   164.0000             150   78835.2505883175     
   164.0000             160   98264.9159581841     
   164.0000             170   121667.211428386     
   164.0000             180   150375.860771108     
   164.0000             190   186261.711689995     
   164.0000             200   232611.489464920     
   164.0000             210   295357.232997850     
   164.0000             220   381229.110444319     
   164.0000             230   490237.679973806     
   164.0000             240   610789.089370935     
   164.0000             250   725174.317410220     
   164.0000             260   818942.818869695     
   164.0000             270   885514.608029827     
   164.0000             280   925278.918915470     
   164.0000             290   942526.627999896     
   164.0000             300   942748.799228456     
   164.0000             310   931064.686429783     
   164.0000             320   911593.909807429     
   164.0000             330   887375.313675449     
   164.0000             340   860523.417300507     
   164.0000             350   832447.122987221     
   164.0000             360   804051.796068817     
   164.0000             370   775899.183050324     
   164.0000             380   748323.997823250     
   164.0000             390   721514.733583405     
   164.0000             400   695567.801817747     
   164.0000             410   670522.914354700     
   164.0000             420   646385.760932277     
   164.0000             430   623142.302318680     
   164.0000             440   600767.635260659     
   164.0000             450   579231.396291855     
   164.0000             460   558500.987396255     
   164.0000             470   538543.447901391     
   164.0000             480   519326.495952647     
   164.0000             490   500819.068363799     
   164.0000             500   482991.563371131     
 
   168.0000             100   1812.74114063091     
   168.0000             110   17321.1946438887     
   168.0000             120   32932.7246522196     
   168.0000             130   47377.4541875744     
   168.0000             140   62245.5566393858     
   168.0000             150   78835.7758886120     
   168.0000             160   98266.2136862037     
   168.0000             170   121670.456074076     
   168.0000             180   150384.343259933     
   168.0000             190   186285.961602036     
   168.0000             200   232682.534814090     
   168.0000             210   295528.597260863     
   168.0000             220   381510.245108836     
   168.0000             230   490501.043006910     
   168.0000             240   610800.733831970     
   168.0000             250   724729.005655623     
   168.0000             260   817956.407135705     
   168.0000             270   884022.348929710     
   168.0000             280   923384.843288785     
   168.0000             290   940353.419031077     
   168.0000             300   940407.375871941     
   168.0000             310   928642.197812842     
   168.0000             320   909152.839346627     
   168.0000             330   884957.443773296     
   168.0000             340   858154.975768048     
   168.0000             350   830143.437908917     
   168.0000             360   801820.931224688     
   168.0000             370   773744.555022976     
   168.0000             380   746246.163366113     
   168.0000             390   719512.564687931     
   168.0000             400   693639.234831628     
   168.0000             410   668665.414305809     
   168.0000             420   644596.600950758     
   168.0000             430   621418.725869458     
   168.0000             440   599106.945725306     
   168.0000             450   577631.002531851     
   168.0000             460   556958.423353736     
   168.0000             470   537056.377422626     
   168.0000             480   517892.709635728     
   168.0000             490   499436.476478155     
   168.0000             500   481658.187191576     
 
   172.0000             100   1812.74114063091     
   172.0000             110   17321.1998290551     
   172.0000             120   32932.7475601062     
   172.0000             130   47377.5136355034     
   172.0000             140   62245.7046867190     
   172.0000             150   78836.1421315738     
   172.0000             160   98267.1185802173     
   172.0000             170   121672.719241339     
   172.0000             180   150390.264672169     
   172.0000             190   186302.906925065     
   172.0000             200   232732.135858860     
   172.0000             210   295647.799911564     
   172.0000             220   381704.677632286     
   172.0000             230   490681.237646140     
   172.0000             240   610804.502017231     
   172.0000             250   724415.059283716     
   172.0000             260   817267.521358537     
   172.0000             270   882983.600302021     
   172.0000             280   922068.476996896     
   172.0000             290   938844.307427671     
   172.0000             300   938782.138450873     
   172.0000             310   926960.999172493     
   172.0000             320   907458.813683707     
   172.0000             330   883279.446067005     
   172.0000             340   856511.134796134     
   172.0000             350   828544.365181250     
   172.0000             360   800272.225805080     
   172.0000             370   772248.606573393     
   172.0000             380   744803.383819098     
   172.0000             390   718122.198386990     
   172.0000             400   692299.875420289     
   172.0000             410   667375.325493781     
   172.0000             420   643353.909886569     
   172.0000             430   620221.535712977     
   172.0000             440   597953.398076332     
   172.0000             450   576519.309431117     
   172.0000             460   555886.881298161     
   172.0000             470   536023.371109269     
   172.0000             480   516896.710131506     
   172.0000             490   498476.036615705     
   172.0000             500   480731.935816492     
 
   176.0000             100   1812.74114063091     
   176.0000             110   17321.2028900674     
   176.0000             120   32932.7610835930     
   176.0000             130   47377.5487304047     
   176.0000             140   62245.7920875394     
   176.0000             150   78836.3583535176     
   176.0000             160   98267.6528522899     
   176.0000             170   121674.055744812     
   176.0000             180   150393.763391932     
   176.0000             190   186312.925718573     
   176.0000             200   232761.444617318     
   176.0000             210   295718.066744017     
   176.0000             220   381818.857104081     
   176.0000             230   490786.304643636     
   176.0000             240   610805.057235065     
   176.0000             250   724228.375668933     
   176.0000             260   816860.360055618     
   176.0000             270   882370.953244900     
   176.0000             280   921292.886840919     
   176.0000             290   937955.629452809     
   176.0000             300   937825.336978803     
   176.0000             310   925971.368732542     
   176.0000             320   906461.657633176     
   176.0000             330   882291.695782144     
   176.0000             340   855543.433955622     
   176.0000             350   827602.950431065     
   176.0000             360   799360.394266208     
   176.0000             370   771367.772145492     
   176.0000             380   743953.798858248     
   176.0000             390   717303.428551430     
   176.0000             400   691511.102794795     
   176.0000             410   666615.536848455     
   176.0000             420   642622.010299696     
   176.0000             430   619516.414832725     
   176.0000             440   597273.966970112     
   176.0000             450   575864.519569743     
   176.0000             460   555255.732964718     
   176.0000             470   535414.915755486     
   176.0000             480   516310.049437734     
   176.0000             490   497910.319899692     
   176.0000             500   480186.356747427     
 
