         100   1812.74114063091     
         102   4254.90493190454     
         104   7290.14105854777     
         106   10592.2597219846     
         108   13969.0267931575     
         110   17321.1260483618     
         112   20603.6417583344     
         114   23801.5725442656     
         116   26915.7595433241     
         118   29955.0763353578     
         120   32932.1615705838     
         122   35861.1196119472     
         124   38756.3100597526     
         126   41631.7393772503     
         128   44500.7844916923     
         130   47376.0976821497     
         132   50269.6083082937     
         134   53192.5739938156     
         136   56155.6547911021     
         138   59168.9957393034     
         140   62242.3100130116     
         142   65384.9587350715     
         144   68606.0257324813     
         146   71914.3867560558     
         148   75318.7733708276     
         150   78827.8320930322     
         152   82450.1795411162     
         154   86194.4544659997     
         156   90069.3675806250     
         158   94083.7501528925     
         160   98246.6023819411     
         162   102567.142664208     
         164   107054.858993232     
         166   111719.563954378     
         168   116571.455119632     
         170   121621.183200475     
         172   126879.931218728     
         174   132359.509425272     
         176   138072.473027795     
         178   144032.273272994     
         180   150253.457164535     
         182   156751.936667778     
         184   163545.353346406     
         186   170653.566559750     
         188   178099.289238033     
         190   185908.881299759     
         192   194113.284635217     
         194   202749.045667537     
         196   211859.326109586     
         198   221494.757858900     
         200   231713.964739130     
         202   242583.562695034     
         204   254177.468720427     
         206   266575.399356581     
         208   279860.517511889     
         210   294116.281083233     
         212   309422.644039075     
         214   325851.845122934     
         216   343464.078341473     
         218   362303.364755178     
         220   382393.934411697     
         222   403737.383787167     
         224   426310.805469308     
         226   450066.003256321     
         228   474929.818225808     
         230   500805.509470002     
         232   527575.064694638     
         234   555102.265524301     
         236   583236.302077086     
         238   611815.720608452     
         240   640672.494347151     
         242   669636.027453440     
         244   698536.931217484     
         246   727210.446129119     
         248   755499.419680566     
         250   783256.784787690     
         252   810347.515391477     
         254   836650.062760023     
         256   862057.297568714     
         258   886476.998868695     
         260   909831.941854701     
         262   932059.642486816     
         264   953111.819239238     
         266   972953.631336547     
         268   991562.749574743     
         270   1008928.31092848     
         272   1025049.80224189     
         274   1039935.91190540     
         276   1053603.38194375     
         278   1066075.88668500     
         280   1077382.95836178     
         282   1087558.97474892     
         284   1096642.21933924     
         286   1104674.02062574     
         288   1111697.97378006     
         290   1117759.24535744     
         292   1122903.95956214     
         294   1127178.66301192     
         296   1130629.86377876     
         298   1133303.63968988     
         300   1135245.31038433     
         302   1136499.16737984     
         304   1137108.25635889     
         306   1137114.20598844     
         308   1136557.09780450     
         310   1135475.37198913     
         312   1133905.76421687     
         314   1131883.26912720     
         316   1129441.12637433     
         318   1126610.82560023     
         320   1123422.12706295     
         322   1119903.09502176     
         324   1116080.14132912     
         326   1111978.07700369     
         328   1107620.16985645     
         330   1103028.20651365     
         332   1098222.55742481     
         334   1093222.24366363     
         336   1088045.00452413     
         338   1082707.36508626     
         340   1077224.70307607     
         342   1071611.31447637     
         344   1065880.47745744     
         346   1060044.51429504     
         348   1054114.85102582     
         350   1048102.07466145     
         352   1042015.98784160     
         354   1035865.66085598     
         356   1029659.48100628     
         358   1023405.19931278     
         360   1017109.97459723     
         362   1010780.41499531     
         364   1004422.61696884     
         366   998042.201900810     
         368   991644.350365705     
         370   985233.834174142     
         372   978815.046295311     
         374   972392.028762789     
         376   965968.498670108     
         378   959547.872361821     
         380   953133.287924196     
         382   946727.626077198     
         384   940333.529566371     
         386   933953.421149681     
         388   927589.520270505     
         390   921243.858503866     
         392   914918.293858768     
         394   908614.524015187     
         396   902334.098570011     
         398   896078.430361920     
         400   889848.805941098     
         402   883646.395245569     
         404   877472.260542079     
         406   871327.364685658     
         408   865212.578748419     
         410   859128.689064740     
         412   853076.403736688     
         414   847056.358640520     
         416   841069.122972166     
         418   835115.204366880     
         420   829195.053625693     
         422   823309.069078892     
         424   817457.600614521     
         426   811640.953397793     
         428   805859.391305357     
         430   800113.140096550     
         432   794402.390342063     
         434   788727.300128904     
         436   783087.997559058     
         438   777484.583057915     
         440   771917.131507281     
         442   766385.694216636     
         444   760890.300745217     
         446   755430.960586541     
         448   750007.664726067     
         450   744620.387081809     
         452   739269.085837021     
         454   733953.704673277     
         456   728674.173911646     
         458   723430.411569056     
         460   718222.324336377     
         462   713049.808484211     
         464   707912.750701952     
         466   702811.028875192     
         468   697744.512806175     
         470   692713.064881626     
         472   687716.540691933     
         474   682754.789605348     
         476   677827.655300602     
         478   672934.976261032     
         480   668076.586233107     
         482   663252.314651983     
         484   658461.987036547     
         486   653705.425356186     
         488   648982.448371367     
         490   644292.871949927     
         492   639636.509360865     
         494   635013.171547248     
         496   630422.667379909     
         498   625864.804114621     
         500   621339.744584297     
