         100   1812.74114063091     
         102   4254.88492373311     
         104   7290.05777143546     
         106   10592.0458468686     
         108   13968.6137663558     
         110   17320.4553779727     
         112   20602.6648728599     
         114   23800.2451404189     
         116   26914.0349573273     
         118   29952.8997435763     
         120   32929.4652670333     
         122   35857.8190273559     
         124   38752.3000735053     
         126   41626.8905212621     
         128   44494.9387197443     
         130   47369.0634342679     
         132   50261.1546282389     
         134   53182.4234611085     
         136   56143.4750116754     
         138   59154.3891042534     
         140   62224.8013846979     
         142   65363.9806540765     
         144   68580.9006563407     
         146   71884.3057386219     
         148   75282.7704657076     
         150   78784.7536104400     
         152   82398.6470975676     
         154   86132.8205311880     
         156   89995.6619330595     
         158   93995.6152886485     
         160   98141.2154560942     
         162   102441.120949632     
         164   106904.145068721     
         166   111539.285810129     
         168   116355.754974165     
         170   121363.006859185     
         172   126570.766931124     
         174   131989.060857974     
         176   137628.244313851     
         178   143499.033984993     
         180   149612.540252830     
         182   155980.302089998     
         184   162614.324788065     
         186   169527.121246490     
         188   176731.757699466     
         190   184241.904953038     
         192   192071.896468750     
         194   200236.794995273     
         196   208752.469980417     
         198   217635.688828155     
         200   226904.226491517     
         202   236577.000519971     
         204   246674.243660821     
         206   257217.735368664     
         208   268231.129795117     
         210   279740.443896588     
         212   291774.806794684     
         214   304367.618320538     
         216   317558.312262503     
         218   331394.951853358     
         220   345937.878683060     
         222   361264.567645363     
         224   377475.693486155     
         226   394702.189812375     
         228   413112.803125110     
         230   432921.359585314     
         232   454392.732498715     
         234   477846.385763418     
         236   503656.418260548     
         238   532247.262268988     
         240   564084.575840510     
         242   599661.362769818     
         244   639479.881159662     
         246   684030.383640976     
         248   733768.099912973     
         250   789090.078140787     
         252   850313.526716385     
         254   917657.150877860     
         256   991226.691562508     
         258   1071005.49316104     
         260   1156850.50449867     
         262   1248493.70251864     
         264   1345548.56098396     
         266   1447520.89488636     
         268   1553823.20975313     
         270   1663791.57615235     
         272   1776704.02621788     
         274   1891799.51711091     
         276   2008296.60858562     
         278   2125411.13988569     
         280   2242372.34783385     
         282   2358437.02842371     
         284   2472901.49690147     
         286   2585111.23802458     
         288   2694468.25387293     
         290   2800436.20896804     
         292   2902543.54140704     
         294   3000384.75570748     
         296   3093620.14059382     
         298   3181974.16611259     
         300   3265232.81251175     
         302   3343240.07144891     
         304   3415893.84122385     
         306   3483141.41440370     
         308   3544974.73053832     
         310   3601425.54032753     
         312   3652560.60187265     
         314   3698477.00543052     
         316   3739297.70098492     
         318   3775167.28330351     
         320   3806248.07210062     
         322   3832716.51047259     
         324   3854759.89279907     
         326   3872573.42362568     
         328   3886357.60143372     
         330   3896315.91541244     
         332   3902652.83912665     
         334   3905572.10207397     
         336   3905275.21832294     
         338   3901960.25050839     
         340   3895820.78725049     
         342   3887045.11239785     
         344   3875815.54523628     
         346   3862307.93183911     
         348   3846691.26896690     
         350   3829127.44327742     
         352   3809771.07002027     
         354   3788769.41681639     
         356   3766262.39952519     
         358   3742382.63855497     
         360   3717255.56525605     
         362   3690999.56923978     
         364   3663726.17858117     
         366   3635540.26588706     
         368   3606540.27414333     
         370   3576818.45709684     
         372   3546461.12968334     
         374   3515548.92468692     
         376   3484157.05241393     
         378   3452355.56069194     
         380   3420209.59296651     
         382   3387779.64267233     
         384   3355121.80240627     
         386   3322288.00673251     
         388   3289326.26771084     
         390   3256280.90246188     
         392   3223192.75227255     
         394   3190099.39290555     
         396   3157035.33591086     
         398   3124032.22084988     
         400   3091118.99843554     
         402   3058322.10466772     
         404   3025665.62610508     
         406   2993171.45646348     
         408   2960859.44476987     
         410   2928747.53533022     
         412   2896851.89979196     
         414   2865187.06159710     
         416   2833766.01313231     
         418   2802600.32588824     
         420   2771700.25394210     
         422   2741074.83107691     
         424   2710731.96184704     
         426   2680678.50689473     
         428   2650920.36281483     
         430   2621462.53685725     
         432   2592309.21674731     
         434   2563463.83589456     
         436   2534929.13425025     
         438   2506707.21506342     
         440   2478799.59777461     
         442   2451207.26727570     
         444   2423930.71975380     
         446   2396970.00532633     
         448   2370324.76766457     
         450   2343994.28079248     
         452   2317977.48323818     
         454   2292273.00970568     
         456   2266879.22042570     
         458   2241794.22833520     
         460   2217015.92422729     
         462   2192542.00000463     
         464   2168369.97016202     
         466   2144497.19161647     
         468   2120920.88199581     
         470   2097638.13649061     
         472   2074645.94336731     
         474   2051941.19823502     
         476   2029520.71715224     
         478   2007381.24865475     
         480   1985519.48478042     
         482   1963932.07116239     
         484   1942615.61625692     
         486   1921566.69976845     
         488   1900781.88033003     
         490   1880257.70249366     
         492   1859990.70308120     
         494   1839977.41691665     
         496   1820214.38066186     
         498   1800698.19182593     
         500   1781448.73521181     
