         100   1812.74114063091     
         105   8922.52481952262     
         110   17320.8892136899     
         115   25368.1742758148     
         120   32931.2154778039     
         125   40194.0841472560     
         130   47373.5993328230     
         135   54664.4888862049     
         140   62236.0458474244     
         145   70238.8854184887     
         150   78812.3476611321     
         155   88090.7530003681     
         160   98208.5462976669     
         165   109304.757377027     
         170   121527.283287348     
         175   135037.585060858     
         180   150016.682391544     
         185   166674.279780609     
         190   185265.812202147     
         195   206129.357673256     
         200   229763.814466731     
         205   256964.377958818     
         210   288983.808723672     
         215   327607.390595513     
         220   374995.899235344     
         225   433242.323045496     
         230   503764.279861255     
         235   586775.134192099     
         240   681048.171078178     
         245   784044.422360418     
         250   892323.172606088     
         255   1002075.19594064     
         260   1109624.46493879     
         265   1211800.20559363     
         270   1306146.26338403     
         275   1390982.99949570     
         280   1465361.18869741     
         285   1528952.05121484     
         290   1581910.77378964     
         295   1624739.81441108     
         300   1658167.46790711     
         305   1683048.67979658     
         310   1700289.39301308     
         315   1710792.42781170     
         320   1715421.38021927     
         325   1714978.64496753     
         330   1710193.92600504     
         335   1701720.14788186     
         340   1690134.31297457     
         345   1675941.44728164     
         350   1659580.28892460     
         355   1641429.78347648     
         360   1621815.76360388     
         365   1601017.42091031     
         370   1579273.34149972     
         375   1556786.98908393     
         380   1533731.59370289     
         385   1510254.45100234     
         390   1486480.66476041     
         395   1462516.38011634     
         400   1438451.56118095     
         405   1414362.36754830     
         410   1390313.18185216     
         415   1366358.33638105     
         420   1342543.58183805     
         425   1318907.33620700     
         430   1295481.74672818     
         435   1272293.59339285     
         440   1249365.05823195     
         445   1226714.38103024     
         450   1204356.41893036     
         455   1182303.12467130     
         460   1160563.95588624     
         465   1139146.22592068     
         470   1118055.40497509     
         475   1097295.37898311     
         480   1076868.67246814     
         485   1056776.64064216     
         490   1037019.63519325     
         495   1017597.15080144     
         500   998512.667580716     
