         100   1812.74114063091     
         101   2933.81075683794     
         102   4254.89205299475     
         103   5722.20056097950     
         104   7290.08612808477     
         105   8922.48540104773     
         106   10592.1171560307     
         107   12278.9699008154     
         108   13968.7499900370     
         109   15651.5331050300     
         110   17320.6752298774     
         111   18971.9659440413     
         112   20602.9839327796     
         113   22212.6124416074     
         114   23800.6776721239     
         115   25367.6801822155     
         116   26914.5960187717     
         117   28442.7298831556     
         118   29953.6070303605     
         119   31448.8939747032     
         120   32930.3406153631     
         121   34399.7382913106     
         122   35858.8896837318     
         123   37309.5875282553     
         124   38753.5998732098     
         125   40192.6601942656     
         126   41628.4611024279     
         127   43062.6507000031     
         128   44496.8308762260     
         129   45932.5570115763     
         130   47371.3386927785     
         131   48814.6411403887     
         132   50263.8871260964     
         133   51720.4592135885     
         134   53185.7021996627     
         135   54660.9256646435     
         136   56147.4065656347     
         137   57646.3918246434     
         138   59159.1008775826     
         139   60686.7281607016     
         140   62230.4455189130     
         141   63791.4045264237     
         142   65370.7387145005     
         143   66969.5657044741     
         144   68588.9892464817     
         145   70230.1011661838     
         146   71893.9832229203     
         147   73581.7088836283     
         148   75294.3450174078     
         149   77032.9535159883     
         150   78798.5928455484     
         151   80592.3195354411     
         152   82415.1896093899     
         153   84268.2599646902     
         154   86152.5897048797     
         155   88069.2414312618     
         156   90019.2824985740     
         157   92003.7862400122     
         158   94023.8331667490     
         159   96080.5121470310     
         160   98174.9215699087     
         161   100308.170498656     
         162   102481.379818961     
         163   104695.683387037     
         164   106952.229182926     
         165   109252.180474391     
         166   111596.716997034     
         167   113987.036156512     
         168   116424.354259057     
         169   118909.907776929     
         170   121444.954655869     
         171   124030.775672254     
         172   126668.675848314     
         173   129359.985934637     
         174   132106.063970158     
         175   134908.296931069     
         176   137768.102481534     
         177   140686.930840899     
         178   143666.266784331     
         179   146707.631796647     
         180   149812.586402718     
         181   152982.732702502     
         182   156219.717144887     
         183   159525.233582582     
         184   162901.026660820     
         185   166348.895606456     
         186   169870.698501850     
         187   173468.357150635     
         188   177143.862670805     
         189   180899.281985129     
         190   184736.765419836     
         191   188658.555669502     
         192   192666.998437717     
         193   196764.555117336     
         194   200953.817927180     
         195   205237.527969401     
         196   209618.596707133     
         197   214100.131378586     
         198   218685.464853649     
         199   223378.190394614     
         200   228182.201696644     
         201   233101.738450565     
         202   238141.437486866     
         203   243306.389325361     
         204   248602.199673021     
         205   254035.055090365     
         206   259611.791696091     
         207   265339.965415405     
         208   271227.921918141     
         209   277284.864058740     
         210   283520.914342648     
         211   289947.169723619     
         212   296575.745902374     
         213   303419.808264548     
         214   310493.586675640     
         215   317812.371548021     
         216   325392.488909379     
         217   333251.252626382     
         218   341406.892459181     
         219   349878.457223748     
         220   358685.692997894     
         221   367848.896997985     
         222   377388.748450246     
         223   387326.118456188     
         224   397681.861480386     
         225   408476.591647420     
         226   419730.447503311     
         227   431462.849259939     
         228   443692.252787766     
         229   456435.904747200     
         230   469709.603251192     
         231   483527.468335257     
         232   497901.726284070     
         233   512842.511537817     
         234   528357.689491049     
         235   544452.703018292     
         236   561130.445031756     
         237   578391.158815046     
         238   596232.367300557     
         239   614648.831883796     
         240   633632.540810533     
         241   653172.726645713     
         242   673255.911847752     
         243   693865.981037092     
         244   714984.278170372     
         245   736589.726515578     
         246   758658.969071330     
         247   781166.526885132     
         248   804084.972599633     
         249   827385.116489508     
         250   851036.202240464     
         251   875006.109760828     
         252   899261.562399513     
         253   923768.336065601     
         254   948491.467897958     
         255   973395.462311939     
         256   998444.492447965     
         257   1023602.59525791     
         258   1048833.85868421     
         259   1074102.59960863     
         260   1099373.53146808     
         261   1124611.92065041     
         262   1149783.73098982     
         263   1174855.75587779     
         264   1199795.73768812     
         265   1224572.47438317     
         266   1249155.91332102     
         267   1273517.23241994     
         268   1297628.90895661     
         269   1321464.77637823     
         270   1345000.06959667     
         271   1368211.45930533     
         272   1391077.07591739     
         273   1413576.52376864     
         274   1435690.88626020     
         275   1457402.72263682     
         276   1478696.05710696     
         277   1499556.36101200     
         278   1519970.52874505     
         279   1539926.84810626     
         280   1559414.96576208     
         281   1578425.84845137     
         282   1596951.74055310     
         283   1614986.11859910     
         284   1632523.64328140     
         285   1649560.10946882     
         286   1666092.39471077     
         287   1682118.40667006     
         288   1697637.02988940     
         289   1712648.07226052     
         290   1727152.21152909     
         291   1741150.94213464     
         292   1754646.52265143     
         293   1767641.92406486     
         294   1780140.77908813     
         295   1792147.33269557     
         296   1803666.39402298     
         297   1814703.28976037     
         298   1825263.81914021     
         299   1835354.21060313     
         300   1844981.08020384     
         301   1854151.39180303     
         302   1862872.41907471     
         303   1871151.70934495     
         304   1878997.04926476     
         305   1886416.43230932     
         306   1893418.02808539     
         307   1900010.15342058     
         308   1906201.24520054     
         309   1911999.83491403     
         310   1917414.52486045     
         311   1922453.96596995     
         312   1927126.83718298     
         313   1931441.82633308     
         314   1935407.61247472     
         315   1939032.84959662     
         316   1942326.15165994     
         317   1945296.07890020     
         318   1947951.12533201     
         319   1950299.70739586     
         320   1952350.15368689     
         321   1954110.69570663     
         322   1955589.45957982     
         323   1956794.45867982     
         324   1957733.58710765     
         325   1958414.61397149     
         326   1958845.17841516     
         327   1959032.78534598     
         328   1958984.80181449     
         329   1958708.45400021     
         330   1958210.82476004     
         331   1957498.85169733     
         332   1956579.32571222     
         333   1955458.88999547     
         334   1954144.03943001     
         335   1952641.12036646     
         336   1950956.33074060     
         337   1949095.72050271     
         338   1947065.19233036     
         339   1944870.50259800     
         340   1942517.26257835     
         341   1940010.93985209     
         342   1937356.85990396     
         343   1934560.20788488     
         344   1931626.03052088     
         345   1928559.23815113     
         346   1925364.60687863     
         347   1922046.78081825     
         348   1918610.27442787     
         349   1915059.47490967     
         350   1911398.64466936     
         351   1907631.92382235     
         352   1903763.33273657     
         353   1899796.77460264     
         354   1895736.03802275     
         355   1891584.79961050     
         356   1887346.62659457     
         357   1883024.97941965     
         358   1878623.21433901     
         359   1874144.58599320     
         360   1869592.24997022     
         361   1864969.26534300     
         362   1860278.59718017     
         363   1855523.11902707     
         364   1850705.61535370     
         365   1845828.78396726     
         366   1840895.23838686     
         367   1835907.51017854     
         368   1830868.05124887     
         369   1825779.23609577     
         370   1820643.36401530     
         371   1815462.66126368     
         372   1810239.28317352     
         373   1804975.31622394     
         374   1799672.78006413     
         375   1794333.62949009     
         376   1788959.75637440     
         377   1783552.99154925     
         378   1778115.10664270     
         379   1772647.81586844     
         380   1767152.77776950     
         381   1761631.59691624     
         382   1756085.82555905     
         383   1750516.96523654     
         384   1744926.46833961     
         385   1739315.73963209     
         386   1733686.13772887     
         387   1728038.97653193     
         388   1722375.52662532     
         389   1716697.01662971     
         390   1711004.63451746     
         391   1705299.52888891     
         392   1699582.81021080     
         393   1693855.55201777     
         394   1688118.79207761     
         395   1682373.53352125     
         396   1676620.74593837     
         397   1670861.36643941     
         398   1665096.30068492     
         399   1659326.42388301     
         400   1653552.58175592     
         401   1647775.59147629     
         402   1641996.24257426     
         403   1636215.29781591     
         404   1630433.49405416     
         405   1624651.54305259     
         406   1618870.13228330     
         407   1613089.92569926     
         408   1607311.56448215     
         409   1601535.66776624     
         410   1595762.83333919     
         411   1589993.63832031     
         412   1584228.63981707     
         413   1578468.37556057     
         414   1572713.36452045     
         415   1566964.10750011     
         416   1561221.08771260     
         417   1555484.77133808     
         418   1549755.60806315     
         419   1544034.03160284     
         420   1538320.46020573     
         421   1532615.29714267     
         422   1526918.93117980     
         423   1521231.73703622     
         424   1515554.07582688     
         425   1509886.29549119     
         426   1504228.73120775     
         427   1498581.70579568     
         428   1492945.53010305     
         429   1487320.50338276     
         430   1481706.91365624     
         431   1476105.03806555     
         432   1470515.14321408     
         433   1464937.48549629     
         434   1459372.31141687     
         435   1453819.85789970     
         436   1448280.35258685     
         437   1442754.01412799     
         438   1437241.05246065     
         439   1431741.66908140     
         440   1426256.05730844     
         441   1420784.40253589     
         442   1415326.88247981     
         443   1409883.66741661     
         444   1404454.92041373     
         445   1399040.79755314     
         446   1393641.44814768     
         447   1388257.01495059     
         448   1382887.63435850     
         449   1377533.43660790     
         450   1372194.54596555     
         451   1366871.08091288     
         452   1361563.15432458     
         453   1356270.87364164     
         454   1350994.34103896     
         455   1345733.65358779     
         456   1340488.90341305     
         457   1335260.17784578     
         458   1330047.55957089     
         459   1324851.12677031     
         460   1319670.95326170     
         461   1314507.10863295     
         462   1309359.65837243     
         463   1304228.66399535     
         464   1299114.18316612     
         465   1294016.26981709     
         466   1288934.97426353     
         467   1283870.34331519     
         468   1278822.42038441     
         469   1273791.24559096     
         470   1268776.85586368     
         471   1263779.28503905     
         472   1258798.56395673     
         473   1253834.72055227     
         474   1248887.77994699     
         475   1243957.76453509     
         476   1239044.69406826     
         477   1234148.58573765     
         478   1229269.45425336     
         479   1224407.31192164     
         480   1219562.16871968     
         481   1214734.03236821     
         482   1209922.90840190     
         483   1205128.80023771     
         484   1200351.70924111     
         485   1195591.63479042     
         486   1190848.57433916     
         487   1186122.52347658     
         488   1181413.47598636     
         489   1176721.42390362     
         490   1172046.35757019     
         491   1167388.26568820     
         492   1162747.13537217     
         493   1158122.95219951     
         494   1153515.70025946     
         495   1148925.36220071     
         496   1144351.91927752     
         497   1139795.35139617     
         498   1135255.63724863     
         499   1130732.76105580     
         500   1126227.60102528     
