         100   1812.74114063091     
         101   2933.81659171967     
         102   4254.90831457278     
         103   5722.23704159069     
         104   7290.15564794132     
         105   8922.60261710228     
         106   10592.2972944847     
         107   12279.2277617724     
         108   13969.0993488627     
         109   15651.9864851314     
         110   17321.2439561172     
         111   18972.6603761672     
         112   20603.8137948101     
         113   22213.5871872001     
         114   23801.8068482572     
         115   25368.9737707503     
         116   26916.0647473705     
         117   28444.3855045463     
         118   29955.4625732333     
         119   31450.9639716799     
         120   32932.6413142837     
         121   34402.2878561184     
         122   35861.7083908712     
         123   37312.6979639717     
         124   38757.0271365821     
         125   40196.4321102977     
         126   41632.6084491022     
         127   43067.2074528739     
         128   44501.8344739072     
         129   45938.0486453443     
         130   47377.3636234621     
         131   48821.2490457516     
         132   50271.1324820104     
         133   51728.4017124622     
         134   53194.4072098045     
         135   54670.4647345151     
         136   56157.8579772752     
         137   57657.8412009270     
         138   59171.6418484039     
         139   60700.4630936754     
         140   62245.4863207231     
         141   63807.8735215721     
         142   65388.7696088933     
         143   66989.3046420408     
         144   68610.5959678768     
         145   70253.7502795603     
         146   71919.8655978199     
         147   73610.0331802001     
         148   75325.3393644818     
         149   77066.8673529849     
         150   78835.6989448485     
         151   80632.9162236708     
         152   82459.6032081421     
         153   84316.8474735257     
         154   86205.7417520778     
         155   88127.3855207611     
         156   90082.8865849225     
         157   92073.3626669939     
         158   94099.9430097619     
         159   96163.7700043568     
         160   98266.0008538737     
         161   100407.809284493     
         162   102590.387317167     
         163   104814.947114449     
         164   107082.722918956     
         165   109394.973102397     
         166   111752.982347168     
         167   114158.063986477     
         168   116611.562533959     
         169   119114.856440004     
         170   121669.361119887     
         171   124276.532308366     
         172   126937.869806875     
         173   129654.921702871     
         174   132429.289155908     
         175   135262.631861308     
         176   138156.674318730     
         177   141113.213048349     
         178   144134.124909735     
         179   147221.376685553     
         180   150377.036091158     
         181   153603.284358939     
         182   156902.430519884     
         183   160276.927461410     
         184   163729.389777943     
         185   167262.613347691     
         186   170879.596465765     
         187   174583.562241781     
         188   178377.981832938     
         189   182266.597936470     
         190   186253.447815231     
         191   190342.884985432     
         192   194539.598565339     
         193   198848.629177767     
         194   203275.380226728     
         195   207825.623337951     
         196   212505.496770769     
         197   217321.495679538     
         198   222280.453227885     
         199   227389.511737621     
         200   232656.083281721     
         201   238087.799400430     
         202   243692.449921738     
         203   249477.911190638     
         204   255452.064343079     
         205   261622.704586644     
         206   267997.442757791     
         207   274583.600702129     
         208   281388.102258959     
         209   288417.361815025     
         210   295677.172518375     
         211   303172.596307527     
         212   310907.857912147     
         213   318886.244920554     
         214   327110.015889991     
         215   335580.318303535     
         216   344297.117960009     
         217   353259.141129075     
         218   362463.830522119     
         219   371907.315830520     
         220   381584.399276087     
         221   391488.556313187     
         222   401611.951326893     
         223   411945.467893912     
         224   422478.752919449     
         225   433200.273738585     
         226   444097.387078901     
         227   455156.418624375     
         228   466362.751800120     
         229   477700.924313334     
         230   489154.730936788     
         231   500707.331005415     
         232   512341.359111462     
         233   524039.037526016     
         234   535782.288941057     
         235   547552.848212685     
         236   559332.371889068     
         237   571102.544422062     
         238   582845.180085799     
         239   594542.319755287     
         240   606176.321830154     
         241   617729.946720214     
         242   629186.434438048     
         243   640529.574967340     
         244   651743.771192297     
         245   662814.094282086     
         246   673726.331523553     
         247   684467.026685002     
         248   695023.513073143     
         249   705383.939514155     
         250   715537.289548437     
         251   725473.394177148     
         252   735182.938537600     
         253   744657.462914412     
         254   753889.358514788     
         255   762871.858449993     
         256   771599.024371806     
         257   780065.729213269     
         258   788267.636478048     
         259   796201.176513125     
         260   803863.520185822     
         261   811252.550369299     
         262   818366.831621014     
         263   825205.578417051     
         264   831768.622282051     
         265   838056.378130314     
         266   844069.810108934     
         267   849810.397208866     
         268   855280.098885038     
         269   860481.320902258     
         270   865416.881599932     
         271   870089.978745749     
         272   874504.157126661     
         273   878663.277004703     
         274   882571.483545741     
         275   886233.177310949     
         276   889652.985883915     
         277   892835.736690639     
         278   895786.431055400     
         279   898510.219522455     
         280   901012.378461785     
         281   903298.287966588     
         282   905373.411040814     
         283   907243.274066818     
         284   908913.448535934     
         285   910389.534018578     
         286   911677.142345093     
         287   912781.882964113     
         288   913709.349441432     
         289   914465.107059413     
         290   915054.681474544     
         291   915483.548389002     
         292   915757.124190767     
         293   915880.757516089     
         294   915859.721687648     
         295   915699.207981788     
         296   915404.319678449     
         297   914980.066848022     
         298   914431.361830123     
         299   913763.015360311     
         300   912979.733301928     
         301   912086.113941538     
         302   911086.645807876     
         303   909985.705975685     
         304   908787.558817411     
         305   907496.355167317     
         306   906116.131864202     
         307   904650.811640579     
         308   903104.203327785     
         309   901480.002348146     
         310   899781.791466925     
         311   898013.041778355     
         312   896177.113901624     
         313   894277.259364151     
         314   892316.622150983     
         315   890298.240400511     
         316   888225.048228100     
         317   886099.877660478     
         318   883925.460665007     
         319   881704.431259132     
         320   879439.327686431     
         321   877132.594646748     
         322   874786.585568943     
         323   872403.564915696     
         324   869985.710510761     
         325   867535.115879890     
         326   865053.792597437     
         327   862543.672631431     
         328   860006.610680601     
         329   857444.386497463     
         330   854858.707192239     
         331   852251.209512918     
         332   849623.462097295     
         333   846976.967693335     
         334   844313.165344658     
         335   841633.432538344     
         336   838939.087312675     
         337   836231.390322760     
         338   833511.546862329     
         339   830780.708840299     
         340   828039.976710954     
         341   825290.401356864     
         342   822532.985923885     
         343   819768.687607792     
         344   816998.419392276     
         345   814223.051738225     
         346   811443.414224348     
         347   808660.297139335     
         348   805874.453025887     
         349   803086.598177047     
         350   800297.414085344     
         351   797507.548845399     
         352   794717.618510641     
         353   791928.208404927     
         354   789139.874389839     
         355   786353.144088553     
         356   783568.518067146     
         357   780786.470974293     
         358   778007.452640301     
         359   775231.889136472     
         360   772460.183795776     
         361   769692.718195852     
         362   766929.853105346     
         363   764171.929394610     
         364   761419.268911774     
         365   758672.175325201     
         366   755930.934933347     
         367   753195.817443017     
         368   750467.076717006     
         369   747744.951492105     
         370   745029.666068434     
         371   742321.430971055     
         372   739620.443584781     
         373   736926.888763112     
         374   734240.939412185     
         375   731562.757050604     
         376   728892.492346019     
         377   726230.285629284     
         378   723576.267386999     
         379   720930.558733242     
         380   718293.271861248     
         381   715664.510475801     
         382   713044.370207048     
         383   710432.939006461     
         384   707830.297525618     
         385   705236.519478480     
         386   702651.671987795     
         387   700075.815916262     
         388   697509.006183061     
         389   694951.292066321     
         390   692402.717492099     
         391   689863.321310408     
         392   687333.137558830     
         393   684812.195714210     
         394   682300.520932926     
         395   679798.134280211     
         396   677305.052948971     
         397   674821.290468550     
         398   672346.856903851     
         399   669881.759045237     
         400   667426.000589579     
         401   664979.582312852     
         402   662542.502234623     
         403   660114.755774791     
         404   657696.335902897     
         405   655287.233280354     
         406   652887.436395867     
         407   650496.931694378     
         408   648115.703699791     
         409   645743.735131768     
         410   643381.007016851     
         411   641027.498794158     
         412   638683.188415909     
         413   636348.052442990     
         414   634022.066135802     
         415   631705.203540586     
         416   629397.437571442     
         417   627098.740088235     
         418   624809.081970563     
         419   622528.433187986     
         420   620256.762866671     
         421   617994.039352623     
         422   615740.230271662     
         423   613495.302586294     
         424   611259.222649616     
         425   609031.956256401     
         426   606813.468691489     
         427   604603.724775608     
         428   602402.688908757     
         429   600210.325111246     
         430   598026.597062530     
         431   595851.468137916     
         432   593684.901443260     
         433   591526.859847749     
         434   589377.306014849     
         435   587236.202431521     
         436   585103.511435780     
         437   582979.195242678     
         438   580863.215968792     
         439   578755.535655286     
         440   576656.116289617     
         441   574564.919825951     
         442   572481.908204358     
         443   570407.043368841     
         444   568340.287284259     
         445   566281.601952193     
         446   564230.949425828     
         447   562188.291823865     
         448   560153.591343557     
         449   558126.810272870     
         450   556107.911001845     
         451   554096.856033187     
         452   552093.607992121     
         453   550098.129635563     
         454   548110.383860629     
         455   546130.333712522     
         456   544157.942391837     
         457   542193.173261294     
         458   540235.989851962     
         459   538286.355868963     
         460   536344.235196714     
         461   534409.591903723     
         462   532482.390246951     
         463   530562.594675787     
         464   528650.169835630     
         465   526745.080571130     
         466   524847.291929079     
         467   522956.769160988     
         468   521073.477725368     
         469   519197.383289720     
         470   517328.451732265     
         471   515466.649143423     
         472   513611.941827048     
         473   511764.296301449     
         474   509923.679300200     
         475   508090.057772751     
         476   506263.398884855     
         477   504443.670018829     
         478   502630.838773639     
         479   500824.872964849     
         480   499025.740624417     
         481   497233.410000363     
         482   495447.849556309     
         483   493669.027970911     
         484   491896.914137174     
         485   490131.477161675     
         486   488372.686363686     
         487   486620.511274212     
         488   484874.921634956     
         489   483135.887397200     
         490   481403.378720621     
         491   479677.365972047     
         492   477957.819724156     
         493   476244.710754111     
         494   474538.010042160     
         495   472837.688770186     
         496   471143.718320213     
         497   469456.070272886     
         498   467774.716405908     
         499   466099.628693135     
         500   464430.759236471     
