         100   1812.74114063091     
         101   2933.80795125576     
         102   4254.88482243480     
         103   5722.18506555641     
         104   7290.05741547747     
         105   8922.43785929431     
         106   10592.0449879207     
         107   12278.8674924882     
         108   13968.6121295481     
         109   15651.3550618352     
         110   17320.4527299649     
         111   18971.6950786380     
         112   20602.6610320872     
         113   22212.2339358877     
         114   23800.2399540655     
         115   25367.1794780681     
         116   26914.0282713037     
         117   28442.0906467071     
         118   29952.8913766813     
         119   31448.0964074854     
         120   32929.4549910919     
         121   34398.7577440601     
         122   35857.8065516771     
         123   37308.3932798814     
         124   38752.2850314073     
         125   40191.2142567025     
         126   41626.8724567453     
         127   43060.9065325096     
         128   44494.9170728540     
         129   45930.4580499163     
         130   47369.0375240290     
         131   48812.1190600557     
         132   50261.1236322416     
         133   51717.4318513776     
         134   53182.3863908849     
         135   54657.2945207859     
         136   56143.4306829811     
         137   57642.0390597394     
         138   59154.3361012634     
         139   60681.5129887127     
         140   62224.7380169711     
         141   63785.1588873632     
         142   65363.9049049252     
         143   66962.0890780852     
         144   68580.8101209827     
         145   70221.1543603606     
         146   71884.1975501663     
         147   73571.0065978194     
         148   75282.6412066360     
         149   77020.1554392179     
         150   78784.5992067797     
         151   80577.0196894305     
         152   82398.4626923866     
         153   84249.9739430038     
         154   86132.6003333729     
         155   88047.3911130758     
         156   89995.3990365155     
         157   91977.6814690637     
         158   93995.3014560912     
         159   96049.3287587742     
         160   98140.8408604119     
         161   100270.923946837     
         162   102440.673864370     
         163   104651.197058640     
         164   106903.611497505     
         165   109199.047581190     
         166   111538.649042732     
         167   113923.573841723     
         168   116354.995054354     
         169   118834.101762717     
         170   121362.099946342     
         171   123940.213378995     
         172   126569.684533764     
         173   129251.775499602     
         174   131987.768912535     
         175   134778.968904915     
         176   137626.702076228     
         177   140532.318489173     
         178   143497.192694941     
         179   146522.724791890     
         180   149610.341522128     
         181   152761.497410839     
         182   155977.675953641     
         183   159260.390857693     
         184   162611.187342836     
         185   166031.643509655     
         186   169523.371782096     
         187   173088.020433043     
         188   176727.275202281     
         189   180442.861017323     
         190   184236.543828906     
         191   188110.132574489     
         192   192065.481284886     
         193   196104.491351407     
         194   200229.113973585     
         195   204441.352811039     
         196   208743.266867469     
         197   213136.973640773     
         198   217624.652581347     
         199   222208.548911815     
         200   226890.977877046     
         201   231674.329515077     
         202   236561.074069810     
         203   241553.768207846     
         204   246655.062257910     
         205   251867.708765458     
         206   257194.572750953     
         207   262638.644180798     
         208   268203.053307045     
         209   273891.089705600     
         210   279706.226039829     
         211   285652.147790717     
         212   291732.790415133     
         213   297952.385604543     
         214   304315.518497465     
         215   310827.197825403     
         216   317492.941016673     
         217   324318.876216900     
         218   331311.862982140     
         219   338479.633037590     
         220   345830.951956081     
         221   353375.801890108     
         222   361125.584595373     
         223   369093.342932610     
         224   377293.997862024     
         225   385744.596698244     
         226   394464.567132343     
         227   403475.970318319     
         228   412803.745236110     
         229   422475.935652982     
         230   432523.890376255     
         231   442982.427178988     
         232   453889.950828839     
         233   465288.516083876     
         234   477223.827343145     
         235   489745.167839899     
         236   502905.252807225     
         237   516760.002877280     
         238   531368.236029556     
         239   546791.278602272     
         240   563092.498139285     
         241   580336.763075556     
         242   598589.836382405     
         243   617917.712221069     
         244   638385.906321061     
         245   660058.712152911     
         246   682998.435962280     
         247   707264.624349141     
         248   732913.298302591     
         249   759996.207445127     
         250   788560.117720039     
         251   818646.144903928     
         252   850289.145185394     
         253   883517.172669541     
         254   918351.012100178     
         255   954803.793393285     
         256   992880.692802476     
         257   1032578.72374328     
         258   1073886.61853805     
         259   1116784.80065126     
         260   1161245.44540448     
         261   1207232.62572189     
         262   1254702.53818578     
         263   1303603.80359310     
         264   1353877.83530936     
         265   1405459.26801846     
         266   1458276.43896411     
         267   1512251.91346426     
         268   1567303.04634181     
         269   1623342.57094029     
         270   1680279.20756376     
         271   1738018.28347861     
         272   1796462.35702176     
         273   1855511.83885461     
         274   1915065.60396721     
         275   1975021.58865267     
         276   2035277.36732114     
         277   2095730.70469026     
         278   2156280.07955954     
         279   2216825.17703795     
         280   2277267.34673651     
         281   2337510.02505093     
         282   2397459.12023765     
         283   2457023.35952272     
         284   2516114.59797495     
         285   2574648.08931776     
         286   2632542.71924880     
         287   2689721.20218130     
         288   2746110.24261725     
         289   2801640.66261154     
         290   2856247.49698984     
         291   2909870.05814439     
         292   2962451.97235317     
         293   3013941.18965337     
         294   3064289.96935213     
         295   3113454.84327988     
         296   3161396.55888846     
         297   3208080.00426914     
         298   3253474.11712032     
         299   3297551.77963172     
         300   3340289.70117601     
         301   3381668.29061193     
         302   3421671.51990729     
         303   3460286.78068909     
         304   3497504.73522157     
         305   3533319.16320548     
         306   3567726.80568233     
         307   3600727.20721901     
         308   3632322.55744136     
         309   3662517.53288082     
         310   3691319.13999765     
         311   3718736.56014716     
         312   3744780.99716348     
         313   3769465.52814774     
         314   3792804.95796568     
         315   3814815.67788270     
         316   3835515.52869313     
         317   3854923.66863447     
         318   3873060.44631672     
         319   3889947.27884159     
         320   3905606.53523615     
         321   3920061.42527976     
         322   3933335.89376301     
         323   3945454.52018040     
         324   3956442.42382698     
         325   3966325.17424072     
         326   3975128.70690800     
         327   3982879.24412842     
         328   3989603.22091749     
         329   3995327.21581041     
         330   4000077.88641794     
         331   4003881.90957548     
         332   4006765.92591850     
         333   4008756.48871182     
         334   4009880.01675616     
         335   4010162.75119282     
         336   4009630.71602639     
         337   4008309.68218549     
         338   4006225.13494263     
         339   4003402.24451671     
         340   3999865.83968425     
         341   3995640.38422929     
         342   3990749.95606613     
         343   3985218.22887333     
         344   3979068.45608292     
         345   3972323.45707372     
         346   3965005.60542329     
         347   3957136.81907886     
         348   3948738.55231313     
         349   3939831.78933702     
         350   3930437.03944694     
         351   3920574.33359040     
         352   3910263.22223911     
         353   3899522.77446483     
         354   3888371.57811854     
         355   3876827.74101903     
         356   3864908.89306237     
         357   3852632.18916874     
         358   3840014.31298820     
         359   3827071.48129172     
         360   3813819.44897835     
         361   3800273.51463397     
         362   3786448.52658114     
         363   3772358.88936373     
         364   3758018.57061388     
         365   3743441.10825234     
         366   3728639.61797700     
         367   3713626.80099746     
         368   3698414.95197688     
         369   3683015.96714505     
         370   3667441.35254958     
         371   3651702.23241482     
         372   3635809.35758029     
         373   3619773.11399314     
         374   3603603.53123099     
         375   3587310.29103374     
         376   3570902.73582496     
         377   3554389.87720482     
         378   3537780.40439889     
         379   3521082.69264804     
         380   3504304.81152651     
         381   3487454.53317653     
         382   3470539.34044898     
         383   3453566.43494089     
         384   3436542.74492174     
         385   3419474.93314115     
         386   3402369.40451200     
         387   3385232.31366351     
         388   3368069.57235961     
         389   3350886.85677893     
         390   3333689.61465313     
         391   3316483.07226100     
         392   3299272.24127633     
         393   3282061.92546812     
         394   3264856.72725202     
         395   3247661.05409248     
         396   3230479.12475535     
         397   3213314.97541113     
         398   3196172.46558928     
         399   3179055.28398434     
         400   3161966.95411499     
         401   3144910.83983710     
         402   3127890.15071236     
         403   3110907.94723410     
         404   3093967.14591203     
         405   3077070.52421790     
         406   3060220.72539412     
         407   3043420.26312754     
         408   3026671.52609055     
         409   3009976.78235202     
         410   2993338.18366025     
         411   2976757.76960067     
         412   2960237.47163054     
         413   2943779.11699336     
         414   2927384.43251544     
         415   2911055.04828733     
         416   2894792.50123260     
         417   2878598.23856656     
         418   2862473.62114762     
         419   2846419.92672373     
         420   2830438.35307657     
         421   2814530.02106602     
         422   2798695.97757734     
         423   2782937.19837369     
         424   2767254.59085644     
         425   2751648.99673562     
         426   2736121.19461301     
         427   2720671.90248020     
         428   2705301.78013397     
         429   2690011.43151127     
         430   2674801.40694605     
         431   2659672.20535020     
         432   2644624.27632071     
         433   2629658.02217519     
         434   2614773.79991786     
         435   2599971.92313803     
         436   2585252.66384309     
         437   2570616.25422789     
         438   2556062.88838254     
         439   2541592.72394031     
         440   2527205.88366771     
         441   2512902.45699821     
         442   2498682.50151159     
         443   2484546.04436049     
         444   2470493.08364583     
         445   2456523.58974263     
         446   2442637.50657796     
         447   2428834.75286236     
         448   2415115.22327633     
         449   2401478.78961320     
         450   2387925.30188001     
         451   2374454.58935748     
         452   2361066.46162057     
         453   2347760.70952094     
         454   2334537.10613237     
         455   2321395.40766061     
         456   2308335.35431862     
         457   2295356.67116849     
         458   2282459.06893106     
         459   2269642.24476437     
         460   2256905.88301199     
         461   2244249.65592225     
         462   2231673.22433924     
         463   2219176.23836677     
         464   2206758.33800601     
         465   2194419.15376776     
         466   2182158.30726032     
         467   2169975.41175364     
         468   2157870.07272076     
         469   2145841.88835712     
         470   2133890.45007873     
         471   2122015.34299977     
         472   2110216.14639043     
         473   2098492.43411562     
         474   2086843.77505540     
         475   2075269.73350751     
         476   2063769.86957288     
         477   2052343.73952459     
         478   2040990.89616094     
         479   2029710.88914321     
         480   2018503.26531857     
         481   2007367.56902886     
         482   1996303.34240550     
         483   1985310.12565138     
         484   1974387.45730981     
         485   1963534.87452142     
         486   1952751.91326907     
         487   1942038.10861158     
         488   1931392.99490631     
         489   1920816.10602150     
         490   1910306.97553817     
         491   1899865.13694257     
         492   1889490.12380905     
         493   1879181.46997411     
         494   1868938.70970160     
         495   1858761.37784002     
         496   1848649.00997272     
         497   1838601.14253686     
         498   1828617.31257329     
         499   1818697.15556771     
         500   1808850.04572108     
