         100   1812.74114063091     
         101   2933.81309406022     
         102   4254.89830132151     
         103   5722.21425086437     
         104   7290.11184763740     
         105   8922.52837298778     
         106   10592.1827909431     
         107   12279.0634481554     
         108   13968.8763296887     
         109   15651.6966698132     
         110   17320.8800266497     
         111   18972.2156378038     
         112   20603.2819641594     
         113   22212.9621566378     
         114   23801.0824511246     
         115   25368.1435606461     
         116   26915.1217971202     
         117   28443.3222255541     
         118   29954.2705531269     
         119   31449.6338267510     
         120   32931.1625526994     
         121   34400.6487478479     
         122   35859.8958405033     
         123   37310.6973829372     
         124   38754.8223116518     
         125   40194.0050655529     
         126   41629.9392988448     
         127   43064.2742431540     
         128   44498.6130104877     
         129   45934.5123060077     
         130   47373.4831525929     
         131   48816.9923291062     
         132   50266.4642995207     
         133   51723.2834668120     
         134   53188.7966283708     
         135   54664.3155420869     
         136   56151.1195367454     
         137   57650.4581188976     
         138   59163.5535423626     
         139   60691.6033170685     
         140   62235.7826418891     
         141   63797.2467520858     
         142   65377.1331764139     
         143   66976.5639022463     
         144   68596.6474494946     
         145   70238.4808558709     
         146   71903.1515772962     
         147   73591.7393081537     
         148   75305.3177266953     
         149   77044.9561713127     
         150   78811.7212536471     
         151   80606.6784146566     
         152   82430.8934298482     
         153   84285.4338699172     
         154   86171.3705230523     
         155   88089.7787851758     
         156   90041.7400244061     
         157   92028.3429260673     
         158   94050.6848246373     
         159   96109.8730291331     
         160   98207.0261485852     
         161   100343.275424463     
         162   102519.766077193     
         163   104737.658674259     
         164   106998.130527833     
         165   109302.377130431     
         166   111651.613637767     
         167   114047.076408828     
         168   116490.024614213     
         169   118981.741925059     
         170   121523.538296448     
         171   124116.751861176     
         172   126762.750952282     
         173   129462.936275936     
         174   132218.743260483     
         175   135031.644612807     
         176   137903.153120247     
         177   140834.824745436     
         178   143828.262073206     
         179   146885.118183669     
         180   150007.101044323     
         181   153195.978536903     
         182   156453.584261982     
         183   159781.824295794     
         184   163182.685108669     
         185   166658.242891495     
         186   170210.674573340     
         187   173842.270846786     
         188   177555.451543350     
         189   181352.783714839     
         190   185237.002772048     
         191   189211.037004309     
         192   193278.035746584     
         193   197441.401370754     
         194   201704.825151470     
         195   206072.326893584     
         196   210548.298009544     
         197   215137.547505875     
         198   219845.350085653     
         199   224677.495309409     
         200   229640.336493061     
         201   234740.837773334     
         202   239986.617554230     
         203   245385.986378309     
         204   250947.977158097     
         205   256682.365668043     
         206   262599.679245070     
         207   268711.191780673     
         208   275028.903310339     
         209   281565.502812492     
         210   288334.313210540     
         211   295349.218015164     
         212   302624.569533528     
         213   310175.079089002     
         214   318015.690219116     
         215   326161.436330365     
         216   334627.284766358     
         217   343427.969672567     
         218   352577.816401013     
         219   362090.560479245     
         220   371979.164361129     
         221   382255.635277395     
         222   392930.847510416     
         223   404014.372333011     
         224   415514.318680932     
         225   427437.187381927     
         226   439787.741451690     
         227   452568.894601324     
         228   465781.619695508     
         229   479424.878469521     
         230   493495.573370093     
         231   507988.521942951     
         232   522896.453760680     
         233   538210.029478682     
         234   553917.881233371     
         235   570006.673262384     
         236   586461.181336767     
         237   603264.389353178     
         238   620397.601241979     
         239   637840.566204821     
         240   655571.615201690     
         241   673567.806560225     
         242   691805.078575869     
         243   710258.407006285     
         244   728901.965432671     
         245   747709.286559399     
         246   766653.422646686     
         247   785707.103413691     
         248   804842.889906813     
         249   824033.322995198     
         250   843251.065328477     
         251   862469.035766532     
         252   881660.535464288     
         253   900799.364963146     
         254   919859.931802257     
         255   938817.348315377     
         256   957647.519420884     
         257   976327.220342719     
         258   994834.164317479     
         259   1013147.06044755     
         260   1031245.66195157     
         261   1049110.80514203     
         262   1066724.43952580     
         263   1084069.64947697     
         264   1101130.66797413     
         265   1117892.88292569     
         266   1134342.83662903     
         267   1150468.21892254     
         268   1166257.85459445     
         269   1181701.68561110     
         270   1196790.74871879     
         271   1211517.14896081     
         272   1225874.02963312     
         273   1239855.53918147     
         274   1253456.79551847     
         275   1266673.84821291     
         276   1279503.63897568     
         277   1291943.96083799     
         278   1303993.41638768     
         279   1315651.37540010     
         280   1326917.93217028     
         281   1337793.86282438     
         282   1348280.58285999     
         283   1358380.10513794     
         284   1368094.99852192     
         285   1377428.34733756     
         286   1386383.71179942     
         287   1394965.08953193     
         288   1403176.87829041     
         289   1411023.83996888     
         290   1418511.06596407     
         291   1425643.94394916     
         292   1432428.12609589     
         293   1438869.49877082     
         294   1444974.15371949     
         295   1450748.36074164     
         296   1456198.54185150     
         297   1461331.24690855     
         298   1466153.13069735     
         299   1470670.93142858     
         300   1474891.45062830     
         301   1478821.53437806     
         302   1482468.05586446     
         303   1485837.89919449     
         304   1488937.94442983     
         305   1491775.05379233     
         306   1494356.05899105     
         307   1496687.74962086     
         308   1498776.86258207     
         309   1500630.07247063     
         310   1502253.98288863     
         311   1503655.11862563     
         312   1504839.91866203     
         313   1505814.72994665     
         314   1506585.80190197     
         315   1507159.28161195     
         316   1507541.20964834     
         317   1507737.51649344     
         318   1507754.01951840     
         319   1507596.42047824     
         320   1507270.30348579     
         321   1506781.13342927     
         322   1506134.25479910     
         323   1505334.89089174     
         324   1504388.14335981     
         325   1503298.99207934     
         326   1502072.29530682     
         327   1500712.79009987     
         328   1499225.09297732     
         329   1497613.70079576     
         330   1495882.99182079     
         331   1494037.22697318     
         332   1492080.55123071     
         333   1490016.99516850     
         334   1487850.47662106     
         335   1485584.80245113     
         336   1483223.67041100     
         337   1480770.67108332     
         338   1478229.28988916     
         339   1475602.90915224     
         340   1472894.81020901     
         341   1470108.17555509     
         342   1467246.09101936     
         343   1464311.54795783     
         344   1461307.44545991     
         345   1458236.59256064     
         346   1455101.71045269     
         347   1451905.43469285     
         348   1448650.31739796     
         349   1445338.82942605     
         350   1441973.36253857     
         351   1438556.23154024     
         352   1435089.67639344     
         353   1431575.86430433     
         354   1428016.89177830     
         355   1424414.78664258     
         356   1420771.51003434     
         357   1417088.95835252     
         358   1413368.96517233     
         359   1409613.30312107     
         360   1405823.68571467     
         361   1402001.76915400     
         362   1398149.15408069     
         363   1394267.38729185     
         364   1390357.96341371     
         365   1386422.32653393     
         366   1382461.87179265     
         367   1378477.94693244     
         368   1374471.85380739     
         369   1370444.84985157     
         370   1366398.14950736     
         371   1362332.92561398     
         372   1358250.31075681     
         373   1354151.39857811     
         374   1350037.24504955     
         375   1345908.86970744     
         376   1341767.25685118     
         377   1337613.35670562     
         378   1333448.08654824     
         379   1329272.33180162     
         380   1325086.94709222     
         381   1320892.75727607     
         382   1316690.55843229     
         383   1312481.11882501     
         384   1308265.17983475     
         385   1304043.45685984     
         386   1299816.64018878     
         387   1295585.39584418     
         388   1291350.36639930     
         389   1287112.17176770     
         390   1282871.40996688     
         391   1278628.65785671     
         392   1274384.47185326     
         393   1270139.38861888     
         394   1265893.92572912     
         395   1261648.58231735     
         396   1257403.83969761     
         397   1253160.16196643     
         398   1248917.99658434     
         399   1244677.77493760     
         400   1240439.91288082     
         401   1236204.81126119     
         402   1231972.85642470     
         403   1227744.42070516     
         404   1223519.86289644     
         405   1219299.52870852     
         406   1215083.75120794     
         407   1210872.85124310     
         408   1206667.13785497     
         409   1202466.90867361     
         410   1198272.45030120     
         411   1194084.03868169     
         412   1189901.93945794     
         413   1185726.40831637     
         414   1181557.69131989     
         415   1177396.02522932     
         416   1173241.63781372     
         417   1169094.74815007     
         418   1164955.56691267     
         419   1160824.29665254     
         420   1156701.13206725     
         421   1152586.26026151     
         422   1148479.86099874     
         423   1144382.10694412     
         424   1140293.16389924     
         425   1136213.19102875     
         426   1132142.34107927     
         427   1128080.76059080     
         428   1124028.59010096     
         429   1119985.96434222     
         430   1115953.01243251     
         431   1111929.85805922     
         432   1107916.61965713     
         433   1103913.41058013     
         434   1099920.33926732     
         435   1095937.50940332     
         436   1091965.02007333     
         437   1088002.96591287     
         438   1084051.43725255     
         439   1080110.52025794     
         440   1076180.29706479     
         441   1072260.84590972     
         442   1068352.24125657     
         443   1064454.55391849     
         444   1060567.85117602     
         445   1056692.19689129     
         446   1052827.65161834     
         447   1048974.27270986     
         448   1045132.11442043     
         449   1041301.22800633     
         450   1037481.66182204     
         451   1033673.46141369     
         452   1029876.66960932     
         453   1026091.32660630     
         454   1022317.47005586     
         455   1018555.13514485     
         456   1014804.35467492     
         457   1011065.15913906     
         458   1007337.57679574     
         459   1003621.63374061     
         460   999917.353975913     
         461   996224.759477678     
         462   992543.870260772     
         463   988874.704441842     
         464   985217.278300277     
         465   981571.606337236     
         466   977937.701332773     
         467   974315.574401195     
         468   970705.235044622     
         469   967106.691204912     
         470   963519.949313903     
         471   959945.014342106     
         472   956381.889845870     
         473   952830.578013056     
         474   949291.079707302     
         475   945763.394510895     
         476   942247.520766326     
         477   938743.455616538     
         478   935251.195043940     
         479   931770.733908208     
         480   928302.065982907     
         481   924845.183991026     
         482   921400.079639358     
         483   917966.743651886     
         484   914545.165802096     
         485   911135.334944331     
         486   907737.239044182     
         487   904350.865207930     
         488   900976.199711118     
         489   897613.228026241     
         490   894261.934849596     
         491   890922.304127312     
         492   887594.319080597     
         493   884277.962230228     
         494   880973.215420256     
         495   877680.059841078     
         496   874398.476051738     
         497   871128.444001602     
         498   867869.943057724     
         499   864622.953327372     
         500   861387.843458654     
