         100   1812.74114063091     
         105   8922.43938445071     
         110   17320.4623361999     
         115   25367.2014667343     
         120   32929.4926819346     
         125   40191.2738051261     
         130   47369.1301082330     
         135   54657.4385685114     
         140   62224.9626724291     
         145   70221.5050704765     
         150   78785.1465663567     
         155   88048.2447394630     
         160   98142.1711025845     
         165   109201.119511555     
         170   121365.326717440     
         175   134783.995839008     
         180   149618.179419271     
         185   166043.881827792     
         190   184255.696150907     
         195   204471.429828707     
         200   226938.493993585     
         205   251943.778448389     
         210   279832.482337984     
         215   311055.641551780     
         220   346304.774045506     
         225   386847.833389366     
         230   435166.923181503     
         235   495780.680659381     
         240   575759.288767296     
         245   684271.370971451     
         250   830874.151745142     
         255   1022997.93748029     
         260   1263607.56837737     
         265   1549955.98256984     
         270   1873797.12995701     
         275   2222811.24364938     
         280   2582642.47464774     
         285   2938927.63024082     
         290   3278888.69808485     
         295   3592312.34188973     
         300   3871939.06683947     
         305   4113395.78628237     
         310   4314838.28391470     
         315   4476453.29044348     
         320   4599931.38301902     
         325   4687980.65195705     
         330   4743916.77888191     
         335   4771340.89124731     
         340   4773901.65606577     
         345   4755130.40847878     
         350   4718335.32770259     
         355   4666540.80335704     
         360   4602459.75442351     
         365   4528488.84977947     
         370   4446718.79920525     
         375   4358953.86777447     
         380   4266736.41047872     
         385   4171373.51682938     
         390   4073963.83220744     
         395   3975423.33688240     
         400   3876509.37007278     
         405   3777842.53495064     
         410   3679926.35258931     
         415   3583164.68136051     
         420   3487877.00825238     
         425   3394311.76855984     
         430   3302657.87380400     
         435   3213054.63405125     
         440   3125600.25658492     
         445   3040359.09257412     
         450   2957367.78991428     
         455   2876640.49566129     
         460   2798173.23660187     
         465   2721947.59217553     
         470   2647933.76055261     
         475   2576093.10634615     
         480   2506380.26724160     
         485   2438744.88674738     
         490   2373133.03133861     
         495   2309488.51647848     
         500   2247841.50486764     
