         100   1812.74114063091     
         105   8922.59013602807     
         110   17321.2275993805     
         115   25368.9528839534     
         120   32932.6011213836     
         125   40196.3528934140     
         130   47377.2192699304     
         135   54670.2171234669     
         140   62245.0771238123     
         145   70253.0889062068     
         150   78834.6440778762     
         155   88125.7162819316     
         160   98263.3714715532     
         165   109390.842066281     
         170   121662.885014908     
         175   135252.522608164     
         180   150361.371439467     
         185   167238.440281307     
         190   186216.042151182     
         195   207769.605164204     
         200   232587.206592743     
         205   261594.212081960     
         210   295855.755235808     
         215   336323.373755628     
         220   383491.779561821     
         225   437108.709684986     
         230   496068.614859361     
         235   558531.996960482     
         240   622214.107042519     
         245   684735.654408996     
         250   743934.605046017     
         255   798078.747939948     
         260   845964.098196367     
         265   886916.288925415     
         270   920726.478485077     
         275   947553.912467000     
         280   967820.480305974     
         285   982113.652595940     
         290   991106.176819012     
         295   995495.077975984     
         300   995958.928894883     
         305   993130.567128698     
         310   987581.861695753     
         315   979817.268046692     
         320   970273.386533516     
         325   959322.325106140     
         330   947277.231145233     
         335   934398.840087342     
         340   920902.271576889     
         345   906963.591407134     
         350   892725.863526888     
         355   878304.557705645     
         360   863792.270999168     
         365   849262.778443409     
         370   834774.461116279     
         375   820373.175910250     
         380   806094.636915617     
         385   791966.377349280     
         390   778009.356292036     
         395   764239.267979588     
         400   750667.604214366     
         405   737302.513346402     
         410   724149.492618905     
         415   711211.944690084     
         420   698491.623900959     
         425   685988.993355110     
         430   673703.510063083     
         435   661633.852211978     
         440   649778.099972576     
         445   638133.879075373     
         450   626698.474601325     
         455   615468.920978307     
         460   604442.072993898     
         465   593614.661680480     
         470   582983.338158847     
         475   572544.707907244     
         480   562295.357425521     
         485   552231.874865592     
         490   542350.865880387     
         495   532648.965762497     
         500   523123.498541971     
