         100   1812.74114063091     
         102   4254.90653680082     
         104   7290.14830436585     
         106   10592.2789153655     
         108   13969.0644179720     
         110   17321.1876596366     
         112   20603.7319748778     
         114   23801.6955760138     
         116   26915.9198190307     
         118   29955.2790549198     
         120   32932.4131562508     
         122   35861.4280894011     
         124   38756.6854115382     
         126   41632.1939068361     
         128   44501.3332295304     
         130   47376.7588598866     
         132   50270.4039247009     
         134   53193.5304958577     
         136   56156.8038954535     
         138   59170.3754232635     
         140   62243.9657090353     
         142   65386.9447700809     
         144   68608.4070619491     
         146   71917.2410539375     
         148   75322.1935502842     
         150   78831.9293503110     
         152   82455.0870369689     
         154   86200.3317870839     
         156   90076.4061594998     
         158   94092.1798724544     
         160   98256.6996529235     
         162   102579.240349719     
         164   107069.358673966     
         166   111736.951202379     
         168   116592.318712679     
         170   121646.239622055     
         172   126910.056437812     
         174   132395.780941073     
         176   138116.226570951     
         178   144085.180306326     
         180   150317.631036314     
         182   156830.076047464     
         184   163640.929942576     
         186   170771.058203349     
         188   178244.447471305     
         190   186089.003900800     
         192   194337.439203988     
         194   203028.164151511     
         196   212206.067892591     
         198   221923.027892295     
         200   232237.979632430     
         202   243216.385517720     
         204   254928.982125117     
         206   267449.751459453     
         208   280853.146764816     
         210   295210.694002665     
         212   310587.172154390     
         214   327036.636301946     
         216   344598.578139626     
         218   363294.515598570     
         220   383125.268472607     
         222   404069.116671990     
         224   426080.961242088     
         226   449092.525844466     
         228   473013.557633072     
         230   497733.919091193     
         232   523126.411553477     
         234   549050.139200945     
         236   575354.209190706     
         238   601881.567245410     
         240   628472.785200204     
         242   654969.643803590     
         244   681218.386564846     
         246   707072.555074792     
         248   732395.350067112     
         250   757061.493349362     
         252   780958.592184181     
         254   803988.028991693     
         256   826065.415186046     
         258   847120.658791597     
         260   867097.701737279     
         262   885953.985100568     
         264   903659.699835469     
         266   920196.877437023     
         268   935558.370276236     
         270   949746.765603258     
         272   962773.270978086     
         274   974656.602554390     
         276   985421.901518871     
         278   995099.698290066     
         280   1003724.93894344     
         282   1011336.08382744     
         284   1017974.28449249     
         286   1023682.64185928     
         288   1028505.54596725     
         290   1032488.09561452     
         292   1035675.59466420     
         294   1038113.12068281     
         296   1039845.16082808     
         298   1040915.30945399     
         300   1041366.02169233     
         302   1041238.41725225     
         304   1040572.12880613     
         306   1039405.18956462     
         308   1037773.95495365     
         310   1035713.05366470     
         312   1033255.36373661     
         314   1030432.00972508     
         316   1027272.37741267     
         318   1023804.14289773     
         320   1020053.31326849     
         322   1016044.27641402     
         324   1011799.85784385     
         326   1007341.38268140     
         328   1002688.74126296     
         330   997860.457012728     
         332   992873.755478924     
         334   987744.633604294     
         336   982487.928471254     
         338   977117.384906761     
         340   971645.721458047     
         342   966084.694358816     
         344   960445.159198280     
         346   954737.130084272     
         348   948969.836158105     
         350   943151.775374434     
         352   937290.765505383     
         354   931393.992365983     
         356   925468.055288487     
         358   919519.009897570     
         360   913552.408257510     
         362   907573.336477093     
         364   901586.449868832     
         366   895596.005766697     
         368   889605.894111619     
         370   883619.665916769     
         372   877640.559725670     
         374   871671.526175729     
         376   865715.250778162     
         378   859774.175022772     
         380   853850.515912803     
         382   847946.284031324     
         384   842063.300236464     
         386   836203.211078430     
         388   830367.503026660     
         390   824557.515590859     
         392   818774.453415029     
         394   813019.397418996     
         396   807293.315057489     
         398   801597.069762402     
         400   795931.429629672     
         402   790297.075408167     
         404   784694.607844057     
         406   779124.554430483     
         408   773587.375608817     
         410   768083.470464508     
         412   762613.181957382     
         414   757176.801723331     
         416   751774.574481580     
         418   746406.702079137     
         420   741073.347201636     
         422   735774.636777533     
         424   730510.665100534     
         426   725281.496693180     
         428   720087.168932734     
         430   714927.694458811     
         432   709803.063380678     
         434   704713.245300693     
         436   699658.191169037     
         438   694637.834983672     
         440   689652.095348318     
         442   684700.876900211     
         444   679784.071618434     
         446   674901.560022741     
         448   670053.212271955     
         450   665238.889170310     
         452   660458.443089368     
         454   655711.718812563     
         456   650998.554308788     
         458   646318.781440949     
         460   641672.226614892     
         462   637058.711373672     
         464   632478.052941710     
         466   627930.064723008     
         468   623414.556757246     
         470   618931.336137271     
         472   614480.207391167     
         474   610060.972831866     
         476   605673.432876992     
         478   601317.386341398     
         480   596992.630704666     
         482   592698.962355641     
         484   588436.176815909     
         486   584204.068943938     
         488   580002.433121500     
         490   575831.063423826     
         492   571689.753774830     
         494   567578.298088651     
         496   563496.490398639     
         498   559444.125062612     
         500   555421.212862249     
