         100   1812.74114063091     
         102   4254.89817779871     
         104   7290.11170336693     
         106   10592.1830569184     
         108   13968.8775219501     
         110   17320.8825411637     
         112   20603.2860401045     
         114   23801.0882225160     
         116   26915.1293592454     
         118   29954.2800150340     
         120   32931.1740722817     
         122   35859.9096470034     
         124   38754.8387212169     
         126   41629.9587274512     
         128   44498.6359871367     
         130   47373.5103346716     
         132   50266.4964916364     
         134   53188.8348056887     
         136   56151.1648737900     
         138   59163.6074483097     
         140   62235.8468035398     
         142   65377.2096102804     
         144   68596.7385647439     
         146   71903.2602516921     
         148   75305.4473981644     
         150   78811.8760307037     
         152   82431.0782248655     
         154   86171.5912133164     
         156   90042.0036470924     
         158   94050.9998133934     
         160   98207.4026214111     
         162   102520.216187964     
         164   106998.668897403     
         166   111652.257885619     
         168   116490.796018976     
         170   121524.462625070     
         172   126763.859516513     
         174   132220.074291420     
         176   137904.753605608     
         178   143830.190286852     
         180   150009.430116513     
         182   156456.407276446     
         184   163186.122320994     
         186   170214.883337560     
         188   177560.639298351     
         190   185243.442878787     
         192   193286.085053025     
         194   201714.940980765     
         196   210561.051025381     
         198   219861.428468409     
         200   229660.536333842     
         202   240011.814518876     
         204   250979.075325190     
         206   262637.534481611     
         208   275074.220433635     
         210   288387.518294434     
         212   302685.660877819     
         214   318084.073576765     
         216   334701.600296544     
         218   352655.766361897     
         220   372057.351627422     
         222   393004.635440376     
         224   415577.722530756     
         226   439833.360372357     
         228   465800.616374701     
         230   493477.705735938     
         232   522830.160076194     
         234   553790.416673959     
         236   586258.801066397     
         238   620105.782365702     
         240   655175.307985233     
         242   691288.976111816     
         244   728250.780529407     
         246   765852.161069408     
         248   803877.110093580     
         250   842107.116181799     
         252   880325.765606369     
         254   918322.865609822     
         256   955897.997073141     
         258   992863.444876947     
         260   1029046.49006478     
         262   1064291.07762532     
         264   1098458.89686137     
         266   1131429.92801991     
         268   1163102.51963782     
         270   1193393.06668269     
         272   1222235.36093706     
         274   1249579.68311339     
         276   1275391.70177823     
         278   1299651.23810144     
         280   1322350.94840541     
         282   1343494.96902365     
         284   1363097.56051600     
         286   1381181.78114608     
         288   1397778.21292158     
         290   1412923.75756565     
         292   1426660.51459439     
         294   1439034.74923968     
         296   1450095.95425759     
         298   1459896.00665388     
         300   1468488.41797817     
         302   1475927.67501524     
         304   1482268.66636235     
         306   1487566.18945158     
         308   1491874.53198727     
         310   1495247.12145748     
         312   1497736.23628730     
         314   1499392.77228262     
         316   1500266.05822150     
         318   1500403.71475213     
         320   1499851.55112072     
         322   1498653.49465629     
         324   1496851.54836253     
         326   1494485.77239505     
         328   1491594.28562376     
         330   1488213.28388688     
         332   1484377.07192900     
         334   1480118.10637668     
         336   1475467.04743945     
         338   1470452.81733034     
         340   1465102.66367815     
         342   1459442.22645420     
         344   1453495.60716048     
         346   1447285.43922545     
         348   1440832.95872927     
         350   1434158.07473485     
         352   1427279.43863574     
         354   1420214.51204851     
         356   1412979.63287828     
         358   1405590.07927208     
         360   1398060.13124865     
         362   1390403.12985529     
         364   1382631.53375466     
         366   1374756.97318823     
         368   1366790.30129892     
         370   1358741.64282492     
         372   1350620.44020056     
         374   1342435.49711881     
         376   1334195.01962506     
         378   1325906.65482263     
         380   1317577.52727913     
         382   1309214.27322824     
         384   1300823.07266530     
         386   1292409.67943693     
         388   1283979.44942565     
         390   1275537.36692954     
         392   1267088.06933575     
         394   1258635.87018423     
         396   1250184.78071544     
         398   1241738.52999226     
         400   1233300.58368324     
         402   1224874.16159014     
         404   1216462.25399927     
         406   1208067.63693187     
         408   1199692.88636516     
         410   1191340.39149154     
         412   1183012.36707989     
         414   1174710.86499888     
         416   1166437.78495889     
         418   1158194.88452562     
         420   1149983.78845487     
         422   1141805.99739529     
         424   1133662.89600247     
         426   1125555.76050501     
         428   1117485.76576058     
         430   1109453.99183737     
         432   1101461.43015383     
         434   1093508.98920746     
         436   1085597.49992132     
         438   1077727.72063471     
         440   1069900.34176291     
         442   1062115.99014889     
         444   1054375.23312839     
         446   1046678.58232828     
         448   1039026.49721659     
         450   1031419.38842133     
         452   1023857.62083416     
         454   1016341.51651343     
         456   1008871.35740065     
         458   1001447.38786273     
         460   994069.817072269     
         462   986738.821236418     
         464   979454.545684912     
         466   972217.106826488     
         468   965026.593982593     
         470   957883.071106552     
         472   950786.578395755     
         474   943737.133803952     
         476   936734.734460206     
         478   929779.358000589     
         480   922870.963818314     
         482   916009.494237544     
         484   909194.875615831     
         486   902427.019379700     
         488   895705.822997665     
         490   889031.170894616     
         492   882402.935311260     
         494   875820.977112081     
         496   869285.146548140     
         498   862795.285439472     
         500   856352.157661070     
