         100   1812.74114063091     
         101   2933.81554645666     
         102   4254.90520125347     
         103   5722.22981015003     
         104   7290.14158829075     
         105   8922.57861308167     
         106   10592.2600968990     
         107   12279.1742043698     
         108   13969.0264795107     
         109   15651.8916170320     
         110   17321.1246582945     
         111   18972.5144247784     
         112   20603.6391033832     
         113   22213.3817287686     
         114   23801.5685775792     
         115   25368.7005510854     
         116   26915.7542837115     
         117   28444.0352835722     
         118   29955.0698093122     
         119   31450.5255577759     
         120   32932.1537764396     
         121   34401.7473101726     
         122   35861.1105001413     
         123   37312.0378967457     
         124   38756.2995223777     
         125   40195.6309939559     
         126   41631.7272418701     
         127   43066.2388797030     
         128   44500.7705162374     
         129   45936.8804786730     
         130   47376.0815490075     
         131   48819.8424155083     
         132   50269.5896164764     
         133   51726.7098102765     
         134   53192.5522484858     
         135   54668.4313614309     
         136   56155.6293898954     
         137   57655.3990153291     
         138   59168.9659549011     
         139   60697.5314983234     
         140   62242.2749713372     
         141   63804.3561167451     
         142   65384.9173883435     
         143   66985.0861564464     
         144   68605.9768261496     
         145   70248.6928712939     
         146   71914.3287883944     
         147   73603.9719757503     
         148   75318.7045436160     
         149   77059.6050617934     
         150   78827.7502513341     
         151   80624.2166272865     
         152   82450.0820996018     
         153   84306.4275394711     
         154   86194.3383185128     
         155   88114.9058283958     
         156   90069.2289886842     
         157   92058.4157509344     
         158   94083.5846073926     
         159   96145.8661130411     
         160   98246.4044302423     
         161   100386.358905867     
         162   102566.905691580     
         163   104789.239418956     
         164   107054.574942328     
         165   109364.149163852     
         166   111719.222957257     
         167   114121.083209260     
         168   116571.045000924     
         169   119070.453955379     
         170   121620.688783747     
         171   124223.164068024     
         172   126879.333328456     
         173   129590.692434000     
         174   132358.783428048     
         175   135185.198858031     
         176   138071.586716706     
         177   141019.656124751     
         178   144031.183907908     
         179   147108.022246213     
         180   150252.107595946     
         181   153465.471104342     
         182   156750.250749696     
         183   160108.705441639     
         184   163543.231304046     
         185   167056.380332306     
         186   170650.881563920     
         187   174329.664823742     
         188   178095.887001087     
         189   181952.960685589     
         190   185904.584834084     
         191   189954.776966417     
         192   194107.906200397     
         193   198368.726243839     
         194   202742.407275034     
         195   207234.565473507     
         196   211851.288822458     
         197   216599.157704097     
         198   221485.258759598     
         199   226517.190494495     
         200   231703.059183699     
         201   237051.463769964     
         202   242571.468654387     
         203   248272.563542557     
         204   254164.609827000     
         205   260257.773344557     
         206   266562.443732779     
         207   273089.141007258     
         208   279848.410376296     
         209   286850.706684719     
         210   294106.270220224     
         211   301624.995910279     
         212   309416.298174413     
         213   317488.973867584     
         214   325851.065849996     
         215   334509.729745031     
         216   343471.106400858     
         217   352740.202456214     
         218   362320.781232971     
         219   372215.265945422     
         220   382424.656938221     
         221   392948.464352288     
         222   403784.657281583     
         223   414929.630134777     
         224   426378.186564929     
         225   438123.540987344     
         226   450157.337379604     
         227   462469.684755862     
         228   475049.208436037     
         229   487883.115994110     
         230   500957.276571576     
         231   514256.312083964     
         232   527763.698730578     
         233   541461.877139666     
         234   555332.369441212     
         235   569355.901554974     
         236   583512.529009011     
         237   597781.764660128     
         238   612142.706768274     
         239   626574.165978014     
         240   641054.789877383     
         241   655563.183933865     
         242   670078.027744881     
         243   684578.185682592     
         244   699042.811156666     
         245   713451.443861132     
         246   727784.099509978     
         247   742021.351698748     
         248   756144.405654293     
         249   770135.163750743     
         250   783976.282775742     
         251   797651.223026374     
         252   811144.289398655     
         253   824440.664707909     
         254   837526.435539913     
         255   850388.610984672     
         256   863015.134646622     
         257   875394.890357437     
         258   887517.702041221     
         259   899374.328197344     
         260   910956.451474384     
         261   922256.663810314     
         262   933268.447609979     
         263   943986.153421982     
         264   954404.974563784     
         265   964520.919127225     
         266   974330.779777045     
         267   983832.101733272     
         268   993023.149304920     
         269   1001902.87131785     
         270   1010470.86575442     
         271   1018727.34389685     
         272   1026673.09424096     
         273   1034309.44642133     
         274   1041638.23536481     
         275   1048661.76586506     
         276   1055382.77774820     
         277   1061804.41177780     
         278   1067930.17642685     
         279   1073763.91562514     
         280   1079309.77757211     
         281   1084572.18468905     
         282   1089555.80476863     
         283   1094265.52336590     
         284   1098706.41746214     
         285   1102883.73042114     
         286   1106802.84824734     
         287   1110469.27714583     
         288   1113888.62237614     
         289   1117066.56838455     
         290   1120008.86019348     
         291   1122721.28602105     
         292   1125209.66109968     
         293   1127479.81265839     
         294   1129537.56603089     
         295   1131388.73184866     
         296   1133039.09427666     
         297   1134494.40024772     
         298   1135760.34965082     
         299   1136842.58642801     
         300   1137746.69053445     
         301   1138478.17071629     
         302   1139042.45806152     
         303   1139444.90027957     
         304   1139690.75666622     
         305   1139785.19371172     
         306   1139733.28131073     
         307   1139539.98953433     
         308   1139210.18592562     
         309   1138748.63328187     
         310   1138159.98788758     
         311   1137448.79816455     
         312   1136619.50370641     
         313   1135676.43466674     
         314   1134623.81147130     
         315   1133465.74482674     
         316   1132206.23599926     
         317   1130849.17733850     
         318   1129398.35302323     
         319   1127857.44000690     
         320   1126230.00914235     
         321   1124519.52646650     
         322   1122729.35462684     
         323   1120862.75443312     
         324   1118922.88651832     
         325   1116912.81309460     
         326   1114835.49979072     
         327   1112693.81755832     
         328   1110490.54463573     
         329   1108228.36855866     
         330   1105909.88820802     
         331   1103537.61588589     
         332   1101113.97941161     
         333   1098641.32423042     
         334   1096121.91552790     
         335   1093557.94034407     
         336   1090951.50968165     
         337   1088304.66060329     
         338   1085619.35831351     
         339   1082897.49822114     
         340   1080140.90797878     
         341   1077351.34949605     
         342   1074530.52092392     
         343   1071680.05860767     
         344   1068801.53900625     
         345   1065896.48057646     
         346   1062966.34562021     
         347   1060012.54209369     
         348   1057036.42537740     
         349   1054039.30000615     
         350   1051022.42135848     
         351   1047986.99730491     
         352   1044934.18981490     
         353   1041865.11652214     
         354   1038780.85224832     
         355   1035682.43048545     
         356   1032570.84483677     
         357   1029447.05041681     
         358   1026311.96521067     
         359   1023166.47139328     
         360   1020011.41660888     
         361   1016847.61521151     
         362   1013675.84946702     
         363   1010496.87071724     
         364   1007311.40050718     
         365   1004120.13167577     
         366   1000923.72941114     
         367   997722.832270985     
         368   994518.053169038     
         369   991309.980328284     
         370   988099.178201855     
         371   984886.188362385     
         372   981671.530360653     
         373   978455.702554360     
         374   975239.182907867     
         375   972022.429763700     
         376   968805.882586661     
         377   965589.962681340     
         378   962375.073883841     
         379   959161.603228484     
         380   955949.921590301     
         381   952740.384304048     
         382   949533.331760512     
         383   946329.089980831     
         384   943127.971169563     
         385   939930.274247190     
         386   936736.285362767     
         387   933546.278387367     
         388   930360.515388992     
         389   927179.247089590     
         390   924002.713304787     
         391   920831.143366954     
         392   917664.756532191     
         393   914503.762371800     
         394   911348.361148808     
         395   908198.744180066     
         396   905055.094184468     
         397   901917.585617774     
         398   898786.384994545     
         399   895661.651197656     
         400   892543.535775853     
         401   889432.183229794     
         402   886327.731287008     
         403   883230.311166191     
         404   880140.047831229     
         405   877057.060235355     
         406   873981.461555796     
         407   870913.359419290     
         408   867852.856118802     
         409   864800.048821802     
         410   861755.029770402     
         411   858717.886473686     
         412   855688.701892531     
         413   852667.554617192     
         414   849654.519037968     
         415   846649.665509181     
         416   843653.060506749     
         417   840664.766779599     
         418   837684.843495169     
         419   834713.346379205     
         420   831750.327850113     
         421   828795.837148049     
         422   825849.920458974     
         423   822912.621033861     
         424   819983.979303249     
         425   817064.032987331     
         426   814152.817201746     
         427   811250.364559253     
         428   808356.705267437     
         429   805471.867222621     
         430   802595.876100119     
         431   799728.755440986     
         432   796870.526735395     
         433   794021.209502782     
         434   791180.821368891     
         435   788349.378139815     
         436   785526.893873195     
         437   782713.380946654     
         438   779908.850123598     
         439   777113.310616462     
         440   774326.770147542     
         441   771549.235007472     
         442   768780.710111452     
         443   766021.199053329     
         444   763270.704157596     
         445   760529.226529396     
         446   757796.766102629     
         447   755073.321686203     
         448   752358.891008534     
         449   749653.470760351     
         450   746957.056635859     
         451   744269.643372358     
         452   741591.224788346     
         453   738921.793820182     
         454   736261.342557360     
         455   733609.862276468     
         456   730967.343473831     
         457   728333.775896966     
         458   725709.148574823     
         459   723093.449846906     
         460   720486.667391302     
         461   717888.788251652     
         462   715299.798863126     
         463   712719.685077419     
         464   710148.432186823     
         465   707586.024947396     
         466   705032.447601277     
         467   702487.683898173     
         468   699951.717116042     
         469   697424.530081023     
         470   694906.105186620     
         471   692396.424412187     
         472   689895.469340729     
         473   687403.221176037     
         474   684919.660759223     
         475   682444.768584614     
         476   679978.524815090     
         477   677520.909296845     
         478   675071.901573627     
         479   672631.480900433     
         480   670199.626256727     
         481   667776.316359176     
         482   665361.529673897     
         483   662955.244428303     
         484   660557.438622478     
         485   658168.090040167     
         486   655787.176259354     
         487   653414.674662467     
         488   651050.562446202     
         489   648694.816631008     
         490   646347.414070226     
         491   644008.331458880     
         492   641677.545342179     
         493   639355.032123704     
         494   637040.768073277     
         495   634734.729334590     
         496   632436.891932527     
         497   630147.231780226     
         498   627865.724686227     
         499   625592.346546905     
         500   623327.214529194     
