         100   1812.74114063091     
         105   8922.42248295259     
         110   17320.3798100410     
         115   25367.0145453046     
         120   32929.1625951499     
         125   40190.7363840469     
         130   47368.2768655117     
         135   54656.0946269544     
         140   62222.8531560365     
         145   70218.2020722300     
         150   78779.9859006749     
         155   88040.1958635856     
         160   98129.6341486894     
         165   109181.608449239     
         170   121334.974017097     
         175   134736.776201440     
         180   149544.688951944     
         185   165929.408273795     
         190   184077.145444865     
         195   204192.373674387     
         200   226501.018167529     
         205   251254.354410080     
         210   278734.015788801     
         215   309258.741864136     
         220   343193.760812499     
         225   380963.513873760     
         230   423068.438932917     
         235   470120.328436429     
         240   522981.196842933     
         245   583237.832835816     
         250   654311.296906752     
         255   743176.511468793     
         260   861942.747406035     
         265   1028029.82295377     
         270   1262043.43245641     
         275   1583614.31744202     
         280   2006584.97296406     
         285   2535248.05618055     
         290   3162786.85506966     
         295   3872121.05837315     
         300   4638569.06320921     
         305   5433378.44098973     
         310   6227226.29874932     
         315   6993074.50512434     
         320   7708098.80212448     
         325   8354681.07168123     
         330   8920619.49243707     
         335   9398779.68173315     
         340   9786409.79526756     
         345   10084304.8039724     
         350   10295953.9336844     
         355   10426755.7536987     
         360   10483345.1224629     
         365   10473047.2812407     
         370   10403455.9306617     
         375   10282121.9254648     
         380   10116334.8433090     
         385   9912979.00189263     
         390   9678446.89876779     
         395   9418595.41735715     
         400   9138732.78226047     
         405   8843626.76250504     
         410   8537526.82288386     
         415   8224194.74761659     
         420   7906939.71569264     
         425   7588654.93755685     
         430   7271853.82603368     
         435   6958704.32932705     
         440   6651060.55370160     
         445   6350491.19234002     
         450   6058304.58904463     
         455   5775570.52464216     
         460   5503139.03376774     
         465   5241656.74446530     
         470   4991581.37923334     
         475   4753195.15457037     
         480   4526617.85467561     
         485   4311820.32212795     
         490   4108638.99163412     
         495   3916790.54015972     
         500   3735617.35861519     
