         100   1812.74114063091     
         102   4254.90232179548     
         104   7290.12951725335     
         106   10592.2293842452     
         108   13968.9675400652     
         110   17321.0292201310     
         112   20603.5001564815     
         114   23801.3796048547     
         116   26915.5083570434     
         118   29954.7587866913     
         120   32931.7676352052     
         122   35860.6367635592     
         124   38755.7227200076     
         126   41631.0283490947     
         128   44499.9263273367     
         130   47375.0639450411     
         132   50268.3646925391     
         134   53191.0792647954     
         136   56153.8595081418     
         138   59166.8407157181     
         140   62239.7244607916     
         142   65381.8580308990     
         144   68602.3087283443     
         146   71909.9325409584     
         148   75313.4373691815     
         150   78821.4413591967     
         152   82442.5270767432     
         154   86185.2923453140     
         156   90058.3986157245     
         158   94070.6177626054     
         160   98230.8782379215     
         162   102548.311567945     
         164   107032.300273308     
         166   111692.528440528     
         168   116539.036406303     
         170   121582.281382146     
         172   126833.206434874     
         174   132303.321202155     
         176   138004.799308999     
         178   143950.600002920     
         180   150154.625408728     
         182   156631.930206420     
         184   163399.007111978     
         186   170474.177974628     
         188   177878.123995957     
         190   185634.585758408     
         192   193771.250278501     
         194   202320.815123621     
         196   211322.178570831     
         198   220821.653917361     
         200   230874.053956963     
         202   241543.450094465     
         204   252903.391854173     
         206   265036.386055441     
         208   278032.484301528     
         210   291986.908965615     
         212   306996.750944823     
         214   323156.881714634     
         216   340555.320795739     
         218   359268.372758602     
         220   379355.885180211     
         222   400856.976590522     
         224   423786.543743360     
         226   448132.788003816     
         228   473855.912000073     
         230   500888.041806740     
         232   529134.337888013     
         234   558475.178723922     
         236   588769.240408745     
         238   619857.256366833     
         240   651566.223692260     
         242   683713.824310996     
         244   716112.846570377     
         246   748575.421653397     
         248   780916.924983339     
         250   812959.431497909     
         252   844534.651979199     
         254   875486.312992006     
         256   905671.973706873     
         258   934964.298025213     
         260   963251.819677050     
         262   990439.251510752     
         264   1016447.39856171     
         266   1041212.73840271     
         268   1064686.73256730     
         270   1086834.93033324     
         272   1107635.92163939     
         274   1127080.19008238     
         276   1145168.91038397     
         278   1161912.72791016     
         280   1177330.55111849     
         282   1191448.38147263     
         284   1204298.19956661     
         286   1215916.92104818     
         288   1226345.43146631     
         290   1235627.70539582     
         292   1243810.01208253     
         294   1250940.20735827     
         296   1257067.10963294     
         298   1262239.95631522     
         300   1266507.93597360     
         302   1269919.79086036     
         304   1272523.48401940     
         306   1274365.92502864     
         308   1275492.74843893     
         310   1275948.13912058     
         312   1275774.69897950     
         314   1275013.34982609     
         316   1273703.26754715     
         318   1271881.84312366     
         320   1269584.66643907     
         322   1266845.52922301     
         324   1263696.44386292     
         326   1260167.67518680     
         328   1256287.78266794     
         330   1252083.67082530     
         332   1247580.64588982     
         334   1242802.47707616     
         336   1237771.46104274     
         338   1232508.48834042     
         340   1227033.11084334     
         342   1221363.60932632     
         344   1215517.06050262     
         346   1209509.40296669     
         348   1203355.50159902     
         350   1197069.21008819     
         352   1190663.43130774     
         354   1184150.17535689     
         356   1177540.61513340     
         358   1170845.13935699     
         360   1164073.40300336     
         362   1157234.37514273     
         364   1150336.38420492     
         366   1143387.16071469     
         368   1136393.87755924     
         370   1129363.18786270     
         372   1122301.26055298     
         374   1115213.81371337     
         376   1108106.14581635     
         378   1100983.16493967     
         380   1093849.41606657     
         382   1086709.10657123     
         384   1079566.12999004     
         386   1072424.08817709     
         388   1065286.31193940     
         390   1058155.88024473     
         392   1051035.63809103     
         394   1043928.21312276     
         396   1036836.03107569     
         398   1029761.33012750     
         400   1022706.17422757     
         402   1015672.46547537     
         404   1008661.95561281     
         406   1001676.25669209     
         408   994716.850976891     
         410   987785.100131036     
         412   980882.253745363     
         414   974009.457250178     
         416   967167.759257555     
         418   960358.118374728     
         420   953581.409526985     
         422   946838.429825837     
         424   940129.904015693     
         426   933456.489529927     
         428   926818.781185012     
         430   920217.315539330     
         432   913652.574941322     
         434   907124.991289850     
         436   900634.949527959     
         438   894182.790889660     
         440   887768.815917901     
         442   881393.287270539     
         444   875056.432329881     
         446   868758.445630173     
         448   862499.491116375     
         450   856279.704246519     
         452   850099.193949045     
         454   843958.044445659     
         456   837856.316949442     
         458   831794.051247213     
         460   825771.267174493     
         462   819787.965990757     
         464   813844.131662110     
         466   807939.732057963     
         468   802074.720067822     
         470   796249.034643819     
         472   790462.601774212     
         474   784715.335392673     
         476   779007.138227852     
         478   773337.902597350     
         480   767707.511149927     
         482   762115.837559515     
         484   756562.747174314     
         486   751048.097624035     
         488   745571.739388096     
         490   740133.516327431     
         492   734733.266182301     
         494   729370.821038406     
         496   724046.007764050     
         498   718758.648960936     
         500   713509.123973066     
