         100   1812.74114063091     
         102   4254.90748423505     
         104   7290.15264913093     
         106   10592.2904891337     
         108   13969.0871675581     
         110   17321.2249696845     
         112   20603.7866597458     
         114   23801.7701988181     
         116   26916.0170730939     
         118   29955.4021000398     
         120   32932.5658936587     
         122   35861.6153940333     
         124   38756.9133473858     
         126   41632.4699486562     
         128   44501.6665100308     
         130   47377.1604583370     
         132   50270.8872113591     
         134   53194.1115465184     
         136   56157.5019915906     
         138   59171.2136554788     
         140   62244.9717047647     
         142   65388.1515707933     
         144   68609.8541805244     
         146   71918.9757497707     
         148   75324.2723682762     
         150   78834.4199807578     
         152   82458.0705671321     
         154   86203.9054328644     
         156   90080.6865884925     
         158   94097.3072597411     
         160   98262.8426512903     
         162   102586.602211480     
         164   107078.184840432     
         166   111747.538793258     
         168   116605.028524689     
         170   121661.511519164     
         172   126928.429429067     
         174   132417.919829757     
         176   138142.957795595     
         178   144117.540312540     
         180   150356.930806320     
         182   156877.984546782     
         184   163699.576229723     
         186   170843.145771016     
         188   178333.364441629     
         190   186198.899328634     
         192   194473.220666272     
         194   203195.358158730     
         196   212410.476545124     
         198   222170.116706651     
         200   232531.945452038     
         202   243558.880495649     
         204   255317.507698395     
         206   267875.780173792     
         208   281300.073168218     
         210   295651.751636613     
         212   310983.476008788     
         214   327335.515230156     
         216   344732.348711662     
         218   363179.819542916     
         220   382663.054294574     
         222   403145.297664626     
         224   424567.732711593     
         226   446850.279216189     
         228   469893.292272679     
         230   493580.026735926     
         232   517779.694194921     
         234   542350.918692092     
         236   567145.394293721     
         238   592011.559135071     
         240   616798.123128098     
         242   641357.316261708     
         244   665547.757669345     
         246   689236.879228681     
         248   712302.868930858     
         250   734636.126897426     
         252   756140.249725170     
         254   776732.576404160     
         256   796344.341462812     
         258   814920.488668152     
         260   832419.202187352     
         262   848811.212342374     
         264   864078.930730103     
         266   878215.465263463     
         268   891223.560264466     
         270   903114.500658038     
         272   913907.013018599     
         274   923626.190048244     
         276   932302.459258855     
         278   939970.611350964     
         280   946668.899121850     
         282   952438.213732325     
         284   957321.341813713     
         286   961362.304172416     
         288   964605.774698770     
         290   967096.576448412     
         292   968879.250671442     
         294   969997.693750510     
         296   970494.856509312     
         298   970412.500108425     
         300   969791.002702654     
         302   968669.211146218     
         304   967084.332259100     
         306   965071.858476004     
         308   962665.523060870     
         310   959897.280462313     
         312   956797.307791153     
         314   953394.023806618     
         316   949714.122192840     
         318   945782.616284410     
         320   941622.892754297     
         322   937256.772105980     
         324   932704.574112811     
         326   927985.186620736     
         328   923116.136376027     
         330   918113.660758451     
         332   912992.779493873     
         334   907767.365590165     
         336   902450.214888442     
         338   897053.113749818     
         340   891586.904508142     
         342   886061.548413194     
         344   880486.185868528     
         346   874869.193835124     
         348   869218.240327731     
         350   863540.335976859     
         352   857841.882666854     
         354   852128.719290704     
         356   846406.164686154     
         358   840679.057836232     
         360   834951.795431298     
         362   829228.366899918     
         364   823512.387022787     
         366   817807.126248260     
         368   812115.538830154     
         370   806440.288908810     
         372   800783.774655297     
         374   795148.150596412     
         376   789535.348234989     
         378   783947.095076227     
         380   778384.932166476     
         382   772850.230246232     
         384   767344.204614284     
         386   761867.928794921     
         388   756422.347095100     
         390   751008.286133487     
         392   745626.465418334     
         394   740277.507046370     
         396   734961.944590229     
         398   729680.231237459     
         400   724432.747239857     
         402   719219.806727801     
         404   714041.663940374     
         406   708898.518918372     
         408   703790.522703868     
         410   698717.782086713     
         412   693680.363935332     
         414   688678.299146283     
         416   683711.586244413     
         418   678780.194662915     
         420   673884.067730326     
         422   669023.125389296     
         424   664197.266670011     
         426   659406.371939281     
         428   654650.304944573     
         430   649928.914670732     
         432   645242.037025619     
         434   640589.496369588     
         436   635971.106902443     
         438   631386.673920405     
         440   626835.994954525     
         442   622318.860801053     
         444   617835.056453338     
         446   613384.361944036     
         448   608966.553105663     
         450   604581.402256796     
         452   600228.678820645     
         454   595908.149882102     
         456   591619.580688839     
         458   587362.735101580     
         460   583137.375998167     
         462   578943.265635683     
         464   574780.165974489     
         466   570647.838967708     
         468   566546.046819368     
         470   562474.552214124     
         472   558433.118521246     
         474   554421.509975277     
         476   550439.491835600     
         478   546486.830526894     
         480   542563.293762348     
         482   538668.650651265     
         484   534802.671792585     
         486   530965.129355718     
         488   527155.797149905     
         490   523374.450683277     
         492   519620.867212626     
         494   515894.825784829     
         496   512196.107270787     
         498   508524.494420068     
         500   504879.865141057     
