         100   1812.74114063091     
         105   8922.55314665812     
         110   17321.0344601578     
         115   25368.5075796629     
         120   32931.8078712896     
         125   40195.0532029378     
         130   47375.1443085585     
         135   54666.9318913320     
         140   62239.8948556039     
         145   70244.9345190628     
         150   78821.8363340094     
         155   88105.6193469917     
         160   98231.8322391436     
         165   109341.265114716     
         170   121584.661902217     
         175   135128.203330172     
         180   150161.121951047     
         185   166908.653925948     
         190   185658.206972555     
         195   206813.699859064     
         200   230991.954807258     
         205   259144.406207361     
         210   292625.847252904     
         215   333094.042877391     
         220   382180.157884959     
         225   441007.807131584     
         230   509751.094272249     
         235   587417.323966733     
         240   671929.733968514     
         245   760455.287761340     
         250   849847.049931021     
         255   937068.227261266     
         260   1019509.86346682     
         265   1095170.25940865     
         270   1162707.27378486     
         275   1221397.02628671     
         280   1271037.36175235     
         285   1311828.79772692     
         290   1344256.00063991     
         295   1368983.26511275     
         300   1386769.94524234     
         305   1398406.75105959     
         310   1404670.95445004     
         315   1406297.26057386     
         320   1403960.81932827     
         325   1398269.12612032     
         330   1389760.08396556     
         335   1378904.08192660     
         340   1366108.48758883     
         345   1351723.40960906     
         350   1336047.94946597     
         355   1319336.43571028     
         360   1301804.33293324     
         365   1283633.65678365     
         370   1264977.82005213     
         375   1245965.89526155     
         380   1226706.31602233     
         385   1207290.05999483     
         390   1187793.36606936     
         395   1168280.04121165     
         400   1148803.41103183     
         405   1129407.96435966     
         410   1110130.73715919     
         415   1091002.47576720     
         420   1072048.61416311     
         425   1053290.09504008     
         430   1034744.05998336     
         435   1016424.43012087     
         440   998342.395192008     
         445   980506.826050964     
         450   962924.623136178     
         455   945601.011344260     
         460   928539.789994237     
         465   911743.545106229     
         470   895213.830003578     
         475   878951.319239391     
         480   862955.940013444     
         485   847226.984554149     
         490   831763.206368880     
         495   816562.904082146     
         500   801626.939114700     
