         100   1812.74114063091     
         105   8922.41500767925     
         110   17320.3437142202     
         115   25366.9329907156     
         120   32929.0185680784     
         125   40190.5016086139     
         130   47367.9035460343     
         135   54655.5057564773     
         140   62221.9277267459     
         145   70216.7517432463     
         150   78777.7184091178     
         155   88036.6579425572     
         160   98124.1226644588     
         165   109173.032146844     
         170   121321.638415972     
         175   134716.048824306     
         180   149512.478070232     
         185   165879.350754051     
         190   183999.340168277     
         195   204071.403592340     
         200   226312.855359793     
         205   250961.503231838     
         210   278277.858430689     
         215   308547.412446988     
         220   342082.951616415     
         225   379226.850268450     
         230   420353.241528591     
         235   465869.906413831     
         240   516219.627880044     
         245   571880.615366771     
         250   633365.828936096     
         255   701223.284327820     
         260   776042.850133133     
         265   858460.596853247     
         270   949086.482133349     
         275   1048222.26154005     
         280   1155448.61590867     
         285   1269839.30722117     
         290   1392115.69717223     
         295   1529159.27868631     
         300   1698736.70857394     
         305   1930413.60162932     
         310   2260111.34425168     
         315   2719887.62570419     
         320   3327674.10151647     
         325   4081444.73439285     
         330   4959469.95816444     
         335   5925393.75748282     
         340   6935475.21696264     
         345   7945528.68249963     
         350   8916096.36094732     
         355   9815425.61204561     
         360   10620514.1924308     
         365   11316783.7219775     
         370   11896961.0147249     
         375   12359628.9495881     
         380   12707755.0094533     
         385   12947370.3469761     
         390   13086473.9860277     
         395   13134175.0409602     
         400   13100052.4925679     
         405   12993697.7880025     
         410   12824402.6063267     
         415   12600957.0901265     
         420   12331529.2395329     
         425   12023602.0375852     
         430   11683950.2392323     
         435   11318643.2025742     
         440   10933063.5651249     
         445   10531933.9853243     
         450   10119345.5881491     
         455   9698782.05929670     
         460   9273132.13877922     
         465   8844679.66121989     
         470   8415052.38278138     
         475   7985094.91538949     
         480   7554600.17926554     
         485   7121775.20113379     
         490   6682208.68860766     
         495   6226945.44290018     
         500   5734759.66905931     
