         100   1812.74114063091     
         102   4254.90802097013     
         104   7290.15540963715     
         106   10592.2980649788     
         108   13969.1022327880     
         110   17321.2498183402     
         112   20603.8231952707     
         114   23801.8201459895     
         116   26916.0822339636     
         118   29955.4845805332     
         120   32932.6682891673     
         122   35861.7409460493     
         124   38757.0660882901     
         126   41632.6548502492     
         128   44501.8896486492     
         130   47377.4292072903     
         132   50271.2104703578     
         134   53194.5000176937     
         136   56157.9685124689     
         138   59171.7736007595     
         140   62245.6434709172     
         142   65388.9571603503     
         144   68610.8199066143     
         146   71920.1330860440     
         148   75325.6589751932     
         150   78836.0809465389     
         152   82460.0599110176     
         154   86206.2879303302     
         156   90083.5399936955     
         158   94100.7250211229     
         160   98266.9372441434     
         162   102591.509249838     
         164   107084.068185561     
         166   111754.596956278     
         168   116613.502779338     
         170   121671.696311512     
         172   126940.685898066     
         174   132432.693501460     
         176   138160.801661216     
         178   144139.144265840     
         180   150383.157305413     
         182   156909.907681191     
         184   163738.516349992     
         186   170890.683939114     
         188   178391.310291097     
         190   186269.173620702     
         192   194557.602229195     
         194   203295.037314087     
         196   212525.357173649     
         198   222297.819726859     
         200   232666.488931153     
         202   243689.044760129     
         204   255424.934044003     
         206   267932.893525828     
         208   281267.955861476     
         210   295478.121340928     
         212   310600.931301212     
         214   326660.205403168     
         216   343663.200771078     
         218   361598.418036185     
         220   380434.223357575     
         222   400118.385010738     
         224   420578.547627365     
         226   441723.595542257     
         228   463445.796080850     
         230   485623.568690641     
         232   508124.698678928     
         234   530809.804735962     
         236   553535.875360704     
         238   576159.707564366     
         240   598541.108065897     
         242   620545.748869780     
         244   642047.602273055     
         246   662930.912256348     
         248   683091.687876875     
         250   702438.728433568     
         252   720894.209202103     
         254   738393.870359057     
         256   754886.860644050     
         258   770335.291923398     
         260   784713.561840770     
         262   798007.499942044     
         264   810213.388795371     
         266   821336.906377485     
         268   831392.029952098     
         270   840399.935306132     
         272   848387.918906967     
         274   855388.364570222     
         276   861437.770765826     
         278   866575.849849328     
         280   870844.706335339     
         282   874288.097835625     
         284   876950.779438023     
         286   878877.930054985     
         288   880114.657559508     
         290   880705.578283215     
         292   880694.465606433     
         294   880123.961855988     
         296   879035.347480401     
         298   877468.361438010     
         300   875461.066861525     
         302   873049.756310319     
         304   870268.891253634     
         306   867151.070814451     
         308   863727.025221492     
         310   860025.629846946     
         312   856073.936135935     
         314   851897.216149722     
         316   847519.017840715     
         318   842961.228548348     
         320   838244.144547781     
         322   833386.544796555     
         324   828405.767307406     
         326   823317.786829036     
         328   818137.292741705     
         330   812877.766272919     
         332   807551.556311754     
         334   802169.953250851     
         336   796743.260414614     
         338   791280.862742920     
         340   785791.292493533     
         342   780282.291805482     
         344   774760.872031468     
         346   769233.369801788     
         348   763705.499826593     
         350   758182.404479048     
         352   752668.700230236     
         354   747168.521028623     
         356   741685.558733478     
         358   736223.100723690     
         360   730784.064811704     
         362   725371.031597403     
         364   719986.274399314     
         366   714631.786900963     
         368   709309.308648934     
         370   704020.348536609     
         372   698766.206403952     
         374   693547.992879252     
         376   688366.647583783     
         378   683222.955814925     
         380   678117.563817642     
         382   673050.992748432     
         384   668023.651430028     
         386   663035.847989325     
         388   658087.800465347     
         390   653179.646468456     
         392   648311.451966692     
         394   643483.219269931     
         396   638694.894277613     
         398   633946.373051107     
         400   629237.507767300     
         402   624568.112105804     
         404   619937.966118198     
         406   615346.820624010     
         408   610794.401174645     
         410   606280.411623228     
         412   601804.537335270     
         414   597366.448072253     
         416   592965.800577614     
         418   588602.240892143     
         420   584275.406423590     
         422   579984.927793162     
         424   575730.430479686     
         426   571511.536280419     
         428   567327.864605863     
         430   563179.033624423     
         432   559064.661271364     
         434   554984.366135258     
         436   550937.768233912     
         438   546924.489690740     
         440   542944.155321513     
         442   538996.393140542     
         444   535080.834794533     
         446   531197.115931568     
         448   527344.876512000     
         450   523523.761067421     
         452   519733.418913265     
         454   515973.504320098     
         456   512243.676648175     
         458   508543.600449378     
         460   504872.945540293     
         462   501231.387049775     
         464   497618.605444071     
         466   494034.286532211     
         468   490478.121454164     
         470   486949.806653978     
         472   483449.043839883     
         474   479975.539933170     
         476   476529.007007448     
         478   473109.162219715     
         480   469715.727734535     
         482   466348.430642471     
         484   463007.002873795     
         486   459691.181108404     
         488   456400.706682721     
         490   453135.325494337     
         492   449894.787905006     
         494   446678.848642556     
         496   443487.266702226     
         498   440319.805239932     
         500   437175.141398361     
