         100   1812.74114063091     
         101   2933.81610348311     
         102   4254.90684177677     
         103   5722.23359921420     
         104   7290.14893156333     
         105   8922.59112515388     
         106   10592.2794600161     
         107   12279.2020568967     
         108   13969.0643483765     
         109   15651.9408915620     
         110   17321.1865954240     
         111   18972.5901744753     
         112   20603.7297449082     
         113   22213.4883110702     
         114   23801.6921595992     
         115   25368.8422396734     
         116   26915.9152681771     
         117   28444.2168667467     
         118   29955.2734354740     
         119   31450.7528380372     
         120   32932.4065122848     
         121   34402.0275158448     
         122   35861.4204245339     
         123   37312.3800453997     
         124   38756.6766801221     
         125   40196.0462486753     
         126   41632.1840098353     
         127   43066.7409328658     
         128   44501.3220118660     
         129   45937.4859916904     
         130   47376.7461073895     
         131   48820.5715391048     
         132   50270.3893596273     
         133   51727.5868086155     
         134   53193.5137703511     
         135   54669.4853643305     
         136   56156.7845825181     
         137   57656.6649256315     
         138   59170.3530048557     
         139   60699.0510859671     
         140   62243.9395608281     
         141   63806.1793372045     
         142   65386.9141423441     
         143   66987.2727390971     
         144   68608.3710558288     
         145   70251.3142331992     
         146   71917.1985922007     
         147   73607.1135288138     
         148   75322.1433413210     
         149   77063.3689968182     
         150   78831.8698438185     
         151   80628.7252781114     
         152   82455.0163692546     
         153   84311.8274552640     
         154   86200.2477132636     
         155   88121.3727140675     
         156   90076.3059689224     
         157   92066.1604769614     
         158   94092.0602823118     
         159   96155.1420503063     
         160   98256.5566728697     
         161   100397.470913946     
         162   102579.069106817     
         163   104802.554916403     
         164   107069.153181207     
         165   109380.111851555     
         166   111736.704043311     
         167   114140.230229506     
         168   116592.020596477     
         169   119093.437596450     
         170   121645.878735302     
         171   124250.779642782     
         172   126909.617483131     
         173   129623.914776989     
         174   132395.243720871     
         175   135225.231108254     
         176   138115.563976003     
         177   141067.996120682     
         178   144084.355649920     
         179   147166.553752511     
         180   150316.594884825     
         181   153536.588577430     
         182   156828.763061036     
         183   160195.480891475     
         184   163639.256715877     
         185   167162.777263512     
         186   170768.923562926     
         187   174460.795281174     
         188   178241.736952126     
         189   182115.365711810     
         190   186085.599994476     
         191   190156.688470382     
         192   194333.238333938     
         193   198620.241888689     
         194   203023.100234486     
         195   207547.642752783     
         196   212200.141018413     
         197   216987.315748939     
         198   221916.335442176     
         199   226994.805452328     
         200   232230.746415914     
         201   237632.561157496     
         202   243208.989476081     
         203   248969.050527066     
         204   254921.972860111     
         205   261077.112537218     
         206   267443.860122941     
         207   274031.537695444     
         208   280849.287358735     
         209   287905.953029732     
         210   295209.957517709     
         211   302769.177099169     
         212   310590.815912092     
         213   318681.282546449     
         214   327046.071192335     
         215   335689.649625219     
         216   344615.356164390     
         217   353825.307542315     
         218   363320.319377824     
         219   373099.840664340     
         220   383161.903375978     
         221   393503.087969910     
         222   404118.505232978     
         223   415001.794594089     
         224   426145.138710029     
         225   437539.293838819     
         226   449173.635247882     
         227   461036.216669173     
         228   473113.842613532     
         229   485392.152194163     
         230   497855.712985120     
         231   510488.123354835     
         232   523272.121665611     
         233   536189.700715658     
         234   549222.225817556     
         235   562350.554952882     
         236   575555.159513144     
         237   588816.244228414     
         238   602113.864992954     
         239   615428.043417941     
         240   628738.877071126     
         241   642026.644498621     
         242   655271.904261526     
         243   668455.587357099     
         244   681559.082528005     
         245   694564.314091766     
         246   707453.812044141     
         247   720210.774303403     
         248   732819.121066326     
         249   745263.541340451     
         250   757529.531800470     
         251   769603.428189212     
         252   781472.429545744     
         253   793124.615594914     
         254   804548.957674535     
         255   815735.323609021     
         256   826674.476962164     
         257   837358.071117674     
         258   847778.638644833     
         259   857929.576408821     
         260   867805.126881877     
         261   877400.356103075     
         262   886711.128721964     
         263   895734.080545277     
         264   904466.588987023     
         265   912906.741801219     
         266   921053.304453684     
         267   928905.686465428     
         268   936463.907035481     
         269   943728.560226033     
         270   950700.779967792     
         271   957382.205118823     
         272   963774.944786068     
         273   969881.544095421     
         274   975704.950573894     
         275   981248.481286095     
         276   986515.790847121     
         277   991510.840415088     
         278   996237.867748869     
         279   1000701.35840035     
         280   1004906.01809546     
         281   1008856.74634449     
         282   1012558.61130983     
         283   1016016.82594792     
         284   1019236.72543216     
         285   1022223.74585457     
         286   1024983.40419617     
         287   1027521.27954899     
         288   1029842.99556682     
         289   1031954.20411666     
         290   1033860.57009841     
         291   1035567.75739701     
         292   1037081.41592817     
         293   1038407.16973658     
         294   1039550.60610391     
         295   1040517.26562240     
         296   1041312.63318944     
         297   1041942.12987771     
         298   1042411.10563583     
         299   1042724.83277437     
         300   1042888.50019287     
         301   1042907.20830408     
         302   1042785.96461257     
         303   1042529.67990618     
         304   1042143.16501962     
         305   1041631.12813126     
         306   1040998.17255526     
         307   1040248.79499285     
         308   1039387.38420801     
         309   1038418.22009437     
         310   1037345.47310168     
         311   1036173.20399187     
         312   1034905.36389611     
         313   1033545.79464596     
         314   1032098.22935315     
         315   1030566.29321405     
         316   1028953.50451616     
         317   1027263.27582570     
         318   1025498.91533634     
         319   1023663.62836064     
         320   1021760.51894700     
         321   1019792.59160611     
         322   1017762.75313187     
         323   1015673.81450325     
         324   1013528.49285407     
         325   1011329.41349914     
         326   1009079.11200580     
         327   1006780.03630108     
         328   1004434.54880515     
         329   1002044.92858299     
         330   999613.373506458     
         331   997142.002420105     
         332   994632.857304279     
         333   992087.905430038     
         334   989509.041500748     
         335   986898.089775824     
         336   984256.806172593     
         337   981586.880342667     
         338   978889.937719678     
         339   976167.541535590     
         340   973421.194803168     
         341   970652.342262557     
         342   967862.372290159     
         343   965052.618768345     
         344   962224.362914779     
         345   959378.835070326     
         346   956517.216444818     
         347   953640.640820050     
         348   950750.196209653     
         349   947846.926475569     
         350   944931.832901069     
         351   942005.875720331     
         352   939069.975604771     
         353   936125.015106367     
         354   933171.840058356     
         355   930211.260933755     
         356   927244.054162215     
         357   924270.963405815     
         358   921292.700794421     
         359   918309.948121324     
         360   915323.357999881     
         361   912333.554981934     
         362   909341.136638813     
         363   906346.674605745     
         364   903350.715590518     
         365   900353.782347257     
         366   897356.374616190     
         367   894358.970030275     
         368   891362.024989576     
         369   888365.975504272     
         370   885371.238007170     
         371   882378.210136622     
         372   879387.271490690     
         373   876398.784353438     
         374   873413.094394212     
         375   870430.531340717     
         376   867451.409626763     
         377   864476.029015456     
         378   861504.675198660     
         379   858537.620373511     
         380   855575.123796730     
         381   852617.432317521     
         382   849664.780889767     
         383   846717.393064237     
         384   843775.481461521     
         385   840839.248226368     
         386   837908.885464069     
         387   834984.575659577     
         388   832066.492079937     
         389   829154.799160673     
         390   826249.652876708     
         391   823351.201098396     
         392   820459.583933211     
         393   817574.934053651     
         394   814697.377011852     
         395   811827.031541442     
         396   808964.009847113     
         397   806108.417882369     
         398   803260.355615934     
         399   800419.917287235     
         400   797587.191651402     
         401   794762.262214190     
         402   791945.207457207     
         403   789136.101053862     
         404   786335.012076359     
         405   783542.005194132     
         406   780757.140864036     
         407   777980.475512635     
         408   775212.061710903     
         409   772451.948341644     
         410   769700.180759924     
         411   766956.800946799     
         412   764221.847656603     
         413   761495.356558086     
         414   758777.360369607     
         415   756067.888988673     
         416   753366.969616023     
         417   750674.626874497     
         418   747990.882922897     
         419   745315.757565054     
         420   742649.268354292     
         421   739991.430693484     
         422   737342.257930880     
         423   734701.761451891     
         424   732069.950766980     
         425   729446.833595839     
         426   726832.415948005     
         427   724226.702200050     
         428   721629.695169504     
         429   719041.396185642     
         430   716461.805157265     
         431   713890.920637603     
         432   711328.739886459     
         433   708775.258929716     
         434   706230.472616306     
         435   703694.374672764     
         436   701166.957755454     
         437   698648.213500579     
         438   696138.132572050     
         439   693636.704707327     
         440   691143.918761296     
         441   688659.762748288     
         442   686184.223882294     
         443   683717.288615473     
         444   681258.942675011     
         445   678809.171098411     
         446   676367.958267275     
         447   673935.287939641     
         448   671511.143280943     
         449   669095.506893642     
         450   666688.360845598     
         451   664289.686697220     
         452   661899.465527462     
         453   659517.677958702     
         454   657144.304180559     
         455   654779.323972688     
         456   652422.716726597     
         457   650074.461466540     
         458   647734.536869496     
         459   645402.921284301     
         460   643079.592749967     
         461   640764.529013199     
         462   638457.707545170     
         463   636159.105557570     
         464   633868.700017967     
         465   631586.467664509     
         466   629312.385019985     
         467   627046.428405293     
         468   624788.573952313     
         469   622538.797616235     
         470   620297.075187350     
         471   618063.382302331     
         472   615837.694455028     
         473   613619.987006790     
         474   611410.235196354     
         475   609208.414149280     
         476   607014.498886998     
         477   604828.464335453     
         478   602650.285333371     
         479   600479.936640167     
         480   598317.392943505     
         481   596162.628866533     
         482   594015.618974788     
         483   591876.337782815     
         484   589744.759760477     
         485   587620.859338998     
         486   585504.610916737     
         487   583395.988864700     
         488   581294.967531811     
         489   579201.521249949     
         490   577115.624338767     
         491   575037.251110273     
         492   572966.375873226     
         493   570902.972937334     
         494   568847.016617236     
         495   566798.481236342     
         496   564757.341130470     
         497   562723.570651313     
         498   560697.144169851     
         499   558678.036150675     
         500   556666.303885254     
