100  0.1812741E+04
100.2  0.2018232E+04
100.4  0.2233535E+04
100.6  0.2458205E+04
100.8  0.2691785E+04
101.0  0.2933816E+04
101.2  0.3183839E+04
101.4  0.3441400E+04
101.6  0.3706054E+04
101.8  0.3977364E+04
102.0  0.4254907E+04
102.2  0.4538271E+04
102.4  0.4827060E+04
102.6  0.5120891E+04
102.8  0.5419400E+04
103.0  0.5722235E+04
103.2  0.6029062E+04
103.4  0.6339563E+04
103.6  0.6653434E+04
103.8  0.6970388E+04
104.0  0.7290153E+04
104.2  0.7612470E+04
104.4  0.7937097E+04
104.6  0.8263803E+04
104.8  0.8592372E+04
105.0  0.8922599E+04
105.2  0.9254293E+04
105.4  0.9587273E+04
105.6  0.9921370E+04
105.8  0.1025643E+05
106.0  0.1059229E+05
106.2  0.1092883E+05
106.4  0.1126591E+05
106.6  0.1160341E+05
106.8  0.1194121E+05
107.0  0.1227922E+05
107.2  0.1261733E+05
107.4  0.1295546E+05
107.6  0.1329351E+05
107.8  0.1363141E+05
108.0  0.1396909E+05
108.2  0.1430648E+05
108.4  0.1464352E+05
108.6  0.1498015E+05
108.8  0.1531632E+05
109.0  0.1565198E+05
109.2  0.1598708E+05
109.4  0.1632160E+05
109.6  0.1665548E+05
109.8  0.1698870E+05
110.0  0.1732123E+05
110.2  0.1765304E+05
110.4  0.1798411E+05
110.6  0.1831441E+05
110.8  0.1864393E+05
111.0  0.1897265E+05
111.2  0.1930055E+05
111.4  0.1962763E+05
111.6  0.1995387E+05
111.8  0.2027926E+05
112.0  0.2060380E+05
112.2  0.2092748E+05
112.4  0.2125030E+05
112.6  0.2157226E+05
112.8  0.2189335E+05
113.0  0.2221357E+05
113.2  0.2253293E+05
113.4  0.2285143E+05
113.6  0.2316907E+05
113.8  0.2348586E+05
114.0  0.2380179E+05
114.2  0.2411688E+05
114.4  0.2443114E+05
114.6  0.2474456E+05
114.8  0.2505717E+05
115.0  0.2536896E+05
115.2  0.2567994E+05
115.4  0.2599013E+05
115.6  0.2629954E+05
115.8  0.2660817E+05
116.0  0.2691605E+05
116.2  0.2722316E+05
116.4  0.2752954E+05
116.6  0.2783520E+05
116.8  0.2814013E+05
117.0  0.2844436E+05
117.2  0.2874791E+05
117.4  0.2905077E+05
117.6  0.2935298E+05
117.8  0.2965453E+05
118.0  0.2995544E+05
118.2  0.3025573E+05
118.4  0.3055541E+05
118.6  0.3085450E+05
118.8  0.3115300E+05
119.0  0.3145094E+05
119.2  0.3174832E+05
119.4  0.3204517E+05
119.6  0.3234149E+05
119.8  0.3263730E+05
120.0  0.3293262E+05
120.2  0.3322745E+05
120.4  0.3352182E+05
120.6  0.3381573E+05
120.8  0.3410921E+05
121.0  0.3440226E+05
121.2  0.3469491E+05
121.4  0.3498716E+05
121.6  0.3527903E+05
121.8  0.3557053E+05
122.0  0.3586168E+05
122.2  0.3615250E+05
122.4  0.3644299E+05
122.6  0.3673317E+05
122.8  0.3702306E+05
123.0  0.3731267E+05
123.2  0.3760201E+05
123.4  0.3789110E+05
123.6  0.3817995E+05
123.8  0.3846858E+05
124.0  0.3875700E+05
124.2  0.3904522E+05
124.4  0.3933326E+05
124.6  0.3962112E+05
124.8  0.3990883E+05
125.0  0.4019640E+05
125.2  0.4048384E+05
125.4  0.4077117E+05
125.6  0.4105839E+05
125.8  0.4134552E+05
126.0  0.4163258E+05
126.2  0.4191957E+05
126.4  0.4220652E+05
126.6  0.4249342E+05
126.8  0.4278031E+05
127.0  0.4306718E+05
127.2  0.4335405E+05
127.4  0.4364094E+05
127.6  0.4392785E+05
127.8  0.4421480E+05
128.0  0.4450180E+05
128.2  0.4478887E+05
128.4  0.4507601E+05
128.6  0.4536324E+05
128.8  0.4565058E+05
129.0  0.4593802E+05
129.2  0.4622559E+05
129.4  0.4651329E+05
129.6  0.4680114E+05
129.8  0.4708915E+05
130.0  0.4737733E+05
130.2  0.4766570E+05
130.4  0.4795426E+05
130.6  0.4824303E+05
130.8  0.4853201E+05
131.0  0.4882122E+05
131.2  0.4911067E+05
131.4  0.4940038E+05
131.6  0.4969034E+05
131.8  0.4998058E+05
132.0  0.5027110E+05
132.2  0.5056192E+05
132.4  0.5085305E+05
132.6  0.5114449E+05
132.8  0.5143626E+05
133.0  0.5172837E+05
133.2  0.5202083E+05
133.4  0.5231365E+05
133.6  0.5260685E+05
133.8  0.5290042E+05
134.0  0.5319438E+05
134.2  0.5348875E+05
134.4  0.5378353E+05
134.6  0.5407873E+05
134.8  0.5437436E+05
135.0  0.5467044E+05
135.2  0.5496697E+05
135.4  0.5526397E+05
135.6  0.5556144E+05
135.8  0.5585939E+05
136.0  0.5615784E+05
136.2  0.5645679E+05
136.4  0.5675625E+05
136.6  0.5705624E+05
136.8  0.5735676E+05
137.0  0.5765782E+05
137.2  0.5795944E+05
137.4  0.5826162E+05
137.6  0.5856437E+05
137.8  0.5886770E+05
138.0  0.5917163E+05
138.2  0.5947615E+05
138.4  0.5978129E+05
138.6  0.6008704E+05
138.8  0.6039343E+05
139.0  0.6070045E+05
139.2  0.6100812E+05
139.4  0.6131645E+05
139.6  0.6162545E+05
139.8  0.6193512E+05
140.0  0.6224548E+05
140.2  0.6255653E+05
140.4  0.6286829E+05
140.6  0.6318076E+05
140.8  0.6349395E+05
141.0  0.6380787E+05
141.2  0.6412253E+05
141.4  0.6443795E+05
141.6  0.6475412E+05
141.8  0.6507106E+05
142.0  0.6538877E+05
142.2  0.6570727E+05
142.4  0.6602657E+05
142.6  0.6634667E+05
142.8  0.6666758E+05
143.0  0.6698931E+05
143.2  0.6731188E+05
143.4  0.6763528E+05
143.6  0.6795953E+05
143.8  0.6828464E+05
144.0  0.6861061E+05
144.2  0.6893746E+05
144.4  0.6926519E+05
144.6  0.6959381E+05
144.8  0.6992334E+05
145.0  0.7025377E+05
145.2  0.7058513E+05
145.4  0.7091741E+05
145.6  0.7125062E+05
145.8  0.7158478E+05
146.0  0.7191990E+05
146.2  0.7225597E+05
146.4  0.7259302E+05
146.6  0.7293105E+05
146.8  0.7327006E+05
147.0  0.7361008E+05
147.2  0.7395109E+05
147.4  0.7429313E+05
147.6  0.7463618E+05
147.8  0.7498027E+05
148.0  0.7532539E+05
148.2  0.7567157E+05
148.4  0.7601880E+05
148.6  0.7636710E+05
148.8  0.7671648E+05
149.0  0.7706693E+05
149.2  0.7741848E+05
149.4  0.7777114E+05
149.6  0.7812490E+05
149.8  0.7847977E+05
150.0  0.7883578E+05
150.2  0.7919292E+05
150.4  0.7955121E+05
150.6  0.7991064E+05
150.8  0.8027124E+05
151.0  0.8063301E+05
151.2  0.8099596E+05
151.4  0.8136010E+05
151.6  0.8172543E+05
151.8  0.8209197E+05
152.0  0.8245972E+05
152.2  0.8282869E+05
152.4  0.8319890E+05
152.6  0.8357034E+05
152.8  0.8394303E+05
153.0  0.8431698E+05
153.2  0.8469220E+05
153.4  0.8506869E+05
153.6  0.8544646E+05
153.8  0.8582553E+05
154.0  0.8620590E+05
154.2  0.8658758E+05
154.4  0.8697057E+05
154.6  0.8735490E+05
154.8  0.8774056E+05
155.0  0.8812757E+05
155.2  0.8851593E+05
155.4  0.8890565E+05
155.6  0.8929675E+05
155.8  0.8968923E+05
156.0  0.9008310E+05
156.2  0.9047836E+05
156.4  0.9087504E+05
156.6  0.9127313E+05
156.8  0.9167265E+05
157.0  0.9207360E+05
157.2  0.9247600E+05
157.4  0.9287985E+05
157.6  0.9328517E+05
157.8  0.9369195E+05
158.0  0.9410022E+05
158.2  0.9450997E+05
158.4  0.9492123E+05
158.6  0.9533399E+05
158.8  0.9574827E+05
159.0  0.9616408E+05
159.2  0.9658143E+05
159.4  0.9700032E+05
159.6  0.9742076E+05
159.8  0.9784277E+05
160.0  0.9826635E+05
160.2  0.9869152E+05
160.4  0.9911828E+05
160.6  0.9954664E+05
160.8  0.9997661E+05
161.0  0.1004082E+06
161.2  0.1008414E+06
161.4  0.1012763E+06
161.6  0.1017128E+06
161.8  0.1021510E+06
162.0  0.1025908E+06
162.2  0.1030324E+06
162.4  0.1034756E+06
162.6  0.1039205E+06
162.8  0.1043671E+06
163.0  0.1048155E+06
163.2  0.1052655E+06
163.4  0.1057173E+06
163.6  0.1061709E+06
163.8  0.1066262E+06
164.0  0.1070833E+06
164.2  0.1075422E+06
164.4  0.1080028E+06
164.6  0.1084653E+06
164.8  0.1089295E+06
165.0  0.1093956E+06
165.2  0.1098635E+06
165.4  0.1103333E+06
165.6  0.1108049E+06
165.8  0.1112784E+06
166.0  0.1117537E+06
166.2  0.1122309E+06
166.4  0.1127100E+06
166.6  0.1131911E+06
166.8  0.1136740E+06
167.0  0.1141589E+06
167.2  0.1146457E+06
167.4  0.1151344E+06
167.6  0.1156251E+06
167.8  0.1161178E+06
168.0  0.1166125E+06
168.2  0.1171091E+06
168.4  0.1176078E+06
168.6  0.1181084E+06
168.8  0.1186111E+06
169.0  0.1191159E+06
169.2  0.1196226E+06
169.4  0.1201315E+06
169.6  0.1206424E+06
169.8  0.1211554E+06
170.0  0.1216705E+06
170.2  0.1221877E+06
170.4  0.1227070E+06
170.6  0.1232284E+06
170.8  0.1237520E+06
171.0  0.1242778E+06
171.2  0.1248057E+06
171.4  0.1253358E+06
171.6  0.1258681E+06
171.8  0.1264026E+06
172.0  0.1269393E+06
172.2  0.1274782E+06
172.4  0.1280194E+06
172.6  0.1285628E+06
172.8  0.1291085E+06
173.0  0.1296565E+06
173.2  0.1302067E+06
173.4  0.1307593E+06
173.6  0.1313142E+06
173.8  0.1318714E+06
174.0  0.1324310E+06
174.2  0.1329929E+06
174.4  0.1335572E+06
174.6  0.1341239E+06
174.8  0.1346930E+06
175.0  0.1352645E+06
175.2  0.1358385E+06
175.4  0.1364149E+06
175.6  0.1369937E+06
175.8  0.1375750E+06
176.0  0.1381588E+06
176.2  0.1387451E+06
176.4  0.1393339E+06
176.6  0.1399253E+06
176.8  0.1405191E+06
177.0  0.1411156E+06
177.2  0.1417146E+06
177.4  0.1423162E+06
177.6  0.1429204E+06
177.8  0.1435273E+06
178.0  0.1441368E+06
178.2  0.1447489E+06
178.4  0.1453637E+06
178.6  0.1459812E+06
178.8  0.1466014E+06
179.0  0.1472243E+06
179.2  0.1478500E+06
179.4  0.1484784E+06
179.6  0.1491096E+06
179.8  0.1497436E+06
180.0  0.1503803E+06
180.2  0.1510199E+06
180.4  0.1516624E+06
180.6  0.1523077E+06
180.8  0.1529559E+06
181.0  0.1536070E+06
181.2  0.1542610E+06
181.4  0.1549179E+06
181.6  0.1555778E+06
181.8  0.1562407E+06
182.0  0.1569066E+06
182.2  0.1575755E+06
182.4  0.1582474E+06
182.6  0.1589224E+06
182.8  0.1596004E+06
183.0  0.1602816E+06
183.2  0.1609659E+06
183.4  0.1616533E+06
183.6  0.1623439E+06
183.8  0.1630377E+06
184.0  0.1637347E+06
184.2  0.1644349E+06
184.4  0.1651384E+06
184.6  0.1658451E+06
184.8  0.1665552E+06
185.0  0.1672686E+06
185.2  0.1679854E+06
185.4  0.1687055E+06
185.6  0.1694290E+06
185.8  0.1701560E+06
186.0  0.1708864E+06
186.2  0.1716203E+06
186.4  0.1723577E+06
186.6  0.1730987E+06
186.8  0.1738432E+06
187.0  0.1745914E+06
187.2  0.1753431E+06
187.4  0.1760985E+06
187.6  0.1768576E+06
187.8  0.1776204E+06
188.0  0.1783869E+06
188.2  0.1791572E+06
188.4  0.1799314E+06
188.6  0.1807093E+06
188.8  0.1814912E+06
189.0  0.1822769E+06
189.2  0.1830666E+06
189.4  0.1838603E+06
189.6  0.1846579E+06
189.8  0.1854596E+06
190.0  0.1862654E+06
190.2  0.1870753E+06
190.4  0.1878893E+06
190.6  0.1887076E+06
190.8  0.1895301E+06
191.0  0.1903568E+06
191.2  0.1911878E+06
191.4  0.1920232E+06
191.6  0.1928630E+06
191.8  0.1937072E+06
192.0  0.1945558E+06
192.2  0.1954090E+06
192.4  0.1962667E+06
192.6  0.1971290E+06
192.8  0.1979960E+06
193.0  0.1988676E+06
193.2  0.1997440E+06
193.4  0.2006252E+06
193.6  0.2015111E+06
193.8  0.2024020E+06
194.0  0.2032977E+06
194.2  0.2041984E+06
194.4  0.2051042E+06
194.6  0.2060150E+06
194.8  0.2069309E+06
195.0  0.2078519E+06
195.2  0.2087782E+06
195.4  0.2097098E+06
195.6  0.2106466E+06
195.8  0.2115889E+06
196.0  0.2125365E+06
196.2  0.2134897E+06
196.4  0.2144483E+06
196.6  0.2154126E+06
196.8  0.2163825E+06
197.0  0.2173581E+06
197.2  0.2183395E+06
197.4  0.2193267E+06
197.6  0.2203197E+06
197.8  0.2213187E+06
198.0  0.2223237E+06
198.2  0.2233347E+06
198.4  0.2243519E+06
198.6  0.2253752E+06
198.8  0.2264047E+06
199.0  0.2274406E+06
199.2  0.2284828E+06
199.4  0.2295314E+06
199.6  0.2305865E+06
199.8  0.2316481E+06
200.0  0.2327163E+06
200.2  0.2337912E+06
200.4  0.2348729E+06
200.6  0.2359613E+06
200.8  0.2370566E+06
201.0  0.2381588E+06
201.2  0.2392680E+06
201.4  0.2403842E+06
201.6  0.2415076E+06
201.8  0.2426381E+06
202.0  0.2437759E+06
202.2  0.2449211E+06
202.4  0.2460735E+06
202.6  0.2472335E+06
202.8  0.2484009E+06
203.0  0.2495759E+06
203.2  0.2507586E+06
203.4  0.2519489E+06
203.6  0.2531470E+06
203.8  0.2543530E+06
204.0  0.2555668E+06
204.2  0.2567886E+06
204.4  0.2580185E+06
204.6  0.2592564E+06
204.8  0.2605025E+06
205.0  0.2617568E+06
205.2  0.2630193E+06
205.4  0.2642902E+06
205.6  0.2655695E+06
205.8  0.2668573E+06
206.0  0.2681536E+06
206.2  0.2694585E+06
206.4  0.2707720E+06
206.6  0.2720942E+06
206.8  0.2734251E+06
207.0  0.2747649E+06
207.2  0.2761136E+06
207.4  0.2774712E+06
207.6  0.2788377E+06
207.8  0.2802133E+06
208.0  0.2815980E+06
208.2  0.2829918E+06
208.4  0.2843949E+06
208.6  0.2858071E+06
208.8  0.2872287E+06
209.0  0.2886596E+06
209.2  0.2900999E+06
209.4  0.2915496E+06
209.6  0.2930088E+06
209.8  0.2944775E+06
210.0  0.2959558E+06
210.2  0.2974437E+06
210.4  0.2989412E+06
210.6  0.3004484E+06
210.8  0.3019653E+06
211.0  0.3034920E+06
211.2  0.3050285E+06
211.4  0.3065748E+06
211.6  0.3081309E+06
211.8  0.3096969E+06
212.0  0.3112729E+06
212.2  0.3128587E+06
212.4  0.3144545E+06
212.6  0.3160603E+06
212.8  0.3176761E+06
213.0  0.3193019E+06
213.2  0.3209378E+06
213.4  0.3225837E+06
213.6  0.3242397E+06
213.8  0.3259057E+06
214.0  0.3275819E+06
214.2  0.3292681E+06
214.4  0.3309645E+06
214.6  0.3326710E+06
214.8  0.3343875E+06
215.0  0.3361142E+06
215.2  0.3378510E+06
215.4  0.3395979E+06
215.6  0.3413549E+06
215.8  0.3431221E+06
216.0  0.3448992E+06
216.2  0.3466865E+06
216.4  0.3484839E+06
216.6  0.3502912E+06
216.8  0.3521086E+06
217.0  0.3539361E+06
217.2  0.3557735E+06
217.4  0.3576208E+06
217.6  0.3594781E+06
217.8  0.3613453E+06
218.0  0.3632224E+06
218.2  0.3651094E+06
218.4  0.3670061E+06
218.6  0.3689126E+06
218.8  0.3708289E+06
219.0  0.3727548E+06
219.2  0.3746904E+06
219.4  0.3766356E+06
219.6  0.3785904E+06
219.8  0.3805547E+06
220.0  0.3825284E+06
220.2  0.3845115E+06
220.4  0.3865040E+06
220.6  0.3885057E+06
220.8  0.3905167E+06
221.0  0.3925369E+06
221.2  0.3945661E+06
221.4  0.3966044E+06
221.6  0.3986516E+06
221.8  0.4007078E+06
222.0  0.4027727E+06
222.2  0.4048464E+06
222.4  0.4069288E+06
222.6  0.4090197E+06
222.8  0.4111192E+06
223.0  0.4132271E+06
223.2  0.4153433E+06
223.4  0.4174678E+06
223.6  0.4196005E+06
223.8  0.4217412E+06
224.0  0.4238899E+06
224.2  0.4260465E+06
224.4  0.4282109E+06
224.6  0.4303830E+06
224.8  0.4325626E+06
225.0  0.4347498E+06
225.2  0.4369444E+06
225.4  0.4391462E+06
225.6  0.4413552E+06
225.8  0.4435713E+06
226.0  0.4457944E+06
226.2  0.4480242E+06
226.4  0.4502609E+06
226.6  0.4525041E+06
226.8  0.4547539E+06
227.0  0.4570100E+06
227.2  0.4592724E+06
227.4  0.4615410E+06
227.6  0.4638156E+06
227.8  0.4660961E+06
228.0  0.4683823E+06
228.2  0.4706743E+06
228.4  0.4729717E+06
228.6  0.4752746E+06
228.8  0.4775827E+06
229.0  0.4798959E+06
229.2  0.4822142E+06
229.4  0.4845373E+06
229.6  0.4868652E+06
229.8  0.4891977E+06
230.0  0.4915347E+06
230.2  0.4938760E+06
230.4  0.4962215E+06
230.6  0.4985710E+06
230.8  0.5009245E+06
231.0  0.5032817E+06
231.2  0.5056426E+06
231.4  0.5080070E+06
231.6  0.5103748E+06
231.8  0.5127457E+06
232.0  0.5151198E+06
232.2  0.5174967E+06
232.4  0.5198765E+06
232.6  0.5222589E+06
232.8  0.5246437E+06
233.0  0.5270310E+06
233.2  0.5294204E+06
233.4  0.5318119E+06
233.6  0.5342052E+06
233.8  0.5366004E+06
234.0  0.5389972E+06
234.2  0.5413954E+06
234.4  0.5437949E+06
234.6  0.5461957E+06
234.8  0.5485974E+06
235.0  0.5510000E+06
235.2  0.5534034E+06
235.4  0.5558073E+06
235.6  0.5582116E+06
235.8  0.5606163E+06
236.0  0.5630211E+06
236.2  0.5654258E+06
236.4  0.5678304E+06
236.6  0.5702347E+06
236.8  0.5726386E+06
237.0  0.5750418E+06
237.2  0.5774443E+06
237.4  0.5798459E+06
237.6  0.5822465E+06
237.8  0.5846459E+06
238.0  0.5870439E+06
238.2  0.5894405E+06
238.4  0.5918354E+06
238.6  0.5942286E+06
238.8  0.5966199E+06
239.0  0.5990091E+06
239.2  0.6013962E+06
239.4  0.6037809E+06
239.6  0.6061632E+06
239.8  0.6085428E+06
240.0  0.6109197E+06
240.2  0.6132937E+06
240.4  0.6156646E+06
240.6  0.6180324E+06
240.8  0.6203969E+06
241.0  0.6227579E+06
241.2  0.6251154E+06
241.4  0.6274692E+06
241.6  0.6298191E+06
241.8  0.6321651E+06
242.0  0.6345069E+06
242.2  0.6368446E+06
242.4  0.6391778E+06
242.6  0.6415066E+06
242.8  0.6438307E+06
243.0  0.6461501E+06
243.2  0.6484646E+06
243.4  0.6507742E+06
243.6  0.6530786E+06
243.8  0.6553777E+06
244.0  0.6576716E+06
244.2  0.6599599E+06
244.4  0.6622426E+06
244.6  0.6645196E+06
244.8  0.6667908E+06
245.0  0.6690560E+06
245.2  0.6713151E+06
245.4  0.6735681E+06
245.6  0.6758147E+06
245.8  0.6780550E+06
246.0  0.6802888E+06
246.2  0.6825159E+06
246.4  0.6847363E+06
246.6  0.6869499E+06
246.8  0.6891565E+06
247.0  0.6913561E+06
247.2  0.6935486E+06
247.4  0.6957338E+06
247.6  0.6979117E+06
247.8  0.7000821E+06
248.0  0.7022450E+06
248.2  0.7044002E+06
248.4  0.7065478E+06
248.6  0.7086875E+06
248.8  0.7108193E+06
249.0  0.7129431E+06
249.2  0.7150588E+06
249.4  0.7171663E+06
249.6  0.7192656E+06
249.8  0.7213565E+06
250.0  0.7234390E+06
250.2  0.7255130E+06
250.4  0.7275784E+06
250.6  0.7296351E+06
250.8  0.7316830E+06
251.0  0.7337221E+06
251.2  0.7357524E+06
251.4  0.7377736E+06
251.6  0.7397858E+06
251.8  0.7417889E+06
252.0  0.7437828E+06
252.2  0.7457674E+06
252.4  0.7477427E+06
252.6  0.7497086E+06
252.8  0.7516651E+06
253.0  0.7536120E+06
253.2  0.7555494E+06
253.4  0.7574771E+06
253.6  0.7593951E+06
253.8  0.7613033E+06
254.0  0.7632018E+06
254.2  0.7650904E+06
254.4  0.7669690E+06
254.6  0.7688377E+06
254.8  0.7706964E+06
255.0  0.7725450E+06
255.2  0.7743834E+06
255.4  0.7762117E+06
255.6  0.7780298E+06
255.8  0.7798376E+06
256.0  0.7816352E+06
256.2  0.7834223E+06
256.4  0.7851991E+06
256.6  0.7869655E+06
256.8  0.7887214E+06
257.0  0.7904668E+06
257.2  0.7922017E+06
257.4  0.7939260E+06
257.6  0.7956397E+06
257.8  0.7973428E+06
258.0  0.7990352E+06
258.2  0.8007169E+06
258.4  0.8023879E+06
258.6  0.8040482E+06
258.8  0.8056977E+06
259.0  0.8073363E+06
259.2  0.8089642E+06
259.4  0.8105812E+06
259.6  0.8121874E+06
259.8  0.8137826E+06
260.0  0.8153670E+06
260.2  0.8169404E+06
260.4  0.8185029E+06
260.6  0.8200545E+06
260.8  0.8215950E+06
261.0  0.8231246E+06
261.2  0.8246432E+06
261.4  0.8261508E+06
261.6  0.8276474E+06
261.8  0.8291330E+06
262.0  0.8306075E+06
262.2  0.8320710E+06
262.4  0.8335234E+06
262.6  0.8349648E+06
262.8  0.8363951E+06
263.0  0.8378143E+06
263.2  0.8392225E+06
263.4  0.8406197E+06
263.6  0.8420058E+06
263.8  0.8433808E+06
264.0  0.8447447E+06
264.2  0.8460976E+06
264.4  0.8474394E+06
264.6  0.8487702E+06
264.8  0.8500900E+06
265.0  0.8513987E+06
265.2  0.8526963E+06
265.4  0.8539829E+06
265.6  0.8552586E+06
265.8  0.8565232E+06
266.0  0.8577768E+06
266.2  0.8590194E+06
266.4  0.8602510E+06
266.6  0.8614717E+06
266.8  0.8626815E+06
267.0  0.8638803E+06
267.2  0.8650681E+06
267.4  0.8662451E+06
267.6  0.8674112E+06
267.8  0.8685664E+06
268.0  0.8697107E+06
268.2  0.8708442E+06
268.4  0.8719669E+06
268.6  0.8730788E+06
268.8  0.8741800E+06
269.0  0.8752703E+06
269.2  0.8763499E+06
269.4  0.8774189E+06
269.6  0.8784771E+06
269.8  0.8795246E+06
270.0  0.8805615E+06
270.2  0.8815878E+06
270.4  0.8826035E+06
270.6  0.8836087E+06
270.8  0.8846032E+06
271.0  0.8855873E+06
271.2  0.8865609E+06
271.4  0.8875240E+06
271.6  0.8884767E+06
271.8  0.8894190E+06
272.0  0.8903510E+06
272.2  0.8912725E+06
272.4  0.8921838E+06
272.6  0.8930848E+06
272.8  0.8939755E+06
273.0  0.8948561E+06
273.2  0.8957264E+06
273.4  0.8965866E+06
273.6  0.8974366E+06
273.8  0.8982766E+06
274.0  0.8991066E+06
274.2  0.8999265E+06
274.4  0.9007364E+06
274.6  0.9015364E+06
274.8  0.9023264E+06
275.0  0.9031066E+06
275.2  0.9038770E+06
275.4  0.9046375E+06
275.6  0.9053883E+06
275.8  0.9061293E+06
276.0  0.9068607E+06
276.2  0.9075824E+06
276.4  0.9082944E+06
276.6  0.9089969E+06
276.8  0.9096899E+06
277.0  0.9103734E+06
277.2  0.9110474E+06
277.4  0.9117119E+06
277.6  0.9123671E+06
277.8  0.9130130E+06
278.0  0.9136495E+06
278.2  0.9142768E+06
278.4  0.9148949E+06
278.6  0.9155037E+06
278.8  0.9161035E+06
279.0  0.9166941E+06
279.2  0.9172757E+06
279.4  0.9178483E+06
279.6  0.9184119E+06
279.8  0.9189665E+06
280.0  0.9195123E+06
280.2  0.9200492E+06
280.4  0.9205773E+06
280.6  0.9210967E+06
280.8  0.9216073E+06
281.0  0.9221093E+06
281.2  0.9226026E+06
281.4  0.9230873E+06
281.6  0.9235635E+06
281.8  0.9240312E+06
282.0  0.9244904E+06
282.2  0.9249412E+06
282.4  0.9253837E+06
282.6  0.9258178E+06
282.8  0.9262436E+06
283.0  0.9266611E+06
283.2  0.9270705E+06
283.4  0.9274717E+06
283.6  0.9278648E+06
283.8  0.9282499E+06
284.0  0.9286269E+06
284.2  0.9289959E+06
284.4  0.9293570E+06
284.6  0.9297102E+06
284.8  0.9300556E+06
285.0  0.9303932E+06
285.2  0.9307230E+06
285.4  0.9310451E+06
285.6  0.9313595E+06
285.8  0.9316663E+06
286.0  0.9319655E+06
286.2  0.9322572E+06
286.4  0.9325414E+06
286.6  0.9328182E+06
286.8  0.9330875E+06
287.0  0.9333495E+06
287.2  0.9336042E+06
287.4  0.9338516E+06
287.6  0.9340918E+06
287.8  0.9343248E+06
288.0  0.9345506E+06
288.2  0.9347694E+06
288.4  0.9349811E+06
288.6  0.9351858E+06
288.8  0.9353836E+06
289.0  0.9355744E+06
289.2  0.9357584E+06
289.4  0.9359355E+06
289.6  0.9361059E+06
289.8  0.9362695E+06
290.0  0.9364263E+06
290.2  0.9365766E+06
290.4  0.9367202E+06
290.6  0.9368573E+06
290.8  0.9369878E+06
291.0  0.9371119E+06
291.2  0.9372295E+06
291.4  0.9373407E+06
291.6  0.9374455E+06
291.8  0.9375441E+06
292.0  0.9376363E+06
292.2  0.9377224E+06
292.4  0.9378022E+06
292.6  0.9378759E+06
292.8  0.9379436E+06
293.0  0.9380051E+06
293.2  0.9380606E+06
293.4  0.9381102E+06
293.6  0.9381538E+06
293.8  0.9381916E+06
294.0  0.9382235E+06
294.2  0.9382495E+06
294.4  0.9382698E+06
294.6  0.9382844E+06
294.8  0.9382933E+06
295.0  0.9382965E+06
295.2  0.9382942E+06
295.4  0.9382863E+06
295.6  0.9382728E+06
295.8  0.9382539E+06
296.0  0.9382295E+06
296.2  0.9381997E+06
296.4  0.9381646E+06
296.6  0.9381241E+06
296.8  0.9380783E+06
297.0  0.9380273E+06
297.2  0.9379711E+06
297.4  0.9379097E+06
297.6  0.9378432E+06
297.8  0.9377716E+06
298.0  0.9376950E+06
298.2  0.9376133E+06
298.4  0.9375267E+06
298.6  0.9374351E+06
298.8  0.9373386E+06
299.0  0.9372373E+06
299.2  0.9371311E+06
299.4  0.9370201E+06
299.6  0.9369044E+06
299.8  0.9367840E+06
300.0  0.9366589E+06
300.2  0.9365292E+06
300.4  0.9363948E+06
300.6  0.9362559E+06
300.8  0.9361125E+06
301.0  0.9359645E+06
301.2  0.9358122E+06
301.4  0.9356553E+06
301.6  0.9354941E+06
301.8  0.9353286E+06
302.0  0.9351587E+06
302.2  0.9349846E+06
302.4  0.9348062E+06
302.6  0.9346235E+06
302.8  0.9344367E+06
303.0  0.9342458E+06
303.2  0.9340508E+06
303.4  0.9338516E+06
303.6  0.9336485E+06
303.8  0.9334413E+06
304.0  0.9332302E+06
304.2  0.9330151E+06
304.4  0.9327961E+06
304.6  0.9325732E+06
304.8  0.9323465E+06
305.0  0.9321159E+06
305.2  0.9318816E+06
305.4  0.9316436E+06
305.6  0.9314018E+06
305.8  0.9311564E+06
306.0  0.9309073E+06
306.2  0.9306545E+06
306.4  0.9303982E+06
306.6  0.9301384E+06
306.8  0.9298750E+06
307.0  0.9296081E+06
307.2  0.9293377E+06
307.4  0.9290639E+06
307.6  0.9287868E+06
307.8  0.9285062E+06
308.0  0.9282223E+06
308.2  0.9279351E+06
308.4  0.9276445E+06
308.6  0.9273508E+06
308.8  0.9270538E+06
309.0  0.9267536E+06
309.2  0.9264502E+06
309.4  0.9261437E+06
309.6  0.9258341E+06
309.8  0.9255214E+06
310.0  0.9252057E+06
310.2  0.9248869E+06
310.4  0.9245651E+06
310.6  0.9242404E+06
310.8  0.9239127E+06
311.0  0.9235821E+06
311.2  0.9232486E+06
311.4  0.9229122E+06
311.6  0.9225730E+06
311.8  0.9222310E+06
312.0  0.9218862E+06
312.2  0.9215387E+06
312.4  0.9211884E+06
312.6  0.9208354E+06
312.8  0.9204797E+06
313.0  0.9201214E+06
313.2  0.9197604E+06
313.4  0.9193969E+06
313.6  0.9190307E+06
313.8  0.9186620E+06
314.0  0.9182908E+06
314.2  0.9179171E+06
314.4  0.9175409E+06
314.6  0.9171622E+06
314.8  0.9167811E+06
315.0  0.9163976E+06
315.2  0.9160118E+06
315.4  0.9156235E+06
315.6  0.9152329E+06
315.8  0.9148400E+06
316.0  0.9144448E+06
316.2  0.9140474E+06
316.4  0.9136477E+06
316.6  0.9132457E+06
316.8  0.9128416E+06
317.0  0.9124353E+06
317.2  0.9120268E+06
317.4  0.9116162E+06
317.6  0.9112035E+06
317.8  0.9107887E+06
318.0  0.9103718E+06
318.2  0.9099529E+06
318.4  0.9095320E+06
318.6  0.9091090E+06
318.8  0.9086841E+06
319.0  0.9082572E+06
319.2  0.9078283E+06
319.4  0.9073976E+06
319.6  0.9069649E+06
319.8  0.9065304E+06
320.0  0.9060939E+06
320.2  0.9056557E+06
320.4  0.9052156E+06
320.6  0.9047737E+06
320.8  0.9043301E+06
321.0  0.9038846E+06
321.2  0.9034374E+06
321.4  0.9029885E+06
321.6  0.9025379E+06
321.8  0.9020856E+06
322.0  0.9016317E+06
322.2  0.9011760E+06
322.4  0.9007188E+06
322.6  0.9002599E+06
322.8  0.8997994E+06
323.0  0.8993374E+06
323.2  0.8988738E+06
323.4  0.8984086E+06
323.6  0.8979420E+06
323.8  0.8974738E+06
324.0  0.8970041E+06
324.2  0.8965329E+06
324.4  0.8960603E+06
324.6  0.8955862E+06
324.8  0.8951108E+06
325.0  0.8946339E+06
325.2  0.8941556E+06
325.4  0.8936759E+06
325.6  0.8931949E+06
325.8  0.8927126E+06
326.0  0.8922289E+06
326.2  0.8917439E+06
326.4  0.8912576E+06
326.6  0.8907700E+06
326.8  0.8902812E+06
327.0  0.8897911E+06
327.2  0.8892998E+06
327.4  0.8888073E+06
327.6  0.8883135E+06
327.8  0.8878186E+06
328.0  0.8873225E+06
328.2  0.8868252E+06
328.4  0.8863268E+06
328.6  0.8858273E+06
328.8  0.8853266E+06
329.0  0.8848248E+06
329.2  0.8843220E+06
329.4  0.8838181E+06
329.6  0.8833131E+06
329.8  0.8828071E+06
330.0  0.8823000E+06
330.2  0.8817919E+06
330.4  0.8812828E+06
330.6  0.8807727E+06
330.8  0.8802617E+06
331.0  0.8797496E+06
331.2  0.8792366E+06
331.4  0.8787227E+06
331.6  0.8782079E+06
331.8  0.8776921E+06
332.0  0.8771754E+06
332.2  0.8766578E+06
332.4  0.8761394E+06
332.6  0.8756201E+06
332.8  0.8750999E+06
333.0  0.8745789E+06
333.2  0.8740571E+06
333.4  0.8735344E+06
333.6  0.8730109E+06
333.8  0.8724867E+06
334.0  0.8719616E+06
334.2  0.8714358E+06
334.4  0.8709092E+06
334.6  0.8703819E+06
334.8  0.8698538E+06
335.0  0.8693250E+06
335.2  0.8687955E+06
335.4  0.8682652E+06
335.6  0.8677343E+06
335.8  0.8672027E+06
336.0  0.8666704E+06
336.2  0.8661375E+06
336.4  0.8656039E+06
336.6  0.8650696E+06
336.8  0.8645348E+06
337.0  0.8639993E+06
337.2  0.8634632E+06
337.4  0.8629264E+06
337.6  0.8623891E+06
337.8  0.8618512E+06
338.0  0.8613128E+06
338.2  0.8607737E+06
338.4  0.8602342E+06
338.6  0.8596940E+06
338.8  0.8591534E+06
339.0  0.8586122E+06
339.2  0.8580705E+06
339.4  0.8575282E+06
339.6  0.8569855E+06
339.8  0.8564423E+06
340.0  0.8558986E+06
340.2  0.8553545E+06
340.4  0.8548098E+06
340.6  0.8542648E+06
340.8  0.8537192E+06
341.0  0.8531733E+06
341.2  0.8526269E+06
341.4  0.8520800E+06
341.6  0.8515328E+06
341.8  0.8509852E+06
342.0  0.8504371E+06
342.2  0.8498887E+06
342.4  0.8493399E+06
342.6  0.8487907E+06
342.8  0.8482412E+06
343.0  0.8476913E+06
343.2  0.8471410E+06
343.4  0.8465904E+06
343.6  0.8460395E+06
343.8  0.8454883E+06
344.0  0.8449367E+06
344.2  0.8443848E+06
344.4  0.8438326E+06
344.6  0.8432801E+06
344.8  0.8427273E+06
345.0  0.8421743E+06
345.2  0.8416209E+06
345.4  0.8410673E+06
345.6  0.8405134E+06
345.8  0.8399593E+06
346.0  0.8394049E+06
346.2  0.8388503E+06
346.4  0.8382954E+06
346.6  0.8377403E+06
346.8  0.8371850E+06
347.0  0.8366295E+06
347.2  0.8360737E+06
347.4  0.8355178E+06
347.6  0.8349617E+06
347.8  0.8344053E+06
348.0  0.8338488E+06
348.2  0.8332921E+06
348.4  0.8327352E+06
348.6  0.8321782E+06
348.8  0.8316210E+06
349.0  0.8310636E+06
349.2  0.8305061E+06
349.4  0.8299485E+06
349.6  0.8293907E+06
349.8  0.8288328E+06
350.0  0.8282747E+06
350.2  0.8277166E+06
350.4  0.8271583E+06
350.6  0.8265999E+06
350.8  0.8260414E+06
351.0  0.8254828E+06
351.2  0.8249241E+06
351.4  0.8243653E+06
351.6  0.8238065E+06
351.8  0.8232475E+06
352.0  0.8226885E+06
352.2  0.8221294E+06
352.4  0.8215702E+06
352.6  0.8210110E+06
352.8  0.8204518E+06
353.0  0.8198925E+06
353.2  0.8193331E+06
353.4  0.8187737E+06
353.6  0.8182143E+06
353.8  0.8176548E+06
354.0  0.8170953E+06
354.2  0.8165358E+06
354.4  0.8159763E+06
354.6  0.8154167E+06
354.8  0.8148572E+06
355.0  0.8142977E+06
355.2  0.8137381E+06
355.4  0.8131786E+06
355.6  0.8126190E+06
355.8  0.8120595E+06
356.0  0.8115000E+06
356.2  0.8109405E+06
356.4  0.8103811E+06
356.6  0.8098217E+06
356.8  0.8092623E+06
357.0  0.8087029E+06
357.2  0.8081436E+06
357.4  0.8075844E+06
357.6  0.8070251E+06
357.8  0.8064660E+06
358.0  0.8059069E+06
358.2  0.8053479E+06
358.4  0.8047889E+06
358.6  0.8042300E+06
358.8  0.8036711E+06
359.0  0.8031124E+06
359.2  0.8025537E+06
359.4  0.8019951E+06
359.6  0.8014366E+06
359.8  0.8008782E+06
360.0  0.8003199E+06
360.2  0.7997616E+06
360.4  0.7992035E+06
360.6  0.7986455E+06
360.8  0.7980876E+06
361.0  0.7975298E+06
361.2  0.7969721E+06
361.4  0.7964145E+06
361.6  0.7958570E+06
361.8  0.7952997E+06
362.0  0.7947425E+06
362.2  0.7941854E+06
362.4  0.7936284E+06
362.6  0.7930716E+06
362.8  0.7925149E+06
363.0  0.7919584E+06
363.2  0.7914020E+06
363.4  0.7908458E+06
363.6  0.7902896E+06
363.8  0.7897337E+06
364.0  0.7891779E+06
364.2  0.7886223E+06
364.4  0.7880668E+06
364.6  0.7875115E+06
364.8  0.7869563E+06
365.0  0.7864013E+06
365.2  0.7858465E+06
365.4  0.7852919E+06
365.6  0.7847374E+06
365.8  0.7841831E+06
366.0  0.7836290E+06
366.2  0.7830751E+06
366.4  0.7825214E+06
366.6  0.7819678E+06
366.8  0.7814144E+06
367.0  0.7808613E+06
367.2  0.7803083E+06
367.4  0.7797555E+06
367.6  0.7792029E+06
367.8  0.7786506E+06
368.0  0.7780984E+06
368.2  0.7775464E+06
368.4  0.7769947E+06
368.6  0.7764431E+06
368.8  0.7758918E+06
369.0  0.7753407E+06
369.2  0.7747898E+06
369.4  0.7742391E+06
369.6  0.7736886E+06
369.8  0.7731384E+06
370.0  0.7725883E+06
370.2  0.7720385E+06
370.4  0.7714890E+06
370.6  0.7709396E+06
370.8  0.7703905E+06
371.0  0.7698417E+06
371.2  0.7692930E+06
371.4  0.7687447E+06
371.6  0.7681965E+06
371.8  0.7676486E+06
372.0  0.7671009E+06
372.2  0.7665535E+06
372.4  0.7660063E+06
372.6  0.7654594E+06
372.8  0.7649127E+06
373.0  0.7643663E+06
373.2  0.7638201E+06
373.4  0.7632742E+06
373.6  0.7627285E+06
373.8  0.7621831E+06
374.0  0.7616380E+06
374.2  0.7610931E+06
374.4  0.7605485E+06
374.6  0.7600041E+06
374.8  0.7594600E+06
375.0  0.7589162E+06
375.2  0.7583726E+06
375.4  0.7578293E+06
375.6  0.7572863E+06
375.8  0.7567436E+06
376.0  0.7562011E+06
376.2  0.7556589E+06
376.4  0.7551170E+06
376.6  0.7545754E+06
376.8  0.7540340E+06
377.0  0.7534929E+06
377.2  0.7529521E+06
377.4  0.7524116E+06
377.6  0.7518714E+06
377.8  0.7513315E+06
378.0  0.7507918E+06
378.2  0.7502524E+06
378.4  0.7497134E+06
378.6  0.7491746E+06
378.8  0.7486361E+06
379.0  0.7480979E+06
379.2  0.7475600E+06
379.4  0.7470224E+06
379.6  0.7464851E+06
379.8  0.7459481E+06
380.0  0.7454113E+06
380.2  0.7448749E+06
380.4  0.7443388E+06
380.6  0.7438030E+06
380.8  0.7432675E+06
381.0  0.7427323E+06
381.2  0.7421974E+06
381.4  0.7416628E+06
381.6  0.7411285E+06
381.8  0.7405945E+06
382.0  0.7400608E+06
382.2  0.7395275E+06
382.4  0.7389944E+06
382.6  0.7384617E+06
382.8  0.7379292E+06
383.0  0.7373971E+06
383.2  0.7368653E+06
383.4  0.7363338E+06
383.6  0.7358026E+06
383.8  0.7352718E+06
384.0  0.7347412E+06
384.2  0.7342110E+06
384.4  0.7336811E+06
384.6  0.7331515E+06
384.8  0.7326223E+06
385.0  0.7320933E+06
385.2  0.7315647E+06
385.4  0.7310364E+06
385.6  0.7305084E+06
385.8  0.7299808E+06
386.0  0.7294535E+06
386.2  0.7289265E+06
386.4  0.7283998E+06
386.6  0.7278734E+06
386.8  0.7273474E+06
387.0  0.7268217E+06
387.2  0.7262964E+06
387.4  0.7257713E+06
387.6  0.7252466E+06
387.8  0.7247222E+06
388.0  0.7241982E+06
388.2  0.7236745E+06
388.4  0.7231511E+06
388.6  0.7226281E+06
388.8  0.7221054E+06
389.0  0.7215830E+06
389.2  0.7210609E+06
389.4  0.7205392E+06
389.6  0.7200178E+06
389.8  0.7194968E+06
390.0  0.7189761E+06
390.2  0.7184557E+06
390.4  0.7179357E+06
390.6  0.7174160E+06
390.8  0.7168967E+06
391.0  0.7163777E+06
391.2  0.7158590E+06
391.4  0.7153407E+06
391.6  0.7148227E+06
391.8  0.7143050E+06
392.0  0.7137877E+06
392.2  0.7132708E+06
392.4  0.7127541E+06
392.6  0.7122378E+06
392.8  0.7117219E+06
393.0  0.7112063E+06
393.2  0.7106911E+06
393.4  0.7101762E+06
393.6  0.7096616E+06
393.8  0.7091474E+06
394.0  0.7086335E+06
394.2  0.7081200E+06
394.4  0.7076068E+06
394.6  0.7070939E+06
394.8  0.7065815E+06
395.0  0.7060693E+06
395.2  0.7055575E+06
395.4  0.7050461E+06
395.6  0.7045350E+06
395.8  0.7040242E+06
396.0  0.7035138E+06
396.2  0.7030037E+06
396.4  0.7024940E+06
396.6  0.7019847E+06
396.8  0.7014757E+06
397.0  0.7009670E+06
397.2  0.7004587E+06
397.4  0.6999507E+06
397.6  0.6994431E+06
397.8  0.6989358E+06
398.0  0.6984289E+06
398.2  0.6979224E+06
398.4  0.6974162E+06
398.6  0.6969103E+06
398.8  0.6964048E+06
399.0  0.6958996E+06
399.2  0.6953948E+06
399.4  0.6948904E+06
399.6  0.6943863E+06
399.8  0.6938825E+06
400.0  0.6933791E+06
400.2  0.6928761E+06
400.4  0.6923734E+06
400.6  0.6918711E+06
400.8  0.6913691E+06
401.0  0.6908674E+06
401.2  0.6903662E+06
401.4  0.6898652E+06
401.6  0.6893647E+06
401.8  0.6888645E+06
402.0  0.6883646E+06
402.2  0.6878651E+06
402.4  0.6873659E+06
402.6  0.6868671E+06
402.8  0.6863687E+06
403.0  0.6858706E+06
403.2  0.6853728E+06
403.4  0.6848755E+06
403.6  0.6843784E+06
403.8  0.6838818E+06
404.0  0.6833854E+06
404.2  0.6828895E+06
404.4  0.6823939E+06
404.6  0.6818986E+06
404.8  0.6814037E+06
405.0  0.6809092E+06
405.2  0.6804150E+06
405.4  0.6799211E+06
405.6  0.6794276E+06
405.8  0.6789345E+06
406.0  0.6784417E+06
406.2  0.6779493E+06
406.4  0.6774573E+06
406.6  0.6769656E+06
406.8  0.6764742E+06
407.0  0.6759832E+06
407.2  0.6754926E+06
407.4  0.6750023E+06
407.6  0.6745124E+06
407.8  0.6740228E+06
408.0  0.6735336E+06
408.2  0.6730447E+06
408.4  0.6725562E+06
408.6  0.6720680E+06
408.8  0.6715802E+06
409.0  0.6710928E+06
409.2  0.6706057E+06
409.4  0.6701190E+06
409.6  0.6696326E+06
409.8  0.6691466E+06
410.0  0.6686609E+06
410.2  0.6681756E+06
410.4  0.6676906E+06
410.6  0.6672060E+06
410.8  0.6667218E+06
411.0  0.6662379E+06
411.2  0.6657543E+06
411.4  0.6652711E+06
411.6  0.6647883E+06
411.8  0.6643058E+06
412.0  0.6638237E+06
412.2  0.6633419E+06
412.4  0.6628605E+06
412.6  0.6623795E+06
412.8  0.6618987E+06
413.0  0.6614184E+06
413.2  0.6609384E+06
413.4  0.6604588E+06
413.6  0.6599795E+06
413.8  0.6595005E+06
414.0  0.6590219E+06
414.2  0.6585437E+06
414.4  0.6580658E+06
414.6  0.6575883E+06
414.8  0.6571111E+06
415.0  0.6566343E+06
415.2  0.6561578E+06
415.4  0.6556817E+06
415.6  0.6552060E+06
415.8  0.6547306E+06
416.0  0.6542555E+06
416.2  0.6537808E+06
416.4  0.6533065E+06
416.6  0.6528325E+06
416.8  0.6523588E+06
417.0  0.6518855E+06
417.2  0.6514126E+06
417.4  0.6509400E+06
417.6  0.6504677E+06
417.8  0.6499958E+06
418.0  0.6495243E+06
418.2  0.6490531E+06
418.4  0.6485823E+06
418.6  0.6481118E+06
418.8  0.6476417E+06
419.0  0.6471719E+06
419.2  0.6467024E+06
419.4  0.6462333E+06
419.6  0.6457646E+06
419.8  0.6452962E+06
420.0  0.6448282E+06
420.2  0.6443605E+06
420.4  0.6438932E+06
420.6  0.6434262E+06
420.8  0.6429595E+06
421.0  0.6424933E+06
421.2  0.6420273E+06
421.4  0.6415617E+06
421.6  0.6410965E+06
421.8  0.6406316E+06
422.0  0.6401670E+06
422.2  0.6397028E+06
422.4  0.6392390E+06
422.6  0.6387755E+06
422.8  0.6383123E+06
423.0  0.6378495E+06
423.2  0.6373870E+06
423.4  0.6369249E+06
423.6  0.6364631E+06
423.8  0.6360017E+06
424.0  0.6355406E+06
424.2  0.6350799E+06
424.4  0.6346195E+06
424.6  0.6341595E+06
424.8  0.6336998E+06
425.0  0.6332404E+06
425.2  0.6327814E+06
425.4  0.6323228E+06
425.6  0.6318644E+06
425.8  0.6314065E+06
426.0  0.6309488E+06
426.2  0.6304916E+06
426.4  0.6300346E+06
426.6  0.6295780E+06
426.8  0.6291218E+06
427.0  0.6286659E+06
427.2  0.6282103E+06
427.4  0.6277551E+06
427.6  0.6273002E+06
427.8  0.6268457E+06
428.0  0.6263915E+06
428.2  0.6259376E+06
428.4  0.6254841E+06
428.6  0.6250309E+06
428.8  0.6245781E+06
429.0  0.6241256E+06
429.2  0.6236735E+06
429.4  0.6232216E+06
429.6  0.6227702E+06
429.8  0.6223191E+06
430.0  0.6218683E+06
430.2  0.6214178E+06
430.4  0.6209677E+06
430.6  0.6205179E+06
430.8  0.6200685E+06
431.0  0.6196194E+06
431.2  0.6191707E+06
431.4  0.6187223E+06
431.6  0.6182742E+06
431.8  0.6178265E+06
432.0  0.6173791E+06
432.2  0.6169320E+06
432.4  0.6164853E+06
432.6  0.6160389E+06
432.8  0.6155928E+06
433.0  0.6151471E+06
433.2  0.6147018E+06
433.4  0.6142567E+06
433.6  0.6138120E+06
433.8  0.6133676E+06
434.0  0.6129236E+06
434.2  0.6124799E+06
434.4  0.6120366E+06
434.6  0.6115935E+06
434.8  0.6111508E+06
435.0  0.6107085E+06
435.2  0.6102665E+06
435.4  0.6098248E+06
435.6  0.6093834E+06
435.8  0.6089424E+06
436.0  0.6085017E+06
436.2  0.6080613E+06
436.4  0.6076213E+06
436.6  0.6071816E+06
436.8  0.6067423E+06
437.0  0.6063032E+06
437.2  0.6058645E+06
437.4  0.6054262E+06
437.6  0.6049881E+06
437.8  0.6045504E+06
438.0  0.6041131E+06
438.2  0.6036760E+06
438.4  0.6032393E+06
438.6  0.6028029E+06
438.8  0.6023669E+06
439.0  0.6019312E+06
439.2  0.6014958E+06
439.4  0.6010607E+06
439.6  0.6006260E+06
439.8  0.6001916E+06
440.0  0.5997575E+06
440.2  0.5993238E+06
440.4  0.5988903E+06
440.6  0.5984572E+06
440.8  0.5980245E+06
441.0  0.5975920E+06
441.2  0.5971599E+06
441.4  0.5967281E+06
441.6  0.5962967E+06
441.8  0.5958655E+06
442.0  0.5954347E+06
442.2  0.5950043E+06
442.4  0.5945741E+06
442.6  0.5941443E+06
442.8  0.5937148E+06
443.0  0.5932856E+06
443.2  0.5928567E+06
443.4  0.5924282E+06
443.6  0.5920000E+06
443.8  0.5915721E+06
444.0  0.5911445E+06
444.2  0.5907173E+06
444.4  0.5902904E+06
444.6  0.5898638E+06
444.8  0.5894375E+06
445.0  0.5890116E+06
445.2  0.5885859E+06
445.4  0.5881606E+06
445.6  0.5877357E+06
445.8  0.5873110E+06
446.0  0.5868866E+06
446.2  0.5864626E+06
446.4  0.5860389E+06
446.6  0.5856155E+06
446.8  0.5851925E+06
447.0  0.5847697E+06
447.2  0.5843473E+06
447.4  0.5839252E+06
447.6  0.5835034E+06
447.8  0.5830820E+06
448.0  0.5826608E+06
448.2  0.5822400E+06
448.4  0.5818195E+06
448.6  0.5813993E+06
448.8  0.5809794E+06
449.0  0.5805598E+06
449.2  0.5801406E+06
449.4  0.5797217E+06
449.6  0.5793031E+06
449.8  0.5788848E+06
450.0  0.5784668E+06
450.2  0.5780491E+06
450.4  0.5776318E+06
450.6  0.5772147E+06
450.8  0.5767980E+06
451.0  0.5763816E+06
451.2  0.5759655E+06
451.4  0.5755497E+06
451.6  0.5751343E+06
451.8  0.5747191E+06
452.0  0.5743043E+06
452.2  0.5738898E+06
452.4  0.5734756E+06
452.6  0.5730617E+06
452.8  0.5726481E+06
453.0  0.5722348E+06
453.2  0.5718218E+06
453.4  0.5714092E+06
453.6  0.5709968E+06
453.8  0.5705848E+06
454.0  0.5701731E+06
454.2  0.5697617E+06
454.4  0.5693506E+06
454.6  0.5689398E+06
454.8  0.5685293E+06
455.0  0.5681192E+06
455.2  0.5677093E+06
455.4  0.5672997E+06
455.6  0.5668905E+06
455.8  0.5664816E+06
456.0  0.5660729E+06
456.2  0.5656646E+06
456.4  0.5652566E+06
456.6  0.5648489E+06
456.8  0.5644415E+06
457.0  0.5640344E+06
457.2  0.5636276E+06
457.4  0.5632212E+06
457.6  0.5628150E+06
457.8  0.5624091E+06
458.0  0.5620036E+06
458.2  0.5615983E+06
458.4  0.5611934E+06
458.6  0.5607887E+06
458.8  0.5603844E+06
459.0  0.5599803E+06
459.2  0.5595766E+06
459.4  0.5591732E+06
459.6  0.5587700E+06
459.8  0.5583672E+06
460.0  0.5579647E+06
460.2  0.5575625E+06
460.4  0.5571606E+06
460.6  0.5567590E+06
460.8  0.5563576E+06
461.0  0.5559566E+06
461.2  0.5555559E+06
461.4  0.5551555E+06
461.6  0.5547554E+06
461.8  0.5543556E+06
462.0  0.5539561E+06
462.2  0.5535569E+06
462.4  0.5531580E+06
462.6  0.5527594E+06
462.8  0.5523611E+06
463.0  0.5519631E+06
463.2  0.5515654E+06
463.4  0.5511680E+06
463.6  0.5507709E+06
463.8  0.5503740E+06
464.0  0.5499775E+06
464.2  0.5495813E+06
464.4  0.5491854E+06
464.6  0.5487898E+06
464.8  0.5483945E+06
465.0  0.5479994E+06
465.2  0.5476047E+06
465.4  0.5472103E+06
465.6  0.5468161E+06
465.8  0.5464223E+06
466.0  0.5460287E+06
466.2  0.5456355E+06
466.4  0.5452425E+06
466.6  0.5448498E+06
466.8  0.5444575E+06
467.0  0.5440654E+06
467.2  0.5436736E+06
467.4  0.5432821E+06
467.6  0.5428909E+06
467.8  0.5425000E+06
468.0  0.5421094E+06
468.2  0.5417191E+06
468.4  0.5413291E+06
468.6  0.5409394E+06
468.8  0.5405499E+06
469.0  0.5401608E+06
469.2  0.5397719E+06
469.4  0.5393833E+06
469.6  0.5389951E+06
469.8  0.5386071E+06
470.0  0.5382194E+06
470.2  0.5378320E+06
470.4  0.5374449E+06
470.6  0.5370581E+06
470.8  0.5366715E+06
471.0  0.5362853E+06
471.2  0.5358993E+06
471.4  0.5355137E+06
471.6  0.5351283E+06
471.8  0.5347432E+06
472.0  0.5343584E+06
472.2  0.5339739E+06
472.4  0.5335896E+06
472.6  0.5332057E+06
472.8  0.5328220E+06
473.0  0.5324387E+06
473.2  0.5320556E+06
473.4  0.5316728E+06
473.6  0.5312903E+06
473.8  0.5309081E+06
474.0  0.5305261E+06
474.2  0.5301445E+06
474.4  0.5297631E+06
474.6  0.5293820E+06
474.8  0.5290012E+06
475.0  0.5286207E+06
475.2  0.5282405E+06
475.4  0.5278606E+06
475.6  0.5274809E+06
475.8  0.5271015E+06
476.0  0.5267224E+06
476.2  0.5263436E+06
476.4  0.5259651E+06
476.6  0.5255868E+06
476.8  0.5252089E+06
477.0  0.5248312E+06
477.2  0.5244538E+06
477.4  0.5240767E+06
477.6  0.5236998E+06
477.8  0.5233233E+06
478.0  0.5229470E+06
478.2  0.5225710E+06
478.4  0.5221953E+06
478.6  0.5218198E+06
478.8  0.5214447E+06
479.0  0.5210698E+06
479.2  0.5206952E+06
479.4  0.5203209E+06
479.6  0.5199469E+06
479.8  0.5195731E+06
480.0  0.5191996E+06
480.2  0.5188264E+06
480.4  0.5184535E+06
480.6  0.5180808E+06
480.8  0.5177085E+06
481.0  0.5173364E+06
481.2  0.5169646E+06
481.4  0.5165930E+06
481.6  0.5162217E+06
481.8  0.5158508E+06
482.0  0.5154800E+06
482.2  0.5151096E+06
482.4  0.5147394E+06
482.6  0.5143696E+06
482.8  0.5140000E+06
483.0  0.5136306E+06
483.2  0.5132616E+06
483.4  0.5128928E+06
483.6  0.5125243E+06
483.8  0.5121560E+06
484.0  0.5117881E+06
484.2  0.5114204E+06
484.4  0.5110529E+06
484.6  0.5106858E+06
484.8  0.5103189E+06
485.0  0.5099523E+06
485.2  0.5095860E+06
485.4  0.5092199E+06
485.6  0.5088542E+06
485.8  0.5084887E+06
486.0  0.5081234E+06
486.2  0.5077584E+06
486.4  0.5073937E+06
486.6  0.5070293E+06
486.8  0.5066652E+06
487.0  0.5063013E+06
487.2  0.5059377E+06
487.4  0.5055743E+06
487.6  0.5052112E+06
487.8  0.5048484E+06
488.0  0.5044859E+06
488.2  0.5041236E+06
488.4  0.5037616E+06
488.6  0.5033999E+06
488.8  0.5030384E+06
489.0  0.5026772E+06
489.2  0.5023163E+06
489.4  0.5019556E+06
489.6  0.5015952E+06
489.8  0.5012351E+06
490.0  0.5008752E+06
490.2  0.5005156E+06
490.4  0.5001563E+06
490.6  0.4997973E+06
490.8  0.4994385E+06
491.0  0.4990799E+06
491.2  0.4987217E+06
491.4  0.4983637E+06
491.6  0.4980059E+06
491.8  0.4976485E+06
492.0  0.4972913E+06
492.2  0.4969343E+06
492.4  0.4965776E+06
492.6  0.4962212E+06
492.8  0.4958651E+06
493.0  0.4955092E+06
493.2  0.4951536E+06
493.4  0.4947982E+06
493.6  0.4944431E+06
493.8  0.4940883E+06
494.0  0.4937337E+06
494.2  0.4933794E+06
494.4  0.4930254E+06
494.6  0.4926716E+06
494.8  0.4923181E+06
495.0  0.4919648E+06
495.2  0.4916118E+06
495.4  0.4912591E+06
495.6  0.4909066E+06
495.8  0.4905544E+06
496.0  0.4902024E+06
496.2  0.4898507E+06
496.4  0.4894993E+06
496.6  0.4891481E+06
496.8  0.4887972E+06
497.0  0.4884465E+06
497.2  0.4880961E+06
497.4  0.4877460E+06
497.6  0.4873961E+06
497.8  0.4870464E+06
498.0  0.4866971E+06
498.2  0.4863480E+06
498.4  0.4859991E+06
498.6  0.4856505E+06
498.8  0.4853022E+06
499.0  0.4849541E+06
499.2  0.4846063E+06
499.4  0.4842587E+06
499.6  0.4839114E+06
499.8  0.4835643E+06
500.0  0.4832175E+06
