100  0.1812741E+04
100.2  0.2018232E+04
100.4  0.2233535E+04
100.6  0.2458205E+04
100.8  0.2691785E+04
101.0  0.2933816E+04
101.2  0.3183838E+04
101.4  0.3441400E+04
101.6  0.3706054E+04
101.8  0.3977364E+04
102.0  0.4254907E+04
102.2  0.4538271E+04
102.4  0.4827059E+04
102.6  0.5120891E+04
102.8  0.5419400E+04
103.0  0.5722235E+04
103.2  0.6029062E+04
103.4  0.6339562E+04
103.6  0.6653433E+04
103.8  0.6970387E+04
104.0  0.7290152E+04
104.2  0.7612470E+04
104.4  0.7937096E+04
104.6  0.8263802E+04
104.8  0.8592371E+04
105.0  0.8922598E+04
105.2  0.9254292E+04
105.4  0.9587272E+04
105.6  0.9921369E+04
105.8  0.1025643E+05
106.0  0.1059229E+05
106.2  0.1092883E+05
106.4  0.1126591E+05
106.6  0.1160341E+05
106.8  0.1194121E+05
107.0  0.1227922E+05
107.2  0.1261733E+05
107.4  0.1295546E+05
107.6  0.1329351E+05
107.8  0.1363141E+05
108.0  0.1396909E+05
108.2  0.1430648E+05
108.4  0.1464352E+05
108.6  0.1498015E+05
108.8  0.1531632E+05
109.0  0.1565198E+05
109.2  0.1598708E+05
109.4  0.1632160E+05
109.6  0.1665548E+05
109.8  0.1698870E+05
110.0  0.1732123E+05
110.2  0.1765304E+05
110.4  0.1798411E+05
110.6  0.1831441E+05
110.8  0.1864393E+05
111.0  0.1897265E+05
111.2  0.1930055E+05
111.4  0.1962763E+05
111.6  0.1995387E+05
111.8  0.2027926E+05
112.0  0.2060380E+05
112.2  0.2092748E+05
112.4  0.2125030E+05
112.6  0.2157226E+05
112.8  0.2189335E+05
113.0  0.2221357E+05
113.2  0.2253293E+05
113.4  0.2285143E+05
113.6  0.2316907E+05
113.8  0.2348585E+05
114.0  0.2380179E+05
114.2  0.2411688E+05
114.4  0.2443114E+05
114.6  0.2474456E+05
114.8  0.2505717E+05
115.0  0.2536896E+05
115.2  0.2567994E+05
115.4  0.2599013E+05
115.6  0.2629954E+05
115.8  0.2660817E+05
116.0  0.2691605E+05
116.2  0.2722316E+05
116.4  0.2752954E+05
116.6  0.2783520E+05
116.8  0.2814013E+05
117.0  0.2844436E+05
117.2  0.2874791E+05
117.4  0.2905077E+05
117.6  0.2935297E+05
117.8  0.2965453E+05
118.0  0.2995544E+05
118.2  0.3025573E+05
118.4  0.3055541E+05
118.6  0.3085450E+05
118.8  0.3115300E+05
119.0  0.3145094E+05
119.2  0.3174832E+05
119.4  0.3204517E+05
119.6  0.3234149E+05
119.8  0.3263730E+05
120.0  0.3293262E+05
120.2  0.3322745E+05
120.4  0.3352182E+05
120.6  0.3381573E+05
120.8  0.3410921E+05
121.0  0.3440226E+05
121.2  0.3469491E+05
121.4  0.3498716E+05
121.6  0.3527903E+05
121.8  0.3557053E+05
122.0  0.3586168E+05
122.2  0.3615250E+05
122.4  0.3644299E+05
122.6  0.3673317E+05
122.8  0.3702306E+05
123.0  0.3731267E+05
123.2  0.3760201E+05
123.4  0.3789110E+05
123.6  0.3817995E+05
123.8  0.3846858E+05
124.0  0.3875700E+05
124.2  0.3904522E+05
124.4  0.3933325E+05
124.6  0.3962112E+05
124.8  0.3990883E+05
125.0  0.4019640E+05
125.2  0.4048384E+05
125.4  0.4077117E+05
125.6  0.4105839E+05
125.8  0.4134552E+05
126.0  0.4163258E+05
126.2  0.4191957E+05
126.4  0.4220651E+05
126.6  0.4249342E+05
126.8  0.4278030E+05
127.0  0.4306718E+05
127.2  0.4335405E+05
127.4  0.4364093E+05
127.6  0.4392785E+05
127.8  0.4421480E+05
128.0  0.4450180E+05
128.2  0.4478887E+05
128.4  0.4507601E+05
128.6  0.4536324E+05
128.8  0.4565057E+05
129.0  0.4593802E+05
129.2  0.4622558E+05
129.4  0.4651329E+05
129.6  0.4680114E+05
129.8  0.4708915E+05
130.0  0.4737733E+05
130.2  0.4766569E+05
130.4  0.4795425E+05
130.6  0.4824302E+05
130.8  0.4853200E+05
131.0  0.4882121E+05
131.2  0.4911067E+05
131.4  0.4940037E+05
131.6  0.4969034E+05
131.8  0.4998057E+05
132.0  0.5027110E+05
132.2  0.5056192E+05
132.4  0.5085304E+05
132.6  0.5114449E+05
132.8  0.5143626E+05
133.0  0.5172837E+05
133.2  0.5202083E+05
133.4  0.5231365E+05
133.6  0.5260684E+05
133.8  0.5290041E+05
134.0  0.5319437E+05
134.2  0.5348874E+05
134.4  0.5378352E+05
134.6  0.5407872E+05
134.8  0.5437435E+05
135.0  0.5467043E+05
135.2  0.5496696E+05
135.4  0.5526396E+05
135.6  0.5556143E+05
135.8  0.5585938E+05
136.0  0.5615782E+05
136.2  0.5645677E+05
136.4  0.5675624E+05
136.6  0.5705623E+05
136.8  0.5735675E+05
137.0  0.5765781E+05
137.2  0.5795943E+05
137.4  0.5826160E+05
137.6  0.5856435E+05
137.8  0.5886769E+05
138.0  0.5917161E+05
138.2  0.5947614E+05
138.4  0.5978127E+05
138.6  0.6008703E+05
138.8  0.6039341E+05
139.0  0.6070043E+05
139.2  0.6100811E+05
139.4  0.6131643E+05
139.6  0.6162543E+05
139.8  0.6193510E+05
140.0  0.6224546E+05
140.2  0.6255651E+05
140.4  0.6286827E+05
140.6  0.6318074E+05
140.8  0.6349393E+05
141.0  0.6380785E+05
141.2  0.6412251E+05
141.4  0.6443792E+05
141.6  0.6475409E+05
141.8  0.6507103E+05
142.0  0.6538875E+05
142.2  0.6570725E+05
142.4  0.6602654E+05
142.6  0.6634664E+05
142.8  0.6666755E+05
143.0  0.6698929E+05
143.2  0.6731185E+05
143.4  0.6763525E+05
143.6  0.6795950E+05
143.8  0.6828461E+05
144.0  0.6861058E+05
144.2  0.6893743E+05
144.4  0.6926516E+05
144.6  0.6959378E+05
144.8  0.6992331E+05
145.0  0.7025374E+05
145.2  0.7058509E+05
145.4  0.7091737E+05
145.6  0.7125059E+05
145.8  0.7158475E+05
146.0  0.7191986E+05
146.2  0.7225594E+05
146.4  0.7259298E+05
146.6  0.7293101E+05
146.8  0.7327003E+05
147.0  0.7361004E+05
147.2  0.7395105E+05
147.4  0.7429308E+05
147.6  0.7463614E+05
147.8  0.7498022E+05
148.0  0.7532535E+05
148.2  0.7567152E+05
148.4  0.7601876E+05
148.6  0.7636706E+05
148.8  0.7671643E+05
149.0  0.7706689E+05
149.2  0.7741844E+05
149.4  0.7777109E+05
149.6  0.7812485E+05
149.8  0.7847972E+05
150.0  0.7883573E+05
150.2  0.7919287E+05
150.4  0.7955115E+05
150.6  0.7991059E+05
150.8  0.8027119E+05
151.0  0.8063296E+05
151.2  0.8099590E+05
151.4  0.8136004E+05
151.6  0.8172537E+05
151.8  0.8209191E+05
152.0  0.8245965E+05
152.2  0.8282863E+05
152.4  0.8319883E+05
152.6  0.8357027E+05
152.8  0.8394296E+05
153.0  0.8431691E+05
153.2  0.8469213E+05
153.4  0.8506862E+05
153.6  0.8544639E+05
153.8  0.8582546E+05
154.0  0.8620582E+05
154.2  0.8658750E+05
154.4  0.8697049E+05
154.6  0.8735482E+05
154.8  0.8774048E+05
155.0  0.8812748E+05
155.2  0.8851584E+05
155.4  0.8890557E+05
155.6  0.8929666E+05
155.8  0.8968914E+05
156.0  0.9008300E+05
156.2  0.9047827E+05
156.4  0.9087494E+05
156.6  0.9127303E+05
156.8  0.9167255E+05
157.0  0.9207350E+05
157.2  0.9247590E+05
157.4  0.9287975E+05
157.6  0.9328506E+05
157.8  0.9369184E+05
158.0  0.9410011E+05
158.2  0.9450986E+05
158.4  0.9492111E+05
158.6  0.9533388E+05
158.8  0.9574815E+05
159.0  0.9616396E+05
159.2  0.9658130E+05
159.4  0.9700019E+05
159.6  0.9742063E+05
159.8  0.9784264E+05
160.0  0.9826622E+05
160.2  0.9869139E+05
160.4  0.9911814E+05
160.6  0.9954650E+05
160.8  0.9997647E+05
161.0  0.1004081E+06
161.2  0.1008413E+06
161.4  0.1012761E+06
161.6  0.1017127E+06
161.8  0.1021508E+06
162.0  0.1025907E+06
162.2  0.1030322E+06
162.4  0.1034754E+06
162.6  0.1039203E+06
162.8  0.1043669E+06
163.0  0.1048153E+06
163.2  0.1052653E+06
163.4  0.1057172E+06
163.6  0.1061707E+06
163.8  0.1066260E+06
164.0  0.1070831E+06
164.2  0.1075420E+06
164.4  0.1080026E+06
164.6  0.1084651E+06
164.8  0.1089293E+06
165.0  0.1093954E+06
165.2  0.1098633E+06
165.4  0.1103331E+06
165.6  0.1108047E+06
165.8  0.1112781E+06
166.0  0.1117535E+06
166.2  0.1122307E+06
166.4  0.1127098E+06
166.6  0.1131908E+06
166.8  0.1136738E+06
167.0  0.1141586E+06
167.2  0.1146454E+06
167.4  0.1151342E+06
167.6  0.1156249E+06
167.8  0.1161175E+06
168.0  0.1166122E+06
168.2  0.1171088E+06
168.4  0.1176075E+06
168.6  0.1181081E+06
168.8  0.1186108E+06
169.0  0.1191156E+06
169.2  0.1196223E+06
169.4  0.1201312E+06
169.6  0.1206421E+06
169.8  0.1211551E+06
170.0  0.1216702E+06
170.2  0.1221873E+06
170.4  0.1227067E+06
170.6  0.1232281E+06
170.8  0.1237517E+06
171.0  0.1242774E+06
171.2  0.1248053E+06
171.4  0.1253354E+06
171.6  0.1258677E+06
171.8  0.1264022E+06
172.0  0.1269389E+06
172.2  0.1274778E+06
172.4  0.1280190E+06
172.6  0.1285624E+06
172.8  0.1291081E+06
173.0  0.1296560E+06
173.2  0.1302063E+06
173.4  0.1307589E+06
173.6  0.1313138E+06
173.8  0.1318710E+06
174.0  0.1324305E+06
174.2  0.1329925E+06
174.4  0.1335568E+06
174.6  0.1341235E+06
174.8  0.1346925E+06
175.0  0.1352640E+06
175.2  0.1358380E+06
175.4  0.1364143E+06
175.6  0.1369932E+06
175.8  0.1375745E+06
176.0  0.1381583E+06
176.2  0.1387445E+06
176.4  0.1393333E+06
176.6  0.1399247E+06
176.8  0.1405185E+06
177.0  0.1411150E+06
177.2  0.1417140E+06
177.4  0.1423156E+06
177.6  0.1429198E+06
177.8  0.1435266E+06
178.0  0.1441361E+06
178.2  0.1447482E+06
178.4  0.1453630E+06
178.6  0.1459805E+06
178.8  0.1466007E+06
179.0  0.1472236E+06
179.2  0.1478492E+06
179.4  0.1484776E+06
179.6  0.1491088E+06
179.8  0.1497428E+06
180.0  0.1503795E+06
180.2  0.1510191E+06
180.4  0.1516616E+06
180.6  0.1523069E+06
180.8  0.1529550E+06
181.0  0.1536061E+06
181.2  0.1542601E+06
181.4  0.1549170E+06
181.6  0.1555769E+06
181.8  0.1562398E+06
182.0  0.1569056E+06
182.2  0.1575745E+06
182.4  0.1582464E+06
182.6  0.1589214E+06
182.8  0.1595994E+06
183.0  0.1602805E+06
183.2  0.1609648E+06
183.4  0.1616522E+06
183.6  0.1623428E+06
183.8  0.1630365E+06
184.0  0.1637335E+06
184.2  0.1644337E+06
184.4  0.1651372E+06
184.6  0.1658439E+06
184.8  0.1665539E+06
185.0  0.1672673E+06
185.2  0.1679840E+06
185.4  0.1687041E+06
185.6  0.1694276E+06
185.8  0.1701546E+06
186.0  0.1708850E+06
186.2  0.1716189E+06
186.4  0.1723562E+06
186.6  0.1730972E+06
186.8  0.1738417E+06
187.0  0.1745898E+06
187.2  0.1753415E+06
187.4  0.1760968E+06
187.6  0.1768559E+06
187.8  0.1776187E+06
188.0  0.1783852E+06
188.2  0.1791554E+06
188.4  0.1799295E+06
188.6  0.1807075E+06
188.8  0.1814893E+06
189.0  0.1822750E+06
189.2  0.1830646E+06
189.4  0.1838582E+06
189.6  0.1846558E+06
189.8  0.1854575E+06
190.0  0.1862632E+06
190.2  0.1870731E+06
190.4  0.1878871E+06
190.6  0.1887053E+06
190.8  0.1895277E+06
191.0  0.1903544E+06
191.2  0.1911853E+06
191.4  0.1920207E+06
191.6  0.1928604E+06
191.8  0.1937045E+06
192.0  0.1945531E+06
192.2  0.1954062E+06
192.4  0.1962639E+06
192.6  0.1971262E+06
192.8  0.1979931E+06
193.0  0.1988646E+06
193.2  0.1997409E+06
193.4  0.2006220E+06
193.6  0.2015079E+06
193.8  0.2023987E+06
194.0  0.2032944E+06
194.2  0.2041950E+06
194.4  0.2051007E+06
194.6  0.2060114E+06
194.8  0.2069272E+06
195.0  0.2078482E+06
195.2  0.2087744E+06
195.4  0.2097059E+06
195.6  0.2106426E+06
195.8  0.2115848E+06
196.0  0.2125324E+06
196.2  0.2134854E+06
196.4  0.2144440E+06
196.6  0.2154082E+06
196.8  0.2163780E+06
197.0  0.2173535E+06
197.2  0.2183348E+06
197.4  0.2193219E+06
197.6  0.2203148E+06
197.8  0.2213137E+06
198.0  0.2223186E+06
198.2  0.2233295E+06
198.4  0.2243465E+06
198.6  0.2253697E+06
198.8  0.2263992E+06
199.0  0.2274349E+06
199.2  0.2284770E+06
199.4  0.2295254E+06
199.6  0.2305804E+06
199.8  0.2316419E+06
200.0  0.2327100E+06
200.2  0.2337848E+06
200.4  0.2348663E+06
200.6  0.2359546E+06
200.8  0.2370497E+06
201.0  0.2381518E+06
201.2  0.2392609E+06
201.4  0.2403770E+06
201.6  0.2415002E+06
201.8  0.2426306E+06
202.0  0.2437683E+06
202.2  0.2449132E+06
202.4  0.2460656E+06
202.6  0.2472253E+06
202.8  0.2483926E+06
203.0  0.2495675E+06
203.2  0.2507500E+06
203.4  0.2519401E+06
203.6  0.2531381E+06
203.8  0.2543439E+06
204.0  0.2555576E+06
204.2  0.2567792E+06
204.4  0.2580089E+06
204.6  0.2592466E+06
204.8  0.2604925E+06
205.0  0.2617466E+06
205.2  0.2630090E+06
205.4  0.2642797E+06
205.6  0.2655588E+06
205.8  0.2668464E+06
206.0  0.2681425E+06
206.2  0.2694472E+06
206.4  0.2707605E+06
206.6  0.2720825E+06
206.8  0.2734133E+06
207.0  0.2747529E+06
207.2  0.2761014E+06
207.4  0.2774587E+06
207.6  0.2788251E+06
207.8  0.2802005E+06
208.0  0.2815850E+06
208.2  0.2829786E+06
208.4  0.2843814E+06
208.6  0.2857935E+06
208.8  0.2872148E+06
209.0  0.2886455E+06
209.2  0.2900856E+06
209.4  0.2915351E+06
209.6  0.2929941E+06
209.8  0.2944626E+06
210.0  0.2959407E+06
210.2  0.2974283E+06
210.4  0.2989257E+06
210.6  0.3004326E+06
210.8  0.3019494E+06
211.0  0.3034758E+06
211.2  0.3050121E+06
211.4  0.3065581E+06
211.6  0.3081141E+06
211.8  0.3096799E+06
212.0  0.3112556E+06
212.2  0.3128412E+06
212.4  0.3144368E+06
212.6  0.3160424E+06
212.8  0.3176579E+06
213.0  0.3192835E+06
213.2  0.3209192E+06
213.4  0.3225649E+06
213.6  0.3242206E+06
213.8  0.3258865E+06
214.0  0.3275624E+06
214.2  0.3292484E+06
214.4  0.3309446E+06
214.6  0.3326508E+06
214.8  0.3343672E+06
215.0  0.3360937E+06
215.2  0.3378303E+06
215.4  0.3395770E+06
215.6  0.3413338E+06
215.8  0.3431007E+06
216.0  0.3448777E+06
216.2  0.3466647E+06
216.4  0.3484619E+06
216.6  0.3502690E+06
216.8  0.3520862E+06
217.0  0.3539135E+06
217.2  0.3557507E+06
217.4  0.3575978E+06
217.6  0.3594550E+06
217.8  0.3613220E+06
218.0  0.3631989E+06
218.2  0.3650856E+06
218.4  0.3669822E+06
218.6  0.3688886E+06
218.8  0.3708046E+06
219.0  0.3727304E+06
219.2  0.3746658E+06
219.4  0.3766109E+06
219.6  0.3785655E+06
219.8  0.3805296E+06
220.0  0.3825032E+06
220.2  0.3844861E+06
220.4  0.3864785E+06
220.6  0.3884801E+06
220.8  0.3904909E+06
221.0  0.3925109E+06
221.2  0.3945401E+06
221.4  0.3965782E+06
221.6  0.3986253E+06
221.8  0.4006814E+06
222.0  0.4027462E+06
222.2  0.4048198E+06
222.4  0.4069021E+06
222.6  0.4089929E+06
222.8  0.4110923E+06
223.0  0.4132001E+06
223.2  0.4153163E+06
223.4  0.4174407E+06
223.6  0.4195733E+06
223.8  0.4217139E+06
224.0  0.4238626E+06
224.2  0.4260191E+06
224.4  0.4281834E+06
224.6  0.4303555E+06
224.8  0.4325351E+06
225.0  0.4347223E+06
225.2  0.4369168E+06
225.4  0.4391186E+06
225.6  0.4413276E+06
225.8  0.4435437E+06
226.0  0.4457667E+06
226.2  0.4479966E+06
226.4  0.4502333E+06
226.6  0.4524766E+06
226.8  0.4547263E+06
227.0  0.4569825E+06
227.2  0.4592450E+06
227.4  0.4615136E+06
227.6  0.4637882E+06
227.8  0.4660688E+06
228.0  0.4683551E+06
228.2  0.4706471E+06
228.4  0.4729446E+06
228.6  0.4752476E+06
228.8  0.4775558E+06
229.0  0.4798692E+06
229.2  0.4821875E+06
229.4  0.4845108E+06
229.6  0.4868388E+06
229.8  0.4891714E+06
230.0  0.4915085E+06
230.2  0.4938500E+06
230.4  0.4961956E+06
230.6  0.4985454E+06
230.8  0.5008990E+06
231.0  0.5032565E+06
231.2  0.5056175E+06
231.4  0.5079821E+06
231.6  0.5103501E+06
231.8  0.5127213E+06
232.0  0.5150955E+06
232.2  0.5174727E+06
232.4  0.5198527E+06
232.6  0.5222354E+06
232.8  0.5246205E+06
233.0  0.5270080E+06
233.2  0.5293977E+06
233.4  0.5317895E+06
233.6  0.5341831E+06
233.8  0.5365786E+06
234.0  0.5389757E+06
234.2  0.5413742E+06
234.4  0.5437741E+06
234.6  0.5461752E+06
234.8  0.5485772E+06
235.0  0.5509802E+06
235.2  0.5533839E+06
235.4  0.5557882E+06
235.6  0.5581930E+06
235.8  0.5605980E+06
236.0  0.5630032E+06
236.2  0.5654083E+06
236.4  0.5678134E+06
236.6  0.5702181E+06
236.8  0.5726224E+06
237.0  0.5750260E+06
237.2  0.5774290E+06
237.4  0.5798311E+06
237.6  0.5822321E+06
237.8  0.5846319E+06
238.0  0.5870305E+06
238.2  0.5894276E+06
238.4  0.5918230E+06
238.6  0.5942167E+06
238.8  0.5966085E+06
239.0  0.5989983E+06
239.2  0.6013859E+06
239.4  0.6037711E+06
239.6  0.6061539E+06
239.8  0.6085341E+06
240.0  0.6109116E+06
240.2  0.6132862E+06
240.4  0.6156577E+06
240.6  0.6180261E+06
240.8  0.6203912E+06
241.0  0.6227529E+06
241.2  0.6251110E+06
241.4  0.6274654E+06
241.6  0.6298160E+06
241.8  0.6321626E+06
242.0  0.6345051E+06
242.2  0.6368434E+06
242.4  0.6391773E+06
242.6  0.6415068E+06
242.8  0.6438316E+06
243.0  0.6461517E+06
243.2  0.6484669E+06
243.4  0.6507772E+06
243.6  0.6530823E+06
243.8  0.6553822E+06
244.0  0.6576768E+06
244.2  0.6599659E+06
244.4  0.6622493E+06
244.6  0.6645271E+06
244.8  0.6667990E+06
245.0  0.6690650E+06
245.2  0.6713250E+06
245.4  0.6735787E+06
245.6  0.6758262E+06
245.8  0.6780673E+06
246.0  0.6803019E+06
246.2  0.6825299E+06
246.4  0.6847511E+06
246.6  0.6869655E+06
246.8  0.6891730E+06
247.0  0.6913735E+06
247.2  0.6935668E+06
247.4  0.6957529E+06
247.6  0.6979316E+06
247.8  0.7001030E+06
248.0  0.7022668E+06
248.2  0.7044229E+06
248.4  0.7065714E+06
248.6  0.7087120E+06
248.8  0.7108447E+06
249.0  0.7129695E+06
249.2  0.7150861E+06
249.4  0.7171946E+06
249.6  0.7192948E+06
249.8  0.7213867E+06
250.0  0.7234701E+06
250.2  0.7255451E+06
250.4  0.7276115E+06
250.6  0.7296691E+06
250.8  0.7317181E+06
251.0  0.7337582E+06
251.2  0.7357894E+06
251.4  0.7378117E+06
251.6  0.7398249E+06
251.8  0.7418290E+06
252.0  0.7438239E+06
252.2  0.7458096E+06
252.4  0.7477860E+06
252.6  0.7497529E+06
252.8  0.7517104E+06
253.0  0.7536584E+06
253.2  0.7555968E+06
253.4  0.7575256E+06
253.6  0.7594447E+06
253.8  0.7613541E+06
254.0  0.7632536E+06
254.2  0.7651433E+06
254.4  0.7670230E+06
254.6  0.7688928E+06
254.8  0.7707526E+06
255.0  0.7726023E+06
255.2  0.7744419E+06
255.4  0.7762713E+06
255.6  0.7780905E+06
255.8  0.7798995E+06
256.0  0.7816982E+06
256.2  0.7834865E+06
256.4  0.7852644E+06
256.6  0.7870320E+06
256.8  0.7887890E+06
257.0  0.7905356E+06
257.2  0.7922717E+06
257.4  0.7939971E+06
257.6  0.7957120E+06
257.8  0.7974163E+06
258.0  0.7991099E+06
258.2  0.8007928E+06
258.4  0.8024650E+06
258.6  0.8041264E+06
258.8  0.8057771E+06
259.0  0.8074170E+06
259.2  0.8090461E+06
259.4  0.8106643E+06
259.6  0.8122717E+06
259.8  0.8138682E+06
260.0  0.8154538E+06
260.2  0.8170284E+06
260.4  0.8185922E+06
260.6  0.8201449E+06
260.8  0.8216868E+06
261.0  0.8232176E+06
261.2  0.8247374E+06
261.4  0.8262463E+06
261.6  0.8277441E+06
261.8  0.8292309E+06
262.0  0.8307067E+06
262.2  0.8321714E+06
262.4  0.8336251E+06
262.6  0.8350678E+06
262.8  0.8364994E+06
263.0  0.8379199E+06
263.2  0.8393294E+06
263.4  0.8407278E+06
263.6  0.8421152E+06
263.8  0.8434915E+06
264.0  0.8448567E+06
264.2  0.8462109E+06
264.4  0.8475540E+06
264.6  0.8488861E+06
264.8  0.8502071E+06
265.0  0.8515171E+06
265.2  0.8528161E+06
265.4  0.8541040E+06
265.6  0.8553809E+06
265.8  0.8566469E+06
266.0  0.8579018E+06
266.2  0.8591457E+06
266.4  0.8603787E+06
266.6  0.8616007E+06
266.8  0.8628117E+06
267.0  0.8640119E+06
267.2  0.8652011E+06
267.4  0.8663793E+06
267.6  0.8675467E+06
267.8  0.8687033E+06
268.0  0.8698490E+06
268.2  0.8709838E+06
268.4  0.8721078E+06
268.6  0.8732211E+06
268.8  0.8743235E+06
269.0  0.8754152E+06
269.2  0.8764962E+06
269.4  0.8775664E+06
269.6  0.8786260E+06
269.8  0.8796749E+06
270.0  0.8807131E+06
270.2  0.8817408E+06
270.4  0.8827578E+06
270.6  0.8837643E+06
270.8  0.8847602E+06
271.0  0.8857456E+06
271.2  0.8867206E+06
271.4  0.8876851E+06
271.6  0.8886391E+06
271.8  0.8895828E+06
272.0  0.8905160E+06
272.2  0.8914390E+06
272.4  0.8923516E+06
272.6  0.8932539E+06
272.8  0.8941460E+06
273.0  0.8950279E+06
273.2  0.8958996E+06
273.4  0.8967611E+06
273.6  0.8976126E+06
273.8  0.8984539E+06
274.0  0.8992852E+06
274.2  0.9001065E+06
274.4  0.9009177E+06
274.6  0.9017191E+06
274.8  0.9025105E+06
275.0  0.9032920E+06
275.2  0.9040637E+06
275.4  0.9048256E+06
275.6  0.9055778E+06
275.8  0.9063202E+06
276.0  0.9070529E+06
276.2  0.9077759E+06
276.4  0.9084894E+06
276.6  0.9091932E+06
276.8  0.9098876E+06
277.0  0.9105724E+06
277.2  0.9112477E+06
277.4  0.9119137E+06
277.6  0.9125702E+06
277.8  0.9132174E+06
278.0  0.9138553E+06
278.2  0.9144840E+06
278.4  0.9151034E+06
278.6  0.9157136E+06
278.8  0.9163147E+06
279.0  0.9169067E+06
279.2  0.9174896E+06
279.4  0.9180636E+06
279.6  0.9186285E+06
279.8  0.9191845E+06
280.0  0.9197317E+06
280.2  0.9202699E+06
280.4  0.9207994E+06
280.6  0.9213201E+06
280.8  0.9218321E+06
281.0  0.9223354E+06
281.2  0.9228301E+06
281.4  0.9233162E+06
281.6  0.9237937E+06
281.8  0.9242627E+06
282.0  0.9247233E+06
282.2  0.9251754E+06
282.4  0.9256192E+06
282.6  0.9260546E+06
282.8  0.9264818E+06
283.0  0.9269007E+06
283.2  0.9273114E+06
283.4  0.9277140E+06
283.6  0.9281084E+06
283.8  0.9284948E+06
284.0  0.9288732E+06
284.2  0.9292435E+06
284.4  0.9296060E+06
284.6  0.9299605E+06
284.8  0.9303072E+06
285.0  0.9306461E+06
285.2  0.9309773E+06
285.4  0.9313007E+06
285.6  0.9316164E+06
285.8  0.9319246E+06
286.0  0.9322251E+06
286.2  0.9325181E+06
286.4  0.9328037E+06
286.6  0.9330817E+06
286.8  0.9333524E+06
287.0  0.9336157E+06
287.2  0.9338717E+06
287.4  0.9341204E+06
287.6  0.9343619E+06
287.8  0.9345962E+06
288.0  0.9348234E+06
288.2  0.9350435E+06
288.4  0.9352565E+06
288.6  0.9354625E+06
288.8  0.9356616E+06
289.0  0.9358537E+06
289.2  0.9360390E+06
289.4  0.9362174E+06
289.6  0.9363891E+06
289.8  0.9365540E+06
290.0  0.9367122E+06
290.2  0.9368637E+06
290.4  0.9370086E+06
290.6  0.9371470E+06
290.8  0.9372788E+06
291.0  0.9374041E+06
291.2  0.9375230E+06
291.4  0.9376355E+06
291.6  0.9377417E+06
291.8  0.9378415E+06
292.0  0.9379351E+06
292.2  0.9380224E+06
292.4  0.9381035E+06
292.6  0.9381785E+06
292.8  0.9382474E+06
293.0  0.9383102E+06
293.2  0.9383670E+06
293.4  0.9384179E+06
293.6  0.9384628E+06
293.8  0.9385018E+06
294.0  0.9385349E+06
294.2  0.9385623E+06
294.4  0.9385838E+06
294.6  0.9385997E+06
294.8  0.9386098E+06
295.0  0.9386143E+06
295.2  0.9386132E+06
295.4  0.9386066E+06
295.6  0.9385944E+06
295.8  0.9385767E+06
296.0  0.9385536E+06
296.2  0.9385250E+06
296.4  0.9384911E+06
296.6  0.9384519E+06
296.8  0.9384074E+06
297.0  0.9383576E+06
297.2  0.9383027E+06
297.4  0.9382425E+06
297.6  0.9381772E+06
297.8  0.9381069E+06
298.0  0.9380314E+06
298.2  0.9379510E+06
298.4  0.9378656E+06
298.6  0.9377752E+06
298.8  0.9376800E+06
299.0  0.9375799E+06
299.2  0.9374749E+06
299.4  0.9373652E+06
299.6  0.9372507E+06
299.8  0.9371315E+06
300.0  0.9370076E+06
300.2  0.9368791E+06
300.4  0.9367459E+06
300.6  0.9366082E+06
300.8  0.9364660E+06
301.0  0.9363193E+06
301.2  0.9361681E+06
301.4  0.9360125E+06
301.6  0.9358525E+06
301.8  0.9356881E+06
302.0  0.9355194E+06
302.2  0.9353465E+06
302.4  0.9351693E+06
302.6  0.9349878E+06
302.8  0.9348022E+06
303.0  0.9346125E+06
303.2  0.9344186E+06
303.4  0.9342207E+06
303.6  0.9340187E+06
303.8  0.9338127E+06
304.0  0.9336027E+06
304.2  0.9333888E+06
304.4  0.9331710E+06
304.6  0.9329493E+06
304.8  0.9327237E+06
305.0  0.9324944E+06
305.2  0.9322612E+06
305.4  0.9320243E+06
305.6  0.9317837E+06
305.8  0.9315394E+06
306.0  0.9312915E+06
306.2  0.9310399E+06
306.4  0.9307848E+06
306.6  0.9305261E+06
306.8  0.9302638E+06
307.0  0.9299981E+06
307.2  0.9297289E+06
307.4  0.9294562E+06
307.6  0.9291802E+06
307.8  0.9289007E+06
308.0  0.9286180E+06
308.2  0.9283319E+06
308.4  0.9280425E+06
308.6  0.9277499E+06
308.8  0.9274540E+06
309.0  0.9271550E+06
309.2  0.9268527E+06
309.4  0.9265473E+06
309.6  0.9262389E+06
309.8  0.9259273E+06
310.0  0.9256127E+06
310.2  0.9252950E+06
310.4  0.9249743E+06
310.6  0.9246507E+06
310.8  0.9243241E+06
311.0  0.9239946E+06
311.2  0.9236622E+06
311.4  0.9233270E+06
311.6  0.9229889E+06
311.8  0.9226479E+06
312.0  0.9223042E+06
312.2  0.9219578E+06
312.4  0.9216086E+06
312.6  0.9212567E+06
312.8  0.9209021E+06
313.0  0.9205449E+06
313.2  0.9201850E+06
313.4  0.9198225E+06
313.6  0.9194575E+06
313.8  0.9190899E+06
314.0  0.9187197E+06
314.2  0.9183471E+06
314.4  0.9179720E+06
314.6  0.9175944E+06
314.8  0.9172143E+06
315.0  0.9168319E+06
315.2  0.9164471E+06
315.4  0.9160599E+06
315.6  0.9156704E+06
315.8  0.9152785E+06
316.0  0.9148844E+06
316.2  0.9144880E+06
316.4  0.9140894E+06
316.6  0.9136885E+06
316.8  0.9132854E+06
317.0  0.9128802E+06
317.2  0.9124727E+06
317.4  0.9120632E+06
317.6  0.9116515E+06
317.8  0.9112378E+06
318.0  0.9108219E+06
318.2  0.9104040E+06
318.4  0.9099841E+06
318.6  0.9095622E+06
318.8  0.9091383E+06
319.0  0.9087124E+06
319.2  0.9082846E+06
319.4  0.9078549E+06
319.6  0.9074232E+06
319.8  0.9069897E+06
320.0  0.9065543E+06
320.2  0.9061171E+06
320.4  0.9056780E+06
320.6  0.9052372E+06
320.8  0.9047945E+06
321.0  0.9043501E+06
321.2  0.9039039E+06
321.4  0.9034560E+06
321.6  0.9030064E+06
321.8  0.9025551E+06
322.0  0.9021021E+06
322.2  0.9016475E+06
322.4  0.9011913E+06
322.6  0.9007334E+06
322.8  0.9002739E+06
323.0  0.8998129E+06
323.2  0.8993502E+06
323.4  0.8988861E+06
323.6  0.8984204E+06
323.8  0.8979532E+06
324.0  0.8974845E+06
324.2  0.8970143E+06
324.4  0.8965427E+06
324.6  0.8960696E+06
324.8  0.8955951E+06
325.0  0.8951192E+06
325.2  0.8946419E+06
325.4  0.8941632E+06
325.6  0.8936831E+06
325.8  0.8932017E+06
326.0  0.8927190E+06
326.2  0.8922350E+06
326.4  0.8917497E+06
326.6  0.8912631E+06
326.8  0.8907752E+06
327.0  0.8902860E+06
327.2  0.8897957E+06
327.4  0.8893041E+06
327.6  0.8888113E+06
327.8  0.8883173E+06
328.0  0.8878222E+06
328.2  0.8873258E+06
328.4  0.8868284E+06
328.6  0.8863298E+06
328.8  0.8858301E+06
329.0  0.8853292E+06
329.2  0.8848273E+06
329.4  0.8843243E+06
329.6  0.8838203E+06
329.8  0.8833152E+06
330.0  0.8828091E+06
330.2  0.8823019E+06
330.4  0.8817937E+06
330.6  0.8812846E+06
330.8  0.8807744E+06
331.0  0.8802633E+06
331.2  0.8797512E+06
331.4  0.8792382E+06
331.6  0.8787243E+06
331.8  0.8782094E+06
332.0  0.8776937E+06
332.2  0.8771770E+06
332.4  0.8766595E+06
332.6  0.8761411E+06
332.8  0.8756218E+06
333.0  0.8751017E+06
333.2  0.8745807E+06
333.4  0.8740590E+06
333.6  0.8735364E+06
333.8  0.8730130E+06
334.0  0.8724889E+06
334.2  0.8719639E+06
334.4  0.8714383E+06
334.6  0.8709118E+06
334.8  0.8703846E+06
335.0  0.8698567E+06
335.2  0.8693281E+06
335.4  0.8687987E+06
335.6  0.8682687E+06
335.8  0.8677380E+06
336.0  0.8672065E+06
336.2  0.8666745E+06
336.4  0.8661418E+06
336.6  0.8656084E+06
336.8  0.8650744E+06
337.0  0.8645397E+06
337.2  0.8640045E+06
337.4  0.8634687E+06
337.6  0.8629322E+06
337.8  0.8623952E+06
338.0  0.8618576E+06
338.2  0.8613194E+06
338.4  0.8607807E+06
338.6  0.8602414E+06
338.8  0.8597016E+06
339.0  0.8591612E+06
339.2  0.8586204E+06
339.4  0.8580790E+06
339.6  0.8575371E+06
339.8  0.8569948E+06
340.0  0.8564519E+06
340.2  0.8559086E+06
340.4  0.8553648E+06
340.6  0.8548206E+06
340.8  0.8542759E+06
341.0  0.8537308E+06
341.2  0.8531852E+06
341.4  0.8526392E+06
341.6  0.8520928E+06
341.8  0.8515460E+06
342.0  0.8509988E+06
342.2  0.8504512E+06
342.4  0.8499032E+06
342.6  0.8493548E+06
342.8  0.8488061E+06
343.0  0.8482570E+06
343.2  0.8477076E+06
343.4  0.8471578E+06
343.6  0.8466077E+06
343.8  0.8460573E+06
344.0  0.8455065E+06
344.2  0.8449554E+06
344.4  0.8444040E+06
344.6  0.8438524E+06
344.8  0.8433004E+06
345.0  0.8427481E+06
345.2  0.8421956E+06
345.4  0.8416428E+06
345.6  0.8410897E+06
345.8  0.8405363E+06
346.0  0.8399828E+06
346.2  0.8394289E+06
346.4  0.8388749E+06
346.6  0.8383206E+06
346.8  0.8377660E+06
347.0  0.8372113E+06
347.2  0.8366563E+06
347.4  0.8361012E+06
347.6  0.8355458E+06
347.8  0.8349903E+06
348.0  0.8344345E+06
348.2  0.8338786E+06
348.4  0.8333225E+06
348.6  0.8327662E+06
348.8  0.8322098E+06
349.0  0.8316532E+06
349.2  0.8310965E+06
349.4  0.8305396E+06
349.6  0.8299826E+06
349.8  0.8294254E+06
350.0  0.8288682E+06
350.2  0.8283108E+06
350.4  0.8277532E+06
350.6  0.8271956E+06
350.8  0.8266379E+06
351.0  0.8260800E+06
351.2  0.8255221E+06
351.4  0.8249640E+06
351.6  0.8244059E+06
351.8  0.8238477E+06
352.0  0.8232895E+06
352.2  0.8227311E+06
352.4  0.8221727E+06
352.6  0.8216143E+06
352.8  0.8210557E+06
353.0  0.8204972E+06
353.2  0.8199385E+06
353.4  0.8193799E+06
353.6  0.8188212E+06
353.8  0.8182625E+06
354.0  0.8177037E+06
354.2  0.8171449E+06
354.4  0.8165861E+06
354.6  0.8160273E+06
354.8  0.8154685E+06
355.0  0.8149097E+06
355.2  0.8143509E+06
355.4  0.8137921E+06
355.6  0.8132332E+06
355.8  0.8126744E+06
356.0  0.8121157E+06
356.2  0.8115569E+06
356.4  0.8109982E+06
356.6  0.8104395E+06
356.8  0.8098808E+06
357.0  0.8093222E+06
357.2  0.8087636E+06
357.4  0.8082050E+06
357.6  0.8076465E+06
357.8  0.8070881E+06
358.0  0.8065297E+06
358.2  0.8059713E+06
358.4  0.8054131E+06
358.6  0.8048549E+06
358.8  0.8042967E+06
359.0  0.8037387E+06
359.2  0.8031807E+06
359.4  0.8026228E+06
359.6  0.8020650E+06
359.8  0.8015073E+06
360.0  0.8009496E+06
360.2  0.8003921E+06
360.4  0.7998346E+06
360.6  0.7992773E+06
360.8  0.7987201E+06
361.0  0.7981629E+06
361.2  0.7976059E+06
361.4  0.7970490E+06
361.6  0.7964923E+06
361.8  0.7959356E+06
362.0  0.7953791E+06
362.2  0.7948227E+06
362.4  0.7942664E+06
362.6  0.7937102E+06
362.8  0.7931542E+06
363.0  0.7925984E+06
363.2  0.7920426E+06
363.4  0.7914870E+06
363.6  0.7909316E+06
363.8  0.7903763E+06
364.0  0.7898212E+06
364.2  0.7892662E+06
364.4  0.7887114E+06
364.6  0.7881567E+06
364.8  0.7876022E+06
365.0  0.7870479E+06
365.2  0.7864938E+06
365.4  0.7859398E+06
365.6  0.7853860E+06
365.8  0.7848323E+06
366.0  0.7842789E+06
366.2  0.7837256E+06
366.4  0.7831725E+06
366.6  0.7826196E+06
366.8  0.7820669E+06
367.0  0.7815144E+06
367.2  0.7809620E+06
367.4  0.7804099E+06
367.6  0.7798580E+06
367.8  0.7793062E+06
368.0  0.7787547E+06
368.2  0.7782034E+06
368.4  0.7776522E+06
368.6  0.7771013E+06
368.8  0.7765506E+06
369.0  0.7760001E+06
369.2  0.7754498E+06
369.4  0.7748998E+06
369.6  0.7743499E+06
369.8  0.7738003E+06
370.0  0.7732509E+06
370.2  0.7727018E+06
370.4  0.7721528E+06
370.6  0.7716041E+06
370.8  0.7710556E+06
371.0  0.7705074E+06
371.2  0.7699594E+06
371.4  0.7694116E+06
371.6  0.7688640E+06
371.8  0.7683167E+06
372.0  0.7677697E+06
372.2  0.7672229E+06
372.4  0.7666763E+06
372.6  0.7661300E+06
372.8  0.7655839E+06
373.0  0.7650381E+06
373.2  0.7644925E+06
373.4  0.7639472E+06
373.6  0.7634021E+06
373.8  0.7628573E+06
374.0  0.7623128E+06
374.2  0.7617685E+06
374.4  0.7612245E+06
374.6  0.7606807E+06
374.8  0.7601372E+06
375.0  0.7595940E+06
375.2  0.7590510E+06
375.4  0.7585083E+06
375.6  0.7579659E+06
375.8  0.7574237E+06
376.0  0.7568818E+06
376.2  0.7563402E+06
376.4  0.7557989E+06
376.6  0.7552578E+06
376.8  0.7547171E+06
377.0  0.7541766E+06
377.2  0.7536364E+06
377.4  0.7530964E+06
377.6  0.7525568E+06
377.8  0.7520174E+06
378.0  0.7514783E+06
378.2  0.7509395E+06
378.4  0.7504010E+06
378.6  0.7498628E+06
378.8  0.7493249E+06
379.0  0.7487873E+06
379.2  0.7482499E+06
379.4  0.7477129E+06
379.6  0.7471761E+06
379.8  0.7466397E+06
380.0  0.7461035E+06
380.2  0.7455677E+06
380.4  0.7450321E+06
380.6  0.7444969E+06
380.8  0.7439619E+06
381.0  0.7434273E+06
381.2  0.7428929E+06
381.4  0.7423589E+06
381.6  0.7418251E+06
381.8  0.7412917E+06
382.0  0.7407586E+06
382.2  0.7402258E+06
382.4  0.7396933E+06
382.6  0.7391611E+06
382.8  0.7386292E+06
383.0  0.7380976E+06
383.2  0.7375663E+06
383.4  0.7370354E+06
383.6  0.7365048E+06
383.8  0.7359744E+06
384.0  0.7354444E+06
384.2  0.7349147E+06
384.4  0.7343854E+06
384.6  0.7338563E+06
384.8  0.7333276E+06
385.0  0.7327992E+06
385.2  0.7322711E+06
385.4  0.7317433E+06
385.6  0.7312159E+06
385.8  0.7306888E+06
386.0  0.7301620E+06
386.2  0.7296355E+06
386.4  0.7291093E+06
386.6  0.7285835E+06
386.8  0.7280580E+06
387.0  0.7275328E+06
387.2  0.7270080E+06
387.4  0.7264835E+06
387.6  0.7259593E+06
387.8  0.7254354E+06
388.0  0.7249119E+06
388.2  0.7243887E+06
388.4  0.7238659E+06
388.6  0.7233433E+06
388.8  0.7228211E+06
389.0  0.7222993E+06
389.2  0.7217777E+06
389.4  0.7212565E+06
389.6  0.7207357E+06
389.8  0.7202151E+06
390.0  0.7196949E+06
390.2  0.7191751E+06
390.4  0.7186555E+06
390.6  0.7181364E+06
390.8  0.7176175E+06
391.0  0.7170990E+06
391.2  0.7165808E+06
391.4  0.7160630E+06
391.6  0.7155455E+06
391.8  0.7150283E+06
392.0  0.7145115E+06
392.2  0.7139950E+06
392.4  0.7134789E+06
392.6  0.7129631E+06
392.8  0.7124477E+06
393.0  0.7119326E+06
393.2  0.7114178E+06
393.4  0.7109034E+06
393.6  0.7103893E+06
393.8  0.7098756E+06
394.0  0.7093622E+06
394.2  0.7088491E+06
394.4  0.7083364E+06
394.6  0.7078241E+06
394.8  0.7073120E+06
395.0  0.7068004E+06
395.2  0.7062891E+06
395.4  0.7057781E+06
395.6  0.7052674E+06
395.8  0.7047572E+06
396.0  0.7042472E+06
396.2  0.7037376E+06
396.4  0.7032284E+06
396.6  0.7027195E+06
396.8  0.7022110E+06
397.0  0.7017028E+06
397.2  0.7011949E+06
397.4  0.7006874E+06
397.6  0.7001803E+06
397.8  0.6996735E+06
398.0  0.6991670E+06
398.2  0.6986609E+06
398.4  0.6981552E+06
398.6  0.6976498E+06
398.8  0.6971447E+06
399.0  0.6966400E+06
399.2  0.6961357E+06
399.4  0.6956317E+06
399.6  0.6951280E+06
399.8  0.6946247E+06
400.0  0.6941218E+06
400.2  0.6936192E+06
400.4  0.6931169E+06
400.6  0.6926151E+06
400.8  0.6921135E+06
401.0  0.6916123E+06
401.2  0.6911115E+06
401.4  0.6906110E+06
401.6  0.6901109E+06
401.8  0.6896111E+06
402.0  0.6891117E+06
402.2  0.6886126E+06
402.4  0.6881139E+06
402.6  0.6876155E+06
402.8  0.6871175E+06
403.0  0.6866199E+06
403.2  0.6861226E+06
403.4  0.6856256E+06
403.6  0.6851290E+06
403.8  0.6846328E+06
404.0  0.6841369E+06
404.2  0.6836413E+06
404.4  0.6831462E+06
404.6  0.6826513E+06
404.8  0.6821569E+06
405.0  0.6816627E+06
405.2  0.6811690E+06
405.4  0.6806756E+06
405.6  0.6801825E+06
405.8  0.6796898E+06
406.0  0.6791974E+06
406.2  0.6787054E+06
406.4  0.6782138E+06
406.6  0.6777225E+06
406.8  0.6772316E+06
407.0  0.6767410E+06
407.2  0.6762508E+06
407.4  0.6757609E+06
407.6  0.6752714E+06
407.8  0.6747822E+06
408.0  0.6742934E+06
408.2  0.6738049E+06
408.4  0.6733168E+06
408.6  0.6728291E+06
408.8  0.6723417E+06
409.0  0.6718547E+06
409.2  0.6713680E+06
409.4  0.6708816E+06
409.6  0.6703957E+06
409.8  0.6699100E+06
410.0  0.6694248E+06
410.2  0.6689399E+06
410.4  0.6684553E+06
410.6  0.6679711E+06
410.8  0.6674872E+06
411.0  0.6670037E+06
411.2  0.6665206E+06
411.4  0.6660378E+06
411.6  0.6655554E+06
411.8  0.6650733E+06
412.0  0.6645915E+06
412.2  0.6641102E+06
412.4  0.6636291E+06
412.6  0.6631485E+06
412.8  0.6626681E+06
413.0  0.6621882E+06
413.2  0.6617086E+06
413.4  0.6612293E+06
413.6  0.6607504E+06
413.8  0.6602718E+06
414.0  0.6597936E+06
414.2  0.6593158E+06
414.4  0.6588383E+06
414.6  0.6583611E+06
414.8  0.6578843E+06
415.0  0.6574079E+06
415.2  0.6569318E+06
415.4  0.6564561E+06
415.6  0.6559807E+06
415.8  0.6555056E+06
416.0  0.6550310E+06
416.2  0.6545566E+06
416.4  0.6540827E+06
416.6  0.6536090E+06
416.8  0.6531357E+06
417.0  0.6526628E+06
417.2  0.6521902E+06
417.4  0.6517180E+06
417.6  0.6512461E+06
417.8  0.6507746E+06
418.0  0.6503034E+06
418.2  0.6498326E+06
418.4  0.6493621E+06
418.6  0.6488920E+06
418.8  0.6484222E+06
419.0  0.6479528E+06
419.2  0.6474837E+06
419.4  0.6470150E+06
419.6  0.6465466E+06
419.8  0.6460786E+06
420.0  0.6456109E+06
420.2  0.6451436E+06
420.4  0.6446766E+06
420.6  0.6442099E+06
420.8  0.6437437E+06
421.0  0.6432777E+06
421.2  0.6428121E+06
421.4  0.6423469E+06
421.6  0.6418820E+06
421.8  0.6414174E+06
422.0  0.6409532E+06
422.2  0.6404894E+06
422.4  0.6400259E+06
422.6  0.6395627E+06
422.8  0.6390999E+06
423.0  0.6386374E+06
423.2  0.6381753E+06
423.4  0.6377135E+06
423.6  0.6372521E+06
423.8  0.6367910E+06
424.0  0.6363302E+06
424.2  0.6358698E+06
424.4  0.6354098E+06
424.6  0.6349501E+06
424.8  0.6344907E+06
425.0  0.6340317E+06
425.2  0.6335730E+06
425.4  0.6331147E+06
425.6  0.6326567E+06
425.8  0.6321990E+06
426.0  0.6317417E+06
426.2  0.6312848E+06
426.4  0.6308282E+06
426.6  0.6303719E+06
426.8  0.6299160E+06
427.0  0.6294604E+06
427.2  0.6290051E+06
427.4  0.6285502E+06
427.6  0.6280957E+06
427.8  0.6276415E+06
428.0  0.6271876E+06
428.2  0.6267340E+06
428.4  0.6262808E+06
428.6  0.6258280E+06
428.8  0.6253755E+06
429.0  0.6249233E+06
429.2  0.6244715E+06
429.4  0.6240200E+06
429.6  0.6235688E+06
429.8  0.6231180E+06
430.0  0.6226675E+06
430.2  0.6222174E+06
430.4  0.6217676E+06
430.6  0.6213181E+06
430.8  0.6208690E+06
431.0  0.6204202E+06
431.2  0.6199718E+06
431.4  0.6195237E+06
431.6  0.6190759E+06
431.8  0.6186285E+06
432.0  0.6181814E+06
432.2  0.6177346E+06
432.4  0.6172882E+06
432.6  0.6168421E+06
432.8  0.6163963E+06
433.0  0.6159509E+06
433.2  0.6155059E+06
433.4  0.6150611E+06
433.6  0.6146167E+06
433.8  0.6141726E+06
434.0  0.6137289E+06
434.2  0.6132855E+06
434.4  0.6128424E+06
434.6  0.6123997E+06
434.8  0.6119573E+06
435.0  0.6115152E+06
435.2  0.6110735E+06
435.4  0.6106321E+06
435.6  0.6101910E+06
435.8  0.6097503E+06
436.0  0.6093099E+06
436.2  0.6088698E+06
436.4  0.6084300E+06
436.6  0.6079906E+06
436.8  0.6075516E+06
437.0  0.6071128E+06
437.2  0.6066744E+06
437.4  0.6062363E+06
437.6  0.6057986E+06
437.8  0.6053611E+06
438.0  0.6049240E+06
438.2  0.6044873E+06
438.4  0.6040508E+06
438.6  0.6036147E+06
438.8  0.6031790E+06
439.0  0.6027435E+06
439.2  0.6023084E+06
439.4  0.6018736E+06
439.6  0.6014391E+06
439.8  0.6010050E+06
440.0  0.6005712E+06
440.2  0.6001377E+06
440.4  0.5997046E+06
440.6  0.5992717E+06
440.8  0.5988392E+06
441.0  0.5984071E+06
441.2  0.5979752E+06
441.4  0.5975437E+06
441.6  0.5971125E+06
441.8  0.5966816E+06
442.0  0.5962511E+06
442.2  0.5958209E+06
442.4  0.5953910E+06
442.6  0.5949614E+06
442.8  0.5945321E+06
443.0  0.5941032E+06
443.2  0.5936746E+06
443.4  0.5932463E+06
443.6  0.5928184E+06
443.8  0.5923907E+06
444.0  0.5919634E+06
444.2  0.5915365E+06
444.4  0.5911098E+06
444.6  0.5906834E+06
444.8  0.5902574E+06
445.0  0.5898317E+06
445.2  0.5894063E+06
445.4  0.5889813E+06
445.6  0.5885566E+06
445.8  0.5881321E+06
446.0  0.5877080E+06
446.2  0.5872843E+06
446.4  0.5868608E+06
446.6  0.5864377E+06
446.8  0.5860148E+06
447.0  0.5855923E+06
447.2  0.5851702E+06
447.4  0.5847483E+06
447.6  0.5843268E+06
447.8  0.5839055E+06
448.0  0.5834846E+06
448.2  0.5830640E+06
448.4  0.5826437E+06
448.6  0.5822238E+06
448.8  0.5818041E+06
449.0  0.5813848E+06
449.2  0.5809658E+06
449.4  0.5805471E+06
449.6  0.5801287E+06
449.8  0.5797107E+06
450.0  0.5792929E+06
450.2  0.5788755E+06
450.4  0.5784584E+06
450.6  0.5780416E+06
450.8  0.5776251E+06
451.0  0.5772089E+06
451.2  0.5767930E+06
451.4  0.5763775E+06
451.6  0.5759622E+06
451.8  0.5755473E+06
452.0  0.5751327E+06
452.2  0.5747184E+06
452.4  0.5743044E+06
452.6  0.5738907E+06
452.8  0.5734774E+06
453.0  0.5730643E+06
453.2  0.5726516E+06
453.4  0.5722391E+06
453.6  0.5718270E+06
453.8  0.5714152E+06
454.0  0.5710037E+06
454.2  0.5705925E+06
454.4  0.5701816E+06
454.6  0.5697710E+06
454.8  0.5693608E+06
455.0  0.5689508E+06
455.2  0.5685412E+06
455.4  0.5681318E+06
455.6  0.5677228E+06
455.8  0.5673141E+06
456.0  0.5669056E+06
456.2  0.5664975E+06
456.4  0.5660897E+06
456.6  0.5656822E+06
456.8  0.5652750E+06
457.0  0.5648682E+06
457.2  0.5644616E+06
457.4  0.5640553E+06
457.6  0.5636493E+06
457.8  0.5632437E+06
458.0  0.5628383E+06
458.2  0.5624332E+06
458.4  0.5620285E+06
458.6  0.5616241E+06
458.8  0.5612199E+06
459.0  0.5608161E+06
459.2  0.5604125E+06
459.4  0.5600093E+06
459.6  0.5596064E+06
459.8  0.5592037E+06
460.0  0.5588014E+06
460.2  0.5583994E+06
460.4  0.5579977E+06
460.6  0.5575963E+06
460.8  0.5571951E+06
461.0  0.5567943E+06
461.2  0.5563938E+06
461.4  0.5559936E+06
461.6  0.5555937E+06
461.8  0.5551941E+06
462.0  0.5547947E+06
462.2  0.5543957E+06
462.4  0.5539970E+06
462.6  0.5535986E+06
462.8  0.5532005E+06
463.0  0.5528026E+06
463.2  0.5524051E+06
463.4  0.5520079E+06
463.6  0.5516110E+06
463.8  0.5512143E+06
464.0  0.5508180E+06
464.2  0.5504220E+06
464.4  0.5500262E+06
464.6  0.5496308E+06
464.8  0.5492356E+06
465.0  0.5488408E+06
465.2  0.5484462E+06
465.4  0.5480520E+06
465.6  0.5476580E+06
465.8  0.5472643E+06
466.0  0.5468710E+06
466.2  0.5464779E+06
466.4  0.5460851E+06
466.6  0.5456926E+06
466.8  0.5453004E+06
467.0  0.5449085E+06
467.2  0.5445169E+06
467.4  0.5441256E+06
467.6  0.5437345E+06
467.8  0.5433438E+06
468.0  0.5429534E+06
468.2  0.5425632E+06
468.4  0.5421733E+06
468.6  0.5417838E+06
468.8  0.5413945E+06
469.0  0.5410055E+06
469.2  0.5406168E+06
469.4  0.5402284E+06
469.6  0.5398403E+06
469.8  0.5394525E+06
470.0  0.5390650E+06
470.2  0.5386777E+06
470.4  0.5382908E+06
470.6  0.5379041E+06
470.8  0.5375177E+06
471.0  0.5371316E+06
471.2  0.5367458E+06
471.4  0.5363603E+06
471.6  0.5359751E+06
471.8  0.5355902E+06
472.0  0.5352055E+06
472.2  0.5348211E+06
472.4  0.5344371E+06
472.6  0.5340533E+06
472.8  0.5336698E+06
473.0  0.5332866E+06
473.2  0.5329036E+06
473.4  0.5325210E+06
473.6  0.5321386E+06
473.8  0.5317566E+06
474.0  0.5313748E+06
474.2  0.5309933E+06
474.4  0.5306120E+06
474.6  0.5302311E+06
474.8  0.5298505E+06
475.0  0.5294701E+06
475.2  0.5290900E+06
475.4  0.5287102E+06
475.6  0.5283307E+06
475.8  0.5279514E+06
476.0  0.5275725E+06
476.2  0.5271938E+06
476.4  0.5268154E+06
476.6  0.5264373E+06
476.8  0.5260595E+06
477.0  0.5256820E+06
477.2  0.5253047E+06
477.4  0.5249277E+06
477.6  0.5245510E+06
477.8  0.5241746E+06
478.0  0.5237984E+06
478.2  0.5234226E+06
478.4  0.5230470E+06
478.6  0.5226717E+06
478.8  0.5222967E+06
479.0  0.5219219E+06
479.2  0.5215475E+06
479.4  0.5211733E+06
479.6  0.5207994E+06
479.8  0.5204257E+06
480.0  0.5200524E+06
480.2  0.5196793E+06
480.4  0.5193065E+06
480.6  0.5189340E+06
480.8  0.5185617E+06
481.0  0.5181898E+06
481.2  0.5178181E+06
481.4  0.5174467E+06
481.6  0.5170755E+06
481.8  0.5167047E+06
482.0  0.5163341E+06
482.2  0.5159638E+06
482.4  0.5155937E+06
482.6  0.5152240E+06
482.8  0.5148545E+06
483.0  0.5144852E+06
483.2  0.5141163E+06
483.4  0.5137476E+06
483.6  0.5133792E+06
483.8  0.5130111E+06
484.0  0.5126433E+06
484.2  0.5122757E+06
484.4  0.5119084E+06
484.6  0.5115414E+06
484.8  0.5111746E+06
485.0  0.5108081E+06
485.2  0.5104419E+06
485.4  0.5100760E+06
485.6  0.5097103E+06
485.8  0.5093449E+06
486.0  0.5089798E+06
486.2  0.5086149E+06
486.4  0.5082503E+06
486.6  0.5078860E+06
486.8  0.5075220E+06
487.0  0.5071582E+06
487.2  0.5067947E+06
487.4  0.5064314E+06
487.6  0.5060684E+06
487.8  0.5057057E+06
488.0  0.5053433E+06
488.2  0.5049811E+06
488.4  0.5046192E+06
488.6  0.5042576E+06
488.8  0.5038963E+06
489.0  0.5035352E+06
489.2  0.5031743E+06
489.4  0.5028138E+06
489.6  0.5024535E+06
489.8  0.5020934E+06
490.0  0.5017337E+06
490.2  0.5013742E+06
490.4  0.5010150E+06
490.6  0.5006560E+06
490.8  0.5002973E+06
491.0  0.4999389E+06
491.2  0.4995807E+06
491.4  0.4992228E+06
491.6  0.4988652E+06
491.8  0.4985078E+06
492.0  0.4981507E+06
492.2  0.4977938E+06
492.4  0.4974372E+06
492.6  0.4970809E+06
492.8  0.4967249E+06
493.0  0.4963691E+06
493.2  0.4960135E+06
493.4  0.4956583E+06
493.6  0.4953033E+06
493.8  0.4949485E+06
494.0  0.4945940E+06
494.2  0.4942398E+06
494.4  0.4938859E+06
494.6  0.4935322E+06
494.8  0.4931787E+06
495.0  0.4928255E+06
495.2  0.4924726E+06
495.4  0.4921200E+06
495.6  0.4917676E+06
495.8  0.4914154E+06
496.0  0.4910636E+06
496.2  0.4907119E+06
496.4  0.4903606E+06
496.6  0.4900095E+06
496.8  0.4896586E+06
497.0  0.4893081E+06
497.2  0.4889577E+06
497.4  0.4886077E+06
497.6  0.4882579E+06
497.8  0.4879083E+06
498.0  0.4875590E+06
498.2  0.4872100E+06
498.4  0.4868612E+06
498.6  0.4865127E+06
498.8  0.4861644E+06
499.0  0.4858164E+06
499.2  0.4854687E+06
499.4  0.4851212E+06
499.6  0.4847740E+06
499.8  0.4844270E+06
500.0  0.4840802E+06
