         100   1812.74114063091     
         102   4254.90760551253     
         104   7290.15404865325     
         106   10592.2950091500     
         108   13969.0967823557     
         110   17321.2414100922     
         112   20603.8113857644     
         114   23801.8045505362     
         116   26916.0624609760     
         118   29955.4601760198     
         120   32932.6386927177     
         122   35861.7054548147     
         124   38757.0238246574     
         126   41632.6047294499     
         128   44501.8303432851     
         130   47377.3591063180     
         132   50271.1276303675     
         134   53194.4021043841     
         136   56157.8527300858     
         138   59171.6366069736     
         140   62245.4812741674     
         142   65388.7649960836     
         144   68610.5920880805     
         146   71919.8628243303     
         148   75325.3381619520     
         150   78835.6998913087     
         152   82459.6070230488     
         154   86205.7493322754     
         156   90082.8990511823     
         158   94099.9617677801     
         160   98266.0276754959     
         162   102590.424450376     
         164   107082.773238050     
         166   111753.049552573     
         168   116611.651385198     
         170   121669.477579329     
         172   126938.020647917     
         174   132429.479756090     
         176   138156.901486609     
         178   144134.357857633     
         180   150377.171979717     
         182   156902.200241591     
         184   163728.174098174     
         186   170876.092609908     
         188   178369.638048931     
         190   186235.562287942     
         192   194503.965012813     
         194   203208.362113025     
         196   212385.431189798     
         198   222074.327561112     
         200   232315.492184641     
         202   243148.921884155     
         204   254611.936582254     
         206   266736.548343868     
         208   279546.601361044     
         210   293054.899536995     
         212   307260.560904886     
         214   322146.832012974     
         216   337679.561768744     
         218   353806.478479050     
         220   370457.344262971     
         222   387544.987126017     
         224   404967.141748510     
         226   422608.972658473     
         228   440346.112608866     
         230   458048.026625043     
         232   475581.507842986     
         234   492814.122542483     
         236   509617.445113674     
         238   525869.954989275     
         240   541459.502803627     
         242   556285.288666959     
         244   570259.328671272     
         246   583307.414612834     
         248   595369.595280316     
         250   606400.225083866     
         252   616367.637420161     
         254   625253.506515721     
         256   633051.963349371     
         258   639768.529526399     
         260   645418.928578625     
         262   650027.827954022     
         264   653627.557689509     
         266   656256.844054099     
         268   657959.588794391     
         270   658783.717367804     
         272   658780.112952531     
         274   658001.647220110     
         276   656502.313911022     
         278   654336.467169917     
         280   651558.163335766     
         282   648220.602375473     
         284   644375.663312529     
         286   640073.526742599     
         288   635362.376752455     
         290   630288.174178120     
         292   624894.493070642     
         294   619222.412410520     
         296   613310.455461265     
         298   607194.569625525     
         300   600908.140219491     
         302   594482.032177546     
         304   587944.654311363     
         306   581322.041354798     
         308   574637.949612199     
         310   567913.962582327     
         312   561169.603445691     
         314   554422.451775615     
         316   547688.262260869     
         318   540981.083610243     
         320   534313.376148138     
         322   527696.126907252     
         324   521138.961282549     
         326   514650.250532875     
         328   508237.214606175     
         330   501906.019924541     
         332   495661.871899416     
         334   489509.102058392     
         336   483451.249755877     
         338   477491.138513300     
         340   471630.947092734     
         342   465872.275453135     
         344   460216.205772726     
         346   454663.358746138     
         348   449213.945382271     
         350   443867.814539795     
         352   438624.496442924     
         354   433483.242421538     
         356   428443.061117791     
         358   423502.751396700     
         360   418660.932191513     
         362   413916.069506411     
         364   409266.500789690     
         366   404710.456880461     
         368   400246.081721225     
         370   395871.450017861     
         372   391584.583017585     
         374   387383.462564675     
         376   383266.043583097     
         378   379230.265124897     
         380   375274.060113307     
         382   371395.363900006     
         384   367592.121746928     
         386   363862.295334465     
         388   360203.868389827     
         390   356614.851521712     
         392   353093.286340354     
         394   349637.248935358     
         396   346244.852777551     
         398   342914.251105321     
         400   339643.638850618     
         402   336431.254154816     
         404   333275.379520134     
         406   330174.342638073     
         408   327126.516932506     
         410   324130.321851471     
         412   321184.222938501     
         414   318286.731711311     
         416   315436.405372943     
         418   312631.846377993     
         420   309871.701874215     
         422   307154.663037801     
         424   304479.464318652     
         426   301844.882610305     
         428   299249.736357586     
         430   296692.884613629     
         432   294173.226056647     
         434   291689.697975624     
         436   289241.275233098     
         438   286826.969212195     
         440   284445.826754249     
         442   282096.929092549     
         444   279779.390787055     
         446   277492.358664296     
         448   275235.010766089     
         450   273006.555310227     
         452   270806.229665796     
         454   268633.299345417     
         456   266487.057016292     
         458   264366.821531664     
         460   262271.936983946     
         462   260201.771780597     
         464   258155.717743511     
         466   256133.189232545     
         468   254133.622293603     
         470   252156.473831553     
         472   250201.220808096     
         474   248267.359464613     
         476   246354.404569883     
         478   244461.888692503     
         480   242589.361497741     
         482   240736.389068496     
         484   238902.553249977     
         486   237087.451017686     
         488   235290.693868214     
         490   233511.907232359     
         492   231750.729910033     
         494   230006.813526414     
         496   228279.822008802     
         498   226569.431559478     
         500   224883.275580406     
