         100   1812.74114063091     
         102   4254.90202954187     
         104   7290.12882504586     
         106   10592.2281485849     
         108   13968.9656707926     
         110   17321.0266683540     
         112   20603.4968985064     
         114   23801.3756296157     
         116   26915.5036577620     
         118   29954.7533557468     
         120   32931.7614611109     
         122   35860.6298292224     
         124   38755.7150017335     
         126   41631.0198159983     
         128   44499.9169409582     
         130   47375.0536590431     
         132   50268.3534524140     
         134   53191.0670075395     
         136   56153.8461618710     
         138   59166.8261992104     
         140   62239.7086829450     
         142   65381.8408900982     
         144   68602.2901117305     
         146   71909.9123235955     
         148   75313.4154131125     
         150   78821.4175123836     
         152   82442.5011718816     
         154   86185.2641985130     
         156   90058.3680250416     
         158   94070.5845064223     
         160   98230.8420731418     
         162   102548.272227966     
         164   107032.257465579     
         166   111692.481842860     
         168   116538.985658421     
         170   121582.226059063     
         172   126833.145955778     
         174   132303.254530538     
         176   138004.724036589     
         178   143950.509771834     
         180   150154.503225314     
         182   156631.732412635     
         184   163398.627749918     
         186   170473.375056940     
         188   177876.377062321     
         190   185630.838074553     
         192   193763.470428416     
         194   202305.294535722     
         196   211292.468292339     
         198   220767.041237237     
         200   230777.492505143     
         202   241378.889204507     
         204   252632.502442123     
         206   264604.747250066     
         208   277365.369997917     
         210   290984.886188335     
         212   305531.361461080     
         214   321066.715118361     
         216   337642.794800486     
         218   355297.512440894     
         220   374051.339634525     
         222   393904.434998896     
         224   414834.621994464     
         226   436796.361630930     
         228   459720.780912543     
         230   483516.735076801     
         232   508072.808396527     
         234   533260.100780550     
         236   558935.609001950     
         238   584945.992771400     
         240   611131.515502267     
         242   637329.964381313     
         244   663380.380317270     
         246   689126.461327628     
         248   714419.539052843     
         250   739121.064066245     
         252   763104.568954077     
         254   786257.107056422     
         256   808480.188320578     
         258   829690.251594058     
         260   849818.725038393     
         262   868811.733686792     
         264   886629.516219197     
         266   903245.612605809     
         268   918645.881204016     
         270   932827.398960987     
         272   945797.292262078     
         274   957571.539249201     
         276   968173.777572481     
         278   977634.144879376     
         280   985988.173132919     
         282   993275.752242758     
         284   999540.173575832     
         286   1004827.25971869     
         288   1009184.58337990     
         290   1012660.77550900     
         292   1015304.92050906     
         294   1017166.03476443     
         296   1018292.62351959     
         298   1018732.31035682     
         300   1018531.53305968     
         302   1017735.29945234     
         304   1016386.99681541     
         306   1014528.24864641     
         308   1012198.81281593     
         310   1009436.51553303     
         312   1006277.21594724     
         314   1002754.79665543     
         316   998901.175832590     
         318   994746.337152226     
         320   990318.374093500     
         322   985643.545642592     
         324   980746.340778970     
         326   975649.549491166     
         328   970374.338389641     
         330   964940.329276215     
         332   959365.679290976     
         334   953667.161489802     
         336   947860.244910407     
         338   941959.173363905     
         340   935977.042344539     
         342   929925.873584479     
         344   923816.686895560     
         346   917659.569037538     
         348   911463.739434912     
         350   905237.612633239     
         352   898988.857443002     
         354   892724.452765871     
         356   886450.740136072     
         358   880173.473039788     
         360   873897.863099132     
         362   867628.623225317     
         364   861370.007858936     
         366   855125.850424669     
         368   848899.598133815     
         370   842694.344271393     
         372   836512.858105713     
         374   830357.612557631     
         376   824230.809764644     
         378   818134.404671713     
         380   812070.126776670     
         382   806039.500153303     
         384   800043.861870045     
         386   794084.378916698     
         388   788162.063745948     
         390   782277.788530685     
         392   776432.298232382     
         394   770626.222570112     
         396   764860.086974244     
         398   759134.322603442     
         400   753449.275498386     
         402   747805.214940691     
         404   742202.341080653     
         406   736640.791893021     
         408   731120.649515623     
         410   725641.946021698     
         412   720204.668672924     
         414   714808.764696611     
         416   709454.145627150     
         418   704140.691248690     
         420   698868.253173123     
         422   693636.658084728     
         424   688445.710680309     
         426   683295.196331330     
         428   678184.883492374     
         430   673114.525878277     
         432   668083.864430387     
         434   663092.629090737     
         436   658140.540401311     
         438   653227.310944148     
         440   648352.646636663     
         442   643516.247895373     
         444   638717.810680035     
         446   633957.027429209     
         448   629233.587897269     
         450   624547.179902023     
         452   619897.489991305     
         454   615284.204036146     
         456   610707.007757480     
         458   606165.587192710     
         460   601659.629107886     
         462   597188.821360755     
         464   592752.853219442     
         466   588351.415641109     
         468   583984.201514543     
         470   579650.905870240     
         472   575351.226061273     
         474   571084.861917865     
         476   566851.515878384     
         478   562650.893099168     
         480   558482.701545405     
         482   554346.652065056     
         484   550242.458447642     
         486   546169.837469521     
         488   542128.508927157     
         490   538118.195659698     
         492   534138.623562095     
         494   530189.521589855     
         496   526270.621760836     
         498   522381.663814022     
         500   518529.404029588     
