         100   1812.74114063091     
         102   4254.90712160634     
         104   7290.15178841783     
         106   10592.2889508904     
         108   13969.0848389931     
         110   17321.2217896316     
         112   20603.7825985753     
         114   23801.7652427098     
         116   26916.0112136003     
         118   29955.3953276676     
         120   32932.5581940851     
         122   35861.6067459283     
         124   38756.9037211645     
         126   41632.4593057406     
         128   44501.6548023648     
         130   47377.1476280025     
         132   50270.8731902028     
         134   53194.0962557348     
         136   56157.4853412300     
         138   59171.1955438580     
         140   62244.9520177704     
         142   65388.1301810637     
         144   68609.8309465029     
         146   71918.9505146210     
         148   75324.2449586484     
         150   78834.3902053929     
         152   82458.0382152918     
         154   86203.8702725666     
         156   90080.6483645375     
         158   94097.2656915167     
         160   98262.7974304239     
         162   102586.552999764     
         164   107078.131270001     
         166   111747.480476869     
         168   116604.965103695     
         170   121661.442836407     
         172   126928.356075875     
         174   132417.844713175     
         176   138142.890251809     
         178   144117.506058968     
         180   150356.994240007     
         182   156878.295196410     
         184   163700.459054239     
         186   170845.265506780     
         188   178338.006532619     
         190   186208.422226958     
         192   194491.743469402     
         194   203229.749988311     
         196   212471.706236136     
         198   222275.000886455     
         200   232705.299660130     
         202   243836.033968595     
         204   255747.092707333     
         206   268522.658053143     
         208   282248.218710528     
         210   297006.891853864     
         212   312875.272864140     
         214   329919.096521391     
         216   348189.025542268     
         218   367716.878828976     
         220   388512.574772762     
         222   410562.001307098     
         224   433825.943906779     
         226   458240.116123047     
         228   483716.254516758     
         230   510144.168969711     
         232   537394.585587694     
         234   565322.585195654     
         236   593771.425669570     
         238   622576.538989864     
         240   651569.510592734     
         242   680581.875378091     
         244   709448.597594102     
         246   738011.137115666     
         248   766120.039354654     
         250   793637.017923052     
         252   820436.526715728     
         254   846406.840477689     
         256   871450.679934339     
         258   895485.429392865     
         260   918443.001870055     
         262   940269.409948156     
         264   960924.100466773     
         266   980379.108589213     
         268   998618.082449045     
         270   1015635.22411591     
         272   1031434.18654631     
         274   1046026.95992730     
         276   1059432.77469960     
         278   1071677.04279047     
         280   1082790.35334731     
         282   1092807.53462626     
         284   1101766.78969150     
         286   1109708.91021859     
         288   1116676.56993906     
         290   1122713.69706507     
         292   1127864.92333603     
         294   1132175.10606826     
         296   1135688.91870224     
         298   1138450.50476768     
         300   1140503.18986786     
         302   1141889.24616997     
         304   1142649.70393297     
         306   1142824.20476889     
         308   1142450.89158533     
         310   1141566.33046823     
         312   1140205.46011322     
         314   1138401.56478218     
         316   1136186.26713625     
         318   1133589.53766619     
         320   1130639.71779785     
         322   1127363.55408987     
         324   1123786.24125765     
         326   1119931.47205113     
         328   1115821.49228253     
         330   1111477.15954338     
         332   1106918.00436905     
         334   1102162.29280457     
         336   1097227.08949815     
         338   1092128.32060156     
         340   1086880.83588945     
         342   1081498.46962577     
         344   1075994.09980502     
         346   1070379.70548232     
         348   1064666.42197920     
         350   1058864.59381393     
         352   1052983.82525725     
         354   1047033.02845797     
         356   1041020.46911825     
         358   1034953.80972814     
         360   1028840.15039202     
         362   1022686.06729883     
         364   1016497.64890212     
         366   1010280.52988738     
         368   1004039.92301188     
         370   997780.648908182     
         372   991507.163945766     
         374   985223.586247255     
         376   978933.719956007     
         378   972641.077851276     
         380   966348.902405468     
         382   960060.185375798     
         384   953777.686019765     
         386   947503.948020664     
         388   941241.315205812     
         390   934991.946136438     
         392   928757.827644397     
         394   922540.787386939     
         396   916342.505486936     
         398   910164.525322112     
         400   904008.263523099     
         402   897875.019236472     
         404   891765.982705432     
         406   885682.243217380     
         408   879624.796464441     
         410   873594.551359877     
         412   867592.336350427     
         414   861618.905261837     
         416   855674.942712240     
         418   849761.069125572     
         420   843877.845374929     
         422   838025.777083575     
         424   832205.318609329     
         426   826416.876736102     
         428   820660.814094685     
         430   814937.452333140     
         432   809247.075055706     
         434   803589.930547657     
         436   797966.234302253     
         438   792376.171364690     
         440   786819.898506823     
         442   781297.546245389     
         444   775809.220715481     
         446   770355.005410116     
         448   764934.962795919     
         450   759549.135814170     
         452   754197.549275749     
         454   748880.211157861     
         456   743597.113809813     
         458   738348.235074563     
         460   733133.539332232     
         462   727952.978471313     
         464   722806.492792852     
         466   717694.011852486     
         468   712615.455244847     
         470   707570.733334491     
         472   702559.747937197     
         474   697582.392955204     
         476   692638.554969647     
         478   687728.113793255     
         480   682850.942986097     
         482   678006.910336990     
         484   673195.878312962     
         486   668417.704479001     
         488   663672.241890136     
         490   658959.339457778     
         492   654278.842292060     
         494   649630.592021837     
         496   645014.427093753     
         498   640430.182509363     
         500   635873.603328646     
