         100   1812.74114063091     
         102   4254.88290415271     
         104   7290.04886829974     
         106   10592.0224677781     
         108   13968.5681218007     
         110   17320.3807875825     
         112   20602.5557572618     
         114   23800.0963810621     
         116   26913.8411427814     
         118   29952.6545092432     
         120   32929.1607566742     
         122   35857.4454381866     
         124   38751.8452337334     
         126   41626.3394544594     
         128   44494.2731590124     
         130   47368.2612556125     
         132   50260.1891759123     
         134   53181.2627381932     
         136   56142.0807074141     
         138   59152.7154259876     
         140   62222.7936570016     
         142   65361.5736408217     
         144   68578.0165529422     
         146   71880.8517713961     
         148   75278.6360228588     
         150   78779.8068142842     
         152   82392.7307097420     
         154   86125.7470611883     
         156   89987.2077947676     
         158   93985.5138186966     
         160   98129.1485708761     
         162   102426.709173218     
         164   106886.935610258     
         166   111518.738304540     
         168   116331.224421683     
         170   121333.723204465     
         172   126535.810607566     
         174   131947.333482858     
         176   137578.433548868     
         178   143439.571367287     
         180   149541.550543979     
         182   155895.542371867     
         184   162513.111138608     
         186   169406.240333392     
         188   176587.360005087     
         190   184069.375549185     
         192   191865.698234530     
         194   199990.277824384     
         196   208457.637701585     
         198   217282.912977359     
         200   226481.892150661     
         202   236071.062994525     
         204   246067.663483256     
         206   256489.738747361     
         208   267356.205262255     
         210   278686.923756516     
         212   290502.782685299     
         214   302825.794577386     
         216   315679.208149449     
         218   329087.639782177     
         220   343077.228719320     
         222   357675.821119958     
         224   372913.189009589     
         226   388821.292150245     
         228   405434.596535385     
         230   422790.478058388     
         232   440929.772442693     
         234   459897.592715937     
         236   479744.630250341     
         238   500529.281665023     
         240   522321.082000610     
         242   545206.035262819     
         244   569294.462401457     
         246   594731.877894634     
         248   621713.120400334     
         250   650499.497539165     
         252   681438.104275350     
         254   714981.828736854     
         256   751707.988653223     
         258   792333.169530676     
         260   837721.760405956     
         262   888885.953487872     
         264   946975.577916521     
         266   1013257.00393245     
         268   1089081.36658761     
         270   1175843.38136132     
         272   1274932.92532212     
         274   1387682.23002455     
         276   1515311.90911488     
         278   1658879.10267178     
         280   1819230.78179540     
         282   1996964.77415137     
         284   2192400.41808974     
         286   2405560.01140367     
         288   2636161.46901514     
         290   2883621.90809795     
         292   3147071.28854157     
         294   3425374.78157481     
         296   3717162.23221555     
         298   4020862.91918706     
         300   4334743.78472864     
         302   4656949.38450683     
         304   4985541.96899069     
         306   5318540.32591744     
         308   5653956.26425317     
         310   5989827.88200734     
         312   6324249.01614646     
         314   6655394.50978631     
         316   6981541.14112382     
         318   7301084.23522433     
         320   7612550.12193128     
         322   7914604.71135887     
         324   8206058.53495878     
         326   8485868.64846558     
         328   8753137.81720606     
         330   9007111.40861871     
         332   9247172.40560872     
         334   9472834.93150462     
         336   9683736.64640389     
         338   9879630.33861431     
         340   10060374.9962153     
         342   10225926.6044713     
         344   10376328.8764525     
         346   10511704.0878698     
         348   10632244.1535612     
         350   10738202.0527414     
         352   10829883.6832669     
         354   10907640.2018162     
         356   10971860.8869493     
         358   11022966.5452950     
         360   11061403.4673747     
         362   11087637.9285065     
         364   11102151.2215535     
         366   11105435.2016613     
         368   11097988.3182953     
         370   11080312.1065463     
         372   11052908.1075812     
         374   11016275.1870380     
         376   10970907.2199057     
         378   10917291.1108087     
         380   10855905.1194859     
         382   10787217.4624848     
         384   10711685.1635779     
         386   10629753.1270606     
         388   10541853.4098347     
         390   10448404.6699674     
         392   10349811.7711888     
         394   10246465.5245229     
         396   10138742.5499083     
         398   10027005.2422383     
         400   9911601.82771931     
         402   9792866.49781045     
         404   9671119.60925020     
         406   9546667.93981153     
         408   9419804.99044330     
         410   9290811.32536647     
         412   9159954.94249948     
         414   9027491.66729715     
         416   8893665.56370970     
         418   8758709.35651236     
         420   8622844.85973195     
         422   8486283.40631581     
         424   8349226.27456147     
         426   8211865.10716524     
         428   8074382.31906511     
         430   7936951.49055977     
         432   7799737.74249360     
         434   7662898.09061495     
         436   7526581.77655340     
         438   7390930.57322704     
         440   7256079.06288984     
         442   7122154.88646460     
         444   6989278.96328090     
         446   6857565.68084771     
         448   6727123.05483255     
         450   6598052.85998720     
         452   6470450.73334240     
         454   6344406.25158026     
         456   6220002.98506749     
         458   6097318.53157962     
         460   5976424.53324839     
         462   5857386.68070515     
         464   5740264.70875350     
         466   5625112.38817086     
         468   5511977.51839574     
         470   5400901.92589540     
         472   5291921.47291939     
         474   5185066.08112553     
         476   5080359.77421667     
         478   4977820.74325580     
         480   4877461.43774433     
         482   4779288.68486853     
         484   4683303.83856197     
         486   4589502.95922063     
         488   4497877.02406730     
         490   4408412.16732143     
         492   4321089.94851734     
         494   4235887.64660534     
         496   4152778.57343170     
         498   4071730.97196267     
         500   3992452.52294740     
