         100   1812.74114063091     
         102   4254.90712160634     
         104   7290.15178841783     
         106   10592.2889508904     
         108   13969.0848389931     
         110   17321.2217896316     
         112   20603.7825985753     
         114   23801.7652427098     
         116   26916.0112136003     
         118   29955.3953276676     
         120   32932.5581940851     
         122   35861.6067459283     
         124   38756.9037211645     
         126   41632.4593057406     
         128   44501.6548023648     
         130   47377.1476280025     
         132   50270.8731902028     
         134   53194.0962557348     
         136   56157.4853412300     
         138   59171.1955438580     
         140   62244.9520177704     
         142   65388.1301810637     
         144   68609.8309465029     
         146   71918.9505146210     
         148   75324.2449586484     
         150   78834.3902053929     
         152   82458.0382152919     
         154   86203.8702725674     
         156   90080.6483645440     
         158   94097.2656915623     
         160   98262.7974307105     
         162   102586.553001383     
         164   107078.131278260     
         166   111747.480515139     
         168   116604.965265431     
         170   121661.443462682     
         172   126928.358307736     
         174   132417.852065156     
         176   138142.912732823     
         178   144117.570133467     
         180   150357.165137586     
         182   156878.723377940     
         184   163701.470528468     
         186   170847.526200390     
         188   178342.803249339     
         190   186218.114983778     
         192   194510.453176541     
         194   203264.347877032     
         196   212533.163601194     
         198   222380.137219279     
         200   232878.933818704     
         202   244113.499002669     
         204   256177.025219936     
         206   269169.924230931     
         208   283196.798692890     
         210   298362.518437878     
         212   314767.614148543     
         214   332503.286672611     
         216   351646.382122800     
         218   372254.695142774     
         220   394362.935701035     
         222   417979.634549184     
         224   443085.178994008     
         226   469631.075621374     
         228   497540.441593447     
         230   526709.640851755     
         232   557010.912980562     
         234   588295.794510099     
         236   620399.106041716     
         238   653143.272339444     
         240   686342.753351688     
         242   719808.387949529     
         244   753351.484646413     
         246   786787.530568827     
         248   819939.427916357     
         250   852640.203275467     
         252   884735.167440771     
         254   916083.530628715     
         256   946559.499587521     
         258   976052.899092052     
         260   1004469.37102876     
         262   1031730.21034257     
         264   1057771.89928987     
         266   1082545.40051926     
         268   1106015.26626102     
         270   1128158.61605476     
         272   1148964.02959493     
         274   1168430.39493136     
         276   1186565.74582547     
         278   1203386.11583026     
         280   1218914.43084348     
         282   1233179.45661280     
         284   1246214.81302312     
         286   1258058.06299537     
         288   1268749.88046381     
         290   1278333.29914202     
         292   1286853.04158533     
         294   1294354.92635098     
         296   1300885.34978352     
         298   1306490.83804887     
         300   1311217.66444563     
         302   1315111.52668090     
         304   1318217.27866018     
         306   1320578.71136162     
         308   1322238.37750724     
         310   1323237.45497400     
         312   1323615.64417984     
         314   1323411.09501152     
         316   1322660.35921520     
         318   1321398.36453248     
         320   1319658.40722453     
         322   1317472.15997617     
         324   1314869.69250540     
         326   1311879.50251715     
         328   1308528.55493185     
         330   1304842.32758704     
         332   1300844.86185473     
         334   1296558.81683765     
         336   1292005.52600582     
         338   1287205.05531112     
         340   1282176.26197383     
         342   1276936.85327262     
         344   1271503.44478988     
         346   1265891.61766855     
         348   1260115.97452776     
         350   1254190.19376183     
         352   1248127.08201411     
         354   1241938.62467352     
         356   1235636.03428942     
         358   1229229.79684025     
         360   1222729.71582471     
         362   1216144.95417149     
         364   1209484.07398564     
         366   1202755.07416783     
         368   1195965.42595640     
         370   1189122.10645341     
         372   1182231.63020383     
         374   1175300.07890309     
         376   1168333.12931198     
         378   1161336.07946079     
         380   1154313.87322505     
         382   1147271.12335590     
         384   1140212.13304698     
         386   1133140.91611822     
         388   1126061.21589522     
         390   1118976.52285994     
         392   1111890.09114636     
         394   1104804.95395105     
         396   1097723.93792626     
         398   1090649.67661936     
         400   1083584.62301961     
         402   1076531.06126991     
         404   1069491.11759804     
         406   1062466.77051878     
         408   1055459.86035539     
         410   1048472.09812592     
         412   1041505.07383709     
         414   1034560.26422578     
         416   1027639.03998558     
         418   1020742.67251361     
         420   1013872.34021018     
         422   1007029.13436200     
         424   1000214.06463756     
         426   993428.064221053     
         428   986671.994609922     
         430   979946.650098880     
         432   973252.761972071     
         434   966591.002423287     
         436   959961.988222882     
         438   953366.284148684     
         440   946804.406197000     
         442   940276.824588672     
         444   933783.966584094     
         446   927326.219120112     
         448   920903.931280817     
         450   914517.416613404     
         452   908166.955299461     
         454   901852.796191350     
         456   895575.158722618     
         458   889334.234700805     
         460   883130.189990363     
         462   876963.166092919     
         464   870833.281631567     
         466   864740.633745430     
         468   858685.299400284     
         470   852667.336620656     
         472   846686.785648408     
         474   840743.670032494     
         476   834837.997654247     
         478   828969.761692254     
         480   823138.941530612     
         482   817345.503614084     
         484   811589.402253452     
         486   805870.580384140     
         488   800188.970280962     
         490   794544.494231686     
         492   788937.065171898     
         494   783366.587283511     
         496   777832.956558903     
         498   772336.060230374     
         500   766867.529202726     
