         100   1812.74114063091     
         102   4254.90459084708     
         104   7290.14025005518     
         106   10592.2582780642     
         108   13969.0246082415     
         110   17321.1230652007     
         112   20603.6379491877     
         114   23801.5678961828     
         116   26915.7540483770     
         118   29955.0699846337     
         120   32932.1543506445     
         122   35861.1115027907     
         124   38756.3010336459     
         126   41631.7293980390     
         128   44500.7735143482     
         130   47376.0856524135     
         132   50269.5951623283     
         134   53192.5596578192     
         136   56155.6391808523     
         138   59168.9787596127     
         140   62242.2915570818     
         142   65384.9386837394     
         144   68606.0039533451     
         146   71914.3631024777     
         148   75318.7476807998     
         150   78827.8041878995     
         152   82450.1492241423     
         154   86194.4215207627     
         156   90069.3317692271     
         158   94083.7112139673     
         160   98246.5600284648     
         162   102567.096581226     
         164   107054.808836157     
         166   111719.509350776     
         168   116571.395685811     
         170   121621.118612153     
         172   126879.861458449     
         174   132359.435553403     
         176   138072.399367765     
         178   144032.213095365     
         180   150253.446329759     
         182   156752.063971965     
         184   163545.823313928     
         186   170654.820745617     
         188   178102.225717031     
         190   185915.227803746     
         192   194126.196212597     
         194   202774.008875776     
         196   211905.453920574     
         198   221576.548236367     
         200   231853.568391365     
         202   242813.561708690     
         204   254544.110900422     
         206   267142.169580942     
         208   280711.865904236     
         210   295361.277574356     
         212   311198.298050434     
         214   328325.823110148     
         216   346836.572634062     
         218   366807.912576580     
         220   388297.050944060     
         222   411336.950206141     
         224   435933.233613013     
         226   462062.274919075     
         228   489670.562222778     
         230   518675.328834955     
         232   548966.357132322     
         234   580408.792188100     
         236   612846.754344156     
         238   646107.514561092     
         240   680005.991700539     
         242   714349.343526410     
         244   748941.448908592     
         246   783587.112971669     
         248   818095.865516006     
         250   852285.262322865     
         252   885983.636106045     
         254   919032.276898900     
         256   951287.049368895     
         258   982619.476413804     
         260   1012917.33443414     
         262   1042084.81630388     
         264   1070042.32393504     
         266   1096725.95424186     
         268   1122086.74108773     
         270   1146089.71224204     
         272   1168712.81521142     
         274   1189945.75966547     
         276   1209788.81756545     
         278   1228251.61542872     
         280   1245351.94672293     
         282   1261114.62639138     
         284   1275570.40409739     
         286   1288754.94801286     
         288   1300707.90688679     
         290   1311472.05470120     
         292   1321092.51941819     
         294   1329616.09508841     
         296   1337090.63486694     
         298   1343564.52120159     
         300   1349086.20855505     
         302   1353703.83343460     
         304   1357464.88617315     
         306   1360415.93878212     
         308   1362602.42323401     
         310   1364068.45469235     
         312   1364856.69445474     
         314   1365008.24768506     
         316   1364562.59135962     
         318   1363557.52822232     
         320   1362029.16292143     
         322   1360011.89687440     
         324   1357538.43876947     
         326   1354639.82795808     
         328   1351345.46831653     
         330   1347683.17045582     
         332   1343679.20043548     
         334   1339358.33338840     
         336   1334743.91069110     
         338   1329857.89951749     
         340   1324720.95379541     
         342   1319352.47574569     
         344   1313770.67732467     
         346   1307992.64101417     
         348   1302034.37951047     
         350   1295910.89395607     
         352   1289636.23043809     
         354   1283223.53454476     
         356   1276685.10382935     
         358   1270032.43807939     
         360   1263276.28732992     
         362   1256426.69759283     
         364   1249493.05430258     
         366   1242484.12350048     
         368   1235408.09079840     
         370   1228272.59817634     
         372   1221084.77867963     
         374   1213851.28908960     
         376   1206578.34064730     
         378   1199271.72791391     
         380   1191936.85585368     
         382   1184578.76522624     
         384   1177202.15637510     
         386   1169811.41149791     
         388   1162410.61548286     
         390   1155003.57539280     
         392   1147593.83867662     
         394   1140184.71018405     
         396   1132779.26805725     
         398   1125380.37856903     
         400   1117990.70997444     
         402   1110612.74543885     
         404   1103248.79510254     
         406   1095901.00733828     
         408   1088571.37925533     
         410   1081261.76650012     
         412   1073973.89240070     
         414   1066709.35649931     
         416   1059469.64251454     
         418   1052256.12577199     
         420   1045070.08013964     
         422   1037912.68450194     
         424   1030785.02880425     
         426   1023688.11969716     
         428   1016622.88580826     
         430   1009590.18266701     
         432   1002590.79730649     
         434   995625.452564407     
         436   988694.811103909     
         438   981799.479173529     
         440   974940.010124077     
         442   968116.907699133     
         444   961330.629114600     
         446   954581.587941639     
         448   947870.156806383     
         450   941196.669918769     
         452   934561.425442057     
         454   927964.687713722     
         456   921406.689327655     
         458   914887.633086942     
         460   908407.693835800     
         462   901967.020178657     
         464   895565.736093805     
         466   889203.942448531     
         468   882881.718422145     
         470   876599.122842887     
         472   870356.195444263     
         474   864152.958045983     
         476   857989.415664332     
         478   851865.557556439     
         480   845781.358202639     
         482   839736.778230803     
         484   833731.765286299     
         486   827766.254850913     
         488   821840.171013949     
         490   815953.427198396     
         492   810105.926844948     
         494   804297.564056429     
         496   798528.224203983     
         498   792797.782595483     
         500   787101.175363838     
