         100   1812.74114063091     
         102   4254.88186156500     
         104   7290.04471727296     
         106   10592.0120058752     
         108   13968.5481122243     
         110   17320.3484789644     
         112   20602.5088620588     
         114   23800.0328005415     
         116   26913.7586512848     
         118   29952.5504805047     
         120   32929.0319419764     
         122   35857.2877794931     
         124   38751.6536901999     
         126   41626.1078233205     
         128   44493.9938755257     
         130   47367.9251594738     
         132   50259.7852329519     
         134   53180.7777063904     
         136   56141.4987355375     
         138   59152.0175716792     
         140   62221.9573089606     
         142   65360.5718269509     
         144   68576.8171128621     
         146   71879.4163675437     
         148   75276.9189593606     
         150   78777.7536267812     
         152   82390.2764821680     
         154   86122.8144169365     
         156   89983.7044994643     
         158   93981.3299196025     
         160   98124.1529833831     
         162   102420.745607526     
         164   106879.817710572     
         166   111510.243848324     
         168   116321.088396922     
         170   121321.629547455     
         172   126521.382341492     
         174   131930.120946790     
         176   137557.900346323     
         178   143415.077591042     
         180   149512.332747113     
         182   155860.689651081     
         184   162471.536571271     
         186   169356.646860230     
         188   176528.199670820     
         190   183998.800797431     
         192   191781.503693226     
         194   199889.830704316     
         196   208337.794551788     
         198   217139.920082438     
         200   226311.266298623     
         202   235867.448666495     
         204   245824.661689821     
         206   256199.701723333     
         208   267009.989984680     
         210   278273.595707474     
         212   290009.259359046     
         214   302236.415825333     
         216   314975.217441221     
         218   328246.556717611     
         220   342072.088586074     
         222   356474.251948251     
         224   371476.290279818     
         226   387102.270998652     
         228   403377.103263599     
         230   420326.553825393     
         232   437977.260505882     
         234   456356.742838446     
         236   475493.409363099     
         238   495416.561040818     
         240   516156.390236432     
         242   537743.974727349     
         244   560211.266234396     
         246   583591.073046527     
         248   607917.036431616     
         250   633223.600707557     
         252   659545.977169889     
         254   686920.102710890     
         256   715382.595215345     
         258   744970.709838261     
         260   775722.302561818     
         262   807675.808026325     
         264   840870.233819300     
         266   875345.158959421     
         268   911140.699413721     
         270   948297.377052378     
         272   986855.825584900     
         274   1026856.33086476     
         276   1068338.38671493     
         278   1111340.79337984     
         280   1155903.33379793     
         282   1202071.65880680     
         284   1249907.53170181     
         286   1299506.78773496     
         288   1351027.00316130     
         290   1404725.76626978     
         292   1461008.59696459     
         294   1520483.20127289     
         296   1584014.32199026     
         298   1652771.53198872     
         300   1728261.46095352     
         302   1812336.50845301     
         304   1907174.13052587     
         306   2015224.01482606     
         308   2139124.33609833     
         310   2281592.13463752     
         312   2445296.04056212     
         314   2632721.59772327     
         316   2846040.09092487     
         318   3086991.07638679     
         320   3356787.00033174     
         322   3656045.74127933     
         324   3984754.05035023     
         326   4342262.08012244     
         328   4727306.78962813     
         330   5138060.18264877     
         332   5572197.15825672     
         334   6026977.21151304     
         336   6499334.23514659     
         338   6985969.11728553     
         340   7483440.56947461     
         342   7988250.52274368     
         344   8496921.38559026     
         346   9006063.37975365     
         348   9512430.99759944     
         350   10012968.3233558     
         352   10504843.5144008     
         354   10985473.1488918     
         356   11452537.4235801     
         358   11903987.3484015     
         360   12338045.1530529     
         362   12753199.1163201     
         364   13148193.9711114     
         366   13522017.9443247     
         368   13873887.3752488     
         370   14203229.7306931     
         372   14509665.7081435     
         374   14792990.9961747     
         376   15053158.1482721     
         378   15290258.9245745     
         380   15504507.3670498     
         382   15696223.7974520     
         384   15865819.8636503     
         386   16013784.7076857     
         388   16140672.2870587     
         390   16247089.8480342     
         392   16333687.5248911     
         394   16401149.0208127     
         396   16450183.3133803     
         398   16481517.3193598     
         400   16495889.4487662     
         402   16494043.9762657     
         404   16476726.1581800     
         406   16444678.0251383     
         408   16398634.7833283     
         410   16339321.7609715     
         412   16267451.8407898     
         414   16183723.3236326     
         416   16088818.1729062     
         418   15983400.5938761     
         420   15868115.9061933     
         422   15743589.6720804     
         424   15610427.0464310     
         426   15469212.3186422     
         428   15320508.6192610     
         430   15164857.7675118     
         432   15002780.2384722     
         434   14834775.2310945     
         436   14661320.8204435     
         438   14482874.1794535     
         440   14299871.8572147     
         442   14112730.1023035     
         444   13921845.2209886     
         446   13727593.9612891     
         448   13530333.9148715     
         450   13330403.9296449     
         452   13128124.5267124     
         454   12923798.3160673     
         456   12717710.4061800     
         458   12510128.8034697     
         460   12301304.7987668     
         462   12091473.3394972     
         464   11880853.3888962     
         466   11669648.2778625     
         468   11458046.0624755     
         470   11246219.9132650     
         472   11034328.5858715     
         474   10822517.0662145     
         476   10610917.5658954     
         478   10399651.2055564     
         480   10188831.0523413     
         482   9978567.86496785     
         484   9768981.37913233     
         486   9560223.21971197     
         488   9352524.79394814     
         490   9146299.90046137     
         492   8942368.84124142     
         494   8742454.56301232     
         496   8550289.45677778     
         498   8374021.81234382     
         500   8259740.62256659     
