         100   1812.74114063091     
         102   4254.90760551253     
         104   7290.15404865325     
         106   10592.2950091500     
         108   13969.0967823557     
         110   17321.2414100922     
         112   20603.8113857644     
         114   23801.8045505362     
         116   26916.0624609760     
         118   29955.4601760198     
         120   32932.6386927177     
         122   35861.7054548147     
         124   38757.0238246574     
         126   41632.6047294499     
         128   44501.8303432851     
         130   47377.3591063180     
         132   50271.1276303675     
         134   53194.4021043841     
         136   56157.8527300858     
         138   59171.6366069736     
         140   62245.4812741674     
         142   65388.7649960836     
         144   68610.5920880805     
         146   71919.8628243303     
         148   75325.3381619520     
         150   78835.6998913087     
         152   82459.6070230493     
         154   86205.7493322797     
         156   90082.8990512153     
         158   94099.9617680074     
         160   98266.0276768991     
         162   102590.424458171     
         164   107082.773277207     
         166   111753.049731258     
         168   116611.652129394     
         170   121669.480421063     
         172   126938.030641306     
         174   132429.512262028     
         176   138156.999699480     
         178   144134.634620537     
         180   150377.902273749     
         182   156904.011539788     
         184   163732.412177845     
         186   170885.480127453     
         188   178389.388649147     
         190   186275.156594449     
         192   194579.825056736     
         194   203347.664092004     
         196   212631.260490132     
         198   222492.297148980     
         200   233001.816289620     
         202   244239.771561028     
         204   256293.721415842     
         206   269256.594366216     
         208   283223.555609499     
         210   298288.109300789     
         212   314537.665335372     
         214   332048.869706997     
         216   350883.033676345     
         218   371081.995387868     
         220   392664.710445930     
         222   415624.802406712     
         224   439929.220335397     
         226   465518.059751414     
         228   492305.515925008     
         230   520181.863017721     
         232   549016.294613828     
         234   578660.423467112     
         236   608952.220842783     
         238   639720.176658022     
         240   670787.477342583     
         242   701976.024902878     
         244   733110.153940403     
         246   764019.939559154     
         248   794544.025036747     
         250   824531.931431820     
         252   853845.840336116     
         254   882361.864846107     
         256   909970.842215733     
         258   936578.694708494     
         260   962106.413365167     
         262   986489.723411300     
         264   1009678.49060808     
         266   1031635.92577544     
         268   1052337.64071795     
         270   1071770.60351206     
         272   1089932.03511853     
         274   1106828.28301098     
         276   1122473.70130333     
         278   1136889.56096389     
         280   1150103.00829040     
         282   1162146.08498859     
         284   1173054.81899459     
         286   1182868.39161502     
         288   1191628.38360514     
         290   1199378.10042205     
         292   1206161.97502207     
         294   1212025.04515718     
         296   1217012.50110313     
         298   1221169.29905834     
         300   1224539.83503334     
         302   1227167.67384984     
         304   1229095.32784252     
         306   1230364.07996383     
         308   1231013.84619765     
         310   1231083.07246392     
         312   1230608.66151831     
         314   1229625.92570065     
         316   1228168.56174705     
         318   1226268.64424262     
         320   1223956.63464536     
         322   1221261.40315024     
         324   1218210.26098235     
         326   1214829.00100587     
         328   1211141.94480973     
         330   1207171.99468113     
         332   1202940.68910485     
         334   1198468.26062915     
         336   1193773.69512042     
         338   1188874.79158939     
         340   1183788.22191227     
         342   1178529.58989442     
         344   1173113.48923075     
         346   1167553.56001016     
         348   1161862.54349100     
         350   1156052.33494224     
         352   1150134.03440301     
         354   1144117.99526142     
         356   1138013.87059430     
         358   1131830.65724307     
         360   1125576.73762822     
         362   1119259.91932764     
         364   1112887.47246128     
         366   1106466.16493917     
         368   1100002.29563997     
         370   1093501.72559568     
         372   1086969.90726341     
         374   1080411.91196892     
         376   1073832.45560875     
         378   1067235.92269858     
         380   1060626.38885497     
         382   1054007.64179678     
         384   1047383.20095039     
         386   1040756.33574087     
         388   1034130.08264810     
         390   1027507.26110418     
         392   1020890.48830491     
         394   1014282.19300494     
         396   1007684.62836275     
         398   1001099.88389808     
         400   994529.896621075     
         402   987976.461389094     
         404   981441.240543739     
         406   974925.772877575     
         408   968431.481976921     
         410   961959.683984141     
         412   955511.594820084     
         414   949088.336904621     
         416   942690.945410741     
         418   936320.374085215     
         420   929977.500666622     
         422   923663.131929397     
         424   917378.008380537     
         426   911122.808633741     
         428   904898.153484033     
         430   898704.609704211     
         432   892542.693583001     
         434   886412.874223321     
         436   880315.576617738     
         438   874251.184516977     
         440   868220.043106167     
         442   862222.461502451     
         444   856258.715086583     
         446   850329.047680220     
         448   844433.673579759     
         450   838572.779456768     
         452   832746.526134324     
         454   826955.050247905     
         456   821198.465798832     
         458   815476.865607687     
         460   809790.322674571     
         462   804138.891452602     
         464   798522.609040552     
         466   792941.496300111     
         468   787395.558902871     
         470   781884.788311749     
         472   776409.162701244     
         474   770968.647820571     
         476   765563.197803489     
         478   760192.755928292     
         480   754857.255331262     
         482   749556.619676591     
         484   744290.763785604     
         486   739059.594227900     
         488   733863.009876850     
         490   728700.902431729     
         492   723573.156908592     
         494   718479.652101860     
         496   713420.261018425     
         498   708394.850809745     
         500   703395.206815981     
