         100   1812.74114063091     
         102   4254.89800778717     
         104   7290.11130191095     
         106   10592.1823414734     
         108   13968.8764406854     
         110   17320.8810659735     
         112   20603.2841573607     
         114   23801.0859258424     
         116   26915.1266447246     
         118   29954.2768782595     
         120   32931.1705066204     
         122   35859.9056425961     
         124   38754.8342644064     
         126   41629.9538004467     
         128   44498.6305677947     
         130   47373.5043963264     
         132   50266.4900029363     
         134   53188.8277304153     
         136   56151.1571706461     
         138   59163.5990706672     
         140   62235.8376991417     
         142   65377.1997208953     
         144   68596.7278257690     
         146   71903.2485917028     
         148   75305.4347384099     
         150   78811.8622845447     
         152   82431.0632971534     
         154   86171.5749997127     
         156   90041.9860333248     
         158   94050.9806744494     
         160   98207.3818206672     
         162   102520.193576251     
         164   106998.644312002     
         166   111652.231149137     
         168   116490.766937826     
         170   121524.430986232     
         172   126763.825076961     
         174   132220.036739138     
         176   137904.712420718     
         178   143830.144284422     
         180   150009.376065402     
         182   156456.336066962     
         184   163186.009166981     
         186   170214.664613019     
         188   177560.161716902     
         190   185242.359652328     
         192   193283.657622856     
         194   201709.684146244     
         196   210550.135763960     
         198   219839.734529378     
         200   229619.231810035     
         202   239936.339037208     
         204   250846.423552182     
         206   262412.781007433     
         208   274706.295226698     
         210   287804.328248301     
         212   301788.747376275     
         214   316743.085407139     
         216   332748.932034964     
         218   349881.752983242     
         220   368206.413206345     
         222   387772.729491294     
         224   408611.389424175     
         226   430730.547661923     
         228   454113.352121916     
         230   478716.571505456     
         232   504470.402971400     
         234   531279.446225280     
         236   559024.747576296     
         238   587566.751715399     
         240   616748.954030022     
         242   646402.023149646     
         244   676348.160591965     
         246   706405.478584909     
         248   736392.204127107     
         250   766130.552581436     
         252   795450.153289275     
         254   824190.949183418     
         256   852205.529319209     
         258   879360.885662183     
         260   905539.612213456     
         262   930640.585171613     
         264   954579.177424176     
         266   977287.069728976     
         268   998711.725229063     
         270   1018815.59430972     
         272   1037575.11414370     
         274   1054979.56242630     
         276   1071029.81853152     
         278   1085737.07826314     
         280   1099121.56104842     
         282   1111211.24122164     
         284   1122040.62825534     
         286   1131649.61460935     
         288   1140082.40439049     
         290   1147386.53129758     
         292   1153611.97036701     
         294   1158810.34479928     
         296   1163034.22658101     
         298   1166336.52764915     
         300   1168769.97689928     
         302   1170386.67734035     
         304   1171237.73707007     
         306   1171372.96741992     
         308   1170840.64153301     
         310   1169687.30673926     
         312   1167957.64433118     
         314   1165694.37068257     
         316   1162938.17405684     
         318   1159727.68189716     
         320   1156099.45385353     
         322   1152087.99626847     
         324   1147725.79429922     
         326   1143043.35829188     
         328   1138069.28143592     
         330   1132830.30611127     
         332   1127351.39669327     
         334   1121655.81690205     
         336   1115765.21007203     
         338   1109699.68097652     
         340   1103477.87807155     
         342   1097117.07522537     
         344   1090633.25217695     
         346   1084041.17311994     
         348   1077354.46294145     
         350   1070585.68075793     
         352   1063746.39048729     
         354   1056847.22827753     
         356   1049897.96668051     
         358   1042907.57551585     
         360   1035884.27941649     
         362   1028835.61208495     
         364   1021768.46731973     
         366   1014689.14689446     
         368   1007603.40539107     
         370   1000516.49210136     
         372   993433.190121145     
         374   986357.852767361     
         376   979294.437452271     
         378   972246.537150204     
         380   965217.409591956     
         382   958210.004320165     
         384   951226.987736025     
         386   944270.766263875     
         388   937343.507755762     
         390   930447.161253102     
         392   923583.475217304     
         394   916754.014335770     
         396   909960.175004093     
         398   903203.199579723     
         400   896484.189496818     
         402   889804.117326635     
         404   883163.837862450     
         406   876564.098302999     
         408   870005.547603459     
         410   863488.745058339     
         412   857014.168176192     
         414   850582.219901809     
         416   844193.235237577     
         418   837847.487311902     
         420   831545.192939065     
         422   825286.517711541     
         424   819071.580662720     
         426   812900.458535058     
         428   806773.189685959     
         430   800689.777661215     
         432   794650.194463426     
         434   788654.383540713     
         436   782702.262518965     
         438   776793.725699025     
         440   770928.646338496     
         442   765106.878736219     
         444   759328.260136046     
         446   753592.612465132     
         448   747899.743920734     
         450   742249.450418354     
         452   736641.516912988     
         454   731075.718604259     
         456   725551.822035341     
         458   720069.586094717     
         460   714628.762929069     
         462   709229.098774920     
         464   703870.334715961     
         466   698552.207372451     
         468   693274.449528523     
         470   688036.790702718     
         472   682838.957666648     
         474   677680.674916240     
         476   672561.665099660     
         478   667481.649405642     
         480   662440.347915648     
         482   657437.479922988     
         484   652472.764221737     
         486   647545.919368090     
         488   642656.663916515     
         490   637804.716632901     
         492   632989.796686696     
         494   628211.623823882     
         496   623469.918542081     
         498   618764.414107808     
         500   614105.130805923     
