         100   1812.74114063091     
         102   4254.88290415271     
         104   7290.04886829974     
         106   10592.0224677781     
         108   13968.5681218007     
         110   17320.3807875825     
         112   20602.5557572618     
         114   23800.0963810621     
         116   26913.8411427814     
         118   29952.6545092432     
         120   32929.1607566742     
         122   35857.4454381866     
         124   38751.8452337334     
         126   41626.3394544594     
         128   44494.2731590124     
         130   47368.2612556125     
         132   50260.1891759123     
         134   53181.2627381932     
         136   56142.0807074141     
         138   59152.7154259876     
         140   62222.7936570016     
         142   65361.5736408217     
         144   68578.0165529422     
         146   71880.8517713961     
         148   75278.6360228588     
         150   78779.8068142842     
         152   82392.7307097420     
         154   86125.7470611883     
         156   89987.2077947676     
         158   93985.5138186966     
         160   98129.1485708761     
         162   102426.709173218     
         164   106886.935610258     
         166   111518.738304540     
         168   116331.224421683     
         170   121333.723204465     
         172   126535.810607566     
         174   131947.333482858     
         176   137578.433548868     
         178   143439.571367287     
         180   149541.550543979     
         182   155895.542371867     
         184   162513.111138608     
         186   169406.240333392     
         188   176587.360005087     
         190   184069.375549185     
         192   191865.698234530     
         194   199990.277824384     
         196   208457.637701585     
         198   217282.912977359     
         200   226481.892150663     
         202   236071.062994532     
         204   246067.663483284     
         206   256489.738747399     
         208   267356.205261862     
         210   278686.923752577     
         212   290502.782663152     
         214   302825.794485343     
         216   315679.207852441     
         218   329087.639066888     
         220   343077.227747266     
         222   357675.822671898     
         224   372913.205975971     
         226   388821.367266091     
         228   405434.845058177     
         230   422791.162728874     
         232   440931.401280268     
         234   459900.971780252     
         236   479750.673674418     
         238   500538.144452846     
         240   522329.810331637     
         242   545203.423300727     
         244   569251.205515504     
         246   594583.513063052     
         248   621332.784741190     
         250   649657.378162118     
         252   679744.746731980     
         254   711813.312925274     
         256   746112.377584938     
         258   782919.490722713     
         260   822534.896872900     
         262   865272.938032823     
         264   911450.613858632     
         266   961373.817176505     
         268   1015322.03776642     
         270   1073532.52141266     
         272   1136184.96082563     
         274   1203387.77311613     
         276   1275166.89375954     
         278   1351457.81070632     
         280   1432101.30353549     
         282   1516843.07296918     
         284   1605337.17532165     
         286   1697152.93878617     
         288   1791784.85074639     
         290   1888664.77650250     
         292   1987175.80157877     
         294   2086666.97781193     
         296   2186468.28917528     
         298   2285905.22580486     
         300   2384312.45218316     
         302   2481046.16659161     
         304   2575494.86382990     
         306   2667088.32378009     
         308   2755304.74873352     
         310   2839676.05862547     
         312   2919791.42340152     
         314   2995299.16516533     
         316   3065907.20019218     
         318   3131382.21382000     
         320   3191547.77163828     
         322   3246281.57051255     
         324   3295512.02507064     
         326   3339214.37147997     
         328   3377406.45259107     
         330   3410144.32846704     
         332   3437517.83532304     
         334   3459646.19503215     
         336   3476673.75741463     
         338   3488765.93907120     
         340   3496105.40590276     
         342   3498888.53186312     
         344   3497322.15397291     
         346   3491620.63313805     
         348   3482003.22175013     
         350   3468691.73224017     
         352   3451908.49552372     
         354   3431874.59441697     
         356   3408808.35442177     
         358   3382924.07258288     
         360   3354430.96423570     
         362   3323532.30722826     
         364   3290424.76347486     
         366   3255297.85835837     
         368   3218333.59943790     
         370   3179706.21705224     
         372   3139582.01066329     
         374   3098119.28610101     
         376   3055468.37020502     
         378   3011771.69067349     
         380   2967163.91019944     
         382   2921772.10518013     
         384   2875715.98041261     
         386   2829108.11223000     
         388   2782054.21348415     
         390   2734653.41463998     
         392   2686998.55601524     
         394   2639176.48688126     
         396   2591268.36773737     
         398   2543349.97259176     
         400   2495491.98852858     
         402   2447760.31022276     
         404   2400216.32738666     
         406   2352917.20340337     
         408   2305916.14362779     
         410   2259262.65202534     
         412   2213002.77497742     
         414   2167179.33121906     
         416   2121832.12699570     
         418   2076998.15563871     
         420   2032711.78087102     
         422   1989004.90327023     
         424   1945907.10944305     
         426   1903445.80360646     
         428   1861646.32143177     
         430   1820532.02618953     
         432   1780124.38743839     
         434   1740443.04272856     
         436   1701505.84303817     
         438   1663328.88292630     
         440   1625926.51666237     
         442   1589311.36187271     
         444   1553494.29252133     
         446   1518484.42330443     
         448   1484289.08777551     
         450   1450913.81271920     
         452   1418362.29144538     
         454   1386636.35877088     
         456   1355735.97048362     
         458   1325659.19003645     
         460   1296402.18508925     
         462   1267959.23630604     
         464   1240322.76051849     
         466   1213483.34999418     
         468   1187429.82910255     
         470   1162149.32916740     
         472   1137627.38174431     
         474   1113848.02998294     
         476   1090793.95714651     
         478   1068446.63078392     
         480   1046786.46050539     
         482   1025792.96681844     
         484   1005444.95805588     
         486   985720.712083208     
         488   966598.159219392     
         490   948055.062643855     
         492   930069.192502635     
         494   912618.490299987     
         496   895681.250160943     
         498   879239.558769714     
         500   863740.190845536     
