         100   1812.74114063091     
         102   4254.90459084708     
         104   7290.14025005518     
         106   10592.2582780642     
         108   13969.0246082415     
         110   17321.1230652007     
         112   20603.6379491877     
         114   23801.5678961828     
         116   26915.7540483770     
         118   29955.0699846337     
         120   32932.1543506445     
         122   35861.1115027907     
         124   38756.3010336459     
         126   41631.7293980390     
         128   44500.7735143482     
         130   47376.0856524135     
         132   50269.5951623283     
         134   53192.5596578192     
         136   56155.6391808523     
         138   59168.9787596127     
         140   62242.2915570818     
         142   65384.9386837394     
         144   68606.0039533451     
         146   71914.3631024777     
         148   75318.7476807998     
         150   78827.8041878995     
         152   82450.1492241423     
         154   86194.4215207626     
         156   90069.3317692264     
         158   94083.7112139622     
         160   98246.5600284294     
         162   102567.096581007     
         164   107054.808834938     
         166   111719.509344632     
         168   116571.395657676     
         170   121621.118494532     
         172   126879.861007499     
         174   132359.433960928     
         176   138072.394165726     
         178   144032.197310516     
         180   150253.401658334     
         182   156751.945602005     
         184   163545.528522967     
         186   170654.128241682     
         188   178100.685883675     
         190   185911.976117416     
         192   194119.654394210     
         194   202761.432770022     
         196   211882.286012335     
         198   221535.538324611     
         200   231783.639669840     
         202   242698.421402664     
         204   254360.633050358     
         206   266858.609323098     
         208   280285.995351909     
         210   294738.558519173     
         212   310310.222121790     
         214   327088.553027078     
         216   345150.007833000     
         218   364555.279772640     
         220   385345.087691223     
         222   407536.710989598     
         224   431121.507636090     
         226   456063.566583145     
         228   482299.552720520     
         230   509739.712669631     
         232   538269.931996847     
         234   567754.674664214     
         236   598040.596582544     
         238   628960.607086379     
         240   660338.152970721     
         242   691991.515949146     
         244   723737.941834966     
         246   755397.454133014     
         248   786796.242136993     
         250   817769.550781235     
         252   848164.033909017     
         254   877839.562611853     
         256   906670.504924455     
         258   934546.512107103     
         260   961372.860167903     
         262   987070.403662828     
         264   1011575.20285745     
         266   1034837.88583317     
         268   1056822.80487776     
         270   1077507.04227424     
         272   1096879.31506879     
         274   1114938.82212883     
         276   1131694.07025767     
         278   1147161.70966736     
         280   1161365.40298183     
         282   1174334.74632339     
         284   1186104.25602720     
         286   1196712.43018051     
         288   1206200.89049937     
         290   1214613.60701192     
         292   1221996.20556687     
         294   1228395.35627184     
         296   1233858.23952308     
         298   1238432.08525125     
         300   1242163.78031151     
         302   1245099.53853237     
         304   1247284.62774946     
         306   1248763.14814194     
         308   1249577.85631600     
         310   1249770.02980808     
         312   1249379.36697929     
         314   1248443.91761738     
         316   1247000.03993419     
         318   1245082.38002930     
         320   1242723.87027199     
         322   1239955.74342568     
         324   1236807.55969413     
         326   1233307.24420366     
         328   1229481.13274642     
         330   1225354.02389627     
         332   1220949.23586920     
         334   1216288.66673565     
         336   1211392.85680330     
         338   1206281.05217628     
         340   1200971.26866309     
         342   1195480.35535108     
         344   1189824.05729268     
         346   1184017.07685906     
         348   1178073.13341202     
         350   1172005.02102660     
         352   1165824.66406652     
         354   1159543.17047320     
         356   1153170.88267844     
         358   1146717.42609220     
         360   1140191.75515036     
         362   1133602.19693555     
         364   1126956.49240590     
         366   1120261.83528461     
         368   1113524.90867676     
         370   1106751.91949038     
         372   1099948.63074614     
         374   1093120.39186550     
         376   1086272.16703026     
         378   1079408.56170827     
         380   1072533.84744016     
         382   1065651.98498143     
         384   1058766.64589260     
         386   1051881.23266777     
         388   1044998.89748920     
         390   1038122.55969251     
         392   1031254.92202354     
         394   1024398.48576416     
         396   1017555.56480110     
         398   1010728.29870744     
         400   1003918.66490328     
         402   997128.489957955     
         404   990359.460092739     
         406   983613.130939454     
         408   976890.936606881     
         410   970194.198103674     
         412   963524.131163328     
         414   956881.853513725     
         416   950268.391630981     
         418   943684.687014609     
         420   937131.602018456     
         422   930609.925269505     
         424   924120.376704373     
         426   917663.612251205     
         428   911240.228182723     
         430   904850.765164291     
         432   898495.712019183     
         434   892175.509231577     
         436   885890.552206339     
         438   879641.194303230     
         440   873427.749661900     
         442   867250.495832794     
         444   861109.676228013     
         446   855005.502405080     
         448   848938.156195663     
         450   842907.791690347     
         452   836914.537089776     
         454   830958.496431681     
         456   825039.751202615     
         458   819158.361842579     
         460   813314.369150074     
         462   807507.795594589     
         464   801738.646543013     
         466   796006.911405957     
         468   790312.564709556     
         470   784655.567097891     
         472   779035.866270813     
         474   773453.397861581     
         476   767908.086258413     
         478   762399.845373762     
         480   756928.579364823     
         482   751494.183308563     
         484   746096.543834290     
         486   740735.539716585     
         488   735411.042431225     
         490   730122.916676501     
         492   724871.020862216     
         494   719655.207568441     
         496   714475.323975527     
         498   709331.211387039     
         500   704220.383595878     
