         100   1812.74114063091     
         102   4254.88206986227     
         104   7290.04554426743     
         106   10592.0140866488     
         108   13968.5520863985     
         110   17320.3548888875     
         112   20602.5181591788     
         114   23800.0454014864     
         116   26913.7750012264     
         118   29952.5711076607     
         120   32929.0575016285     
         122   35857.3190910818     
         124   38751.6917718964     
         126   41626.1539279005     
         128   44494.0495306078     
         130   47367.9922146339     
         132   50259.8659159499     
         134   53180.8746907059     
         136   56141.6152215663     
         138   59152.1573842482     
         140   62222.1250142614     
         142   65360.7728725558     
         144   68577.0579951923     
         146   71879.7048320006     
         148   75277.2642393529     
         150   78778.1667290887     
         152   82390.7705275336     
         154   86123.4050465009     
         156   89984.4103597149     
         158   93982.1732409581     
         160   98125.1602704548     
         162   102421.948462577     
         164   106881.253815843     
         166   111511.958137841     
         168   116323.134454283     
         170   121324.071273107     
         172   126524.295941387     
         174   131933.597304236     
         176   137562.047850702     
         178   143420.025511194     
         180   149518.235253942     
         182   155867.730613924     
         184   162479.935276320     
         186   169366.664827510     
         188   176540.148779790     
         190   184013.052971050     
         192   191798.502437659     
         194   199910.104857443     
         196   208361.974660140     
         198   217168.757904827     
         200   226345.658027724     
         202   235908.462569572     
         204   245873.570999438     
         206   256258.023761592     
         208   267079.532684229     
         210   278356.512903225     
         212   290108.116471430     
         214   302354.267844023     
         216   315115.701453681     
         218   328414.001615790     
         220   342271.645033572     
         222   356712.046206224     
         224   371759.606078961     
         226   387439.764312282     
         228   403779.055586779     
         230   420805.170398315     
         232   438547.020835427     
         234   457034.811871940     
         236   476300.118764728     
         238   496375.971235901     
         240   517296.945225332     
         242   539099.263026133     
         244   561820.902325598     
         246   585501.713733013     
         248   610183.544586017     
         250   635910.364576680     
         252   662728.387513620     
         254   690686.186104271     
         256   719834.806495232     
         258   750227.909173197     
         260   781921.992575417     
         262   814976.790578151     
         264   849455.964965986     
         266   885428.225524901     
         268   922968.990098493     
         270   962162.635999674     
         272   1003105.29242205     
         274   1045907.99130114     
         276   1090699.85126040     
         278   1137630.84139781     
         280   1186873.58472743     
         282   1238623.63620024     
         284   1293097.71957530     
         286   1350529.53225429     
         288   1411162.91789151     
         290   1475242.44427230     
         292   1543001.68314226     
         294   1614649.74044773     
         296   1690356.80082480     
         298   1770239.60349433     
         300   1854347.83887216     
         302   1942652.43623370     
         304   2035036.60343823     
         306   2131290.29154830     
         308   2231108.51089518     
         310   2334093.64764108     
         312   2439761.65034589     
         314   2547551.70187062     
         316   2656838.78534291     
         318   2766948.40857262     
         320   2877172.67553173     
         322   2986786.88462155     
         324   3095065.88324939     
         326   3201299.50409051     
         328   3304806.53548258     
         330   3404946.82169026     
         332   3501131.23473486     
         334   3592829.39706008     
         336   3679575.15547096     
         338   3760969.90657955     
         340   3836683.95024045     
         342   3906456.10026234     
         344   3970091.81283362     
         346   4027460.10549329     
         348   4078489.53658572     
         350   4123163.50058225     
         352   4161515.07189398     
         354   4193621.60192819     
         356   4219599.24375815     
         358   4239597.54795762     
         360   4253794.24345508     
         362   4262390.28977452     
         364   4265605.26243460     
         366   4263673.11192764     
         368   4256838.31869228     
         370   4245352.45173952     
         372   4229471.12687045     
         374   4209451.35143835     
         376   4185549.23601714     
         378   4158018.04879043     
         380   4127106.58562771     
         382   4093057.82734499     
         384   4056107.85526767     
         386   4016484.99666794     
         388   3974409.17272021     
         390   3930091.42312260     
         392   3883733.58331999     
         394   3835528.09221503     
         396   3785657.91027207     
         398   3734296.52993443     
         400   3681608.06223262     
         402   3627747.38532424     
         404   3572860.34244695     
         406   3517083.97837108     
         408   3460546.80489769     
         410   3403369.08726013     
         412   3345663.14445303     
         414   3287533.65753765     
         416   3229077.98086211     
         418   3170386.45189746     
         420   3111542.69603432     
         422   3052623.92321790     
         424   2993701.21373271     
         426   2934839.79079033     
         428   2876099.27783844     
         430   2817533.93870991     
         432   2759192.89888708     
         434   2701120.34629462     
         436   2643355.71018948     
         438   2585933.81693981     
         440   2528885.02184354     
         442   2472235.31672681     
         444   2416006.41400659     
         446   2360215.80936478     
         448   2304876.82737016     
         450   2249998.65755672     
         452   2195586.39292657     
         454   2141641.08893872     
         456   2088159.86913768     
         458   2035136.11401818     
         460   1982559.78278433     
         462   1930417.93343579     
         464   1878695.52487246     
         466   1827376.60470695     
         468   1776446.00668064     
         470   1725891.69934586     
         472   1675707.93882336     
         474   1625899.37679396     
         476   1576486.25176465     
         478   1527510.73544338     
         480   1479044.40189279     
         482   1431196.61692303     
         484   1384123.38827470     
         486   1338035.85204852     
         488   1293207.07878217     
         490   1249975.25417279     
         492   1208740.53722286     
         494   1169952.08556995     
         496   1134081.45602021     
         498   1101618.89094848     
         500   1076699.69189626     
