         100   1812.74114063091     
         102   4254.88290415271     
         104   7290.04886829974     
         106   10592.0224677781     
         108   13968.5681218007     
         110   17320.3807875825     
         112   20602.5557572618     
         114   23800.0963810621     
         116   26913.8411427814     
         118   29952.6545092432     
         120   32929.1607566742     
         122   35857.4454381866     
         124   38751.8452337334     
         126   41626.3394544594     
         128   44494.2731590124     
         130   47368.2612556125     
         132   50260.1891759123     
         134   53181.2627381932     
         136   56142.0807074141     
         138   59152.7154259876     
         140   62222.7936570016     
         142   65361.5736408217     
         144   68578.0165529422     
         146   71880.8517713961     
         148   75278.6360228588     
         150   78779.8068142842     
         152   82392.7307097420     
         154   86125.7470611883     
         156   89987.2077947676     
         158   93985.5138186966     
         160   98129.1485708761     
         162   102426.709173218     
         164   106886.935610258     
         166   111518.738304540     
         168   116331.224421683     
         170   121333.723204465     
         172   126535.810607566     
         174   131947.333482858     
         176   137578.433548868     
         178   143439.571367287     
         180   149541.550543979     
         182   155895.542371867     
         184   162513.111138608     
         186   169406.240333392     
         188   176587.360005087     
         190   184069.375549185     
         192   191865.698234530     
         194   199990.277824384     
         196   208457.637701585     
         198   217282.912977359     
         200   226481.892150661     
         202   236071.062994526     
         204   246067.663483260     
         206   256489.738747368     
         208   267356.205262189     
         210   278686.923755860     
         212   290502.782681608     
         214   302825.794562044     
         216   315679.208099946     
         218   329087.639662976     
         220   343077.228557412     
         222   357675.821379057     
         224   372913.191838846     
         226   388821.304673963     
         228   405434.637966756     
         230   422790.592193130     
         232   440930.043955325     
         234   459898.155941148     
         236   479745.637487784     
         238   500530.758567427     
         240   522322.535800395     
         242   545205.597286773     
         244   569287.246461122     
         246   594707.136274924     
         248   621649.702532720     
         250   650359.090168683     
         252   681155.780975490     
         254   714453.576935133     
         256   750775.115145452     
         258   790763.794581188     
         260   835189.963454437     
         262   884949.486311248     
         264   941053.366019458     
         266   1004607.87056044     
         268   1076785.50435993     
         270   1158788.04890156     
         272   1251803.66334971     
         274   1356960.59270170     
         276   1475280.32418689     
         278   1607633.04746856     
         280   1754698.03233228     
         282   1916931.08862964     
         284   2094540.68390411     
         286   2287473.63657363     
         288   2495410.64479575     
         290   2717771.30987576     
         292   2953727.80954656     
         294   3202225.99522258     
         296   3462012.43733022     
         298   3731665.81987865     
         300   4009631.07566660     
         302   4294254.73685481     
         304   4583820.12907045     
         306   4876581.23751648     
         308   5170794.29925533     
         310   5464746.40849477     
         312   5756780.64661546     
         314   6045317.45502363     
         316   6328872.14954871     
         318   6606068.62613626     
         320   6875649.42777942     
         322   7136482.43281194     
         324   7387564.48714333     
         326   7628022.34097942     
         328   7857111.26776408     
         330   8074211.74337174     
         332   8278824.55073177     
         334   8470564.65254042     
         336   8649154.14557925     
         338   8814414.57701697     
         340   8966258.86806865     
         342   9104683.05521065     
         344   9229758.02508496     
         346   9341621.38718833     
         348   9440469.59904095     
         350   9526550.43212438     
         352   9600155.84362292     
         354   9661615.29890087     
         356   9711289.57258645     
         358   9749565.04192311     
         360   9776848.47444942     
         362   9793562.30281181     
         364   9800140.37232296     
         366   9797024.14147658     
         368   9784659.31175376     
         370   9763492.86046220     
         372   9733970.44881387     
         374   9696534.17676912     
         376   9651620.65618081     
         378   9599659.37430789     
         380   9541071.32070420     
         382   9476267.85171465     
         384   9405649.76823748     
         386   9329606.58396096     
         388   9248515.96289717     
         390   9162743.30666446     
         392   9072641.47357748     
         394   8978550.61315999     
         396   8880798.10117958     
         398   8779698.56170083     
         400   8675553.96395376     
         402   8568653.78301186     
         404   8459275.21436714     
         406   8347683.43347769     
         408   8234131.89225024     
         410   8118862.64520942     
         412   8002106.69880381     
         414   7884084.37791344     
         416   7765005.70416177     
         418   7645070.78110751     
         420   7524470.18180681     
         422   7403385.33460458     
         424   7281988.90334610     
         426   7160445.15850639     
         428   7038910.33602610     
         430   6917532.98092854     
         432   6796454.27308298     
         434   6675808.33278212     
         436   6555722.50412483     
         438   6436317.61454388     
         440   6317708.20919693     
         442   6200002.75934889     
         444   6083303.84431452     
         446   5967708.30699918     
         448   5853307.38356724     
         450   5740186.80827429     
         452   5628426.89501050     
         454   5518102.59760694     
         456   5409283.55143983     
         458   5302034.09931573     
         460   5196413.30501766     
         462   5092474.95822380     
         464   4990267.57476178     
         466   4889834.39632129     
         468   4791213.39380457     
         470   4694437.27844158     
         472   4599533.52463116     
         474   4506524.40818991     
         476   4415427.06330309     
         478   4326253.56098293     
         480   4239011.01126357     
         482   4153701.69071279     
         484   4070323.19613928     
         486   3988868.62464017     
         488   3909326.77939213     
         490   3831682.39986117     
         492   3755916.41441943     
         494   3682006.21282858     
         496   3609925.93768410     
         498   3539646.13959756     
         500   3470997.68270230     
