         100   1812.74114063091     
         105   8922.58702235464     
         110   17321.1733481365     
         115   25368.8030024130     
         120   32932.3080016611     
         125   40195.8381050708     
         130   47376.3504522506     
         135   54668.7799614566     
         140   62242.7321606275     
         145   70249.3025740229     
         150   78828.5785071000     
         155   88116.0526293535     
         160   98248.0236628369     
         165   109366.483826521     
         170   121624.140321676     
         175   135190.491581030     
         180   150260.731739467     
         185   167071.683752872     
         190   185933.938797625     
         195   207293.379099180     
         200   231824.021526748     
         205   260513.205092672     
         210   294650.244619482     
         215   335633.256472717     
         220   384600.358266330     
         225   442012.912756650     
         230   507368.786089065     
         235   579164.043247049     
         240   655104.148982680     
         245   732470.480905498     
         250   808516.971452396     
         255   880797.159421832     
         260   947371.937987215     
         265   1006894.33920232     
         270   1058596.19809683     
         275   1102211.84463768     
         280   1137871.75731394     
         285   1165990.94155621     
         290   1187167.48732401     
         295   1202098.89815326     
         300   1211518.24337680     
         305   1216148.86002180     
         310   1216674.70950335     
         315   1213723.00290010     
         320   1207855.86847462     
         325   1199568.30568568     
         330   1189290.23713282     
         335   1177391.01497996     
         340   1164185.20636476     
         345   1149938.85626976     
         350   1134875.70990813     
         355   1119183.08264214     
         360   1103017.20927462     
         365   1086508.00102397     
         370   1069763.20027055     
         375   1052871.96037130     
         380   1035907.89821173     
         385   1018931.67639121     
         390   1001993.17408537     
         395   985133.303522006     
         400   968385.524553221     
         405   951777.104255453     
         410   935330.162629518     
         415   919062.539776915     
         420   902988.514657898     
         425   887119.400815586     
         430   871464.040316850     
         435   856029.213602009     
         440   840819.979909937     
         445   825839.960397990     
         450   811091.573947674     
         455   796576.233878727     
         460   782294.512332049     
         465   768246.277876882     
         470   754430.810907167     
         475   740846.900579485     
         480   727492.926379191     
         485   714366.926856210     
         490   701466.657636965     
         495   688789.649118088     
         500   676340.967151887     
