         100   1812.74114063091     
         102   4254.90670559939     
         104   7290.13990036454     
         106   10592.2479191467     
         108   13968.9955791474     
         110   17321.0674967742     
         112   20603.5490260908     
         114   23801.4392334146     
         116   26915.5788462299     
         118   29954.8402508121     
         120   32931.8602465588     
         122   35860.7407785342     
         124   38755.8384940220     
         126   41631.1563454206     
         128   44500.0671228685     
         130   47375.2182348346     
         132   50268.5332942048     
         134   53191.2631233846     
         136   56154.0597019080     
         138   59167.0584629859     
         140   62239.9611280845     
         142   65382.1151424355     
         144   68602.5879769955     
         146   71910.2358007544     
         148   75313.7667094630     
         150   78821.7990605193     
         152   82442.9156486565     
         154   86185.7145461584     
         156   90058.8574746098     
         158   94071.1166037584     
         160   98231.4207076161     
         162   102548.901664257     
         164   107032.942378964     
         166   111693.227359148     
         168   116539.797402351     
         170   121583.110224893     
         172   126834.109446645     
         174   132304.305310977     
         176   138005.872105556     
         178   143951.769801420     
         180   150155.901311125     
         182   156633.322169872     
         184   163400.526021294     
         186   170475.835725888     
         188   177879.933605623     
         190   185636.561524580     
         192   193773.408036615     
         194   202323.172655058     
         196   211324.756234773     
         198   220824.475577793     
         200   230877.148262548     
         202   241546.852135938     
         204   252907.145172963     
         206   265040.544914120     
         208   278037.116061250     
         210   291992.096359744     
         212   307002.594002911     
         214   323163.499084989     
         216   340562.850241289     
         218   359276.970657307     
         220   379365.724940652     
         222   400868.245984831     
         224   423799.441251509     
         226   448147.518344402     
         228   473872.681084506     
         230   500907.051391072     
         232   529155.780207886     
         234   558499.231385115     
         236   588796.061772712     
         238   619886.981623072     
         240   651598.961753622     
         242   683749.655609962     
         244   716151.821778885     
         246   748617.561299821     
         248   780962.219900129     
         250   813007.844003385     
         252   844586.117677214     
         254   875540.743062919     
         256   905729.257561307     
         258   935024.306196788     
         260   963314.406840101     
         262   990504.259522258     
         264   1016514.65944191     
         266   1041282.07718488     
         268   1064757.96996301     
         270   1086907.88517416     
         272   1107710.41307038     
         274   1127156.03949204     
         276   1145245.94306894     
         278   1161990.77447748     
         280   1177409.44863636     
         282   1191527.97438486     
         284   1204378.34038903     
         286   1215997.47086750     
         288   1226426.26026272     
         290   1235708.69221088     
         292   1243891.04505347     
         294   1251021.18363877     
         296   1257147.93521934     
         298   1262320.54579544     
         300   1266588.21221453     
         302   1269999.68464787     
         304   1272602.93366325     
         306   1274444.87594327     
         308   1275571.15270930     
         310   1276025.95506099     
         312   1275851.89069199     
         314   1275089.88676384     
         316   1273779.12408731     
         318   1271956.99815297     
         320   1269659.10295508     
         322   1266919.23395276     
         324   1263769.40690051     
         326   1260239.88965074     
         328   1256359.24437870     
         330   1252154.37800324     
         332   1247650.59887327     
         334   1242871.67805928     
         336   1237839.91383266     
         338   1232576.19813282     
         340   1227100.08401582     
         342   1221429.85324858     
         344   1215582.58336260     
         346   1209574.21361166     
         348   1203419.60939077     
         350   1197132.62477126     
         352   1190726.16288988     
         354   1184212.23400077     
         356   1177602.01105870     
         358   1170905.88275207     
         360   1164133.50394569     
         362   1157293.84352739     
         364   1150395.22968028     
         366   1143445.39262482     
         368   1136451.50489225     
         370   1129420.21920452     
         372   1122357.70404595     
         374   1115269.67701923     
         376   1108161.43608298     
         378   1101037.88877142     
         380   1093903.57949742     
         382   1086762.71504073     
         384   1079619.18832149     
         386   1072476.60055761     
         388   1065338.28190181     
         390   1058207.31065072     
         392   1051086.53111552     
         394   1043978.57023916     
         396   1036885.85304187     
         398   1029810.61697226     
         400   1022754.92523744     
         402   1015720.67918157     
         404   1008709.62977817     
         406   1001723.38829789     
         408   994763.436209386     
         410   987831.134367582     
         412   980927.731540041     
         414   974054.372318782     
         416   967212.104461859     
         418   960401.885705922     
         420   953624.590088196     
         422   946881.013813644     
         424   940171.880700553     
         426   933497.847235422     
         428   926859.507265853     
         430   920257.396358021     
         432   913691.995843421     
         434   907163.736577741     
         436   900673.002433060     
         438   894220.133543003     
         440   887805.429318985     
         442   881429.151254393     
         444   875091.525532245     
         446   868792.745450730     
         448   862532.973679933     
         450   856312.344362062     
         452   850130.965066563     
         454   843988.918610663     
         456   837886.264755050     
         458   831823.041783734     
         460   825799.267976358     
         462   819814.942980724     
         464   813870.049092587     
         466   807964.552449339     
         468   802098.404143668     
         470   796271.541262805     
         472   790483.887858592     
         474   784735.355853162     
         476   779025.845884735     
         478   773355.248097613     
         480   767723.442880211     
         482   762130.301554664     
         484   756575.687021276     
         486   751059.454360857     
         488   745581.451397701     
         490   740141.519225873     
         492   734739.492701134     
         494   729375.200901128     
         496   724048.467602666     
         498   718759.120494642     
         500   713509.225063260     
