         100   1812.74114063091     
         102   4254.87061670606     
         104   7290.01838986267     
         106   10591.9655867442     
         108   13968.4786943256     
         110   17320.2546815834     
         112   20602.3902051765     
         114   23799.8892664156     
         116   26913.5904197162     
         118   29952.3577816040     
         120   32928.8149812831     
         122   35857.0467066900     
         124   38751.3885945830     
         126   41625.8187466195     
         128   44493.6808371220     
         130   47367.5881917407     
         132   50259.4244261207     
         134   53180.3932634683     
         136   56141.0910386395     
         138   59151.5872618320     
         140   62221.5053820951     
         142   65360.0997494792     
         144   68576.3269609868     
         146   71878.9109953066     
         148   75276.4022014442     
         150   78777.2305432676     
         152   82389.7536538733     
         154   86122.3003016280     
         156   89983.2098612785     
         158   93980.8683463928     
         160   98123.7415095898     
         162   102420.405463597     
         164   106879.575224046     
         166   111510.131526584     
         168   116321.146227438     
         170   121321.906558288     
         172   126521.938473114     
         174   131931.029296153     
         176   137559.249855846     
         178   143416.976269236     
         180   149514.911524201     
         182   155864.106992849     
         184   162475.983997998     
         186   169362.355545628     
         188   176535.448329302     
         190   184007.925107661     
         192   191792.907553001     
         194   199903.999667645     
         196   208355.311865236     
         198   217161.485816167     
         200   226337.720160290     
         202   235899.797195715     
         204   245864.110660200     
         206   256247.694731356     
         208   267068.254383883     
         210   278344.197256547     
         212   290094.667198668     
         214   302339.579685961     
         216   315099.659318564     
         218   328396.479640469     
         220   342252.505549091     
         222   356691.138596701     
         224   371736.765521247     
         226   387414.810382211     
         228   403751.790714862     
         230   420775.378149350     
         232   438514.463964908     
         234   456999.230070743     
         236   476261.225963198     
         238   496333.452393763     
         240   517250.452903277     
         242   539048.415011529     
         244   561765.283261780     
         246   585440.885382558     
         248   610117.068822996     
         250   635837.836395803     
         252   662649.457330859     
         254   690600.518495010     
         256   719741.880022573     
         258   750126.524322672     
         260   781809.351020206     
         262   814847.078848253     
         264   849298.560216930     
         266   885225.968367045     
         268   922697.438348862     
         270   961791.782779753     
         272   1002605.81960177     
         274   1045264.62041247     
         276   1089934.62226566     
         278   1136839.08199444     
         280   1186274.85378688     
         282   1238629.01463398     
         284   1294393.52401021     
         286   1354175.94552976     
         288   1418704.31802844     
         290   1488824.55222904     
         292   1565489.22865084     
         294   1649737.33800717     
         296   1742665.27078328     
         298   1845390.14758066     
         300   1959007.30083276     
         302   2084544.29198923     
         304   2222914.21279862     
         306   2374871.13640929     
         308   2540970.44528071     
         310   2721536.39055572     
         312   2916638.68001483     
         314   3126079.21546130     
         316   3349389.37951994     
         318   3585837.57783981     
         320   3834446.13568495     
         322   4094016.17087291     
         324   4363158.74143296     
         326   4640330.40077004     
         328   4923871.27421108     
         330   5212043.87573482     
         332   5503071.08289625     
         334   5795171.94967699     
         336   6086594.33086456     
         338   6375643.59120978     
         340   6660706.95710627     
         342   6940273.32291906     
         344   7212948.53913409     
         346   7477466.38099936     
         348   7732695.52409970     
         350   7977642.94013270     
         352   8211454.17675389     
         354   8433411.00552140     
         356   8642926.91783007     
         358   8839540.92625413     
         360   9022910.09336665     
         362   9192801.16659986     
         364   9349081.64996427     
         366   9491710.59455162     
         368   9620729.34203248     
         370   9736252.41047329     
         372   9838458.67081423     
         374   9927582.92587509     
         376   10003907.9720366     
         378   10067757.1967511     
         380   10119487.7425523     
         382   10159484.2499105     
         384   10188153.1767083     
         386   10205917.6808242     
         388   10213213.0438757     
         390   10210482.6081232     
         392   10198174.1944896     
         394   10176736.9672149     
         396   10146618.7095252     
         398   10108263.4745680     
         400   10062109.5764894     
         402   10008587.8877291     
         404   9948120.41018686     
         406   9881119.08975918     
         408   9807984.84573604     
         410   9729106.78861031     
         412   9644861.60192659     
         414   9555613.06584185     
         416   9461711.70206558     
         418   9363494.52178252     
         420   9261284.86004087     
         422   9155392.28192526     
         424   9046112.54764870     
         426   8933727.62551553     
         428   8818505.74355855     
         430   8700701.47256465     
         432   8580555.83520031     
         434   8458296.43804929     
         436   8334137.62558688     
         438   8208280.65743270     
         440   8080913.91262173     
         442   7952213.12706849     
         444   7822341.67280191     
         446   7691450.88982892     
         448   7559680.48352547     
         450   7427159.00211840     
         452   7294004.40995306     
         454   7160324.77267262     
         456   7026219.06999571     
         458   6891778.15030247     
         460   6757085.83858416     
         462   6622220.20536436     
         464   6487254.99889814     
         466   6352261.23629860     
         468   6217308.94130264     
         470   6082469.00733346     
         472   5947815.15460810     
         474   5813425.93963715     
         476   5679386.76504290     
         478   5545791.82774832     
         480   5412745.93492623     
         482   5280366.11037781     
         484   5148782.91001740     
         486   5018141.36468392     
         488   4888601.47237424     
         490   4760338.17088518     
         492   4633540.73583944     
         494   4508411.61616282     
         496   4385167.46574785     
         498   4264128.68421535     
         500   4147659.12975376     
