         100   1812.74114063091     
         102   4254.87238351271     
         104   7290.02390415529     
         106   10591.9778597194     
         108   13968.5006015949     
         110   17320.2885831903     
         112   20602.4380105746     
         114   23799.9526922125     
         116   26913.6712677891     
         118   29952.4581741154     
         120   32928.9375478482     
         122   35857.1947395268     
         124   38751.5661905049     
         126   41626.0309520872     
         128   44493.9338092364     
         130   47367.8893856300     
         132   50259.7828178935     
         134   53180.8196176322     
         136   56141.5982293993     
         138   59152.1906588376     
         140   62222.2233129110     
         142   65360.9540532622     
         144   68577.3436506143     
         146   71880.1210485316     
         148   75277.8425056678     
         150   78778.9450233144     
         152   82391.7946178876     
         154   86124.7300470457     
         156   89986.1025909926     
         158   93984.3124549722     
         160   98127.8423110449     
         162   102425.288446079     
         164   106885.389933466     
         166   111517.056200969     
         168   116329.393327560     
         170   121331.729368456     
         172   126533.638979948     
         174   131944.967593756     
         176   137575.855374435     
         178   143436.761182560     
         180   149538.486760956     
         182   155892.201361173     
         184   162509.467032880     
         186   169402.264810228     
         188   176583.022047102     
         190   184064.641178281     
         192   191860.530217067     
         194   199984.635343302     
         196   208451.475990868     
         198   217276.182913296     
         200   226474.539793305     
         202   236063.029071331     
         204   246058.882805123     
         206   256480.139545002     
         208   267345.708427783     
         210   278675.441970962     
         212   290490.219406623     
         214   302812.042855226     
         216   315664.149224620     
         218   329071.141435663     
         220   343059.143401751     
         222   357655.984113395     
         224   372891.417379197     
         226   388797.386065800     
         228   405408.345236837     
         230   422761.671679601     
         232   440898.214340484     
         234   459863.088217175     
         236   479706.887348388     
         238   500487.586595032     
         240   522273.499844478     
         242   545147.732597193     
         244   569214.568130614     
         246   594608.117924445     
         248   621503.323679765     
         250   650129.024262704     
         252   680782.336905307     
         254   713843.121962708     
         256   749786.897948572     
         258   789194.340547347     
         260   832755.504437507     
         262   881267.178204245     
         264   935622.300750837     
         266   996791.068823727     
         268   1065794.15512042     
         270   1143669.22833145     
         272   1231432.62088240     
         274   1330038.45055062     
         276   1440337.72463406     
         278   1563039.93136207     
         280   1698679.37595627     
         282   1847588.09521609     
         284   2009876.64555643     
         286   2185423.46960220     
         288   2373872.96546465     
         290   2574641.85952352     
         292   2786933.05256827     
         294   3009755.79017714     
         296   3241950.80709164     
         298   3482219.00658785     
         300   3729152.24572600     
         302   3981264.88708941     
         304   4237024.92624319     
         306   4494883.69085014     
         308   4753303.31323031     
         310   5010781.38712213     
         312   5265872.41891217     
         314   5517205.86458123     
         316   5763500.70027673     
         318   6003576.60381792     
         320   6236361.92593160     
         322   6460898.70471043     
         324   6676345.02701036     
         326   6881975.06934088     
         328   7077177.16169991     
         330   7261450.21428474     
         332   7434398.83243641     
         334   7595727.42261967     
         336   7745233.56438946     
         338   7882800.89241024     
         340   8008391.70051618     
         342   8122039.44796021     
         344   8223841.31746856     
         346   8313950.94624512     
         348   8392571.42513845     
         350   8459948.63806000     
         352   8516364.99351683     
         354   8562133.58275981     
         356   8597592.78441926     
         358   8623101.32340901     
         360   8639033.78209586     
         362   8645776.55400044     
         364   8643724.22436137     
         366   8633276.35750515     
         368   8614834.66788265     
         370   8588800.54963912     
         372   8555572.93848054     
         374   8515546.47920997     
         376   8469109.97247932     
         378   8416645.07490423     
         380   8358525.22761170     
         382   8295114.78943918     
         384   8226768.35230575     
         386   8153830.21766971     
         388   8076634.01442541     
         390   7995502.44003944     
         392   7910747.10815461     
         394   7822668.48728162     
         396   7731555.91653840     
         398   7637687.68567966     
         400   7541331.16787822     
         402   7442742.99487560     
         404   7342169.26521195     
         406   7239845.77727651     
         408   7135998.27989315     
         410   7030842.73407319     
         412   6924585.58043245     
         414   6817424.00758465     
         416   6709546.21758988     
         418   6601131.68525627     
         420   6492351.40876655     
         422   6383368.14972776     
         424   6274336.66132236     
         426   6165403.90377072     
         428   6056709.24679779     
         430   5948384.65922869     
         432   5840554.88621838     
         434   5733337.61494769     
         436   5626843.62989182     
         438   5521176.95898721     
         440   5416435.01218891     
         442   5312708.71402475     
         444   5210082.63181601     
         446   5108635.10124939     
         448   5008438.35095590     
         450   4909558.62768169     
         452   4812056.32352923     
         454   4715986.10660878     
         456   4621397.05627611     
         458   4528332.80394745     
         460   4436831.68028319     
         462   4346926.86932343     
         464   4258646.56994615     
         466   4172014.16480837     
         468   4087048.39672655     
         470   4003763.55225901     
         472   3922169.65207409     
         474   3842272.64752650     
         476   3764074.62272302     
         478   3687574.00124017     
         480   3612765.75656429     
         482   3539641.62525986     
         484   3468190.32184267     
         486   3398397.75434687     
         488   3330247.23964224     
         490   3263719.71771682     
         492   3198793.96544826     
         494   3135446.84654692     
         496   3073654.42518652     
         498   3013406.06931587     
         500   2954852.07616202     
