         100   1812.74114063091     
         102   4254.90072797300     
         104   7290.11772520830     
         106   10592.1937885945     
         108   13968.8937409141     
         110   17320.9046689987     
         112   20603.3142812281     
         114   23801.1226725657     
         116   26915.1700769778     
         118   29954.3270665402     
         120   32931.2275570536     
         122   35859.9697129270     
         124   38754.9055731423     
         126   41630.0326322378     
         128   44498.7172769286     
         130   47373.5994094503     
         132   50266.5938216710     
         134   53188.9409342459     
         136   56151.2804203180     
         138   59163.7331122226     
         140   62235.9833686788     
         142   65377.3579501030     
         144   68596.8996482786     
         146   71903.4351502881     
         148   75305.6372930664     
         150   78812.0822214799     
         152   82431.3021387162     
         154   86171.8344152920     
         156   90042.2678512435     
         158   94051.2868948698     
         160   98207.7146295152     
         162   102520.555360143     
         164   106999.037674130     
         166   111652.658926072     
         168   116491.232217323     
         170   121524.937127066     
         172   126764.375735856     
         174   132220.635924951     
         176   137905.364645695     
         178   143830.855028104     
         180   150010.153151923     
         182   156457.193475070     
         184   163186.976775433     
         186   170215.811265753     
         188   177561.645882601     
         190   185244.533028918     
         192   193287.263094300     
         194   201716.210294161     
         196   210562.413708802     
         198   219862.885138355     
         200   229662.086238151     
         202   240013.456167827     
         204   250980.807854616     
         206   262639.359924852     
         208   275076.146994624     
         210   288389.564587978     
         212   302687.860952382     
         214   318086.482384589     
         216   334704.299152827     
         218   352658.867862404     
         220   372061.003486869     
         222   393009.022775211     
         224   415583.068231120     
         226   439839.923371238     
         228   465808.687804925     
         230   493487.603143863     
         232   522842.220014346     
         234   553804.986108425     
         236   586276.228100828     
         238   620126.406801146     
         240   655199.452208534     
         242   691316.936743667     
         244   728282.821177189     
         246   765888.506430969     
         248   803917.941556395     
         250   842152.568966023     
         252   880375.927416235     
         254   918377.776689631     
         256   955957.651513244     
         258   992927.792981680     
         260   1029115.44157683     
         262   1064364.50559728     
         264   1098536.64197242     
         266   1131511.80315137     
         268   1163188.31454201     
         270   1193482.55260434     
         272   1222328.29507179     
         274   1249675.81281304     
         276   1275490.76843676     
         278   1299752.98067650     
         280   1322455.10654953     
         282   1343601.28581486     
         284   1363205.78479078     
         286   1381291.66944751     
         288   1397889.53108349     
         290   1413036.28195877     
         292   1426774.03306409     
         294   1439149.06176675     
         296   1450210.87337406     
         298   1460011.35764554     
         300   1468604.03890409     
         302   1476043.41657299     
         304   1482384.39162541     
         306   1487681.77350310     
         308   1491989.86147201     
         310   1495362.09407103     
         312   1497850.76021973     
         314   1499506.76563091     
         316   1500379.44838353     
         318   1500516.43781260     
         320   1499963.55123785     
         322   1498764.72345655     
         324   1496961.96434903     
         326   1494595.34037430     
         328   1491702.97615416     
         330   1488321.07275151     
         332   1484483.93963453     
         334   1480224.03767933     
         336   1475572.03089874     
         338   1470556.84489059     
         340   1465205.73027744     
         342   1459544.32966029     
         344   1453596.74683280     
         346   1447385.61720223     
         348   1440932.17853864     
         350   1434256.34132880     
         352   1427376.75814557     
         354   1420310.89156057     
         356   1413075.08022864     
         358   1405684.60285887     
         360   1398153.73986084     
         362   1390495.83251656     
         364   1382723.33958133     
         366   1374847.89126000     
         368   1366880.34054136     
         370   1358830.81190269     
         372   1350708.74742032     
         374   1342522.95034103     
         376   1334281.62618370     
         378   1325992.42145200     
         380   1317662.46004713     
         382   1309298.37747524     
         384   1300906.35294802     
         386   1292492.13947677     
         388   1284061.09206079     
         390   1275618.19407032     
         392   1267168.08192290     
         394   1258715.06814939     
         396   1250263.16294361     
         398   1241816.09428582     
         400   1233377.32672702     
         402   1224950.07891742     
         404   1216537.33995819     
         406   1208141.88465208     
         408   1199766.28772438     
         410   1191412.93708182     
         412   1183084.04617322     
         414   1174781.66551202     
         416   1166507.69341720     
         418   1158263.88602555     
         420   1150051.86662512     
         422   1141873.13435624     
         424   1133729.07232380     
         426   1125620.95516133     
         428   1117549.95608482     
         430   1109517.15347185     
         432   1101523.53699871     
         434   1093570.01336649     
         436   1085657.41164467     
         438   1077786.48825869     
         440   1069957.93164636     
         442   1062172.36660614     
         444   1054430.35835846     
         446   1046732.41634020     
         448   1039078.99775057     
         450   1031470.51086558     
         452   1023907.31813703     
         454   1016389.73909071     
         456   1008918.05303761     
         458   1001492.50161076     
         460   994113.291139566     
         462   986780.594872575     
         464   979494.555058816     
         466   972255.284897199     
         468   965062.870362685     
         470   957917.371917369     
         472   950818.826113992     
         474   943767.247098882     
         476   936762.628020824     
         478   929804.942351797     
         480   922894.145125233     
         482   916030.174096858     
         484   909212.950832956     
         486   902442.381730400     
         488   895718.358972558     
         490   889040.761424768     
         492   882409.455472999     
         494   875824.295813754     
         496   869285.126471143     
         498   862791.806633885     
         500   856347.927942843     
