         100   1812.74114063091     
         105   8922.60786954071     
         110   17321.2937289149     
         115   25369.0847055612     
         120   32932.8112219877     
         125   40196.6623152535     
         130   47377.6647387307     
         135   54670.8582741128     
         140   62246.0072967262     
         145   70254.4523836459     
         150   78836.6636309140     
         155   88128.7373146005     
         160   98267.9335656140     
         165   109397.797490732     
         170   121673.602389645     
         175   135269.253909629     
         180   150387.912908172     
         185   167281.068836131     
         190   186283.490549638     
         195   207867.131617612     
         200   232694.268704597     
         205   261614.154911135     
         210   295537.404163206     
         215   335176.257220639     
         220   380732.613516839     
         225   431671.442508949     
         230   486685.502679224     
         235   543865.210792913     
         240   601001.898662193     
         245   655918.570906253     
         250   706740.049511016     
         255   752057.677893430     
         260   790985.615719592     
         265   823132.094735251     
         270   848518.347253858     
         275   867475.400333113     
         280   880540.847906567     
         285   888368.743456082     
         290   891658.369861081     
         295   891102.616530261     
         300   887353.844641354     
         305   881003.892237852     
         310   872574.671714459     
         315   862516.168414073     
         320   851209.236124041     
         325   838971.209016740     
         330   826062.910319868     
         335   812696.096328577     
         340   799040.725111869     
         345   785231.693993965     
         350   771374.866390098     
         355   757552.325129675     
         360   743826.862134422     
         365   730245.756293988     
         370   716843.912586800     
         375   703646.443252451     
         380   690670.771312934     
         385   677928.331509276     
         390   665425.936115020     
         395   653166.864604848     
         400   641151.727703987     
         405   629379.148435524     
         410   617846.295674317     
         415   606549.299501991     
         420   595483.572333789     
         425   584644.055297114     
         430   574025.405598421     
         435   563622.137525197     
         440   553428.727199366     
         445   543439.689139727     
         450   533649.631025587     
         455   524053.291712945     
         460   514645.566479769     
         465   505421.522618618     
         470   496376.407811952     
         475   487505.653183851     
         480   478804.872493723     
         485   470269.858600134     
         490   461896.578057837     
         495   453681.163615497     
         500   445594.379875374     
