         100   1812.74114063091     
         102   4254.91292366476     
         104   7290.16555982488     
         106   10592.3135627800     
         108   13969.1220960317     
         110   17321.2726704797     
         112   20603.8475773111     
         114   23801.8445404578     
         116   26916.1049655229     
         118   29955.5036856582     
         120   32932.6813873098     
         122   35861.7451156688     
         124   38757.0577407785     
         126   41632.6295924776     
         128   44501.8421251236     
         130   47377.3529134725     
         132   50271.0975288378     
         134   53194.3409084220     
         136   56157.7517471693     
         138   59171.4853299761     
         140   62245.2670098847     
         142   65388.4724169634     
         144   68610.2026910936     
         146   71919.3542772842     
         148   75324.6835129847     
         150   78834.8666115443     
         152   82458.5558450763     
         154   86204.4328377054     
         156   90081.2599483060     
         158   94097.9307842088     
         160   98263.5209690249     
         162   102587.340411968     
         164   107078.988521287     
         166   111748.414113671     
         168   116605.982266191     
         170   121662.551155204     
         172   126929.563205442     
         174   132419.156858791     
         176   138144.308168215     
         178   144119.015234216     
         180   150358.542765290     
         182   156879.747525866     
         184   163701.505975928     
         186   170845.260139138     
         188   178335.683827836     
         190   186201.447206086     
         192   194476.024226017     
         194   203198.449044810     
         196   212413.891653858     
         198   222173.898998488     
         200   232536.144703614     
         202   243563.553903714     
         204   255322.720239930     
         206   267881.604630627     
         208   281306.589740721     
         210   295659.047098446     
         212   310991.642390243     
         214   327344.648056946     
         216   344742.544864263     
         218   363191.174834177     
         220   382675.660886753     
         222   403159.241459153     
         224   424583.090845258     
         226   446867.117786937     
         228   469911.664398944     
         230   493599.971027998     
         232   517801.233688328     
         234   542374.060264050     
         236   567170.128556797     
         238   592037.860779039     
         240   616825.951662652     
         242   641386.617099705     
         244   665578.463482549     
         246   689268.911505100     
         248   712336.139663987     
         250   734670.540342200     
         252   756175.704162257     
         254   776768.965862544     
         256   796381.557359668     
         258   814958.421334203     
         260   832457.742254668     
         262   848850.251979654     
         264   864118.364717579     
         266   878255.191905595     
         268   891263.482143549     
         270   903154.525235688     
         272   913947.053094953     
         274   923666.164090675     
         276   932342.291613229     
         278   940010.232349023     
         280   946708.245098349     
         282   952477.226965209     
         284   957359.970399974     
         286   961400.501851372     
         288   964643.500633560     
         290   967133.794975388     
         292   968915.931026063     
         294   970033.809777258     
         296   970530.386362110     
         298   970447.425947057     
         300   969825.310389790     
         302   968702.889948810     
         304   967117.374557202     
         306   965104.259481401     
         308   962697.280547328     
         310   959928.394508789     
         312   956827.780538850     
         314   953423.859230464     
         316   949743.325887620     
         318   945811.195265578     
         320   941650.855273283     
         322   937284.127479645     
         324   932731.332566600     
         326   928011.359144977     
         328   923141.734594756     
         330   918138.696810109     
         332   913017.265923182     
         334   907791.315250507     
         336   902473.640854014     
         338   897076.029236905     
         340   891609.322804817     
         342   886083.482816805     
         344   880507.649630354     
         346   874890.200111599     
         348   869238.802137677     
         350   863560.466164203     
         352   857861.593868323     
         354   852148.023908040     
         356   846425.074862416     
         358   840697.585435776     
         360   834969.952023076     
         362   829246.163743734     
         364   823529.835058208     
         366   817824.236085891     
         368   812132.320744997     
         370   806456.752835480     
         372   800799.930184862     
         374   795164.006974654     
         376   789550.914361906     
         378   783962.379506609     
         380   778399.943111391     
         382   772864.975575305     
         384   767358.691858622     
         386   761882.165150586     
         388   756436.339427029     
         390   751022.040979756     
         392   745639.988994695     
         394   740290.805250983     
         396   734975.023008525     
         398   729693.095147069     
         400   724445.401615560     
         402   719232.256246444     
         404   714053.912985715     
         406   708910.571585811     
         408   703802.382805037     
         410   698729.453153887     
         412   693691.849225639     
         414   688689.601645685     
         416   683722.708671437     
         418   678791.139472120     
         420   673894.837115474     
         422   669033.721286224     
         424   664207.690759189     
         426   659416.625648026     
         428   654660.389448927     
         430   649938.830896979     
         432   645251.785651430     
         434   640599.077824785     
         436   635980.521369376     
         438   631395.921333915     
         440   626845.075001505     
         442   622327.772919570     
         444   617843.799831325     
         446   613392.935517532     
         448   608974.955556586     
         450   604589.632010245     
         452   600236.734041705     
         454   595916.028472146     
         456   591627.280281301     
         458   587370.253057197     
         460   583144.709399650     
         462   578950.411281810     
         464   574787.120373601     
         466   570654.598330569     
         468   566552.607051375     
         470   562480.908906838     
         472   558439.266943211     
         474   554427.445062090     
         476   550445.208179206     
         478   546492.322364063     
         480   542568.554962290     
         482   538673.674702340     
         484   534807.451788067     
         486   530969.657978547     
         488   527160.066656383     
         490   523378.452885640     
         492   519624.593460431     
         494   515898.266945082     
         496   512199.253707256     
         498   508527.336396654     
         500   504882.677000969     
