         100   1812.74114063091     
         102   4254.91321633274     
         104   7290.16798187595     
         106   10592.3207678707     
         108   13969.1368022183     
         110   17321.2971947493     
         112   20603.8838314343     
         114   23801.8942491626     
         116   26916.1699266076     
         118   29955.5859990146     
         120   32932.7836418062     
         122   35861.8705464145     
         124   38757.2103741789     
         126   41632.8143948420     
         128   44502.0651677652     
         130   47377.6215650870     
         132   50271.4206848597     
         134   53194.7292669725     
         136   56158.2181419656     
         138   59172.0451320558     
         140   62245.9386121592     
         142   65389.2778184825     
         144   68611.1682015624     
         146   71920.5113669906     
         148   75326.0698391045     
         150   78836.5272591330     
         152   82460.5448303961     
         154   86206.8149335416     
         156   90084.1129065561     
         158   94101.3480516882     
         160   98267.6150203078     
         162   102592.246861654     
         164   107084.871233005     
         166   111755.471603405     
         168   116614.455816016     
         170   121672.735224349     
         172   126941.818952731     
         174   132433.929839458     
         176   138162.151415412     
         178   144140.618700665     
         180   150384.768989598     
         182   156911.670702785     
         184   163740.446584661     
         186   170892.799382307     
         188   178393.631461501     
         190   186271.724035508     
         192   194560.408940537     
         194   203298.131481143     
         196   212528.774627892     
         198   222301.601471481     
         200   232670.681503059     
         202   243693.700377380     
         204   255430.110465423     
         206   267938.653563787     
         208   281274.366512583     
         210   295485.252530079     
         212   310608.854268349     
         214   326668.990794934     
         216   343672.916527264     
         218   361609.127180261     
         220   380445.981809842     
         222   400131.239541229     
         224   420592.534054544     
         226   441738.737264647     
         228   463462.103004560     
         230   485641.036589098     
         232   508143.308994513     
         234   530829.524808913     
         236   553556.659050113     
         238   576181.496210373     
         240   598563.831731600     
         242   620569.327795789     
         244   642071.948476572     
         246   662955.931209342     
         248   683117.280203469     
         250   702464.791574358     
         252   720920.639001855     
         254   738420.562543415     
         256   754913.712159934     
         258   770362.202126285     
         260   784740.433519596     
         262   798034.240179058     
         264   810239.909663633     
         266   821363.125483013     
         268   831417.870830807     
         270   840425.327687997     
         272   848412.798861158     
         274   855412.674545655     
         276   861461.459541635     
         278   866598.872409397     
         280   870867.023680313     
         282   874309.676744865     
         284   876971.592192877     
         286   878897.954133548     
         288   880133.875311837     
         290   880723.976594778     
         292   880712.035556427     
         294   880140.698376071     
         296   879051.249018430     
         298   877483.429630461     
         300   875475.306217494     
         302   873063.173909291     
         304   870281.496458623     
         306   867162.875001587     
         308   863738.041526692     
         310   860035.872929954     
         312   856083.421961712     
         314   851905.961786935     
         316   847527.041276878     
         318   842968.548521031     
         320   838250.780391194     
         322   833392.516302729     
         324   828411.094601173     
         326   823322.490255931     
         328   818141.392767972     
         330   812881.283396740     
         332   807554.510984882     
         334   802172.365809833     
         336   796745.151020826     
         338   791282.251330666     
         340   785792.198725513     
         342   780282.735034950     
         344   774760.871270467     
         346   769232.943694882     
         348   763704.666629546     
         350   758181.182041962     
         352   752667.105984671     
         354   747166.571978291     
         356   741683.271448112     
         358   736220.491335729     
         360   730781.149015482     
         362   725367.824650530     
         364   719982.791125995     
         366   714628.041697009     
         368   709305.315488241     
         370   704016.120978915     
         372   698761.757603686     
         374   693543.335595329     
         376   688361.794190191     
         378   683217.918311987     
         380   678112.353843834     
         382   673045.621592664     
         384   668018.130044291     
         386   663030.187001648     
         388   658082.010192963     
         390   653173.736931157     
         392   648305.432900292     
         394   643477.100139811     
         396   638688.684292310     
         398   633940.081175904     
         400   629231.142737810     
         402   624561.682441511     
         404   619931.480135954     
         406   615340.286451459     
         408   610787.826763583     
         410   606273.804762878     
         412   601797.905665481     
         414   597359.799096618     
         416   592959.141676505     
         418   588595.579335681     
         420   584268.749384540     
         422   579978.282359777     
         424   575723.803668497     
         426   571504.935048994     
         428   567321.295865536     
         430   563172.504253019     
         432   559058.178125931     
         434   554977.936064817     
         436   550931.398092256     
         438   546918.186349290     
         440   542937.925682250     
         442   538990.244149054     
         444   535074.773453172     
         446   531191.149312764     
         448   527339.011771745     
         450   523518.005458949     
         452   519727.779800957     
         454   515967.989193640     
         456   512238.293136993     
         458   508538.356337389     
         460   504867.848780989     
         462   501226.445781690     
         464   497613.828006647     
         466   494029.681482107     
         468   490473.697582051     
         470   486945.573001835     
         472   483445.009718855     
         474   479971.714942021     
         476   476525.401051642     
         478   473105.785531179     
         480   469712.590892141     
         482   466345.544593281     
         484   463004.378955127     
         486   459688.831070741     
         488   456398.642713543     
         490   453133.560242896     
         492   449893.334508108     
         494   446677.720751401     
         496   443486.478510336     
         498   440319.371392489     
         500   437171.831276742     
