         100   1812.74114063091     
         102   4254.91004776553     
         104   7290.15318593424     
         106   10592.2813807871     
         108   13969.0595668938     
         110   17321.1707957734     
         112   20603.6988955292     
         114   23801.6422655038     
         116   26915.8419675288     
         118   29955.1715962171     
         120   32932.2698696711     
         122   35861.2412492919     
         124   38756.4454513488     
         126   41631.8890654121     
         128   44500.9491518411     
         130   47376.2781281733     
         132   50269.8054977487     
         134   53192.7890337248     
         136   56155.8889447980     
         138   59169.2504345973     
         140   62242.5868518699     
         142   65385.2595049412     
         144   68606.3524193796     
         146   71914.7415595486     
         148   75319.1587210241     
         150   78828.2506697494     
         152   82450.6342953897     
         154   86194.9486441496     
         156   90069.9047511250     
         158   94084.3342363342     
         160   98247.2376844407     
         162   102567.833914667     
         164   107055.611384939     
         166   111720.383191545     
         168   116572.347469564     
         170   121622.155552248     
         172   126880.991149432     
         174   132360.665275229     
         176   138073.733986665     
         178   144033.649479633     
         180   150254.959825090     
         182   156753.578199251     
         184   163547.147557074     
         186   170655.528883485     
         188   178101.437046243     
         190   185911.234320874     
         192   194115.865515244     
         194   202751.880703180     
         196   211862.446175177     
         198   221498.199528228     
         200   231717.771573759     
         202   242587.786634741     
         204   254182.171474390     
         206   266580.653662524     
         208   279866.408111258     
         210   294122.905258727     
         212   309430.111578769     
         214   325860.277611833     
         216   343473.607732419     
         218   362314.131230217     
         220   382406.083604739     
         222   403751.063491900     
         224   426326.161997042     
         226   450083.177633039     
         228   474948.942424921     
         230   500826.702867986     
         232   527598.430913619     
         234   555127.889792363     
         236   583264.249197962     
         238   611846.033591323     
         240   640705.193708031     
         242   669671.111164926     
         244   698574.375255128     
         246   727250.205541408     
         248   755541.430095534     
         250   783300.964262095     
         252   810393.766507442     
         254   836698.274877815     
         256   862107.349151905     
         258   886528.759807941     
         260   909885.275727875     
         262   932114.408705231     
         264   953167.875041567     
         266   973010.833603123     
         268   991620.956444989     
         270   1008987.38321291     
         272   1025109.60462745     
         274   1039996.31395887     
         276   1053664.25892240     
         278   1066137.12016717     
         280   1077444.43671233     
         282   1087620.59343571     
         284   1096703.88111766     
         286   1104735.63560808     
         288   1111759.45940618     
         290   1117820.52628232     
         292   1122964.96747484     
         294   1127239.33639923     
         296   1130690.14764564     
         298   1133363.48524726     
         300   1135304.67471377     
         302   1136558.01308300     
         304   1137166.55119900     
         306   1137171.92252934     
         308   1136614.21305227     
         310   1135531.86704028     
         312   1133961.62391606     
         314   1131938.48173713     
         316   1129495.68325959     
         318   1126664.72092636     
         320   1123475.35751172     
         322   1119955.65952303     
         324   1116132.04080958     
         326   1112029.31415238     
         328   1107670.74890685     
         330   1103078.13304182     
         332   1098271.83816312     
         334   1093270.88632942     
         336   1088093.01766252     
         338   1082754.75792651     
         340   1077271.48540060     
         342   1071657.49650162     
         344   1065926.06972594     
         346   1060089.52757773     
         348   1054159.29623404     
         350   1048145.96276770     
         352   1042059.32980856     
         354   1035908.46757288     
         356   1029701.76323223     
         358   1023446.96762633     
         360   1017151.23935155     
         362   1010821.18627856     
         364   1004462.90456925     
         366   998082.015275867     
         368   991683.698615157     
         370   985272.726016365     
         372   978853.490046676     
         374   972430.032319686     
         376   966006.069493326     
         378   959585.017462988     
         380   953170.013854009     
         382   946763.938915211     
         384   940369.434912114     
         386   933988.924114902     
         388   927624.625472347     
         390   921278.570058822     
         392   914952.615377230     
         394   908648.458596478     
         396   902367.648797741     
         398   896111.598299565     
         400   889881.593127676     
         402   883678.802691329     
         404   877504.288724093     
         406   871359.013543246     
         408   865243.847678313     
         410   859159.576915930     
         412   853106.908804868     
         414   847086.478662080     
         416   841098.855117667     
         418   835144.545233962     
         420   829223.999231349     
         422   823337.614851082     
         424   817485.741383055     
         426   811668.683384452     
         428   805886.704113200     
         430   800140.028698368     
         432   794428.847067937     
         434   788753.316652821     
         436   783113.564884545     
         438   777509.691502653     
         440   771941.770686654     
         442   766409.853026164     
         444   760913.967341843     
         446   755454.122368718     
         448   750030.308312600     
         450   744642.498289406     
         452   739290.649656504     
         454   733974.705244395     
         456   728694.594496449     
         458   723450.234523761     
         460   718241.531081672     
         462   713068.379473941     
         464   707930.665390115     
         466   702828.265681175     
         468   697761.049078178     
         470   692728.876858165     
         472   687731.603461377     
         474   682769.077063378     
         476   677841.140105527     
         478   672947.629786853     
         480   668088.378520227     
         482   663263.214355471     
         484   658471.961371838     
         486   653714.440042089     
         488   648990.467570274     
         490   644299.858205068     
         492   639642.423530471     
         494   635017.972735533     
         496   630426.312876016     
         498   625867.252696923     
         500   621342.027176191     
