         100   1812.74114063091     
         105   8922.57714243684     
         110   17321.1727421343     
         115   25368.8350868926     
         120   32932.4002866697     
         125   40196.0352754551     
         130   47376.7272272425     
         135   54669.4573365684     
         140   62243.9025004990     
         145   70251.2696410307     
         150   78831.8213911134     
         155   88121.3282454795     
         160   98256.5327900338     
         165   109380.145161800     
         170   121646.057741489     
         175   135225.792510823     
         180   150318.137121485     
         185   167166.225911398     
         190   186089.708722784     
         195   207538.468276639     
         200   232156.163807214     
         205   260804.406096698     
         210   294474.269552182     
         215   334048.887371014     
         220   379975.187546252     
         225   431981.111732291     
         230   488968.311621698     
         235   549125.839398289     
         240   610212.631963886     
         245   669903.403635772     
         250   726096.971897016     
         255   777125.900414436     
         260   821851.656600736     
         265   859662.979522625     
         270   890408.861450480     
         275   914298.780932399     
         280   931795.768821823     
         285   943518.741921397     
         290   950162.373630016     
         295   952436.853228360     
         300   951026.282350394     
         305   946562.691560310     
         310   939612.129634678     
         315   930669.461025876     
         320   920159.026331489     
         325   908438.939111256     
         330   895807.379723400     
         335   882509.744136238     
         340   868745.896650539     
         345   854677.066229032     
         350   840432.132367045     
         355   826113.186222362     
         360   811800.342865924     
         365   797555.835094471     
         370   783427.449297177     
         375   769451.377643816     
         380   755654.564307258     
         385   742056.620692818     
         390   728671.378520083     
         395   715508.141916242     
         400   702572.691578531     
         405   689868.086225846     
         410   677395.299354793     
         415   665153.722912904     
         420   653141.563946871     
         425   641356.155549363     
         430   629794.199447819     
         435   618451.954268355     
         440   607325.380778587     
         445   596410.253178781     
         450   585702.243692308     
         455   575196.986233904     
         460   564890.123746924     
         465   554777.342847008     
         470   544854.398645918     
         475   535117.132019593     
         480   525561.481099078     
         485   516183.488377385     
         490   506979.304519861     
         495   497945.189723510     
         500   489077.513785105     
 
