         100   1812.74114063091     
         105   8922.42625632277     
         110   17320.3754976129     
         115   25366.9880064679     
         120   32929.0966543119     
         125   40190.6031114151     
         130   47368.0300453843     
         135   54655.6600464016     
         140   62222.1136229661     
         145   70216.9738028341     
         150   78777.9814894646     
         155   88036.9664424814     
         160   98124.4791929938     
         165   109173.435214948     
         170   121322.078504371     
         175   134716.501791295     
         180   149512.894238527     
         185   165879.637013471     
         190   183999.330819042     
         195   204070.813048976     
         200   226311.201596229     
         205   250957.983881725     
         210   278271.149867863     
         215   308535.342613144     
         220   342061.963818257     
         225   379191.116453540     
         230   420293.178589018     
         235   465769.672167080     
         240   516052.979204690     
         245   571604.480997210     
         250   632909.781532166     
         255   700463.595805818     
         260   774727.588331776     
         265   856064.099305161     
         270   944727.224141164     
         275   1041033.81181611     
         280   1145659.39064328     
         285   1259683.83144675     
         290   1383973.63448389     
         295   1517901.03268586     
         300   1658126.68330317     
         305   1798130.96941802     
         310   1929254.46146791     
         315   2042213.03717858     
         320   2129400.42141163     
         325   2185368.68097914     
         330   2207926.43246066     
         335   2198194.87967009     
         340   2159823.52477430     
         345   2097973.74468426     
         350   2018398.31047827     
         355   1926741.40303283     
         360   1828083.84717797     
         365   1726700.74336517     
         370   1625978.56350082     
         375   1528439.70742088     
         380   1435831.59670800     
         385   1349247.93749196     
         390   1269259.32619359     
         395   1196038.28757531     
         400   1129470.08641661     
         405   1069245.33309723     
         410   1014933.65517756     
         415   966039.741519623     
         420   922044.142325070     
         425   882431.599531704     
         430   846709.633106817     
         435   814419.816084631     
         440   785143.774622165     
         445   758505.537878645     
         450   734171.485287027     
         455   711848.816997035     
         460   691283.210463340     
         465   672256.115932982     
         470   654581.975188436     
         475   638105.510296462     
         480   622699.114128881     
         485   608260.281533120     
         490   594709.046846061     
         495   581981.417593568     
         500   570052.397348046     
 
