         100   1812.74114063091     
         105   8922.42704728148     
         110   17320.3796829883     
         115   25366.9977210639     
         120   32929.1140592200     
         125   40190.6317646700     
         130   47368.0759463844     
         135   54655.7328604315     
         140   62222.2285432212     
         145   70217.1544836202     
         150   78778.2646425438     
         155   88037.4090029366     
         160   98125.1694653483     
         165   109174.510194911     
         170   121323.750787493     
         175   134719.101362676     
         180   149516.933350637     
         185   165885.910858302     
         190   184009.073634175     
         195   204085.939946275     
         200   226334.682682128     
         205   250994.421959036     
         210   278327.670171302     
         215   308622.958030780     
         220   342197.658490103     
         225   379401.002903068     
         230   420617.251580412     
         235   466268.950717906     
         240   516819.843253498     
         245   572774.452186862     
         250   634665.442548305     
         255   703024.183859071     
         260   778373.164308156     
         265   861331.831944701     
         270   952853.009183746     
         275   1054357.24502872     
         280   1167371.12048687     
         285   1292512.58768016     
         290   1428222.21172088     
         295   1569919.55777900     
         300   1710318.52303811     
         305   1840484.98090943     
         310   1951953.52021525     
         315   2037540.17714755     
         320   2092579.94264903     
         325   2115587.99216003     
         330   2108013.11011896     
         335   2073505.61623820     
         340   2017012.16197036     
         345   1943951.01612439     
         350   1859587.16587028     
         355   1768629.15879736     
         360   1675019.44385683     
         365   1581870.10085299     
         370   1491495.28287696     
         375   1405499.90730034     
         380   1324894.56096858     
         385   1250216.16555553     
         390   1181641.66867411     
         395   1119087.80166200     
         400   1062294.01373034     
         405   1010888.36813821     
         410   964437.781316962     
         415   922484.787427055     
         420   884573.268667887     
         425   850265.510142221     
         430   819152.672412409     
         435   790860.433591895     
         440   765051.204767154     
         445   741424.006168101     
         450   719712.823917888     
         455   699684.051964320     
         460   681133.456808521     
         465   663882.976140860     
         470   647777.567624781     
         475   632682.252424566     
         480   618479.442487703     
         485   605066.595873467     
         490   592354.260814511     
         495   580263.205317619     
         500   568723.840759584     
 
