         100   1812.74114063091     
         105   8922.58391217884     
         110   17321.2079452019     
         115   25368.9150509883     
         120   32932.5405788569     
         125   40196.2624852856     
         130   47377.0874538605     
         135   54670.0259020513     
         140   62244.7988779138     
         145   70252.6813925742     
         150   78834.0425192088     
         155   88124.8208045936     
         160   98262.0269440933     
         165   109388.805115355     
         170   121659.767796732     
         175   135247.686044405     
         180   150353.670594620     
         185   167225.455094077     
         190   186191.651606249     
         195   207717.322974174     
         200   232465.498951816     
         205   261311.401819197     
         210   295237.674371886     
         215   335084.245648495     
         220   381222.171412618     
         225   433290.102379997     
         230   490114.312298223     
         235   549844.625055752     
         240   610245.552590635     
         245   669036.794693370     
         250   724187.339962998     
         255   774108.601298559     
         260   817735.978310278     
         265   854518.342245901     
         270   884347.228553570     
         275   907457.138010940     
         280   924321.033639891     
         285   935556.153548117     
         290   941847.480223849     
         295   943890.679710973     
         300   942353.025490608     
         305   937849.255124931     
         310   930928.886247137     
         315   922071.746622864     
         320   911688.998854272     
         325   900127.545229970     
         330   887676.264083674     
         335   874573.003959509     
         340   861011.633074476     
         345   847148.716362437     
         350   833109.586541689     
         355   818993.706753132     
         360   804879.306509369     
         365   790827.323389219     
         370   776884.710569654     
         375   763087.182704995     
         380   749461.475442285     
         385   736027.190897339     
         390   722798.295332341     
         395   709784.327782125     
         400   696991.370539684     
         405   684422.824862326     
         410   672080.028338109     
         415   659962.744211229     
         420   648069.547642830     
         425   636398.129350792     
         430   624945.533262722     
         435   613708.341648789     
         440   602682.818589344     
         445   591865.020493904     
         450   581250.880647336     
         455   570836.273348899     
         460   560617.062072212     
         465   550589.135159753     
         470   540748.431832752     
         475   531090.960711883     
         480   521612.812577452     
         485   512310.168726748     
         490   503179.305991804     
         495   494216.599247676     
         500   485418.522057185     
 
