         100   1812.74114063091     
         105   8922.52085798943     
         110   17320.8756386193     
         115   25368.1475628903     
         120   32931.1719376510     
         125   40194.0170211410     
         130   47373.4969913763     
         135   54664.3326041191     
         140   62235.8062419400     
         145   70238.5167184578     
         150   78811.7785920869     
         155   88089.8723236450     
         160   98207.1797752152     
         165   109302.630745172     
         170   121523.961749331     
         175   135032.370064443     
         180   150008.405239297     
         185   166660.682578503     
         190   185240.867530507     
         195   206071.626150222     
         200   229595.135520549     
         205   256436.812727031     
         210   287443.806909916     
         215   323623.392192846     
         220   365925.109079076     
         225   414900.490075287     
         230   470373.059497726     
         235   531272.242940190     
         240   595709.080799903     
         245   661259.569341033     
         250   725346.052346400     
         255   785597.341079345     
         260   840108.380703477     
         265   887564.747112951     
         270   927256.627688639     
         275   959009.490527535     
         280   983071.442299714     
         285   999988.780336377     
         290   1010490.59045768     
         295   1015393.31728683     
         300   1015528.80987529     
         305   1011694.70808700     
         310   1004623.69044322     
         315   994967.336414359     
         320   983290.516636493     
         325   970072.833801810     
         330   955714.388112251     
         335   940543.863206597     
         340   924827.542678159     
         345   908778.350594102     
         350   892564.368157326     
         355   876316.532013693     
         360   860135.390249670     
         365   844096.900953829     
         370   828257.323021580     
         375   812657.283516323     
         380   797325.120688310     
         385   782279.604100180     
         390   767532.128346787     
         395   753088.468025160     
         400   738950.171129739     
         405   725115.657291132     
         410   711581.077039910     
         415   698340.978977836     
         420   685388.823552831     
         425   672717.375089051     
         430   660318.997762846     
         435   648185.876238872     
         440   636310.177569465     
         445   624684.167593649     
         450   613300.292335133     
         455   602151.232687301     
         460   591229.938896472     
         465   580529.649933996     
         470   570043.901716855     
         475   559766.527239949     
         480   549691.650975359     
         485   539813.679337123     
         490   530127.288573769     
         495   520627.411095973     
         500   511309.239157734     
 
