         100   1812.74114063091     
         105   8922.51921712405     
         110   17320.8667450408     
         115   25368.1263259603     
         120   32931.1328649263     
         125   40193.9513685533     
         130   47373.3903959142     
         135   54664.1621756237     
         140   62235.5361141346     
         145   70238.0910201608     
         150   78811.1103463388     
         155   88088.8259014062     
         160   98205.5430236804     
         165   109300.070305210     
         170   121519.950342168     
         175   135026.065123911     
         180   149998.436821098     
         185   166644.753861603     
         190   185214.943546945     
         195   206028.296843121     
         200   229520.780892777     
         205   256308.110747635     
         210   287226.004585747     
         215   323273.936946252     
         220   365404.404532940     
         225   414187.035085471     
         230   469476.617635387     
         235   530239.067182502     
         240   594617.112277490     
         245   660205.932248113     
         250   724431.539314440     
         255   784912.475947244     
         260   839723.755333198     
         265   887526.154047748     
         270   927584.966889919     
         275   959703.647785930     
         280   984112.820151009     
         285   1001346.31490852     
         290   1012125.46935130     
         295   1017262.96995790     
         300   1017590.01181936     
         305   1013905.81407020     
         310   1006946.10600488     
         315   997366.374279467     
         320   985735.787163745     
         325   972538.302602359     
         330   958178.210473484     
         335   942988.080451321     
         340   927237.703441190     
         345   911143.101566977     
         350   894875.044355876     
         355   878566.765705515     
         360   862320.749752831     
         365   846214.564960280     
         370   830305.792340900     
         375   814636.129702377     
         380   799234.769526343     
         385   784121.151107086     
         390   769307.183059388     
         395   754799.023766016     
         400   740598.497038062     
         405   726704.209611940     
         410   713112.426926478     
         415   699817.754346828     
         420   686813.662816665     
         425   674092.890862847     
         430   661647.748896431     
         435   649470.346754012     
         440   637552.761287723     
         445   625887.157421393     
         450   614465.873330462     
         455   603281.478170887     
         460   592326.808986453     
         465   581594.991986189     
         470   571079.452237579     
         475   560773.914911684     
         480   550672.400496926     
         485   540769.215831803     
         490   531058.942362243     
         495   521536.422681913     
         500   512196.746143452     
 
