         100   1812.74114063091     
         105   8922.43166174477     
         110   17320.4041000881     
         115   25367.0543922336     
         120   32929.2155861732     
         125   40190.7988963614     
         130   47368.3436722323     
         135   54656.1575544577     
         140   62222.8988292371     
         145   70218.2083549967     
         150   78779.9162980692     
         155   88039.9907047041     
         160   98129.1966899808     
         165   109180.782977910     
         170   121333.511366750     
         175   134734.279460376     
         180   149540.527973695     
         185   165922.584948814     
         190   184066.080992543     
         195   204174.571777290     
         200   226472.528818204     
         205   251208.913922438     
         210   278661.650789679     
         215   309143.471687327     
         220   343009.872343791     
         225   380670.335409822     
         230   422605.356642793     
         235   469396.974184125     
         240   521790.316834262     
         245   580798.296917526     
         250   647797.813828399     
         255   724452.268111237     
         260   812265.460444502     
         265   911761.586506010     
         270   1021607.72425886     
         275   1138177.19517991     
         280   1255917.72897230     
         285   1368315.32828646     
         290   1468735.10062746     
         295   1551702.15073832     
         300   1613632.32409200     
         305   1653069.73413033     
         310   1670501.34810916     
         315   1667909.14194613     
         320   1648228.32720480     
         325   1614837.42020442     
         330   1571150.40265869     
         335   1520334.26861817     
         340   1465144.05922293     
         345   1407852.05610140     
         350   1350243.67358723     
         355   1293655.03832244     
         360   1239032.51166089     
         365   1187000.14298483     
         370   1137926.05893536     
         375   1091982.66949171     
         380   1049198.30445561     
         385   1009499.66833558     
         390   972745.552912339     
         395   938752.792484634     
         400   907315.662097650     
         405   878219.933499269     
         410   851252.707196960     
         415   826208.991025201     
         420   802895.832801206     
         425   781134.658035239     
         430   760762.323994343     
         435   741631.282884182     
         440   723609.149843510     
         445   706577.894102658     
         450   690432.811381099     
         455   675081.389494941     
         460   660442.144465422     
         465   646443.478744970     
         470   633022.594476206     
         475   620124.481312734     
         480   607700.988921156     
         485   595709.987583072     
         490   584114.624029957     
         495   572882.588416551     
         500   561984.482205534     
 
