         100   1812.74114063091     
         105   8922.34168723539     
         110   17320.1417146839     
         115   25366.5856872279     
         120   32928.5254165045     
         125   40189.8602137082     
         130   47367.1063943700     
         135   54654.5409730289     
         140   62220.7812765935     
         145   70215.4109943960     
         150   78776.1778688091     
         155   88034.9286516900     
         160   98122.2476147876     
         165   109171.111428147     
         170   121319.869896844     
         175   134714.793444965     
         180   149512.363928379     
         185   165881.438095878     
         190   184005.381694982     
         195   204084.253514155     
         200   226337.109961105     
         205   251004.500763859     
         210   278351.234976243     
         215   308669.514675880     
         220   342282.562814003     
         225   379548.913086450     
         230   420867.623634724     
         235   466685.095348062     
         240   517505.191033597     
         245   573902.114051514     
         250   636515.510751089     
         255   705968.730442396     
         260   782680.382888476     
         265   866772.256075515     
         270   958605.338049456     
         275   1060426.80265384     
         280   1178889.67018993     
         285   1327266.94546189     
         290   1525856.81440980     
         295   1799700.62802493     
         300   2173902.96136313     
         305   2667887.03857710     
         310   3290375.59109810     
         315   4036611.71190442     
         320   4888492.98278675     
         325   5817297.23914050     
         330   6787971.05314492     
         335   7763753.34050688     
         340   8710147.41232106     
         345   9597702.99610135     
         350   10403501.1061943     
         355   11111526.3082528     
         360   11712242.4925698     
         365   12201698.3638116     
         370   12580431.6163365     
         375   12852360.7517754     
         380   13023777.9806222     
         385   13102497.7496178     
         390   13097175.4346656     
         395   13016786.9898744     
         400   12870248.5797598     
         405   12666151.3236427     
         410   12412586.9847112     
         415   12117043.4487047     
         420   11786352.6913814     
         425   11426677.7674277     
         430   11043528.7064412     
         435   10641799.8640577     
         440   10225823.1873476     
         445   9799433.04249883     
         450   9366038.80693563     
         455   8928701.47559935     
         460   8490210.22956688     
         465   8053154.44299574     
         470   7619986.15785955     
         475   7193067.85176442     
         480   6774700.60306583     
         485   6367128.91250167     
         490   5972528.23735938     
         495   5593314.90139029     
         500   5245307.34349254     
