         100   1812.74114063091     
         105   8922.64875648203     
         110   17321.3460403379     
         115   25369.1033162252     
         120   32932.7394855834     
         125   40196.4079162425     
         130   47377.0735350099     
         135   54669.6802019523     
         140   62243.8433025938     
         145   70250.6695985356     
         150   78830.2596839117     
         155   88118.1223687240     
         160   98250.5763349196     
         165   109369.638804297     
         170   121628.048647905     
         175   135195.344921220     
         180   150266.774916896     
         185   167079.234120340     
         190   185943.421234181     
         195   207305.396010070     
         200   231839.485390831     
         205   260533.544990333     
         210   294677.641363072     
         215   335670.789863206     
         220   384651.930848354     
         225   442082.887882941     
         230   507461.406882527     
         235   579282.798719616     
         240   655251.267539321     
         245   732646.667426307     
         250   808721.410894599     
         255   881027.734523546     
         260   947625.572657366     
         265   1007167.37947389     
         270   1058884.76425295     
         275   1102512.11620013     
         280   1138180.17717365     
         285   1166304.34253791     
         290   1187483.15378047     
         295   1202414.57853068     
         300   1211832.12925613     
         305   1216459.54476657     
         310   1216981.13661398     
         315   1214024.41123820     
         320   1208151.73903855     
         325   1199858.31269825     
         330   1189574.20481818     
         335   1177668.88047140     
         340   1164456.98859633     
         345   1150204.63036674     
         350   1135135.58642622     
         355   1119437.19095203     
         360   1103265.68440350     
         365   1086750.97331903     
         370   1070000.78732030     
         375   1053104.26069704     
         380   1036134.98631543     
         385   1019153.59881381     
         390   1002209.94618867     
         395   985344.906758199     
         400   968591.904028110     
         405   951978.166425769     
         410   935525.773002316     
         415   919252.520500475     
         420   903172.641910020     
         425   887297.401907230     
         430   871635.590437545     
         435   856193.932138828     
         440   840977.426274594     
         445   825989.629297104     
         450   811232.890029689     
         455   796708.545687578     
         460   782417.085492140     
         465   768358.287426020     
         470   754531.332682341     
         475   740934.901542078     
         480   727567.253735729     
         485   714426.295783767     
         490   701509.638147462     
         495   688814.783853824     
         500   676369.527594291     
