         100   1812.74114063091     
         105   8922.67162628400     
         110   17321.4566322592     
         115   25369.3518000526     
         120   32933.1746006968     
         125   40197.1103943625     
         130   47378.1806271932     
         135   54671.4140911049     
         140   62246.5546024235     
         145   70254.9067998041     
         150   78836.8800668910     
         155   88128.4697020387     
         160   98266.7685563342     
         165   109395.042968586     
         170   121668.093310412     
         175   135258.998600352     
         180   150369.452085689     
         185   167248.571995170     
         190   186228.838329823     
         195   207785.943100100     
         200   232608.365614830     
         205   261622.016842923     
         210   295892.641849812     
         215   336372.285869604     
         220   383555.856025347     
         225   437190.821027153     
         230   496170.880314888     
         235   558655.422350197     
         240   622358.430499151     
         245   684899.410291890     
         250   744115.355272691     
         255   798273.402455824     
         260   846169.249566781     
         265   887128.506973668     
         270   920942.536291272     
         275   947770.936432200     
         280   968036.031102615     
         285   982325.750895735     
         290   991313.289530809     
         295   995696.079418188     
         300   996153.048561045     
         305   993317.332603829     
         310   987761.042464498     
         315   979988.823663988     
         320   970437.420948673     
         325   959479.047777404     
         330   947426.924847575     
         335   934541.834891896     
         340   921038.924271218     
         345   907094.269556576     
         350   892850.933393765     
         355   878424.375306868     
         360   863907.175668580     
         365   849373.088357060     
         370   834880.470327684     
         375   820475.152523355     
         380   806192.822093787     
         385   792060.984918479     
         390   778100.572746129     
         395   764327.252736233     
         400   750752.490002480     
         405   737384.406631872     
         410   724228.473995086     
         415   711288.069174748     
         420   698564.921092433     
         425   686059.467408163     
         430   673771.139450121     
         435   661698.589237775     
         440   649839.870011372     
         445   638192.579497954     
         450   626753.973356742     
         455   615521.054790285     
         460   604490.645125661     
         465   593659.439213624     
         470   583024.048721854     
         475   572581.035776993     
         480   562326.938910573     
         485   552258.292862610     
         490   542371.643514642     
         495   532663.579308753     
         500   523141.286581554     
