         100   1812.74114063091     
         105   8922.67432347321     
         110   17321.4749659964     
         115   25369.3956897719     
         120   32933.2534720508     
         125   40197.2397920655     
         130   47378.3870339096     
         135   54671.7404743619     
         140   62247.0688980583     
         145   70255.7154695158     
         150   78838.1497891987     
         155   88130.4622123138     
         160   98269.8972619191     
         165   109399.966962859     
         170   121675.879424113     
         175   135271.415868119     
         180   150389.518544270     
         185   167281.423392086     
         190   186282.240009845     
         195   207867.257630580     
         200   232710.776507573     
         205   261691.567941847     
         210   295775.148468027     
         215   335754.369622295     
         220   381926.025573668     
         225   433843.551186410     
         230   490259.738559125     
         235   549281.730994588     
         240   608670.844417127     
         245   666180.485603748     
         250   719839.906913986     
         255   768134.161597785     
         260   810073.653542560     
         265   845174.802223314     
         270   873384.223973330     
         275   894977.259589039     
         280   910453.979341055     
         285   920446.824089538     
         290   925646.459246033     
         295   926747.141051629     
         300   924409.817281840     
         305   919239.780955003     
         310   911775.378942004     
         315   902484.563703298     
         320   891766.628175149     
         325   879957.074892121     
         330   867334.131723146     
         335   854125.892233112     
         340   840517.419376044     
         345   826657.416179657     
         350   812664.252863281     
         355   798631.264230666     
         360   784631.310235128     
         365   770720.639506595     
         370   756942.120556197     
         375   743327.915883144     
         380   729901.675691202     
         385   716680.324104359     
         390   703675.504148047     
         395   690894.739945540     
         400   678342.366565776     
         405   666020.270328875     
         410   653928.475433836     
         415   642065.606648650     
         420   630429.252518295     
         425   619016.249060564     
         430   607822.900161120     
         435   596845.147761594     
         440   586078.702369699     
         445   575519.142324494     
         450   565161.988546900     
         455   555002.760128178     
         460   545037.014999572     
         465   535260.379035572     
         470   525668.566230194     
         475   516257.392016108     
         480   507022.781342440     
         485   497960.772765448     
         490   489067.519521406     
         495   480339.290332150     
         500   471769.699681640     
