         100   1812.74114063091     
         105   8922.62087635644     
         110   17321.2965772639     
         115   25369.0519713169     
         120   32932.7142068667     
         125   40196.4541342698     
         130   47377.2665426693     
         135   54670.1420538832     
         140   62244.7692761513     
         145   70252.3704815541     
         150   78833.2293821909     
         155   88123.1464412328     
         160   98258.9080522866     
         165   109383.290147907     
         170   121650.287945750     
         175   135231.602172767     
         180   150326.434222626     
         185   167179.306215784     
         190   186115.112230502     
         195   207601.320986381     
         200   232329.655667877     
         205   261267.204497808     
         210   295592.015889954     
         215   336457.430508259     
         220   384629.796364102     
         225   440141.369029366     
         230   502111.384343313     
         235   568807.325619054     
         240   637909.960664509     
         245   706876.826244535     
         250   773291.767316681     
         255   835124.318117104     
         260   890870.908492885     
         265   939587.761976458     
         270   980845.145631947     
         275   1014636.76300863     
         280   1041272.81748651     
         285   1061276.45192689     
         290   1075294.66444739     
         295   1084028.14502124     
         300   1088180.13251113     
         305   1088422.01830669     
         310   1085372.45694182     
         315   1079586.64893588     
         320   1071552.82460555     
         325   1061693.50495518     
         330   1050369.68512492     
         335   1037886.59513370     
         340   1024500.10990412     
         345   1010423.20222749     
         350   995832.068699161     
         355   980871.725147675     
         360   965660.980547456     
         365   950296.770893509     
         370   934857.878504563     
         375   919408.086580070     
         380   903998.830154412     
         385   888671.407599149     
         390   873458.814819165     
         395   858387.259503509     
         400   843477.406690930     
         405   828745.400417818     
         410   814203.699886942     
         415   799861.762735867     
         420   785726.602741041     
         425   771803.244713010     
         430   758095.095406237     
         435   744604.245936324     
         440   731331.718405095     
         445   718277.667112005     
         450   705441.542811768     
         455   692822.226901138     
         460   680418.141126806     
         465   668227.337353104     
         470   656247.571070921     
         475   644476.361632950     
         480   632911.041635576     
         485   621548.797410045     
         490   610386.702237824     
         495   599421.757910481     
         500   588660.830047204     
