         100   1812.74114063091     
         105   8922.33810981114     
         110   17320.1288659874     
         115   25366.5595270798     
         120   32928.4820826264     
         125   40189.7932170975     
         130   47367.0047118588     
         135   54654.3868749699     
         140   62220.5470210213     
         145   70215.0536115488     
         150   78775.6309874310     
         155   88034.0897613863     
         160   98120.9582633128     
         165   109169.126459131     
         170   121316.809672894     
         175   134710.069651870     
         180   149505.064366665     
         185   165870.147832362     
         190   183987.905527196     
         195   204057.185535370     
         200   226295.166515091     
         205   250939.487836158     
         210   278250.452034514     
         215   308513.292489707     
         220   342040.477138582     
         225   379173.988926089     
         230   420287.482117101     
         235   465788.154981177     
         240   516118.083226020     
         245   571754.616329310     
         250   633209.702556855     
         255   701030.416725460     
         260   775806.457972258     
         265   858174.850929411     
         270   948743.470647580     
         275   1047793.02824345     
         280   1154835.73868015     
         285   1268813.49101247     
         290   1390307.48882860     
         295   1526229.18267441     
         300   1694810.14967826     
         305   1926708.16778594     
         310   2259501.77178612     
         315   2727108.94635698     
         320   3349008.86707378     
         325   4123971.51932003     
         330   5030115.91204648     
         335   6030061.01527799     
         340   7078427.85443369     
         345   8129106.68160411     
         350   9140724.98495700     
         355   10079836.3230537     
         360   10922082.4372033     
         365   11651903.5754682     
         370   12261401.1738915     
         375   12748838.5999433     
         380   13117106.8236407     
         385   13372340.2696141     
         390   13522764.3892891     
         395   13577790.8126969     
         400   13547340.0970674     
         405   13441356.4441135     
         410   13269475.2176196     
         415   13040806.8890125     
         420   12763806.5002417     
         425   12446203.7498516     
         430   12094974.3002991     
         435   11716337.4179796     
         440   11315768.4947934     
         445   10898017.4722723     
         450   10467125.9553085     
         455   10026437.2645293     
         460   9578595.38736138     
         465   9125531.41841886     
         470   8668440.28402387     
         475   8207756.68451649     
         480   7743146.93057719     
         485   7273541.35013900     
         490   6797245.71639204     
         495   6312723.55490440     
         500   5802579.92579819     
