         100   1812.74114063091     
         105   8922.25601024828     
         110   17319.9018604377     
         115   25366.1684806528     
         120   32927.9259531890     
         125   40189.0685956789     
         130   47366.1019302761     
         135   54653.2905954196     
         140   62219.2383090692     
         145   70213.5133043026     
         150   78773.8451403918     
         155   88032.0586429412     
         160   98118.7112427897     
         165   109166.746468680     
         170   121314.473008458     
         175   134708.110137665     
         180   149504.075988040     
         185   165871.147839924     
         190   183992.592262143     
         195   204068.344166196     
         200   226317.305074712     
         205   250979.830781706     
         210   278320.487011357     
         215   308631.169615243     
         220   342234.714352337     
         225   379489.161825146     
         230   420792.942118984     
         235   466591.704889048     
         240   517388.621009435     
         245   573757.476616283     
         250   636336.186673655     
         255   705736.974373480     
         260   782340.352629734     
         265   866186.792047164     
         270   957528.555947743     
         275   1058556.50655872     
         280   1176060.97992245     
         285   1323794.95830418     
         290   1522956.96659396     
         295   1799857.43022217     
         300   2181051.47550267     
         305   2687316.82651258     
         310   3328344.33473529     
         315   4099738.16871736     
         320   4983057.88239090     
         325   5948595.93943625     
         330   6959832.18485118     
         335   7978281.20586921     
         340   8967687.36593238     
         345   9896986.81596150     
         350   10741909.8760827     
         355   11485408.2808120     
         360   12117235.1741286     
         365   12633020.2146997     
         370   13033124.1805659     
         375   13321474.1971460     
         380   13504501.3524593     
         385   13590240.2053492     
         390   13587607.2262288     
         395   13505849.8868581     
         400   13354145.4697888     
         405   13141324.3241619     
         410   12875692.7522970     
         415   12564933.4979880     
         420   12216065.3449886     
         425   11835446.7241949     
         430   11428811.0435821     
         435   11001323.5752858     
         440   10557651.2247832     
         445   10102037.5381260     
         450   9638376.09638906     
         455   9170276.23827582     
         460   8701116.05851437     
         465   8234079.00493998     
         470   7772172.18105487     
         475   7318226.53827862     
         480   6874881.25329087     
         485   6444557.01798595     
         490   6029448.33899502     
         495   5632223.37968291     
         500   5272584.96049319     
