         100   1812.74114063091     
         105   8922.62816483073     
         110   17321.3344813952     
         115   25369.1390447133     
         120   32932.8687448329     
         125   40196.7063934559     
         130   47377.6679027341     
         135   54670.7757075842     
         140   62245.7666128488     
         145   70253.9372553665     
         150   78835.6875380350     
         155   88127.0012097650     
         160   98264.9567761262     
         165   109392.802485706     
         170   121665.315551371     
         175   135255.544736974     
         180   150365.142407990     
         185   167243.168417026     
         190   186222.013708579     
         195   207777.229552587     
         200   232597.080847411     
         205   261607.187741102     
         210   295872.969217586     
         215   336346.199870301     
         220   383521.682763597     
         225   437147.029756512     
         230   496116.341008086     
         235   558589.598806153     
         240   622281.462597240     
         245   684812.079882247     
         250   744018.962784429     
         255   798169.595972875     
         260   846059.846379026     
         265   887015.336442170     
         270   920827.319324281     
         275   947655.205460935     
         280   967921.086917567     
         285   982212.648933909     
         290   991202.847222795     
         295   995588.896901773     
         300   996049.536543509     
         305   993217.742809081     
         310   987665.497603332     
         315   979897.345076696     
         320   970349.952965065     
         325   959395.478454651     
         330   947347.103137908     
         335   934465.584518452     
         340   920966.054701916     
         345   907024.584502629     
         350   892784.237250623     
         355   878360.477921378     
         360   863845.895770382     
         365   849314.255943268     
         370   834823.928242513     
         375   820420.757431366     
         380   806140.445007813     
         385   792010.511411385     
         390   778051.902949110     
         395   764280.301204790     
         400   750707.185513955     
         405   737340.691964844     
         410   724186.305730476     
         415   711247.417550578     
         420   698525.769938494     
         425   686021.814182959     
         430   673734.995400097     
         435   661663.979697835     
         440   649806.834865855     
         445   638161.173822509     
         450   626724.268263834     
         455   615493.138504449     
         460   604464.624319045     
         465   593635.440637998     
         470   583002.221180150     
         475   572561.552485808     
         480   562310.000314984     
         485   552244.129976421     
         490   542360.521837403     
         495   532655.787909251     
         500   523131.816714837     
