         100   1812.74114063091     
         105   8922.44403510781     
         110   17320.4702615827     
         115   25367.2098824378     
         120   32929.4974597289     
         125   40191.2671670844     
         130   47369.0982666857     
         135   54657.3585779143     
         140   62224.7974105580     
         145   70221.1951873539     
         150   78784.5977255425     
         155   88047.3075290668     
         160   98140.6094756714     
         165   109198.561216296     
         170   121361.185361512     
         175   134777.348103158     
         180   149607.570953315     
         185   166027.018789853     
         190   184228.951011341     
         195   204429.038402012     
         200   226871.201119380     
         205   251836.198619395     
         210   279655.618748542     
         215   310737.150263624     
         220   345611.851176604     
         225   385013.070815678     
         230   429971.682837208     
         235   481856.504233493     
         240   542245.861219076     
         245   612561.727691549     
         250   693540.359996274     
         255   784749.209507072     
         260   884371.888999595     
         265   989360.513117783     
         270   1095890.82257471     
         275   1199950.98273560     
         280   1297886.37121869     
         285   1386782.87400545     
         290   1464650.55135885     
         295   1530431.16677603     
         300   1583883.91930520     
         305   1625408.10536288     
         310   1655850.35717905     
         315   1676327.73517709     
         320   1688082.72984496     
         325   1692374.94596327     
         330   1690407.27251040     
         335   1683280.88919702     
         340   1671972.40753736     
         345   1657326.78743254     
         350   1640060.67359034     
         355   1620771.99255148     
         360   1599952.78354596     
         365   1578003.18945710     
         370   1555245.27703447     
         375   1531935.90158718     
         380   1508278.21285009     
         385   1484431.65198512     
         390   1460520.44830454     
         395   1436640.71609594     
         400   1412866.29846420     
         405   1389253.52232624     
         410   1365845.02792707     
         415   1342672.82525187     
         420   1319760.71362541     
         425   1297126.18287487     
         430   1274781.89665400     
         435   1252736.84198309     
         440   1230997.21428618     
         445   1209567.09438912     
         450   1188448.96305265     
         455   1167644.08951435     
         460   1147152.82300659     
         465   1126974.81009184     
         470   1107109.15570351     
         475   1087554.54180745     
         480   1068309.31443549     
         485   1049371.54733922     
         490   1030739.08854511     
         495   1012409.59455525     
         500   994380.555744803     
