-0.9998476E+00
         100   1812.74114063091     
         105   8922.58909300791     
         110   17321.2352696171     
         115   25368.9782172362     
         120   32932.6533267227     
         125   40196.4476143265     
         130   47377.3836621355     
         135   54670.4958400247     
         140   62245.5415291998     
         145   70253.8518667510     
         150   78835.8837106539     
         155   88127.7142275748     
         160   98266.5753071892     
         165   109395.969404354     
         170   121671.104237069     
         175   135265.786595770     
         180   150383.062301305     
         185   167274.506898462     
         190   186276.210499995     
         195   207865.889777283     
         200   232722.917209350     
         205   261735.052884114     
         210   295881.519186683     
         215   335973.382265659     
         220   382328.617021565     
         225   434521.980713016     
         230   491324.166114817     
         235   550853.419784059     
         240   610873.116224806     
         245   669129.106649215     
         250   723634.563301971     
         255   772852.208410955     
         260   815766.656166678     
         265   851867.782373870     
         270   881077.116345374     
         275   903647.904074551     
         280   920061.972338251     
         285   930937.659707473     
         290   936955.542880433     
         295   938803.409304825     
         300   937138.825453517     
         305   932566.213835349     
         310   925625.003397022     
         315   916785.678105795     
         320   906451.080939368     
         325   894960.928552226     
         330   882598.045251302     
         335   869595.286340127     
         340   856142.479879385     
         345   842392.980713359     
         350   828469.617112919     
         355   814469.935918318     
         360   800470.732382549     
         365   786531.899032908     
         370   772699.653898114     
         375   759009.219905486     
         380   745487.029523025     
         385   732152.525542222     
         390   719019.622782152     
         395   706097.888076265     
         400   693393.488197087     
         405   680909.947978503     
         410   668648.754130343     
         415   656609.834247768     
         420   644791.935330372     
         425   633192.921711153     
         430   621810.008587540     
         435   610639.944264544     
         440   599679.151679552     
         445   588923.837698446     
         450   578370.076979728     
         455   568013.875831824     
         460   557851.220382169     
         465   547878.112487066     
         470   538090.596098262     
         475   528484.776232266     
         480   519056.832234015     
         485   509803.026664974     
         490   500719.710858776     
         495   491803.327960104     
         500   483050.414082740     
 phi=
  -88.0000000000000     
