         100   1812.74114063091     
         105   8922.46636700324     
         110   17320.5880293662     
         115   25367.4820859231     
         120   32929.9831812823     
         125   40192.0643040142     
         130   47370.3727214314     
         135   54659.3783213369     
         140   62227.9843776826     
         145   70226.2072944123     
         150   78792.4579077038     
         155   88059.6059863140     
         160   98159.8205809376     
         165   109228.541154643     
         170   121407.956711855     
         175   134850.344440318     
         180   149721.629498234     
         185   166205.616835860     
         190   184509.589699752     
         195   204872.579391099     
         200   227579.119309271     
         205   252984.332534455     
         210   281558.930708183     
         215   313955.539255851     
         220   351066.865168918     
         225   394000.583698750     
         230   443887.630878862     
         235   501517.359726036     
         240   566918.580462264     
         245   639075.188744254     
         250   715915.452198409     
         255   794584.618095960     
         260   871893.223289218     
         265   944789.392419452     
         270   1010732.00370295     
         275   1067905.16365289     
         280   1115274.61386067     
         285   1152523.62481803     
         290   1179917.94765498     
         295   1198144.33390955     
         300   1208154.36794119     
         305   1211031.73457147     
         310   1207890.09809843     
         315   1199801.51018744     
         320   1187751.31143735     
         325   1172613.94372278     
         330   1155144.03146857     
         335   1135977.80070333     
         340   1115640.90393102     
         345   1094559.72660332     
         350   1073074.13006083     
         355   1051450.28812329     
         360   1029892.80097653     
         365   1008555.64431552     
         370   987551.764820503     
         375   966961.295106181     
         380   946838.458058135     
         385   927217.282357049     
         390   908116.273299507     
         395   889542.186776778     
         400   871493.047121650     
         405   853960.536608942     
         410   836931.869011484     
         415   820391.243814610     
         420   804320.962662777     
         425   788702.275970127     
         430   773516.015630787     
         435   758743.059453995     
         440   744364.664237813     
         445   730362.697133111     
         450   716719.788960409     
         455   703419.428246469     
         460   690446.010775556     
         465   677784.856248597     
         470   665422.201077535     
         475   653345.174296632     
         480   641541.761949786     
         485   630000.764031906     
         490   618711.747055941     
         495   607664.994530328     
         500   596851.457019686     
