         100   1812.74114063091     
         105   8922.54638938645     
         110   17321.0100485315     
         115   25368.4575819230     
         120   32931.7240645730     
         125   40194.9219017792     
         130   47374.9427754320     
         135   54666.6239516363     
         140   62239.4240700732     
         145   70244.2133142902     
         150   78820.7287651830     
         155   88103.9137362891     
         160   98229.1974514292     
         165   109337.179791141     
         170   121578.297040463     
         175   135118.213730991     
         180   150145.193362905     
         185   166882.115981688     
         190   185608.863614336     
         195   206703.931945403     
         200   230708.461294428     
         205   258388.558814480     
         210   290730.773595899     
         215   328796.783008048     
         220   373427.218684802     
         225   424889.593458319     
         230   482624.200470404     
         235   545203.604186862     
         240   610518.987449969     
         245   676113.618754056     
         250   739547.519973571     
         255   798697.219924164     
         260   851941.427800790     
         265   898228.699106637     
         270   937051.738635578     
         275   968363.344570324     
         280   992466.599054680     
         285   1009903.44539699     
         290   1021356.25118845     
         295   1027569.01187201     
         300   1029289.37202007     
         305   1027229.47529044     
         310   1022042.22925483     
         315   1014309.27000823     
         320   1004537.22974426     
         325   993159.498872651     
         330   980541.320159762     
         335   966986.643798785     
         340   952745.662457362     
         345   938022.325086438     
         350   922981.407481401     
         355   907754.913684929     
         360   892447.713942742     
         365   877142.408855430     
         370   861903.459412690     
         375   846780.649440622     
         380   831811.958564225     
         385   817025.925756527     
         390   802443.579842255     
         395   788080.006585869     
         400   773945.613932064     
         405   760047.148644671     
         410   746388.509630125     
         415   732971.395965652     
         420   719795.821224732     
         425   706860.520132902     
         430   694163.268858527     
         435   681701.136273278     
         440   669470.680218143     
         445   657468.100091921     
         450   645689.354853535     
         455   634130.253717831     
         460   622786.525356867     
         465   611653.870234428     
         470   600727.999749365     
         475   590004.665100038     
         480   579479.678171984     
         485   569148.926264294     
         490   559008.382082985     
         495   549054.110122146     
         500   539282.270309989     
