-0.9761059E+00
         100   1812.74114063091     
         105   8922.58143856237     
         110   17321.1948990510     
         115   25368.8848921594     
         120   32932.4867477088     
         125   40196.1740973676     
         130   47376.9460357508     
         135   54669.8015483146     
         140   62244.4443451596     
         145   70252.1226613237     
         150   78833.1637058122     
         155   88123.4399540968     
         160   98259.8567600473     
         165   109385.387912771     
         170   121654.363570482     
         175   135239.066418127     
         180   150339.705679426     
         185   167202.262031787     
         190   186152.048563796     
         195   207648.888341900     
         200   232350.058564151     
         205   261129.241170429     
         210   294978.763155632     
         215   334764.413183338     
         220   380897.516633774     
         225   433062.184449774     
         230   490122.698247359     
         235   550249.093332863     
         240   611203.993418681     
         245   670685.180305485     
         250   726625.969374662     
         255   777395.985183576     
         260   821889.505908535     
         265   859519.600673427     
         270   890149.779449848     
         275   913994.913055232     
         280   931516.111695329     
         285   943325.255536492     
         290   950106.954995755     
         295   952560.034829130     
         300   951357.205340244     
         305   947119.923664581     
         310   940404.969359463     
         315   931699.457178384     
         320   921421.524694763     
         325   909924.537092139     
         330   897503.222399599     
         335   884400.632476625     
         340   870815.203417010     
         345   856907.470170120     
         350   842806.189502789     
         355   828613.760521194     
         360   814410.919121037     
         365   800260.735540250     
         370   786211.973305192     
         375   772301.881252634     
         380   758558.493712717     
         385   745002.511352450     
         390   731648.829307849     
         395   718507.771841182     
         400   705586.084955179     
         405   692887.730836468     
         410   680414.521044207     
         415   668166.619172624     
         420   656142.938343492     
         425   644341.454301735     
         430   632759.451031200     
         435   621393.712597728     
         440   610240.672277584     
         445   599296.527858500     
         450   588557.330232078     
         455   578019.050962541     
         460   567677.633359401     
         465   557529.030650509     
         470   547569.234105370     
         475   537794.293361590     
         480   528200.330731059     
         485   518783.550883538     
         490   509540.247004267     
         495   500466.804283705     
         500   491559.701408773     
 phi=
  -66.0000000000000     
