         100   1812.74114063091     
         105   8922.56472113945     
         110   17321.1067300832     
         115   25368.6810738953     
         120   32932.1229557851     
         125   40195.5767917713     
         130   47375.9904160683     
         135   54668.2856164435     
         140   62242.0490708784     
         145   70248.3483770257     
         150   78827.2285488649     
         155   88114.1172256760     
         160   98245.2118239181     
         165   109362.344440154     
         170   121617.963331927     
         175   135181.123583984     
         180   150246.126043641     
         185   167047.380348246     
         190   185887.464040261     
         195   207186.307984424     
         200   231546.378674284     
         205   259794.010909438     
         210   292924.203959917     
         215   331895.538408578     
         220   377308.088955095     
         225   429089.300971860     
         230   486330.813340258     
         235   547348.486196998     
         240   609935.167953562     
         245   671707.050674840     
         250   730435.203656727     
         255   784288.117844321     
         260   831958.323387254     
         265   872683.636271353     
         270   906193.097206282     
         275   932611.444179708     
         280   952350.331486569     
         285   966005.414480623     
         290   974269.687090479     
         295   977866.815185489     
         300   977503.967949133     
         305   973841.422680875     
         310   967475.402371690     
         315   958930.639412994     
         320   948659.621169443     
         325   937046.088687689     
         330   924410.971173075     
         335   911019.470149857     
         340   897088.432618527     
         345   882793.473540163     
         350   868275.538703451     
         355   853646.757531707     
         360   838995.539209845     
         365   824390.929703955     
         370   809886.283799949     
         375   795522.324282001     
         380   781329.666414973     
         385   767330.884639050     
         390   753542.193001333     
         395   739974.803431268     
         400   726636.017844062     
         405   713530.102032368     
         410   700658.981832378     
         415   688022.795347545     
         420   675620.329158454     
         425   663449.361431682     
         430   651506.930606366     
         435   639789.544803818     
         440   628293.344183920     
         445   617014.226074394     
         450   605947.940743531     
         455   595090.164100356     
         460   584436.552324647     
         465   573982.782397933     
         470   563724.581679560     
         475   553657.749010561     
         480   543778.169300676     
         485   534081.823134295     
         490   524564.792598085     
         495   515223.264269321     
         500   506053.530095518     
