         100   1812.74114063091     
         105   8922.58143856228     
         110   17321.1948990490     
         115   25368.8848921490     
         120   32932.4867476763     
         125   40196.1740972833     
         130   47376.9460355478     
         135   54669.8015478426     
         140   62244.4443440788     
         145   70252.1226588698     
         150   78833.1637002636     
         155   88123.4399415586     
         160   98259.8567315898     
         165   109385.387846636     
         170   121654.363397196     
         175   135239.065760489     
         180   150339.701892130     
         185   167202.238527703     
         190   186151.922752397     
         195   207648.338457008     
         200   232348.091419091     
         205   261123.378638964     
         210   294963.895369149     
         215   334731.640793773     
         220   380833.481712483     
         225   432949.298673229     
         230   489940.352224757     
         235   549975.572693139     
         240   610818.623515929     
         245   670170.228714029     
         250   725967.991189115     
         255   776586.496913213     
         260   820925.039417853     
         265   858401.285014626     
         270   888882.628404448     
         275   912586.980533031     
         280   929977.639003876     
         285   941667.891543327     
         290   948343.092549721     
         295   950702.278587272     
         300   949417.967615780     
         305   945111.134439054     
         310   938337.881992531     
         315   929584.530550735     
         320   919268.363914901     
         325   907741.877345523     
         330   895298.943288515     
         335   882181.792869408     
         340   868588.089185255     
         345   854677.649164362     
         350   840578.569699758     
         355   826392.648506761     
         360   812200.077006025     
         365   798063.435097420     
         370   784031.046616429     
         375   770139.767510056     
         380   756417.282062300     
         385   742883.979832548     
         390   729554.480040021     
         395   716438.862693732     
         400   703543.657933487     
         405   690872.637467669     
         410   678427.445023817     
         415   666208.096532092     
         420   654213.375383797     
         425   642441.143521310     
         430   630888.585258380     
         435   619552.397519541     
         440   608428.937538804     
         445   597514.336887842     
         450   586804.588936479     
         455   576295.615415794     
         460   565983.316597957     
         465   555863.608677081     
         470   545932.451189956     
         475   536185.866719640     
         480   526619.954649647     
         485   517230.900358470     
         490   508014.980943974     
         495   498968.568329499     
         500   490088.130415408     
