         100   1812.74114063091     
         105   8922.46636700420     
         110   17320.5880293892     
         115   25367.4820860443     
         120   32929.9831816637     
         125   40192.0643050033     
         130   47370.3727238060     
         135   54659.3783268476     
         140   62227.9843902553     
         145   70226.2073228140     
         150   78792.4579714605     
         155   88059.6061288616     
         160   98159.8208989259     
         165   109228.541863510     
         170   121407.958293577     
         175   134850.347980109     
         180   149721.637471961     
         185   166205.635143373     
         190   184509.635049314     
         195   204872.722501821     
         200   227579.770606192     
         205   252987.829336180     
         210   281576.302914258     
         215   314028.268378682     
         220   351319.771208463     
         225   394739.277736801     
         230   445733.667238623     
         235   505543.188412429     
         240   574725.520427208     
         245   652768.856493417     
         250   737969.382856345     
         255   827622.136223388     
         260   918440.169401020     
         265   1007050.29865385     
         270   1090426.16870944     
         275   1166177.50909188     
         280   1232677.73636825     
         285   1289056.04930287     
         290   1335099.33092654     
         295   1371109.30482687     
         300   1397750.42001705     
         305   1415911.16509926     
         310   1426590.20578103     
         315   1430810.56592618     
         320   1429560.09220479     
         325   1423753.99276432     
         330   1414214.49470494     
         335   1401662.90773330     
         340   1386720.09448468     
         345   1369912.20394953     
         350   1351679.34178926     
         355   1332385.54695578     
         360   1312328.99382950     
         365   1291751.75024851     
         370   1270848.71524479     
         375   1249775.56062748     
         380   1228655.63089459     
         385   1207585.83584168     
         390   1186641.61508283     
         395   1165881.07511160     
         400   1145348.40591970     
         405   1125076.68146506     
         410   1105090.14045618     
         415   1085406.03364034     
         420   1066036.11272596     
         425   1046987.82524063     
         430   1028265.26958815     
         435   1009869.95558925     
         440   991801.407960791     
         445   974057.643484737     
         450   956635.546960941     
         455   939531.166315431     
         460   922739.943329915     
         465   906256.893250222     
         470   890076.743912810     
         475   874194.042901712     
         480   858603.239528288     
         485   843298.747040287     
         490   828274.989353620     
         495   813526.435708697     
         500   799047.625940872     
