         100   1812.74114063091     
         105   8922.56472113974     
         110   17321.1067300903     
         115   25368.6810739324     
         120   32932.1229559018     
         125   40195.5767920742     
         130   47375.9904167964     
         135   54668.2856181368     
         140   62242.0490747532     
         145   70248.3483858167     
         150   78827.2285687207     
         155   88114.1172704684     
         160   98245.2119252257     
         165   109362.344672339     
         170   121617.963901200     
         175   135181.125397793     
         180   150246.135103963     
         185   167047.436152926     
         190   185887.778725809     
         195   207187.775095960     
         200   231551.966807551     
         205   259811.640424847     
         210   292971.215182623     
         215   332003.775496929     
         220   377527.635119096     
         225   429488.879855621     
         230   486993.989121683     
         235   548366.363790428     
         240   611397.424601872     
         245   673693.382496284     
         250   733008.774561053     
         255   787491.769797269     
         260   835813.534674402     
         265   877191.706303861     
         270   911337.824107406     
         275   938362.574169077     
         280   958667.197635760     
         285   972840.362951391     
         290   981571.058286671     
         295   985581.380419683     
         300   985578.813712056     
         305   982225.329321813     
         310   976119.790823679     
         315   967790.167574895     
         320   957692.508184296     
         325   946214.236110806     
         330   933679.938529833     
         335   920358.350818072     
         340   906469.665486945     
         345   892192.616983322     
         350   877671.026169503     
         355   863019.648347652     
         360   848329.273857124     
         365   833671.095569104     
         370   819100.395033832     
         375   804659.617708448     
         380   790380.914250609     
         385   776288.223988571     
         390   762398.971573442     
         395   748725.440601259     
         400   735275.880010715     
         405   722055.391135804     
         410   709066.635884037     
         415   696310.399850743     
         420   683786.038351776     
         425   671491.828356569     
         430   659425.245076753     
         435   647583.178434477     
         440   635962.101711785     
         445   624558.202281461     
         450   613367.482359721     
         455   602385.836129335     
         460   591609.108294786     
         465   581033.138094413     
         470   570653.791962256     
         475   560466.987366093     
         480   550468.709816224     
         485   540655.024615859     
         490   531022.084587137     
         495   521566.134739659     
         500   512283.514636901     
