         100   1812.74114063091     
         105   8922.51921712650     
         110   17320.8667450718     
         115   25368.1263261073     
         120   32931.1328654550     
         125   40193.9513702590     
         130   47373.3904008994     
         135   54664.1621890293     
         140   62235.5361480556     
         145   70238.0911025062     
         150   78811.1105408870     
         155   88088.8263534270     
         160   98205.5440647977     
         165   109300.072699378     
         170   121519.955891761     
         175   135026.078407345     
         180   149998.472234365     
         185   166644.874940804     
         190   185215.486477665     
         195   206030.927445857     
         200   229532.381289868     
         205   256351.716267312     
         210   287364.326054126     
         215   323647.946586624     
         220   366280.700144966     
         225   415997.826677137     
         230   472833.121710545     
         235   535906.603127652     
         240   603454.192535336     
         245   673082.022437503     
         250   742143.186036555     
         255   808114.628003994     
         260   868884.416164288     
         265   922911.703281632     
         270   969265.906146341     
         275   1007576.42940868     
         280   1037930.76967472     
         285   1060753.73996105     
         290   1076690.70400403     
         295   1086507.75597166     
         300   1091013.97047076     
         305   1091005.72411984     
         310   1087230.30281875     
         315   1080364.90017345     
         320   1071007.04022215     
         325   1059672.92518894     
         330   1046800.88552814     
         335   1032757.80153257     
         340   1017846.97684316     
         345   1002316.43869163     
         350   986367.015865363     
         355   970159.817569703     
         360   953822.924537517     
         365   937457.227833882     
         370   921141.428181309     
         375   904936.253249384     
         380   888887.972856229     
         385   873031.300207771     
         390   857391.766662883     
         395   841987.651830897     
         400   826831.542583990     
         405   811931.585397868     
         410   797292.487292216     
         415   782916.312079472     
         420   768803.110923268     
         425   754951.419459517     
         430   741358.647942115     
         435   728021.385980971     
         440   714935.639352853     
         445   702097.012984541     
         450   689500.851432725     
         455   677142.345921976     
         460   665016.615166450     
         465   653118.765718927     
         470   641443.936399070     
         475   629987.330397732     
         480   618744.237891398     
         485   607710.051393209     
         490   596880.275584356     
         495   586250.532987191     
         500   575816.566539007     
