         100 -8.255308216879914E-003
         105   105181.325171634     
         110   202600.907904772     
         115   292688.334809984     
         120   375852.081674094     
         125   452480.469820363     
         130   522942.573954229     
         135   587589.112415849     
         140   646753.305607999     
         145   700751.695141808     
         150   749884.924163148     
         155   794438.481220934     
         160   834683.409986197     
         165   870876.986774059     
         170   903263.367531281     
         175   932074.205759218     
         180   957529.242705361     
         185   979836.870895712     
         190   999194.670225727     
         195   1015789.90346980     
         200   1029799.90191972     
         205   1041392.11069235     
         210   1050723.31897342     
         215   1057937.61009249     
         220   1063163.35986811     
         225   1066511.04070879     
         230   1068074.31959841     
         235   1067935.72917520     
         240   1066175.61316197     
         245   1062881.09193221     
         250   1058151.83394183     
         255   1052101.11271442     
         260   1044852.64126333     
         265   1036534.92510491     
         270   1027275.08830839     
         275   1017193.62911713     
         280   1006400.83002746     
         285   994994.921797240     
         290   983061.716990583     
         295   970675.275817980     
         300   957899.171935280     
         305   944788.010468394     
         310   931388.957680926     
         315   917743.139124596     
         320   903886.837717150     
         325   889852.473455011     
         330   875669.376311356     
         335   861364.378814062     
         340   846962.259988632     
         345   832486.071814073     
         350   817957.375886430     
         355   803396.413406386     
         360   788822.226941107     
         365   774252.748187248     
         370   759704.862397599     
         375   745194.457264790     
         380   730736.461826713     
         385   716344.879276497     
         390   702032.816323300     
         395   687812.510863211     
         400   673695.359098874     
         405   659691.942822081     
         410   645812.057288012     
         415   632064.739916970     
         420   618458.299923507     
         425   605000.348867607     
         430   591697.832031373     
         435   578557.060439317     
         440   565583.743260056     
         445   552783.020256920     
         450   540159.493902169     
         455   527717.260742375     
         460   515459.941606924     
         465   503390.710289648     
         470   491512.320403045     
         475   479827.130198790     
         480   468337.125257498     
         485   457043.939063735     
         490   445948.871587801     
         495   435052.906084161     
         500   424373.803435809     
