         100  1.909936150946416E-006
         105   108618.671324540     
         110   209222.123804553     
         115   302253.944336215     
         120   388135.903248991     
         125   467268.958778553     
         130   540034.215694227     
         135   606793.843309931     
         140   667891.953775352     
         145   723655.441622479     
         150   774394.785965579     
         155   820404.816902720     
         160   861965.447668844     
         165   899342.374040599     
         170   932787.742429345     
         175   962540.788033539     
         180   988828.444359196     
         185   1011865.92535870     
         190   1031857.28138410     
         195   1048995.93010098     
         200   1063465.16346287     
         205   1075438.63180304     
         210   1085080.80606088     
         215   1092547.41912373     
         220   1097985.88723189     
         225   1101535.71236593     
         230   1103328.86651035     
         235   1103490.15863624     
         240   1102137.58504376     
         245   1099382.66360511     
         250   1095330.75592025     
         255   1090081.39486911     
         260   1083728.63511410     
         265   1076361.32493282     
         270   1068062.91880165     
         275   1058910.50957415     
         280   1048974.11359636     
         285   1038319.49486993     
         290   1027017.43922083     
         295   1015155.85476051     
         300   1002842.43234387     
         305   990186.411939504     
         310   977262.842967576     
         315   964079.195541767     
         320   950565.864059895     
         325   936597.636669243     
         330   922035.770317288     
         335   906772.270223812     
         340   890761.260012282     
         345   874031.193870062     
         350   856679.747217703     
         355   838857.487249516     
         360   820747.009185565     
         365   802542.677002161     
         370   784433.947127767     
         375   766593.392603097     
         380   749169.310302531     
         385   732282.156939767     
         390   716023.852671364     
         395   700459.035144102     
         400   685627.505184977     
         405   671547.292541951     
         410   658217.941749028     
         415   645623.756810572     
         420   633736.846487471     
         425   622519.883957479     
         430   611928.542139952     
         435   601913.595420983     
         440   592422.695020442     
         445   583401.832291305     
         450   574796.503440342     
         455   566552.579700334     
         460   558616.864177539     
         465   550937.268269029     
         470   543462.438630257     
         475   536140.446828976     
         480   528915.671466148     
         485   521721.855531177     
         490   514465.693523812     
         495   506975.630649198     
         500   501649.511775839     
