         100 -1.537588838339896E-002
         105   72439.4347999903     
         110   139533.071634478     
         115   201576.809974364     
         120   258852.031880885     
         125   311626.240154315     
         130   360153.657506350     
         135   404675.840448628     
         140   445422.279724626     
         145   482610.971787735     
         150   516448.960422611     
         155   547132.851106455     
         160   574849.300649572     
         165   599775.484148319     
         170   622079.542299681     
         175   641921.027390981     
         180   659451.476603988     
         185   674815.764917353     
         190   688156.469488851     
         195   699626.085703611     
         200   709412.438986920     
         205   717775.360675750     
         210   725077.919755445     
         215   731786.047474920     
         220   738420.290007741     
         225   745469.262997272     
         230   753296.502419444     
         235   762075.090353886     
         240   771769.031117741     
         245   782159.718014157     
         250   792901.639683163     
         255   803587.612281264     
         260   813807.728565061     
         265   823193.218912112     
         270   831442.891224500     
         275   838334.102011489     
         280   843722.191640401     
         285   847532.613465890     
         290   849749.353411300     
         295   850402.264933619     
         300   849554.992215533     
         305   847294.386294460     
         310   843721.774817085     
         315   838946.102607132     
         320   833078.770310082     
         325   826229.913862410     
         330   818505.848595497     
         335   810007.419319751     
         340   800829.032344282     
         345   791058.185193970     
         350   780775.348189353     
         355   770054.085882878     
         360   758961.334492464     
         365   747557.773980293     
         370   735898.250891695     
         375   724032.221308379     
         380   712004.193113593     
         385   699854.153968239     
         390   687617.976593607     
         395   675327.796660485     
         400   663012.361191413     
         405   650697.347188080     
         410   638405.651413759     
         415   626157.653043761     
         420   613971.451353666     
         425   601863.080824473     
         430   589846.706066205     
         435   577934.798846510     
         440   566138.299301483     
         445   554466.763140497     
         450   542928.496368805     
         455   531530.678769070     
         460   520279.477127293     
         465   509180.148974335     
         470   498237.137448953     
         475   487454.157773145     
         480   476834.275761827     
         485   466379.978758952     
         490   456093.239391651     
         495   445975.572552738     
         500   436016.655185249     
