         100 -1.558832855705904E-002
         105   95608.1897836640     
         110   184160.903816692     
         115   266048.663213299     
         120   341642.817048685     
         125   411296.394847423     
         130   475344.910515558     
         135   534107.172374179     
         140   587886.071173452     
         145   636969.330776274     
         150   681630.220952768     
         155   722128.235251102     
         160   758709.736831800     
         165   791608.574506562     
         170   821046.670285208     
         175   847234.573244676     
         180   870371.915519390     
         185   890647.325303947     
         190   908235.715780826     
         195   923286.477281557     
         200   935890.129935670     
         205   946012.787245530     
         210   953409.705182494     
         215   957564.323732710     
         220   957713.213779556     
         225   952983.593343478     
         230   942607.320892964     
         235   926131.671822169     
         240   903551.709908288     
         245   875330.440044170     
         250   842319.543836539     
         255   805621.544315154     
         260   766438.595266335     
         265   725941.582986432     
         270   685176.631103977     
         275   645011.917863653     
         280   606118.907259651     
         285   568978.431517951     
         290   533901.947179573     
         295   501060.012243590     
         300   470512.333249247     
         305   442235.879847216     
         310   416149.249353699     
         315   392132.630868063     
         320   370043.439031862     
         325   349728.073772148     
         330   331030.423442960     
         335   313797.752344646     
         340   297884.562559007     
         345   283154.935664134     
         350   269483.767059530     
         355   256757.217873650     
         360   244872.633010289     
         365   233738.110763726     
         370   223271.859194095     
         375   213401.435593834     
         380   204062.936001889     
         385   195200.179955753     
         390   186763.919834119     
         395   178711.092825707     
         400   171004.125625859     
         405   163610.296520870     
         410   156501.155886777     
         415   149652.003787988     
         420   143041.421927282     
         425   136650.856389687     
         430   130464.247233798     
         435   124467.700869378     
         440   118649.201217643     
         445   112998.355811320     
         450   107506.173209739     
         455   102164.868350984     
         460   96967.6927211149     
         465   91908.7864794948     
         470   86983.0499337600     
         475   82186.0320047570     
         480   77513.8335588956     
         485   72963.0237112634     
         490   68530.5674161538     
         495   64213.7628610487     
         500   60001.2677487226     
