         100 -1.219775691585111E-002
         105   55731.9620377306     
         110   107351.075646138     
         115   155084.995088618     
         120   199150.206617118     
         125   239752.518514500     
         130   277087.520965125     
         135   311341.058355031     
         140   342689.691577245     
         145   371301.137996796     
         150   397334.688326448     
         155   420941.602447282     
         160   442265.486153040     
         165   461442.650122834     
         170   478602.449157282     
         175   493867.570285910     
         180   507354.038011383     
         185   519169.790829282     
         190   529408.046411781     
         195   538127.622166654     
         200   545312.323152267     
         205   550814.126051912     
         210   554308.133030284     
         215   555299.911643290     
         220   553207.542774401     
         225   547499.725469860     
         230   537839.004669209     
         235   524178.009416922     
         240   506782.123757579     
         245   486183.718266182     
         250   463093.709544096     
         255   438300.872956924     
         260   412582.553145638     
         265   386639.441771330     
         270   361057.295927315     
         275   336292.161342023     
         280   312672.873028931     
         285   290414.320188811     
         290   269636.022686914     
         295   250382.087774513     
         300   232640.073309795     
         305   216357.444267328     
         310   201455.122759568     
         315   187838.140021132     
         320   175403.675827426     
         325   164046.890551495     
         330   153664.977815059     
         335   144159.835135381     
         340   135439.694994599     
         345   127419.996909601     
         350   120023.722008095     
         355   113181.359876044     
         360   106830.634539767     
         365   100916.082217237     
         370   95388.5469499425     
         375   90204.6401523340     
         380   85326.1952251290     
         385   80719.7375330966     
         390   76355.9822874338     
         395   72209.3674213067     
         400   68257.6247958740     
         405   64481.3905564762     
         410   60863.8538234401     
         415   57390.4418888184     
         420   54048.5395090923     
         425   50827.2395970907     
         430   47717.1225262027     
         435   44710.0612974305     
         440   41799.0499369395     
         445   38978.0526555305     
         450   36241.8714895067     
         455   33586.0303397676     
         460   31006.6735228124     
         465   28500.4771373795     
         470   26064.5717298177     
         475   23696.4749077703     
         480   21394.0327042830     
         485   19155.3686327469     
         490   16978.8394974156     
         495   14862.9971352167     
         500   12806.5458297255     
