         100 -1.662770628873000E-002
         105   88855.8963096631     
         110   171154.561049996     
         115   247258.943199756     
         120   317514.178763559     
         125   382248.378447787     
         130   441773.368933232     
         135   496385.445822963     
         140   546366.108034735     
         145   591982.757090082     
         150   633489.360500341     
         155   671127.082217314     
         160   705124.883039277     
         165   735700.093166305     
         170   763058.957926086     
         175   787397.149552756     
         180   808900.173871974     
         185   827743.248850922     
         190   844088.968414488     
         195   858078.372205007     
         200   869808.877741354     
         205   879296.907520951     
         210   886437.615307392     
         215   890989.381152172     
         220   892608.574480314     
         225   890935.493806830     
         230   885702.884747558     
         235   876826.271002598     
         240   864446.473840312     
         245   848917.766379931     
         250   830754.956438133     
         255   810561.404492285     
         260   788958.262812130     
         265   766528.009810145     
         270   743777.452172744     
         275   721119.487445384     
         280   698869.745762204     
         285   677253.274990644     
         290   656416.844643232     
         295   636443.461271363     
         300   617366.807419609     
         305   599184.277130943     
         310   581867.993667578     
         315   565373.665441154     
         320   549647.411124730     
         325   534630.820432377     
         330   520264.562433153     
         335   506490.846107153     
         340   493255.004063431     
         345   480506.426321371     
         350   468199.026297273     
         355   456291.380507269     
         360   444746.649000478     
         365   433532.355533413     
         370   422620.084501615     
         375   411985.134809055     
         380   401606.158246253     
         385   391464.800686568     
         390   381545.357736366     
         395   371834.451761971     
         400   362320.733963649     
         405   352994.612982933     
         410   343848.010112903     
         415   334874.140302409     
         420   326067.317632811     
         425   317422.783673355     
         430   308936.556998365     
         435   300605.302114389     
         440   292426.216058266     
         445   284396.930964777     
         450   276515.430953300     
         455   268779.981742814     
         460   261189.071473611     
         465   253741.361293826     
         470   246435.644360641     
         475   239270.812009997     
         480   232245.825963321     
         485   225359.695562431     
         490   218611.459150421     
         495   212000.168842853     
         500   205511.292437841     
