         100 -1.708812347853641E-004
         105   108569.046671585     
         110   209126.532837195     
         115   302115.843539591     
         120   387958.557518027     
         125   467055.450895865     
         130   539787.454952596     
         135   606516.573745000     
         140   667586.762162560     
         145   723324.765218510     
         150   774040.919955982     
         155   820029.921534795     
         160   861571.555064935     
         165   898931.394696614     
         170   932361.471408207     
         175   962100.910865546     
         180   988376.542662194     
         185   1011403.48219133     
         190   1031385.68634558     
         195   1048516.48419130     
         200   1062979.08371776     
         205   1074947.05571940     
         210   1084584.79583073     
         215   1092047.96569939     
         220   1097483.91425452     
         225   1101032.07995955     
         230   1102824.37445805     
         235   1102985.54647998     
         240   1101633.52735852     
         245   1098879.79177523     
         250   1094829.84321684     
         255   1089583.89549560     
         260   1083237.34389648     
         265   1075879.89398159     
         270   1067592.47365212     
         275   1058443.16011382     
         280   1048485.83057184     
         285   1037765.30654735     
         290   1026329.58887306     
         295   1014245.49515571     
         300   1001611.35010605     
         305   988560.597961551     
         310   975253.135859113     
         315   961855.742960669     
         320   948517.264116997     
         325   935346.079835156     
         330   922396.030655488     
         335   909663.431226742     
         340   897094.103437029     
         345   884596.998781282     
         350   872060.374400264     
         355   859367.181183858     
         360   846407.581491228     
         365   833087.748450161     
         370   819335.005685452     
         375   805099.883271692     
         380   790355.862967982     
         385   775097.575027109     
         390   759338.091093125     
         395   743105.804197466     
         400   726441.239098908     
         405   709394.013273912     
         410   692020.075886375     
         415   674379.286909090     
         420   656533.356199103     
         425   638544.137291879     
         430   620472.258268576     
         435   602376.068701615     
         440   584310.884947670     
         445   566328.524367091     
         450   548477.131347420     
         455   530801.313222169     
         460   513342.620420024     
         465   496140.418437473     
         470   479233.200771850     
         475   462660.362391389     
         480   446464.348129571     
         485   430692.808474626     
         490   415399.722999225     
         495   400642.924004249     
         500   387673.812361599     
