         100 -1.286435489403075E-002
         105   101105.678243417     
         110   194750.267232747     
         115   281346.728527364     
         120   361287.741148813     
         125   434946.610733485     
         130   502678.129400601     
         135   564819.432066578     
         140   621690.826322461     
         145   673596.583546818     
         150   720825.691117004     
         155   763652.568491672     
         160   802337.749865668     
         165   837128.535575368     
         170   868259.614089672     
         175   895953.657488389     
         180   920421.909851695     
         185   941864.931311807     
         190   960474.495553250     
         195   976440.833227841     
         200   989976.830070066     
         205   1001378.28388921     
         210   1011130.51726388     
         215   1020032.53720996     
         220   1029261.84669522     
         225   1040298.94420494     
         230   1054694.71917564     
         235   1073753.34170369     
         240   1098249.85355010     
         245   1128278.62111538     
         250   1163263.51914541     
         255   1202098.55448384     
         260   1243356.17802484     
         265   1285501.22542273     
         270   1327067.89204478     
         275   1366780.69476220     
         280   1403618.93224675     
         285   1436834.84500134     
         290   1465939.49438402     
         295   1490669.74717351     
         300   1510946.98496289     
         305   1526834.86978423     
         310   1538500.56813082     
         315   1546181.60468885     
         320   1550159.00826095     
         325   1550736.50406948     
         330   1548225.03722765     
         335   1542931.73271585     
         340   1535152.39117752     
         345   1525166.70526036     
         350   1513235.50513599     
         355   1499599.47287901     
         360   1484478.88690754     
         365   1468074.06230144     
         370   1450566.23858675     
         375   1432118.73446807     
         380   1412878.24129251     
         385   1392976.16643479     
         390   1372529.96691740     
         395   1351644.43473324     
         400   1330412.91044656     
         405   1308918.41225594     
         410   1287234.67501404     
         415   1265427.09862547     
         420   1243553.60846685     
         425   1221665.43248646     
         430   1199807.80080220     
         435   1178020.57417731     
         440   1156338.80789558     
         445   1134793.25740918     
         450   1113410.83178932     
         455   1092215.00054479     
         460   1071226.15884211     
         465   1050461.95560901     
         470   1029937.58846250     
         475   1009666.06890136     
         480   989658.460754195     
         485   969924.094488926     
         490   950470.759667905     
         495   931304.877572486     
         500   912388.049556243     
