         100 -1.642938234399929E-002
         105   81053.9595499074     
         110   156126.413775466     
         115   225548.447851174     
         120   289634.901135251     
         125   348685.082928024     
         130   402983.445119861     
         135   452800.269073067     
         140   498392.336725763     
         145   540003.569439226     
         150   577865.633687851     
         155   612198.516422493     
         160   643211.072877828     
         165   671101.549166426     
         170   696058.084998932     
         175   718259.239982732     
         180   737874.874094943     
         185   755069.152642730     
         190   770012.082182091     
         195   782914.445816179     
         200   794104.695643506     
         205   804146.557443244     
         210   813948.966987396     
         215   824782.957433388     
         220   838143.181083701     
         225   855473.218113554     
         230   877852.681500970     
         235   905762.766407089     
         240   939001.998163251     
         245   976755.349440309     
         250   1017768.70897337     
         255   1060563.42565544     
         260   1103635.95040122     
         265   1145610.19812760     
         270   1185332.35412228     
         275   1221913.11532807     
         280   1254729.85800218     
         285   1283402.81653221     
         290   1307757.55495336     
         295   1327782.86748090     
         300   1343590.04356636     
         305   1355376.79485682     
         310   1363397.24214252     
         315   1367938.14157814     
         320   1369300.84115529     
         325   1367788.13933975     
         330   1363695.13166219     
         335   1357303.17679642     
         340   1348876.22310098     
         345   1338658.86748883     
         350   1326875.64698964     
         355   1313731.17772313     
         360   1299410.85181569     
         365   1284081.87980460     
         370   1267894.52608539     
         375   1250983.43058929     
         380   1233468.94387951     
         385   1215458.42775128     
         390   1197047.49136634     
         395   1178321.14569795     
         400   1159354.86797574     
         405   1140215.57394035     
         410   1120962.49981465     
         415   1101647.99852942     
         420   1082318.25630745     
         425   1063013.93649972     
         430   1043770.75779209     
         435   1024620.01372269     
         440   1005589.03999564     
         445   986701.635451789     
         450   967978.441846938     
         455   949437.286863804     
         460   931093.494098218     
         465   912960.163151542     
         470   895048.422451315     
         475   877367.657019406     
         480   859925.713107916     
         485   842729.081416116     
         490   825783.060469602     
         495   809091.901666186     
         500   792624.660985344     
