         100 -1.375486273066401E-002
         105   63274.0682631897     
         110   121878.706030467     
         115   176072.375299444     
         120   226100.858368140     
         125   272197.814497241     
         130   314585.302305389     
         135   353474.315977225     
         140   389065.310031347     
         145   421548.698742047     
         150   451105.329377362     
         155   477906.931551680     
         160   502116.544923597     
         165   523888.926614924     
         170   543370.934632761     
         175   560701.835874199     
         180   576013.159370052     
         185   589426.206657246     
         190   601040.936419659     
         195   610903.079376000     
         200   618935.968476654     
         205   624844.439969258     
         210   628037.419257650     
         215   627637.976755387     
         220   622619.735751493     
         225   612039.435270490     
         230   595280.025756561     
         235   572215.596234893     
         240   543252.090152096     
         245   509251.578698635     
         250   471383.309845058     
         255   430953.115871027     
         260   389251.534460823     
         265   347442.449239714     
         270   306497.378628633     
         275   267169.737221977     
         280   229998.567671512     
         285   195330.696018559     
         290   163352.032281745     
         295   134121.309848929     
         300   107602.032556712     
         305   83690.3745874750     
         310   62238.1664681677     
         315   43070.9696531254     
         320   26001.7173550372     
         325   10840.6059348629     
         330  -2598.03806963963     
         335  -14491.2408264372     
         340  -25004.6322427588     
         345  -34290.9881219515     
         350  -42489.6866477755     
         355  -49726.7902923098     
         360  -56115.5371749820     
         365  -61757.0841163228     
         370  -66741.3887569910     
         375  -71148.1522783203     
         380  -75047.7696140717     
         385  -78502.2525204422     
         390  -81566.1041063691     
         395  -84287.1327389040     
         400  -86707.1996627978     
         405  -88862.8990000039     
         410  -90786.1716166252     
         415  -92504.8560999140     
         420  -94043.1810958657     
         425  -95422.2037497391     
         430  -96660.1991335111     
         435  -97773.0054547577     
         440  -98774.3296058293     
         445  -99676.0172912323     
         450  -100488.291607999     
         455  -101219.963578750     
         460  -101878.617770698     
         465  -102470.775789165     
         470  -103002.040119072     
         475  -103477.220505535     
         480  -103900.444815826     
         485  -104275.256107610     
         490  -104604.697439669     
         495  -104891.385797632     
         500  -105136.430013483     
