         100 -1.708812347853641E-004
         105   108569.046671585     
         110   209126.532837195     
         115   302115.843539591     
         120   387958.557518027     
         125   467055.450895865     
         130   539787.454952596     
         135   606516.573745000     
         140   667586.762162560     
         145   723324.765218510     
         150   774040.919955982     
         155   820029.921534795     
         160   861571.555064935     
         165   898931.394696614     
         170   932361.471408207     
         175   962100.910865546     
         180   988376.542662194     
         185   1011403.48219133     
         190   1031385.68634558     
         195   1048516.48419130     
         200   1062979.08371776     
         205   1074947.05571940     
         210   1084584.79583080     
         215   1092047.96570070     
         220   1097483.91426587     
         225   1101032.07997934     
         230   1102824.37389296     
         235   1102985.54017180     
         240   1101633.49459159     
         245   1098879.70588518     
         250   1094829.84575875     
         255   1089584.88158722     
         260   1083241.83317452     
         265   1075891.87348376     
         270   1067613.81388982     
         275   1058465.21226028     
         280   1048478.57169526     
         285   1037670.61368894     
         290   1026066.42283730     
         295   1013731.45530740     
         300   1000798.60396319     
         305   987477.492421729     
         310   974038.788325222     
         315   960775.566106135     
         320   947952.723629475     
         325   935759.743532713     
         330   924279.768572752     
         335   913480.995763249     
         340   903228.801115831     
         345   893311.976488827     
         350   883474.962278680     
         355   873449.172020812     
         360   862978.966779886     
         365   851840.333492418     
         370   839852.202486589     
         375   826881.446631724     
         380   812843.060001300     
         385   797697.034746214     
         390   781443.244221522     
         395   764115.344999707     
         400   745774.417698202     
         405   726502.818450847     
         410   706398.522230044     
         415   685570.103367394     
         420   664132.408248656     
         425   642202.919624267     
         430   619898.781787940     
         435   597334.443619668     
         440   574619.876884997     
         445   551859.336710157     
         450   529150.647467940     
         455   506585.018476211     
         460   484247.417365833     
         465   462217.549949340     
         470   440571.504020327     
         475   419384.088945710     
         480   398731.792544447     
         485   378695.964089352     
         490   359365.062972346     
         495   340833.013250405     
         500   324491.809352363     
