         100  1.909936150946416E-006
         105   108618.671324540     
         110   209222.123804553     
         115   302253.944336215     
         120   388135.903248991     
         125   467268.958778553     
         130   540034.215694227     
         135   606793.843309931     
         140   667891.953775352     
         145   723655.441622479     
         150   774394.785965579     
         155   820404.816902720     
         160   861965.447668844     
         165   899342.374040599     
         170   932787.742429345     
         175   962540.788033539     
         180   988828.444359196     
         185   1011865.92535870     
         190   1031857.28138410     
         195   1048995.93010098     
         200   1063465.16346287     
         205   1075438.63180304     
         210   1085080.80606088     
         215   1092547.41912373     
         220   1097985.88723168     
         225   1101535.71236319     
         230   1103328.86649610     
         235   1103490.15867935     
         240   1102137.58615281     
         245   1099382.67062106     
         250   1095330.77367766     
         255   1090081.36228318     
         260   1083728.20786275     
         265   1076359.73949422     
         270   1068060.23760825     
         275   1058912.24913922     
         280   1048997.93888384     
         285   1038393.34582566     
         290   1027151.40922294     
         295   1015282.49051884     
         300   1002755.53961744     
         305   989538.004267138     
         310   975663.202761221     
         315   961285.928402315     
         320   946689.003722382     
         325   932233.409408034     
         330   918275.928458456     
         335   905089.659668400     
         340   892813.490376797     
         345   881438.883986461     
         350   870827.781759824     
         355   860748.749787618     
         360   850918.629328349     
         365   841040.601981815     
         370   830833.911134198     
         375   820053.933713584     
         380   808503.427500575     
         385   796036.759739684     
         390   782559.128617222     
         395   768022.575850179     
         400   752420.209866539     
         405   735779.663860952     
         410   718156.472263575     
         415   699627.785417787     
         420   680286.652838178     
         425   660236.977161669     
         430   639589.158313984     
         435   618456.396332520     
         440   596951.589962205     
         445   575184.746786597     
         450   553260.799975565     
         455   531277.695180014     
         460   509324.549747418     
         465   487479.558536362     
         470   465807.049445267     
         475   444352.511411490     
         480   423133.151184040     
         485   402118.526600801     
         490   381185.887231030     
         495   359977.460786227     
         500   344539.662631700     
