         100 -1.375486273066401E-002
         105   63274.0682631897     
         110   121878.706030467     
         115   176072.375299444     
         120   226100.858368140     
         125   272197.814497241     
         130   314585.302305389     
         135   353474.315977225     
         140   389065.310031347     
         145   421548.698742047     
         150   451105.329377373     
         155   477906.931552229     
         160   502116.544942274     
         165   523888.927064330     
         170   543370.942398597     
         175   560701.933814050     
         180   576014.076802778     
         185   589432.715634493     
         190   601076.676820632     
         195   611058.549745667     
         200   619484.924576589     
         205   626456.595502363     
         210   632068.769666499     
         215   636411.338916069     
         220   639569.244708717     
         225   641622.908625924     
         230   642648.656308603     
         235   642719.062258265     
         240   641903.179858608     
         245   640266.665826874     
         250   637871.836936050     
         255   634777.702717113     
         260   631040.007697636     
         265   626711.300924706     
         270   621841.036621816     
         275   616475.701006118     
         280   610658.956493963     
         285   604431.794255737     
         290   597832.687678834     
         295   590897.741504073     
         300   583660.833481760     
         305   576153.747030617     
         310   568406.294515289     
         315   560446.431453233     
         320   552300.362328976     
         325   543992.638840237     
         330   535546.251412455     
         335   526982.714757332     
         340   518322.148156806     
         345   509583.351049429     
         350   500783.874393275     
         355   491940.088183206     
         360   483067.245412244     
         365   474179.542688183     
         370   465290.177649154     
         375   456411.403269145     
         380   447554.579110516     
         385   438730.219569203     
         390   429948.039171548     
         395   421216.995018335     
         400   412545.326526409     
         405   403940.592682812     
         410   395409.707089525     
         415   386958.971127436     
         420   378594.105596207     
         425   370320.281186143     
         430   362142.148106938     
         435   354063.865139341     
         440   346089.128295884     
         445   338221.199185482     
         450   330462.933084143     
         455   322816.806630164     
         460   315284.944994785     
         465   307869.148333567     
         470   300570.917301805     
         475   293391.477418486     
         480   286331.802084504     
         485   279392.634097691     
         490   272574.505554168     
         495   265877.756077285     
         500   259299.686892328     
