         100 -8.400600257306139E-004
         105   108370.699320028     
         110   208744.460718764     
         115   301563.862345623     
         120   387249.717045895     
         125   466202.072926827     
         130   538801.167763385     
         135   605408.345061458     
         140   666366.931152815     
         145   722003.073450440     
         150   772626.541172283     
         155   818531.490166611     
         160   859997.193467609     
         165   897288.739128634     
         170   930657.696793744     
         175   960342.754390066     
         180   986570.326254835     
         185   1009555.13394993     
         190   1029500.76096234     
         195   1046600.18244002     
         200   1061036.27106899     
         205   1072982.28016012     
         210   1082602.30501064     
         215   1090051.72383353     
         220   1095477.62030510     
         225   1099019.18580942     
         230   1100808.05651522     
         235   1100968.39754630     
         240   1099616.42489177     
         245   1096859.55728680     
         250   1092796.97301699     
         255   1087524.70127426     
         260   1081146.80506645     
         265   1073789.30157758     
         270   1065609.03505403     
         275   1056790.17580819     
         280   1047526.60639508     
         285   1037995.22895335     
         290   1028328.96558468     
         295   1018597.52919893     
         300   1008800.34803866     
         305   998871.752965181     
         310   988695.452607897     
         315   978124.010519127     
         320   966999.202519574     
         325   955170.138916440     
         330   942507.307613749     
         335   928911.855087060     
         340   914320.292706800     
         345   898705.352656128     
         350   882073.957716437     
         355   864463.287587423     
         360   845935.804675997     
         365   826573.917413815     
         370   806474.762452796     
         375   785745.410856659     
         380   764498.662522702     
         385   742849.490368288     
         390   720912.127294887     
         395   698797.747693309     
         400   676612.673977923     
         405   654457.030949966     
         410   632423.771706671     
         415   610598.004761415     
         420   589056.560643220     
         425   567867.746030488     
         430   547091.243598720     
         435   526778.125767631     
         440   506970.960161776     
         445   487703.993651186     
         450   469003.410073502     
         455   450887.663808749     
         460   433367.896794607     
         465   416448.449697781     
         470   400127.478021192     
         475   384397.680014721     
         480   369247.134246586     
         485   354660.228920887     
         490   340618.639239041     
         495   327102.265379028     
         500   314266.420313790     
