         100 -1.286435489403075E-002
         105   101105.678243417     
         110   194750.267232747     
         115   281346.728527364     
         120   361287.741148813     
         125   434946.610733485     
         130   502678.129400601     
         135   564819.432066578     
         140   621690.826322461     
         145   673596.583546818     
         150   720825.691117004     
         155   763652.568491670     
         160   802337.749865555     
         165   837128.535570807     
         170   868259.613958841     
         175   895953.654797612     
         180   920421.869635322     
         185   941864.487905325     
         190   960470.826433698     
         195   976417.593610609     
         200   989861.665501071     
         205   1000921.14696180     
         210   1009641.39960184     
         215   1015955.40498413     
         220   1019663.40101887     
         225   1020457.99879274     
         230   1018000.14325076     
         235   1012022.31458971     
         240   1002420.31982091     
         245   989302.561827086     
         250   972986.868488697     
         255   953955.098807732     
         260   932785.900930103     
         265   910085.732635337     
         270   886431.920957675     
         275   862333.898209614     
         280   838212.741445798     
         285   814395.688297285     
         290   791121.075382776     
         295   768549.358843536     
         300   746776.778563090     
         305   725849.295670841     
         310   705775.382843682     
         315   686536.969405430     
         320   668098.331221269     
         325   650413.008652341     
         330   633428.986965672     
         335   617092.430943295     
         340   601350.266778218     
         345   586151.876234715     
         350   571450.127606652     
         355   557201.925355401     
         360   543368.420816741     
         365   529914.992398859     
         370   516811.075858218     
         375   504029.903210151     
         380   491548.191856994     
         385   479345.812722561     
         390   467405.456722364     
         395   455712.312031753     
         400   444253.759722545     
         405   433019.091928777     
         410   421999.254387745     
         415   411186.613685519     
         420   400574.748589059     
         425   390158.264296619     
         430   379932.628153792     
         435   369894.025266935     
         440   360039.232428675     
         445   350365.508803061     
         450   340870.501870135     
         455   331552.167184160     
         460   322408.700550014     
         465   313438.481268512     
         470   304640.025147654     
         475   296011.946028468     
         480   287552.924635760     
         485   279261.683638719     
         490   271136.967894688     
         495   263177.528949937     
         500   255356.816022536     
