         100 -1.662770628873000E-002
         105   88855.8963096631     
         110   171154.561049996     
         115   247258.943199756     
         120   317514.178763559     
         125   382248.378447787     
         130   441773.368933232     
         135   496385.445822963     
         140   546366.108034735     
         145   591982.757090082     
         150   633489.360500344     
         155   671127.082217507     
         160   705124.883046885     
         165   735700.093377162     
         170   763058.962105114     
         175   787397.209681419     
         180   808900.812245309     
         185   827748.341809155     
         190   844120.131651084     
         195   858227.941745062     
         200   870385.554040801     
         205   881127.063949952     
         210   891334.144260734     
         215   902285.908513694     
         220   915551.786407730     
         225   932724.596386845     
         230   955083.107133951     
         235   983311.345431587     
         240   1017367.11416344     
         245   1056520.15912276     
         250   1099518.47130584     
         255   1144814.02364678     
         260   1190784.62177241     
         265   1235911.06724993     
         270   1278893.49849373     
         275   1318709.12748728     
         280   1354623.49542641     
         285   1386170.34680519     
         290   1413113.93603352     
         295   1435404.40352355     
         300   1453133.36333169     
         305   1466493.84469682     
         310   1475746.50523729     
         315   1481192.56560945     
         320   1483153.05729486     
         325   1481953.55237103     
         330   1477913.40261601     
         335   1471338.53774929     
         340   1462516.97814005     
         345   1451716.35473347     
         350   1439182.86863694     
         355   1425141.24956654     
         360   1409795.37992042     
         365   1393329.33849798     
         370   1375908.68635255     
         375   1357681.86962201     
         380   1338781.65337590     
         385   1319326.52932997     
         390   1299422.06111933     
         395   1279162.14567208     
         400   1258630.17964989     
         405   1237900.12711988     
         410   1217037.48948394     
         415   1196100.18186671     
         420   1175139.32211639     
         425   1154199.93963549     
         430   1133321.61166900     
         435   1112539.03461656     
         440   1091882.53753961     
         445   1071378.54441995     
         450   1051049.99098753     
         455   1030916.70115137     
         460   1010995.72730251     
         465   991301.658059772     
         470   971846.896427673     
         475   952641.910848878     
         480   933695.461261278     
         485   915014.802005458     
         490   896605.863254726     
         495   878473.412537570     
         500   860568.670736365     
