         100 -1.537588838339896E-002
         105   72439.4347999903     
         110   139533.071634478     
         115   201576.809974364     
         120   258852.031880885     
         125   311626.240154315     
         130   360153.657506350     
         135   404675.840448628     
         140   445422.279724626     
         145   482610.971787735     
         150   516448.960422605     
         155   547132.851106133     
         160   574849.300638334     
         165   599775.483871820     
         170   622079.537417410     
         175   641920.964528324     
         180   659450.876067924     
         185   674811.425300269     
         190   688132.234917720     
         195   699519.040367106     
         200   709029.276919391     
         205   716636.520451383     
         210   722200.276933959     
         215   725466.946138234     
         220   726118.012622567     
         225   723856.011806717     
         230   718496.985631366     
         235   710035.494845559     
         240   698663.460317896     
         245   684744.474459126     
         250   668759.231155598     
         255   651241.534727811     
         260   632720.493475650     
         265   613677.589605537     
         270   594520.928932462     
         275   575574.743763178     
         280   557080.267301533     
         285   539203.805070027     
         290   522048.453827568     
         295   505666.877567041     
         300   490073.489965317     
         305   475255.150859386     
         310   461180.021299634     
         315   447804.560774243     
         320   435078.837646967     
         325   422950.407252241     
         330   411367.030761753     
         335   400278.490604825     
         340   389637.724037197     
         345   379401.457130408     
         350   369530.483507875     
         355   359989.698712752     
         360   350747.973246690     
         365   341777.925031198     
         370   333055.634729036     
         375   324560.334232124     
         380   316274.088868346     
         385   308181.486771997     
         390   300269.343781648     
         395   292526.428670971     
         400   284943.211083836     
         405   277511.632925535     
         410   270224.902921470     
         415   263077.313415717     
         420   256064.078113685     
         425   249181.189281279     
         430   242425.292831573     
         435   235793.579715081     
         440   229283.692053456     
         445   222893.642502882     
         450   216621.745394231     
         455   210466.558268709     
         460   204426.832508821     
         465   198501.471854610     
         470   192689.497693249     
         475   186990.020114750     
         480   181402.213835367     
         485   175925.298200349     
         490   170558.520585917     
         495   165301.142623722     
         500   160148.175189661     
