         100 -1.558832855705904E-002
         105   95608.1897836640     
         110   184160.903816692     
         115   266048.663213299     
         120   341642.817048685     
         125   411296.394847423     
         130   475344.910515558     
         135   534107.172374179     
         140   587886.071173452     
         145   636969.330776274     
         150   681630.220952768     
         155   722128.235251133     
         160   758709.736833199     
         165   791608.574550840     
         170   821046.671283674     
         175   847234.589515285     
         180   870372.110053190     
         185   890649.061130360     
         190   908247.500536145     
         195   923348.676800732     
         200   936151.353969459     
         205   946907.135681534     
         210   955966.824738244     
         215   963813.266998029     
         220   971048.718799070     
         225   978322.633078830     
         230   986218.961571237     
         235   995145.137685242     
         240   1005262.51961878     
         245   1016476.18271180     
         250   1028477.28760151     
         255   1040816.41397711     
         260   1052983.94947561     
         265   1064479.71212814     
         270   1074862.76591334     
         275   1083779.89167437     
         280   1090975.83541665     
         285   1096290.39416871     
         290   1099647.46033868     
         295   1101040.23259733     
         300   1100515.58362520     
         305   1098159.43822746     
         310   1094084.12385671     
         315   1088418.03811245     
         320   1081297.59659560     
         325   1072861.22013521     
         330   1063245.03518400     
         335   1052579.94870523     
         340   1040989.78586882     
         345   1028590.22350131     
         350   1015488.30133243     
         355   1001782.33948568     
         360   987562.131054474     
         365   972909.311955175     
         370   957897.836766660     
         375   942594.509755599     
         380   927059.535755989     
         385   911347.067027658     
         390   895505.730563896     
         395   879579.126312375     
         400   863606.291026293     
         405   847622.125445797     
         410   831657.784575929     
         415   815741.032230705     
         420   799896.561932284     
         425   784146.286811997     
         430   768509.601441580     
         435   753003.618589891     
         440   737643.383801771     
         445   722442.070474380     
         450   707411.157802504     
         455   692560.593615481     
         460   677898.943769110     
         465   663433.529415134     
         470   649170.553171056     
         475   635115.214968769     
         480   621271.818178312     
         485   607643.866482732     
         490   594234.151915266     
         495   581044.834450907     
         500   568034.442930270     
