         100 -8.255308216879914E-003
         105   105181.325171634     
         110   202600.907904772     
         115   292688.334809984     
         120   375852.081674094     
         125   452480.469820363     
         130   522942.573954229     
         135   587589.112415849     
         140   646753.305607999     
         145   700751.695141808     
         150   749884.924163148     
         155   794438.481220934     
         160   834683.409986197     
         165   870876.986774062     
         170   903263.367531429     
         175   932074.205764280     
         180   957529.242828073     
         185   979836.873039619     
         190   999194.697603116     
         195   1015790.16321192     
         200   1029801.76770757     
         205   1041402.47685784     
         210   1050768.91372500     
         215   1058100.28695489     
         220   1063645.81195839     
         225   1067728.68139904     
         230   1070747.55144287     
         235   1073143.15897415     
         240   1075336.02388986     
         245   1077657.48604711     
         250   1080299.13268899     
         255   1083295.35553189     
         260   1086539.10487067     
         265   1089820.28420260     
         270   1092872.79387758     
         275   1095418.49937583     
         280   1097201.17802112     
         285   1098008.15630480     
         290   1097680.58956212     
         295   1096114.96080854     
         300   1093258.76138000     
         305   1089102.97670243     
         310   1083673.36195128     
         315   1077021.82593777     
         320   1069218.68181275     
         325   1060346.11239403     
         330   1050492.92810767     
         335   1039750.53794194     
         340   1028209.97596982     
         345   1015959.79970002     
         350   1003084.68038884     
         355   989664.524749561     
         360   975773.992866779     
         365   961482.303100799     
         370   946853.238507163     
         375   931945.289595690     
         380   916811.884856153     
         385   901501.673628990     
         390   886058.836063599     
         395   870523.402608316     
         400   854931.571212384     
         405   839316.014623254     
         410   823706.173186434     
         415   808128.530679923     
         420   792606.872157552     
         425   777162.523702611     
         430   761814.574535981     
         435   746580.082187963     
         440   731474.261518623     
         445   716510.658333126     
         450   701701.308248855     
         455   687056.881379471     
         460   672586.813342078     
         465   658299.423086582     
         470   644202.018095623     
         475   630300.987601166     
         480   616601.884593017     
         485   603109.497533631     
         490   589827.912820383     
         495   576760.569131994     
         500   563955.994207576     
