         100 -1.375486273066401E-002
         105   63274.0682631897     
         110   121878.706030467     
         115   176072.375299444     
         120   226100.858368140     
         125   272197.814497241     
         130   314585.302305389     
         135   353474.315977225     
         140   389065.310031347     
         145   421548.698742047     
         150   451105.329377377     
         155   477906.931552412     
         160   502116.544948500     
         165   523888.927214132     
         170   543370.944987210     
         175   560701.966460680     
         180   576014.382613808     
         185   589434.885294437     
         190   601088.590292357     
         195   611110.373222815     
         200   619667.910015946     
         205   626993.980893602     
         210   633412.553670088     
         215   639335.794131704     
         220   645219.083272835     
         225   651484.070329540     
         230   658438.206100151     
         235   666220.226937908     
         240   674786.889494253     
         245   683938.378889860     
         250   693368.034685246     
         255   702719.258663348     
         260   711636.197469277     
         265   719800.955143528     
         270   726955.631054983     
         275   732911.068534740     
         280   737545.803188399     
         285   740798.881188856     
         290   742659.630360234     
         295   743156.612558006     
         300   742347.163513036     
         305   740308.269740788     
         310   737129.070908714     
         315   732904.987248786     
         320   727733.313697724     
         325   721710.053760561     
         330   714927.752519600     
         335   707474.105006065     
         340   699431.146922887     
         345   690874.869478642     
         350   681875.133366135     
         355   672495.786088074     
         360   662794.911025319     
         365   652825.155943716     
         370   642634.103587989     
         375   632264.658329414     
         380   621755.431239888     
         385   611141.112108994     
         390   600452.821350010     
         395   589718.437893850     
         400   578962.901384525     
         405   568208.488517925     
         410   557475.064390540     
         415   546780.310377158     
         420   536139.930429963     
         425   525567.837854586     
         430   515076.324624316     
         435   504676.215185324     
         440   494377.006520744     
         445   484186.996012630     
         450   474113.398396404     
         455   464162.452865496     
         460   454339.521171918     
         465   444649.177392626     
         470   435095.289897263     
         475   425681.095960314     
         480   416409.269406071     
         485   407281.981651436     
         490   398300.956511299     
         495   389467.519145734     
         500   380778.440798902     
