         100 -1.286435489403075E-002
         105   101105.678243417     
         110   194750.267232747     
         115   281346.728527364     
         120   361287.741148813     
         125   434946.610733485     
         130   502678.129400601     
         135   564819.432066578     
         140   621690.826322461     
         145   673596.583546818     
         150   720825.691117004     
         155   763652.568491670     
         160   802337.749865527     
         165   837128.535569666     
         170   868259.613926133     
         175   895953.654124917     
         180   920421.859581211     
         185   941864.377053506     
         190   960469.909152170     
         195   976411.783695912     
         200   989832.874307338     
         205   1000806.86252559     
         210   1009269.11952065     
         215   1014936.12010505     
         220   1017263.78530894     
         225   1015497.75357010     
         230   1008826.48286579     
         235   996589.530215283     
         240   978462.893549458     
         245   954558.484877853     
         250   925417.620764200     
         255   891919.123959900     
         260   855143.192820638     
         265   816231.691614628     
         270   776272.731206203     
         275   736221.973566099     
         280   696860.940989207     
         285   658785.620869187     
         290   622416.168965018     
         295   588018.938947960     
         300   555733.885352316     
         305   525602.544073915     
         310   497593.714264600     
         315   471625.426293341     
         320   447582.767649360     
         325   425331.732321948     
         330   404729.565454330     
         335   385632.191617590     
         340   367899.318236166     
         345   351397.749205814     
         350   336003.362213296     
         355   321602.117189814     
         360   308090.383584728     
         365   295374.805533279     
         370   283371.867754849     
         375   272007.280507484     
         380   261215.267631340     
         385   250937.815869762     
         390   241123.924551273     
         395   231728.880843367     
         400   222713.575897389     
         405   214043.870289338     
         410   205690.012440659     
         415   197626.110575138     
         420   189829.656778560     
         425   182281.100536354     
         430   174963.468478794     
         435   167862.026778492     
         440   160963.982588170     
         445   154258.220984876     
         450   147735.074037775     
         455   141386.118801096     
         460   135204.001229379     
         465   129182.283208100     
         470   123315.310085548     
         475   117598.096281878     
         480   112026.226740405     
         485   106595.772175899     
         490   101303.216265404     
         495   96145.3931179922     
         500   91098.7139231530     
