         100 -2.842051101678757E-003
         105   107711.287468387     
         110   207474.254722706     
         115   299728.796231109     
         120   384893.177166599     
         125   463365.023973902     
         130   535522.268081195     
         135   601724.056733108     
         140   662311.626679377     
         145   717609.138824806     
         150   767924.474930937     
         155   813549.998203858     
         160   854763.279583265     
         165   891827.791391986     
         170   924993.569863832     
         175   954497.847959031     
         180   980565.659793084     
         185   1003410.41793841     
         190   1023234.46480460     
         195   1040229.59927457     
         200   1054577.57998343     
         205   1066450.60882738     
         210   1076011.80953717     
         215   1083415.73716315     
         220   1088808.87195020     
         225   1092329.44505603     
         230   1094104.42940397     
         235   1094240.20958377     
         240   1092805.31402864     
         245   1089809.90161665     
         250   1085193.12211296     
         255   1078829.36205615     
         260   1070556.29335362     
         265   1060217.14726102     
         270   1047703.69226238     
         275   1032987.57202205     
         280   1016133.62885892     
         285   997295.521438678     
         290   976698.458842662     
         295   954615.433684091     
         300   931342.635680220     
         305   907177.928805412     
         310   882404.343962730     
         315   857279.010597324     
         320   832026.987023858     
         325   806838.990074213     
         330   781871.922717355     
         335   757251.203524216     
         340   733074.098474973     
         345   709413.469314758     
         350   686321.543737435     
         355   663833.465206206     
         360   641970.492329099     
         365   620742.794437041     
         370   600151.838847941     
         375   580192.393732256     
         380   560854.184912925     
         385   542123.250296285     
         390   523983.035540977     
         395   506415.271499742     
         400   489400.669521883     
         405   472919.465868427     
         410   456951.841828644     
         415   441478.241918738     
         420   426479.608901066     
         425   411937.551293552     
         430   397834.456497126     
         435   384153.560581307     
         440   370878.984052930     
         445   357995.741510503     
         450   345489.731884128     
         455   333347.714916296     
         460   321557.278603408     
         465   310106.801457138     
         470   298985.412639174     
         475   288182.952266559     
         480   277689.933482994     
         485   267497.507255497     
         490   257597.430296718     
         495   247982.036030752     
         500   238599.719683253     
