         100  1.909936150946416E-006
         105   108618.671324540     
         110   209222.123804553     
         115   302253.944336215     
         120   388135.903248991     
         125   467268.958778553     
         130   540034.215694227     
         135   606793.843309931     
         140   667891.953775352     
         145   723655.441622479     
         150   774394.785965579     
         155   820404.816902720     
         160   861965.447668844     
         165   899342.374040599     
         170   932787.742429345     
         175   962540.788033539     
         180   988828.444359196     
         185   1011865.92535870     
         190   1031857.28138410     
         195   1048995.93010098     
         200   1063465.16346287     
         205   1075438.63180304     
         210   1085080.80606088     
         215   1092547.41912373     
         220   1097985.88723181     
         225   1101535.71236501     
         230   1103328.86650560     
         235   1103490.15865061     
         240   1102137.58541345     
         245   1099382.66594377     
         250   1095330.76183937     
         255   1090081.38400713     
         260   1083728.49269703     
         265   1076360.79645339     
         270   1068062.02507068     
         275   1058911.08942904     
         280   1048982.05535728     
         285   1038344.11185028     
         290   1027062.09587933     
         295   1015198.06667157     
         300   1002813.46810748     
         305   989970.276091653     
         310   976729.629671398     
         315   963148.106680275     
         320   949273.577537478     
         325   935142.894537872     
         330   920782.489946681     
         335   906211.400150110     
         340   891445.336664540     
         345   876500.423418271     
         350   861395.757794755     
         355   846154.573312415     
         360   830804.213901639     
         365   815375.316112428     
         370   799900.598723629     
         375   784413.569432707     
         380   768947.345439000     
         385   753533.686984103     
         390   738202.273580191     
         395   722980.210904903     
         400   707891.735655324     
         405   692958.078727673     
         410   678197.447950969     
         415   663625.096103095     
         420   649253.445521500     
         425   635092.245860969     
         430   621148.745699404     
         435   607427.861295907     
         440   593932.326367758     
         445   580662.804333930     
         450   567617.937045001     
         455   554794.287196390     
         460   542186.095965332     
         465   529784.702560777     
         470   517577.314044839     
         475   505544.474435355     
         480   493654.838377811     
         485   481854.087142067     
         490   470039.100252991     
         495   457976.250430179     
         500   449279.572466101     
