         100   1812.74114063091     
         102   4254.89214312023     
         104   7290.08650269229     
         106   10592.1182594685     
         108   13968.7523064724     
         110   17320.6791391264     
         112   20602.9896920738     
         114   23800.6854626940     
         116   26914.6060027056     
         118   29953.6193964510     
         120   32930.3556115086     
         122   35858.9076397344     
         124   38753.6212185036     
         126   41628.4863823202     
         128   44496.8607691758     
         130   47371.3740304787     
         132   50263.9289176896     
         134   53185.7516612337     
         136   56147.4651561071     
         138   59159.1703422507     
         140   62230.5279420380     
         142   65370.8365826717     
         144   68589.1055247918     
         146   71894.1214464352     
         148   75294.5094009381     
         150   78798.7884153683     
         152   82415.4223613366     
         154   86152.8667942253     
         156   90019.6124682442     
         158   94024.2262219332     
         160   98175.3899089279     
         162   102481.938032558     
         164   106952.894737045     
         166   111597.510817868     
         168   116425.301443935     
         170   121446.085339888     
         172   126670.026265004     
         174   132107.677755975     
         176   137770.032289713     
         178   143668.576294303     
         180   149815.352833058     
         182   156223.034377821     
         184   162905.008985124     
         186   169875.484554471     
         188   177149.617875959     
         190   184743.678008643     
         192   192675.257085913     
         194   200963.545324533     
         196   209629.689416034     
         198   218697.252255072     
         200   228192.784084969     
         202   238146.497750999     
         204   248593.012471258     
         206   259572.092901547     
         208   271129.268621239     
         210   283316.182369826     
         212   296190.494149331     
         214   309815.172505264     
         216   324257.039798668     
         218   339584.504751038     
         220   355864.505720584     
         222   373158.789029910     
         224   391519.742141607     
         226   410986.075907372     
         228   431578.691476941     
         230   453297.069574474     
         232   476116.483173521     
         234   499986.265513509     
         236   524829.274496541     
         238   550542.594333968     
         240   576999.418157457     
         242   604051.971401878     
         244   631535.272195499     
         246   659271.485318616     
         248   687074.610778475     
         250   714755.254307537     
         252   742125.250941087     
         254   769001.949174639     
         256   795212.006811075     
         258   820594.595705082     
         260   845003.957254760     
         262   868311.290748960     
         264   890405.990662017     
         266   911196.275745052     
         268   930609.272123684     
         270   948590.624990917     
         272   965103.719690285     
         274   980128.594049313     
         276   993660.620860329     
         278   1005709.03350326     
         280   1016295.35985658     
         282   1025451.82070204     
         284   1033219.73949310     
         286   1039648.00116385     
         288   1044791.58899464     
         290   1048710.22068203     
         292   1051467.09783493     
         294   1053127.77720071     
         296   1053759.16701271     
         298   1053428.64789682     
         300   1052203.31469964     
         302   1050149.33330819     
         304   1047331.40491483     
         306   1043812.32913637     
         308   1039652.65682086     
         310   1034910.42317667     
         312   1029640.95195216     
         314   1023896.72170830     
         316   1017727.28569824     
         318   1011179.23744700     
         320   1004296.21476729     
         322   997118.935622370     
         324   989685.259927074     
         326   982030.272044005     
         328   974186.379370079     
         330   966183.423008663     
         332   958048.797078736     
         334   949807.573721336     
         336   941482.631323816     
         338   933094.783894628     
         340   924662.909887024     
         342   916204.079091693     
         344   907733.676498855     
         346   899265.522273033     
         348   890811.987191962     
         350   882384.103078367     
         352   873991.667902866     
         354   865643.345361254     
         356   857346.758832910     
         358   849108.579711633     
         360   840934.610168563     
         362   832829.860461059     
         364   824798.620943650     
         366   816844.528969196     
         368   808970.630891809     
         370   801179.439399301     
         372   793472.986413143     
         374   785852.871799241     
         376   778320.308134153     
         378   770876.161769454     
         380   763520.990432530     
         382   756255.077595640     
         384   749078.463837184     
         386   741990.975410095     
         388   734992.250222487     
         390   728081.761425450     
         392   721258.838792334     
         394   714522.688063275     
         396   707872.408418165     
         398   701307.008230942     
         400   694825.419247933     
         402   688426.509323298     
         404   682109.093835221     
         406   675871.945897564     
         408   669713.805473212     
         410   663633.387487286     
         412   657629.389030826     
         414   651700.495738407     
         416   645845.387416500     
         418   640062.742993117     
         420   634351.244853482     
         422   628709.582621055     
         424   623136.456438207     
         426   617630.579796185     
         428   612190.681959704     
         430   606815.510027521     
         432   601503.830666670     
         434   596254.431554670     
         436   591066.122560887     
         438   585937.736695394     
         440   580868.130851034     
         442   575856.186361998     
         444   570900.809400023     
         446   566000.931227293     
         448   561155.508323301     
         450   556363.522401233     
         452   551623.980327904     
         454   546935.913959886     
         456   542298.379907180     
         458   537710.459234627     
         460   533171.257110225     
         462   528679.902408500     
         464   524235.547276291     
         466   519837.366667439     
         468   515484.557852217     
         470   511176.339906665     
         472   506911.953186386     
         474   502690.658788889     
         476   498511.738008028     
         478   494374.491783677     
         480   490278.240149404     
         482   486222.321680546     
         484   482206.092944754     
         486   478228.927956842     
         488   474290.217639457     
         490   470389.369290922     
         492   466525.806061346     
         494   462698.966438787     
         496   458908.303976601     
         498   455153.366055891     
         500   451471.381848218     
