         100   1812.74114063091     
         102   4254.90712160634     
         104   7290.15178841783     
         106   10592.2889508904     
         108   13969.0848389931     
         110   17321.2217896316     
         112   20603.7825985753     
         114   23801.7652427098     
         116   26916.0112136003     
         118   29955.3953276676     
         120   32932.5581940851     
         122   35861.6067459283     
         124   38756.9037211645     
         126   41632.4593057406     
         128   44501.6548023648     
         130   47377.1476280025     
         132   50270.8731902028     
         134   53194.0962557348     
         136   56157.4853412300     
         138   59171.1955438580     
         140   62244.9520177704     
         142   65388.1301810637     
         144   68609.8309465029     
         146   71918.9505146210     
         148   75324.2449586484     
         150   78834.3902053929     
         152   82458.0382152916     
         154   86203.8702725650     
         156   90080.6483645245     
         158   94097.2656914254     
         160   98262.7974298509     
         162   102586.552996528     
         164   107078.131253482     
         166   111747.480400329     
         168   116604.964780222     
         170   121661.441583857     
         172   126928.351612153     
         174   132417.830009213     
         176   138142.845289780     
         178   144117.377909970     
         180   150356.652444849     
         182   156877.438833352     
         184   163698.436105782     
         186   170840.744119558     
         188   178328.413099180     
         190   186189.036713319     
         192   194454.324055125     
         194   203160.554210870     
         196   212348.791506017     
         198   222064.728220807     
         200   232358.031342981     
         202   243281.103900445     
         204   254887.227682128     
         206   267228.125697566     
         208   280351.058745802     
         210   294295.638685836     
         212   309090.590295334     
         214   324750.716218949     
         216   341274.312381204     
         218   358641.246201382     
         220   376811.852916218     
         222   395726.734822928     
         224   415307.473732324     
         226   435458.197126393     
         228   456067.880363381     
         230   477013.225205625     
         232   498161.930801961     
         234   519376.166566765     
         236   540516.064925279     
         238   561443.072290703     
         240   582023.025074828     
         242   602128.850235214     
         244   621642.823489481     
         246   640458.350209344     
         248   658481.262231250     
         250   675630.647218223     
         252   691839.245265642     
         254   707053.460175637     
         256   721233.040627979     
         258   734350.489994494     
         260   746390.263552651     
         262   757347.809159331     
         264   767228.502820584     
         266   776046.524729127     
         268   783823.714825106     
         270   790588.440238218     
         272   796374.500449064     
         274   801220.089919187     
         276   805166.832447880     
         278   808258.896710881     
         280   810542.198354962     
         282   812063.690653207     
         284   812870.743028259     
         286   813010.604665042     
         288   812529.948889563     
         290   811474.492911169     
         292   809888.686837442     
         294   807815.465502842     
         296   805296.056539695     
         298   802369.838205322     
         300   799074.240712351     
         302   795444.685148124     
         304   791514.554478560     
         306   787315.191583467     
         308   782875.919741542     
         310   778224.081456709     
         312   773385.091980005     
         314   768382.504323521     
         316   763238.082978386     
         318   757971.883933622     
         320   752602.338944506     
         322   747146.342317297     
         324   741619.338762174     
         326   736035.411119107     
         328   730407.366983925     
         330   724746.823456067     
         332   719064.289397710     
         334   713369.244738437     
         336   707670.216482835     
         338   701974.851182444     
         340   696289.983720727     
         342   690621.702332091     
         344   684975.409835309     
         346   679355.881109869     
         348   673767.316882110     
         350   668213.393918144     
         352   662697.311743553     
         354   657221.836026872     
         356   651789.338775933     
         358   646401.835503944     
         360   641061.019526658     
         362   635768.293553523     
         364   630524.798735093     
         366   625331.441326493     
         368   620188.917122865     
         370   615097.733817752     
         372   610058.231429651     
         374   605070.600935610     
         376   600134.901244075     
         378   595251.074632260     
         380   590418.960766322     
         382   585638.309415603     
         384   580908.791965355     
         386   576230.011825565     
         388   571601.513827022     
         390   567022.792689442     
         392   562493.300640482     
         394   558012.454258727     
         396   553579.640608301     
         398   549194.222727638     
         400   544855.544530099     
         402   540562.935169609     
         404   536315.712920224     
         406   532113.188614587     
         408   527954.668682553     
         410   523839.457827800     
         412   519766.861377108     
         414   515736.187333975     
         416   511746.748165576     
         418   507797.862349508     
         420   503888.855704450     
         422   500019.062526740     
         424   496187.826552885     
         426   492394.501766212     
         428   488638.453064225     
         430   484919.056801673     
         432   481235.701222988     
         434   477587.786796408     
         436   473974.726461007     
         438   470395.945796714     
         440   466850.883126480     
         442   463338.989558834     
         444   459859.728978265     
         446   456412.577990135     
         448   452997.025826133     
         450   449612.574215713     
         452   446258.737228335     
         454   442935.041090893     
         456   439641.023984212     
         458   436376.235822088     
         460   433140.238015981     
         462   429932.603228113     
         464   426752.915115433     
         466   423600.768066609     
         468   420475.766933984     
         470   417377.526762169     
         472   414305.672514785     
         474   411259.838800633     
         476   408239.669600459     
         478   405244.817995268     
         480   402274.945897077     
         482   399329.723782811     
         484   396408.830431992     
         486   393511.952668732     
         488   390638.785108495     
         490   387789.029909972     
         492   384962.396532393     
         494   382158.601498500     
         496   379377.368163462     
         498   376618.427067349     
         500   373885.751580494     
