         100   1812.74114063091     
         102   4254.89214312023     
         104   7290.08650269229     
         106   10592.1182594685     
         108   13968.7523064724     
         110   17320.6791391264     
         112   20602.9896920738     
         114   23800.6854626940     
         116   26914.6060027056     
         118   29953.6193964510     
         120   32930.3556115086     
         122   35858.9076397344     
         124   38753.6212185036     
         126   41628.4863823202     
         128   44496.8607691758     
         130   47371.3740304787     
         132   50263.9289176896     
         134   53185.7516612337     
         136   56147.4651561071     
         138   59159.1703422507     
         140   62230.5279420380     
         142   65370.8365826717     
         144   68589.1055247918     
         146   71894.1214464352     
         148   75294.5094009381     
         150   78798.7884153683     
         152   82415.4223613366     
         154   86152.8667942253     
         156   90019.6124682442     
         158   94024.2262219332     
         160   98175.3899089279     
         162   102481.938032558     
         164   106952.894737045     
         166   111597.510817868     
         168   116425.301443938     
         170   121446.085339914     
         172   126670.026265187     
         174   132107.677757136     
         176   137770.032296342     
         178   143668.576328616     
         180   149815.352994608     
         182   156223.035072503     
         184   162905.011724693     
         186   169875.494503374     
         188   177149.651282039     
         190   184743.782136278     
         192   192675.559563947     
         194   200964.367308982     
         196   209631.786815529     
         198   218702.295367581     
         200   228204.250047542     
         202   238171.229253364     
         204   248643.780428026     
         206   259671.572813710     
         208   271315.876868940     
         210   283652.194884870     
         212   296772.766040971     
         214   310788.585236718     
         216   325830.531046160     
         218   342049.211556301     
         220   359613.214992622     
         222   378705.589414851     
         224   399518.554716544     
         226   422246.644510046     
         228   447078.656089871     
         230   474188.927303705     
         232   503728.541194924     
         234   535817.074341367     
         236   570535.455085915     
         238   607920.394374203     
         240   647960.711590292     
         242   690595.719948021     
         244   735715.679255184     
         246   783164.183694638     
         248   832742.239605909     
         250   884213.709083596     
         252   937311.750902338     
         254   991745.878460120     
         256   1047209.27011764     
         258   1103386.00405696     
         260   1159957.94070180     
         262   1216611.03429816     
         264   1273040.91579468     
         266   1328957.64720918     
         268   1384089.60000762     
         270   1438186.45464098     
         272   1491021.35431837     
         274   1542392.27321181     
         276   1592122.67807788     
         278   1640061.57364484     
         280   1686083.02717978     
         282   1730085.26763915     
         284   1771989.45091364     
         286   1811738.17601260     
         288   1849293.82856053     
         290   1884636.81851021     
         292   1917763.76916267     
         294   1948685.70491837     
         296   1977426.27602613     
         298   2004020.05018478     
         300   2028510.89333197     
         302   2050950.45538892     
         304   2071396.77112882     
         306   2089912.98166282     
         308   2106566.17823008     
         310   2121426.36695447     
         312   2134565.55090107     
         314   2146056.92403742     
         316   2155974.17048801     
         318   2164390.86167913     
         320   2171379.94352850     
         322   2177013.30566915     
         324   2181361.42474966     
         326   2184493.07407060     
         328   2186475.09215471     
         330   2187372.20327143     
         332   2187246.88341171     
         334   2186159.26571612     
         336   2184167.07987580     
         338   2181325.62054036     
         340   2177687.74026572     
         342   2173303.86301302     
         344   2168222.01465913     
         346   2162487.86739917     
         348   2156144.79530768     
         350   2149233.93867897     
         352   2141794.27508774     
         354   2133862.69540035     
         356   2125474.08322546     
         358   2116661.39652324     
         360   2107455.75029601     
         362   2097886.49946226     
         364   2087981.32117335     
         366   2077766.29596851     
         368   2067265.98728269     
         370   2056503.51892362     
         372   2045500.65022251     
         374   2034277.84863704     
         376   2022854.35964913     
         378   2011248.27385310     
         380   1999476.59117438     
         382   1987555.28219626     
         384   1975499.34660210     
         386   1963322.86876574     
         388   1951039.07054201     
         390   1938660.36132547     
         392   1926198.38545710     
         394   1913664.06706804     
         396   1901067.65245573     
         398   1888418.75009236     
         400   1875726.36836787     
         402   1862998.95117118     
         404   1850244.41141299     
         406   1837470.16259252     
         408   1824683.14850885     
         410   1811889.87121492     
         412   1799096.41730944     
         414   1786308.48265878     
         416   1773531.39563730     
         418   1760770.13897103     
         420   1748029.37026566     
         422   1735313.44129639     
         424   1722626.41613289     
         426   1709972.08816932     
         428   1697353.99612537     
         430   1684775.43908085     
         432   1672239.49060283     
         434   1659749.01202097     
         436   1647306.66490344     
         438   1634914.92278280     
         440   1622576.08217816     
         442   1610292.27295728     
         444   1598065.46807948     
         446   1585897.49275767     
         448   1573790.03307572     
         450   1561744.64409470     
         452   1549762.75747972     
         454   1537845.68867703     
         456   1525994.64366912     
         458   1514210.72533368     
         460   1502494.93943100     
         462   1490848.20024232     
         464   1479271.33588064     
         466   1467765.09329387     
         468   1456330.14297899     
         470   1444967.08342471     
         472   1433676.44529902     
         474   1422458.69539693     
         476   1411314.24036275     
         478   1400243.43020032     
         480   1389246.56158377     
         482   1378323.88098063     
         484   1367475.58759825     
         486   1356701.83616393     
         488   1346002.73954837     
         490   1335378.37124161     
         492   1324828.76768985     
         494   1314353.93050119     
         496   1303953.82849504     
         498   1293628.38555924     
         500   1283370.17162157     
