         100   1812.74114063091     
         102   4254.90712160634     
         104   7290.15178841783     
         106   10592.2889508904     
         108   13969.0848389931     
         110   17321.2217896316     
         112   20603.7825985753     
         114   23801.7652427098     
         116   26916.0112136003     
         118   29955.3953276676     
         120   32932.5581940851     
         122   35861.6067459283     
         124   38756.9037211645     
         126   41632.4593057406     
         128   44501.6548023648     
         130   47377.1476280025     
         132   50270.8731902028     
         134   53194.0962557348     
         136   56157.4853412300     
         138   59171.1955438580     
         140   62244.9520177704     
         142   65388.1301810637     
         144   68609.8309465029     
         146   71918.9505146210     
         148   75324.2449586484     
         150   78834.3902053929     
         152   82458.0382152917     
         154   86203.8702725654     
         156   90080.6483645277     
         158   94097.2656914482     
         160   98262.7974299941     
         162   102586.552997337     
         164   107078.131257612     
         166   111747.480419464     
         168   116604.964861090     
         170   121661.441896995     
         172   126928.352728084     
         174   132417.833685204     
         176   138142.856530287     
         178   144117.409947219     
         180   150356.737893639     
         182   156877.652924116     
         184   163698.941842896     
         186   170841.874466364     
         188   178330.811457540     
         190   186193.883091729     
         192   194463.678908694     
         194   203177.853155231     
         196   212379.520188547     
         198   222117.296387219     
         200   232444.848422268     
         202   243419.836417482     
         204   255102.193938429     
         206   267551.758786459     
         208   280825.348736983     
         210   294973.451977842     
         212   310036.760937535     
         214   326042.811294559     
         216   343002.990671470     
         218   360910.154358280     
         220   379737.033380353     
         222   399435.551443970     
         224   419937.091275937     
         226   441153.676875556     
         228   462979.973901725     
         230   485295.961146646     
         232   507970.094498394     
         234   530862.771223987     
         236   553829.905111352     
         238   576726.438965493     
         240   599409.646454304     
         242   621742.106520933     
         244   643594.267015637     
         246   664846.546935925     
         248   685390.956512101     
         250   705132.239894430     
         252   723988.565628163     
         254   741891.805251149     
         256   758787.450454568     
         258   774634.224844085     
         260   789403.448132000     
         262   803078.209356536     
         264   815652.402232130     
         266   827129.670694146     
         268   837522.306731088     
         270   846850.136207639     
         272   855139.421973373     
         274   862421.807421214     
         276   868733.318010809     
         278   874113.433230776     
         280   878604.237103047     
         282   882249.651646470     
         284   885094.754694067     
         286   887185.181053428     
         288   888566.604151935     
         290   889284.293949642     
         292   889382.745962088     
         294   888905.375644196     
         296   887894.272080330     
         298   886390.004845911     
         300   884431.478001228     
         302   882055.825403585     
         304   879298.341842161     
         306   876192.444879822     
         308   872769.662702488     
         310   869059.643709588     
         312   865090.184013308     
         314   860887.269438184     
         316   856475.129017851     
         318   851876.297366761     
         320   847111.683657839     
         322   842200.645260439     
         324   837161.064386041     
         326   832009.426352110     
         328   826760.898308575     
         330   821429.407477893     
         332   816027.718140543     
         334   810567.506754969     
         336   805059.434736663     
         338   799513.218537220     
         340   793937.696762906     
         342   788340.894155509     
         344   782730.082327734     
         346   777111.837202979     
         348   771492.093156381     
         350   765876.193892088     
         352   760268.940121975     
         354   754674.634134643     
         356   749097.121361510     
         358   743539.829059991     
         360   738005.802242996     
         362   732497.736989846     
         364   727018.011276846     
         366   721568.713466711     
         368   716151.668595116     
         370   710768.462590357     
         372   705420.464558677     
         374   700108.847263518     
         376   694834.605922055     
         378   689598.575437011     
         380   684401.446176105     
         382   679243.778405648     
         384   674126.015478954     
         386   669048.495874336     
         388   664011.464171716     
         390   659015.081051187     
         392   654059.432391457     
         394   649144.537540777     
         396   644270.356827957     
         398   639436.798376253     
         400   634643.724278346     
         402   629890.956186322     
         404   625178.280366523     
         406   620505.452265282     
         408   615872.200628021     
         410   611278.231210816     
         412   606723.230120434     
         414   602206.866815937     
         416   597728.796802238     
         418   593288.664043520     
         420   588886.103122066     
         422   584520.741165945     
         424   580192.199566992     
         426   575900.095508681     
         428   571644.043321836     
         430   567423.655684537     
         432   563238.544681164     
         434   559088.322734217     
         436   554972.603421315     
         438   550891.002188705     
         440   546843.136971562     
         442   542828.628730469     
         444   538847.101912566     
         446   534898.184845126     
         448   530981.510068576     
         450   527096.714615324     
         452   523243.440240185     
         454   519421.333607631     
         456   515630.046440609     
         458   511869.235635204     
         460   508138.563345040     
         462   504437.697038909     
         464   500766.309534784     
         466   497124.079013075     
         468   493510.689011696     
         470   489925.828405246     
         472   486369.191370384     
         474   482840.477339273     
         476   479339.390942753     
         478   475865.641944762     
         480   472418.945169329     
         482   468999.020421353     
         484   465605.592402231     
         486   462238.390621296     
         488   458897.149303902     
         490   455581.607296920     
         492   452291.507972307     
         494   449026.599129331     
         496   445786.632896032     
         498   442571.365927849     
         500   439382.714517529     
