         100   1812.74114063091     
         102   4254.90767461261     
         104   7290.15457148806     
         106   10592.2965514535     
         108   13969.0999281614     
         110   17321.2466599169     
         112   20603.8191528666     
         114   23801.8152057885     
         116   26916.0763878024     
         118   29955.4778193216     
         120   32932.6605990182     
         122   35861.7323060590     
         124   38757.0564692733     
         126   41632.6442139950     
         128   44501.8779474376     
         130   47377.4163835122     
         132   50271.1964561467     
         134   53194.4847345133     
         136   56157.9518706254     
         138   59171.7554988165     
         140   62245.6237950013     
         142   65388.9357833350     
         144   68610.7966871749     
         146   71920.1078675730     
         148   75325.6315845643     
         150   78836.0511927099     
         152   82460.0275834550     
         154   86206.2527972378     
         156   90083.5018000243     
         158   94100.6834863249     
         160   98266.8920595793     
         162   102591.460075527     
         164   107084.014645051     
         166   111754.538625133     
         168   116613.439151905     
         170   121671.626698804     
         172   126940.609124966     
         174   132432.607068629     
         176   138160.699597037     
         178   144139.012028786     
         180   150382.960556163     
         182   156909.569258355     
         184   163737.872169304     
         186   170889.403841909     
         188   178388.764530434     
         190   186264.220611331     
         192   194548.269760853     
         194   203278.069221631     
         196   212495.601909632     
         198   222247.447242286     
         200   232584.037627875     
         202   243558.319786208     
         204   255223.799574777     
         206   267632.021948562     
         208   280829.612873420     
         210   294855.075254880     
         212   309735.575654735     
         214   325483.975844093     
         216   342096.350959257     
         218   359550.196833434     
         220   377803.469440547     
         222   396794.528058549     
         224   416442.980073286     
         226   436651.357718050     
         228   457307.501918566     
         230   478287.489718764     
         232   499458.920883495     
         234   520684.375391528     
         236   541824.864192422     
         238   562743.117367334     
         240   583306.582898494     
         242   603390.041936681     
         244   622877.779564101     
         246   641665.281068361     
         248   659660.450911928     
         250   676784.373863438     
         252   692971.654742360     
         254   708170.385002237     
         256   722341.791380367     
         258   735459.624736723     
         260   747509.346764797     
         262   758487.169275464     
         264   768398.995982233     
         266   777259.310818230     
         268   785090.050351600     
         270   791919.491282857     
         272   797781.177641056     
         274   802712.906381726     
         276   806755.784779032     
         278   809953.368377980     
         280   812350.884355616     
         282   813994.541918303     
         284   814930.928792645     
         286   815206.490889558     
         288   814867.090764131     
         290   813957.639484216     
         292   812521.795885457     
         294   810601.726860819     
         296   808237.922246232     
         298   805469.057965117     
         300   802331.901335426     
         302   798861.252782977     
         304   795089.918610659     
         306   791048.709917587     
         308   786766.463223876     
         310   782270.078819061     
         312   777584.573302787     
         314   772733.143216508     
         316   767737.237068443     
         318   762616.633427312     
         320   757389.523101337     
         322   752072.593727180     
         324   746681.115369310     
         326   741229.025974930     
         328   735729.015744801     
         330   730192.609668038     
         332   724630.247631561     
         334   719051.361654454     
         336   713464.449916545     
         338   707877.147351054     
         340   702296.292655421     
         342   696727.991644300     
         344   691177.676926102     
         346   685650.163930896     
         348   680149.703354634     
         350   674680.030113708     
         352   669244.408926111     
         354   663845.676651932     
         356   658486.281537568     
         358   653168.319515615     
         360   647893.567716706     
         362   642663.515351107     
         364   637479.392117273     
         366   632342.194292187     
         368   627252.708654579     
         370   622211.534387338     
         372   617219.103099877     
         374   612275.697105102     
         376   607381.466079188     
         378   602536.442225648     
         380   597740.554058439     
         382   592993.638912082     
         384   588295.454280098     
         386   583645.688076540     
         388   579043.967909121     
         390   574489.869446287     
         392   569982.923954847     
         394   565522.625079140     
         396   561108.434927532     
         398   556739.789527008     
         400   552416.103701995     
         402   548136.775429111     
         404   543901.189715466     
         406   539708.722044274     
         408   535558.741427951     
         410   531450.613105586     
         412   527383.700918529     
         414   523357.369395020     
         416   519370.985572113     
         418   515423.920580716     
         420   511515.551017287     
         422   507645.260123693     
         424   503812.438794765     
         426   500016.486431371     
         428   496256.811655200     
         430   492532.832899945     
         432   488843.978892253     
         434   485189.689034533     
         436   481569.413700600     
         438   477982.614454068     
         440   474428.764198478     
         442   470907.347267266     
         444   467417.859460884     
         446   463959.808037681     
         448   460532.711664472     
         450   457136.100332149     
         452   453769.515241117     
         454   450432.508660891     
         456   447124.643767669     
         458   443845.494463381     
         460   440594.645179252     
         462   437371.690666658     
         464   434176.235777707     
         466   431007.895237727     
         468   427866.293411574     
         470   424751.064065473     
         472   421661.850125891     
         474   418598.303436761     
         476   415560.084516205     
         478   412546.862313780     
         480   409558.313969112     
         482   406594.124572676     
         484   403653.986929385     
         486   400737.601325524     
         488   397844.675299523     
         490   394974.923416948     
         492   392128.067050037     
         494   389303.834162061     
         496   386501.959096711     
         498   383722.182383739     
         500   380965.481197967     
