         100   1812.74114063091     
         102   4254.89214312023     
         104   7290.08650269229     
         106   10592.1182594685     
         108   13968.7523064724     
         110   17320.6791391264     
         112   20602.9896920738     
         114   23800.6854626940     
         116   26914.6060027056     
         118   29953.6193964510     
         120   32930.3556115086     
         122   35858.9076397344     
         124   38753.6212185036     
         126   41628.4863823202     
         128   44496.8607691758     
         130   47371.3740304787     
         132   50263.9289176896     
         134   53185.7516612337     
         136   56147.4651561071     
         138   59159.1703422507     
         140   62230.5279420380     
         142   65370.8365826717     
         144   68589.1055247918     
         146   71894.1214464352     
         148   75294.5094009381     
         150   78798.7884153683     
         152   82415.4223613366     
         154   86152.8667942253     
         156   90019.6124682442     
         158   94024.2262219332     
         160   98175.3899089279     
         162   102481.938032558     
         164   106952.894737045     
         166   111597.510817868     
         168   116425.301443938     
         170   121446.085339909     
         172   126670.026265151     
         174   132107.677756904     
         176   137770.032295016     
         178   143668.576321753     
         180   149815.352962298     
         182   156223.034933567     
         184   162905.011176779     
         186   169875.492513593     
         188   177149.644600823     
         190   184743.761310751     
         192   192675.499068341     
         194   200964.202912093     
         196   209631.367335630     
         198   218701.286745079     
         200   228201.956855027     
         202   238166.282952891     
         204   248633.626836671     
         206   259651.676831274     
         208   271278.555219395     
         210   283584.992381852     
         212   296656.311662629     
         214   310593.902690404     
         216   325515.832796626     
         218   341556.270195195     
         220   358863.473138137     
         222   377596.229337755     
         224   397918.792201410     
         226   419994.530789316     
         228   443978.663167031     
         230   470010.555757536     
         232   498206.129590241     
         234   528650.912575305     
         236   561394.218967453     
         238   596444.834365465     
         240   633768.452902924     
         242   673286.970237879     
         244   714879.597842221     
         246   758385.644018298     
         248   803608.713839181     
         250   850322.018127046     
         252   898274.450908662     
         254   947197.092601522     
         256   996809.817454767     
         258   1046827.72238498     
         260   1096967.14401075     
         262   1146951.08558667     
         264   1196513.93076651     
         266   1245405.37291474     
         268   1293393.53442926     
         270   1340267.28870945     
         272   1385837.82739132     
         274   1429939.53737796     
         276   1472430.26663313     
         278   1513191.06561540     
         280   1552125.49371415     
         282   1589158.57825088     
         284   1624235.50862883     
         286   1657320.14104230     
         288   1688393.38064695     
         290   1717451.49894434     
         292   1744504.43489705     
         294   1769574.11937493     
         296   1792692.85422370     
         298   1813901.76972761     
         300   1833249.37760608     
         302   1850790.23097351     
         304   1866583.69788691     
         306   1880692.85115856     
         308   1893183.47394940     
         310   1904123.17820021     
         312   1913580.63111272     
         314   1921624.88357315     
         316   1928324.79353172     
         318   1933748.53683448     
         320   1937963.19777814     
         322   1941034.43166176     
         324   1943026.19178720     
         326   1944000.51366741     
         328   1944017.34959998     
         330   1943134.44722113     
         332   1941407.26614743     
         334   1938888.92731953     
         336   1935630.19016781     
         338   1931679.45321365     
         340   1927082.77419246     
         342   1921883.90623125     
         344   1916124.34702959     
         346   1909843.39837647     
         348   1903078.23368708     
         350   1895863.97156140     
         352   1888233.75365331     
         354   1880218.82539507     
         356   1871848.61834948     
         358   1863150.83316344     
         360   1854151.52227303     
         362   1844875.17166451     
         364   1835344.78112988     
         366   1825581.94257109     
         368   1815606.91600693     
         370   1805438.70302115     
         372   1795095.11746300     
         374   1784592.85327181     
         376   1773947.54934843     
         378   1763173.85143863     
         380   1752285.47102824     
         382   1741295.24127832     
         384   1730215.17005126     
         386   1719056.49009671     
         388   1707829.70648017     
         390   1696544.64134749     
         392   1685210.47612613     
         394   1673835.79126903     
         396   1662428.60365012     
         398   1650996.40172193     
         400   1639546.17854570     
         402   1628084.46280338     
         404   1616617.34789916     
         406   1605150.51925521     
         408   1593689.27990337     
         410   1582238.57447100     
         412   1570803.01165528     
         414   1559386.88527622     
         416   1547994.19399462     
         418   1536628.65977689     
         420   1525293.74518462     
         422   1513992.66956268     
         424   1502728.42419527     
         426   1491503.78649598     
         428   1480321.33329348     
         430   1469183.45327139     
         432   1458092.35861677     
         434   1447050.09592885     
         436   1436058.55643603     
         438   1425119.48556639     
         440   1414234.49191377     
         442   1403405.05563923     
         444   1392632.53634456     
         446   1381918.18045253     
         448   1371263.12812615     
         450   1360668.41975688     
         452   1350135.00205020     
         454   1339663.73373442     
         456   1329255.39091752     
         458   1318910.67211464     
         460   1308630.20296758     
         462   1298414.54067627     
         464   1288264.17816046     
         466   1278179.54796925     
         468   1268161.02595428     
         470   1258208.93472172     
         472   1248323.54687709     
         474   1238505.08807590     
         476   1228753.73989236     
         478   1219069.64251752     
         480   1209452.89729741     
         482   1199903.56912110     
         484   1190421.68866802     
         486   1181007.25452297     
         488   1171660.23516703     
         490   1162380.57085189     
         492   1153168.17536456     
         494   1144022.93768910     
         496   1134944.72359173     
         498   1125933.38165893     
         500   1116990.41366721     
