         100   1812.74114063091     
         102   4254.89214312023     
         104   7290.08650269229     
         106   10592.1182594685     
         108   13968.7523064724     
         110   17320.6791391264     
         112   20602.9896920738     
         114   23800.6854626940     
         116   26914.6060027056     
         118   29953.6193964510     
         120   32930.3556115086     
         122   35858.9076397344     
         124   38753.6212185036     
         126   41628.4863823202     
         128   44496.8607691758     
         130   47371.3740304787     
         132   50263.9289176896     
         134   53185.7516612337     
         136   56147.4651561071     
         138   59159.1703422507     
         140   62230.5279420380     
         142   65370.8365826717     
         144   68589.1055247918     
         146   71894.1214464352     
         148   75294.5094009381     
         150   78798.7884153683     
         152   82415.4223613366     
         154   86152.8667942253     
         156   90019.6124682442     
         158   94024.2262219332     
         160   98175.3899089279     
         162   102481.938032558     
         164   106952.894737045     
         166   111597.510817868     
         168   116425.301443936     
         170   121446.085339899     
         172   126670.026265077     
         174   132107.677756439     
         176   137770.032292364     
         178   143668.576308028     
         180   149815.352897678     
         182   156223.034655694     
         184   162905.010080952     
         186   169875.488534032     
         188   177149.631238391     
         190   184743.719659697     
         192   192675.378077126     
         194   200963.874118313     
         196   209630.528375832     
         198   218699.269500075     
         200   228197.370469998     
         202   238156.390351944     
         204   248613.319653962     
         206   259611.884866406     
         208   271203.911920309     
         210   283450.587375826     
         212   296423.402905958     
         214   310204.537597799     
         216   324886.436297593     
         218   340570.387473036     
         220   357363.989429245     
         222   375377.509183671     
         224   394719.267171287     
         226   415490.303348050     
         228   437778.677321604     
         230   461653.812665519     
         232   487161.306381276     
         234   514318.589043668     
         236   543111.746731113     
         238   573493.714348676     
         240   605383.935528985     
         242   638669.470818505     
         244   673207.435017318     
         246   708828.564666749     
         248   745341.662306962     
         250   782538.636215279     
         252   820199.850922730     
         254   858099.520885824     
         256   896010.912130572     
         258   933711.159042613     
         260   970985.550630297     
         262   1007631.18816534     
         264   1043459.96071180     
         266   1078300.82432747     
         268   1112001.40327411     
         270   1144428.95684792     
         272   1175470.77353865     
         274   1205034.06571162     
         276   1233045.44374488     
         278   1259450.04955765     
         280   1284210.42678388     
         282   1307305.19947519     
         284   1328727.62405992     
         286   1348484.07110225     
         288   1366592.48482022     
         290   1383080.85981285     
         292   1397985.76636590     
         294   1411350.94828798     
         296   1423226.01061861     
         298   1433665.20881287     
         300   1442726.34615375     
         302   1450469.78214198     
         304   1456957.55140223     
         306   1462252.59014904     
         308   1466418.06538692     
         310   1469516.80069043     
         312   1471610.79153462     
         314   1472760.80264309     
         316   1473026.03961751     
         318   1472463.88714344     
         320   1471129.70627556     
         322   1469076.68364505     
         324   1466355.72586024     
         326   1463015.39285893     
         328   1459101.86448836     
         330   1454658.93511832     
         332   1449728.03161659     
         334   1444348.25052401     
         336   1438556.41074946     
         338   1432387.11855784     
         340   1425872.84204349     
         342   1419043.99266526     
         344   1411929.01176804     
         346   1404554.46032859     
         348   1396945.11044337     
         350   1389124.03732374     
         352   1381112.71078194     
         354   1372931.08538201     
         356   1364597.68859503     
         358   1356129.70644136     
         360   1347543.06622459     
         362   1338852.51606655     
         364   1330071.70104050     
         366   1321213.23577385     
         368   1312288.77345303     
         370   1303309.07121384     
         372   1294284.05194164     
         374   1285222.86253905     
         376   1276133.92874476     
         378   1267025.00660746     
         380   1257903.23073374     
         382   1248775.15944028     
         384   1239646.81694747     
         386   1230523.73275659     
         388   1221410.97835445     
         390   1212313.20138953     
         392   1203234.65746223     
         394   1194179.23966909     
         396   1185150.50603701     
         398   1176151.70497925     
         400   1167185.79889956     
         402   1158255.48606602     
         404   1149363.22086981     
         406   1140511.23257894     
         408   1131701.54269078     
         410   1122935.98098157     
         412   1114216.20034542     
         414   1105543.69050962     
         416   1096919.79070780     
         418   1088345.70138718     
         420   1079822.49502117     
         422   1071351.12609393     
         424   1062932.44031874     
         426   1054567.18314802     
         428   1046256.00762848     
         430   1037999.48165129     
         432   1029798.09464350     
         434   1021652.26374348     
         436   1013562.33950013     
         438   1005528.61113251     
         440   997551.311383967     
         442   989630.621002130     
         444   981766.672873758     
         446   973959.555841333     
         448   966209.318226099     
         450   958515.971080388     
         452   950879.491190338     
         454   943299.823848397     
         456   935776.885413552     
         458   928310.565675791     
         460   920900.730040023     
         462   913547.221543463     
         464   906249.862719415     
         466   899008.457319349     
         468   891822.791904217     
         470   884692.637315126     
         472   877617.750032637     
         474   870597.873433260     
         476   863632.738951029     
         478   856722.067151404     
         480   849865.568724180     
         482   843062.945401570     
         484   836313.890807107     
         486   829618.091240595     
         488   822975.226403907     
         490   816384.970072048     
         492   809846.990713568     
         494   803360.952064538     
         496   796926.513784737     
         498   790543.373857959     
         500   784230.897758186     
