         100   1812.74114063091     
         102   4254.90712160634     
         104   7290.15178841783     
         106   10592.2889508904     
         108   13969.0848389931     
         110   17321.2217896316     
         112   20603.7825985753     
         114   23801.7652427098     
         116   26916.0112136003     
         118   29955.3953276676     
         120   32932.5581940851     
         122   35861.6067459283     
         124   38756.9037211645     
         126   41632.4593057406     
         128   44501.6548023648     
         130   47377.1476280025     
         132   50270.8731902028     
         134   53194.0962557348     
         136   56157.4853412300     
         138   59171.1955438580     
         140   62244.9520177704     
         142   65388.1301810637     
         144   68609.8309465029     
         146   71918.9505146210     
         148   75324.2449586484     
         150   78834.3902053929     
         152   82458.0382152918     
         154   86203.8702725662     
         156   90080.6483645342     
         158   94097.2656914939     
         160   98262.7974302807     
         162   102586.552998955     
         164   107078.131265871     
         166   111747.480457734     
         168   116604.965022826     
         170   121661.442523269     
         172   126928.354959945     
         174   132417.841037185     
         176   138142.879011302     
         178   144117.474021719     
         180   150356.908791218     
         182   156878.081105646     
         184   163699.953317125     
         186   170844.135159974     
         188   178335.608174260     
         190   186203.575848549     
         192   194482.388615833     
         194   203212.451043951     
         196   212440.977553606     
         198   222222.432720043     
         200   232618.482580842     
         202   243697.301451557     
         204   255532.126451032     
         206   268199.024964248     
         208   281773.928719346     
         210   296329.078561857     
         212   311929.102221939     
         214   328627.001445781     
         216   346460.347252003     
         218   365447.970672079     
         220   385587.394308627     
         222   406853.184686056     
         224   429196.326363167     
         226   452544.636373884     
         228   476804.160978415     
         230   501861.433028690     
         232   527586.421891262     
         234   553835.980538432     
         236   580457.585483498     
         238   607293.172315075     
         240   634182.889213259     
         242   660968.619092373     
         244   687497.154067949     
         246   713622.940389087     
         248   739210.345073805     
         250   764135.425246846     
         252   788287.206353208     
         254   811568.495402177     
         256   833896.270107750     
         258   855201.694543274     
         260   875429.817290706     
         262   894539.009750951     
         264   912500.201055227     
         266   929295.962624192     
         268   944919.490543061     
         270   959373.528146489     
         272   972669.265021998     
         274   984825.242425274     
         276   995866.289136675     
         278   1005822.50627057     
         280   1014728.31459922     
         282   1022621.57363300     
         284   1029542.77802569     
         286   1035534.33383021     
         288   1040639.91467668     
         290   1044903.89602659     
         292   1048370.86421138     
         294   1051085.19592691     
         296   1053090.70316160     
         298   1054430.33812709     
         300   1055145.95257899     
         302   1055278.10591451     
         304   1054865.91656937     
         306   1053946.95147254     
         308   1052557.14862439     
         310   1050730.76821535     
         312   1048500.36807992     
         314   1045896.79966752     
         316   1042949.22109679     
         318   1039685.12423305     
         320   1036130.37308451     
         322   1032309.25114673     
         324   1028244.51563378     
         326   1023957.45681813     
         328   1019467.96095788     
         330   1014794.57552155     
         332   1009954.57562622     
         334   1004964.03078804     
         336   999837.871244326     
         338   994589.953246780     
         340   989233.122847273     
         342   983779.277802354     
         344   978239.427312591     
         346   972623.749389207     
         348   966941.645704934     
         350   961201.793839986     
         352   955412.196878828     
         354   949580.230350194     
         356   943712.686532674     
         358   937815.816172094     
         360   931895.367675683     
         362   925956.623862501     
         364   920004.436360362     
         366   914043.257747158     
         368   908077.171539628     
         370   902109.920135576     
         372   896144.930816739     
         374   890185.339919345     
         376   884234.015278025     
         378   878293.577046523     
         380   872366.416995682     
         382   866454.716385750     
         384   860560.462506163     
         386   854685.463971890     
         388   848831.364861115     
         390   842999.657774689     
         392   837191.695893419     
         394   831408.704104887     
         396   825651.789267278     
         398   819921.949673494     
         400   814220.083774849     
         402   808546.998219757     
         404   802903.415259131     
         406   797289.979566682     
         408   791707.264518970     
         410   786155.777976858     
         412   780635.967607098     
         414   775148.225779872     
         416   769692.894075574     
         418   764270.267431556     
         420   758880.597957309     
         422   753524.098444367     
         424   748200.945595218     
         426   742911.282993630     
         428   737655.223837070     
         430   732432.853450274     
         432   727244.231597526     
         434   722089.394609845     
         436   716968.357341942     
         438   711881.114972696     
         440   706827.644661737     
         442   701807.907073750     
         444   696821.847781177     
         446   691869.398555121     
         448   686950.478553473     
         450   682064.995414556     
         452   677212.846263895     
         454   672393.918641119     
         456   667608.091353412     
         458   662855.235261444     
         460   658135.214003169     
         462   653447.884660513     
         464   648793.098373497     
         466   644170.700906017     
         468   639580.533167131     
         470   635022.431691410     
         472   630496.229081594     
         474   626001.754416561     
         476   621538.833627350     
         478   617107.289843759     
         480   612706.943713842     
         482   608337.613698445     
         484   603999.116342720     
         486   599691.266526433     
         488   595413.877694726     
         490   591166.762070826     
         492   586949.730852143     
         494   582762.594391003     
         496   578605.162361180     
         498   574477.243648859     
         500   570376.640391608     
