         100   1812.74114063091     
         102   4254.90760551253     
         104   7290.15404865325     
         106   10592.2950091500     
         108   13969.0967823557     
         110   17321.2414100922     
         112   20603.8113857644     
         114   23801.8045505362     
         116   26916.0624609760     
         118   29955.4601760198     
         120   32932.6386927177     
         122   35861.7054548147     
         124   38757.0238246574     
         126   41632.6047294499     
         128   44501.8303432851     
         130   47377.3591063180     
         132   50271.1276303675     
         134   53194.4021043841     
         136   56157.8527300858     
         138   59171.6366069736     
         140   62245.4812741674     
         142   65388.7649960836     
         144   68610.5920880805     
         146   71919.8628243303     
         148   75325.3381619520     
         150   78835.6998913087     
         152   82459.6070230491     
         154   86205.7493322781     
         156   90082.8990512029     
         158   94099.9617679221     
         160   98266.0276763729     
         162   102590.424455248     
         164   107082.773262523     
         166   111753.049664251     
         168   116611.651850320     
         170   121669.479355413     
         172   126938.026893785     
         174   132429.500072301     
         176   138156.962869653     
         178   144134.530834448     
         180   150377.628413487     
         182   156903.332302964     
         184   163730.822897968     
         186   170881.959808374     
         188   178381.982174066     
         190   186260.308729509     
         192   194551.377540265     
         194   203295.425849887     
         196   212539.074502507     
         198   222335.558553530     
         200   232744.444750253     
         202   243830.702932200     
         204   255663.052103246     
         206   268311.577107835     
         208   281844.697766328     
         210   296325.655639366     
         212   311808.751173940     
         214   328335.605571738     
         216   345931.731710994     
         218   364603.676547061     
         220   384336.948127319     
         222   405094.871676451     
         224   426818.440865313     
         226   449427.152091560     
         228   472820.739681453     
         230   496881.674370466     
         232   521478.249574761     
         234   546468.060620374     
         236   571701.679944365     
         238   597026.343532239     
         240   622289.486890471     
         242   647341.998814405     
         244   672041.094464475     
         246   696252.742704280     
         248   719853.613878081     
         250   742732.541551332     
         252   764791.514242627     
         254   785946.230472206     
         256   806126.262640840     
         258   825274.882765201     
         260   843348.606570206     
         262   860316.512614813     
         264   876159.390763607     
         266   890868.770129928     
         268   904445.871246603     
         270   916900.521207951     
         272   928250.064306267     
         274   938518.294589392     
         276   947734.431031200     
         278   955932.150791135     
         280   963148.691432399     
         282   969424.029008659     
         284   974800.135613803     
         286   979320.317287848     
         288   983028.631035369     
         290   985969.378080565     
         292   988186.669290268     
         294   989724.057877171     
         296   990624.233987416     
         298   990928.775521019     
         300   990677.949478135     
         302   989910.558222715     
         304   988663.825268323     
         306   986973.315485429     
         308   984872.884978093     
         310   982394.656258305     
         312   979569.014741061     
         314   976424.622978750     
         316   972988.449439717     
         318   969285.809005463     
         320   965340.412708890     
         322   961174.424559103     
         324   956808.523594907     
         326   952261.969578485     
         328   947552.670983383     
         330   942697.254147395     
         332   937711.132652801     
         334   932608.576165098     
         336   927402.778108703     
         338   922105.921685839     
         340   916729.243854927     
         342   911283.096978925     
         344   905777.007933975     
         346   900219.734536135     
         348   894619.319200208     
         350   888983.139791307     
         352   883317.957667963     
         354   877629.962946447     
         356   871924.817040595     
         358   866207.692550663     
         360   860483.310589440     
         362   854755.975644662     
         364   849029.608084421     
         366   843307.774417140     
         368   837593.715420423     
         370   831890.372253981     
         372   826200.410671211     
         374   820526.243442312     
         376   814870.051099116     
         378   809233.801108433     
         380   803619.265576834     
         382   798028.037585475     
         384   792461.546249078     
         386   786921.070588451     
         388   781407.752301230     
         390   775922.607510739     
         392   770466.537568185     
         394   765040.338978832     
         396   759644.712518287     
         398   754280.271600781     
         400   748947.549957140     
         402   743647.008676226     
         404   738379.042659874     
         406   733143.986537749     
         408   727942.120085252     
         410   722773.673184377     
         412   717638.830364477     
         414   712537.734957117     
         416   707470.492896554     
         418   702437.176194993     
         420   697437.826119456     
         422   692472.456095036     
         424   687541.054357317     
         426   682643.586374940     
         428   677779.997061603     
         430   672950.212795230     
         432   668154.143260606     
         434   663391.683130422     
         436   658662.713598485     
         438   653967.103777671     
         440   649304.711974186     
         442   644675.386848725     
         444   640078.968474248     
         446   635515.289299236     
         448   630984.175024621     
         450   626485.445401803     
         452   622018.914958614     
         454   617584.393659460     
         456   613181.687505368     
         458   608810.599079167     
         460   604470.928040575     
         462   600162.471575589     
         464   595885.024804150     
         466   591638.381149762     
         468   587422.332674384     
         470   583236.670381665     
         472   579081.184491302     
         474   574955.664687076     
         476   570859.900340876     
         478   566793.680714860     
         480   562756.795143681     
         482   558749.033198545     
         484   554770.184834733     
         486   550820.040524059     
         488   546898.391373601     
         490   543005.029231955     
         492   539139.746784122     
         494   535302.337636058     
         496   531492.596389807     
         498   527710.318590885     
         500   523953.232602630     
