         100   1812.74114063091     
         102   4254.90617868017     
         104   7290.14745495907     
         106   10592.2773979194     
         108   13969.0621214012     
         110   17321.1845236992     
         112   20603.7279703862     
         114   23801.6906893459     
         116   26915.9140418515     
         118   29955.2723778602     
         120   32932.4055651809     
         122   35861.4195632856     
         124   38756.6759212072     
         126   41632.1834142581     
         128   44501.3216873351     
         130   47376.7462109874     
         132   50270.3901019278     
         134   53193.5154215482     
         136   56156.7874809690     
         138   59170.3575684114     
         140   62243.9463013848     
         142   65386.9236841612     
         144   68608.3841583217     
         146   71917.2161781334     
         148   75322.1665315963     
         150   78831.9000004298     
         152   82455.0551484486     
         154   86200.2971316212     
         156   90076.3684860049     
         158   94092.1389048803     
         160   98256.6550877637     
         162   102579.191852827     
         164   107069.305875243     
         166   111736.893682581     
         168   116592.255961626     
         170   121646.170900793     
         172   126909.980345983     
         174   132395.694158093     
         176   138116.120477756     
         178   144085.032614396     
         180   150317.386580124     
         182   156829.605835531     
         184   163639.949766898     
         186   170768.977316859     
         188   178240.104595455     
         190   186080.233815214     
         192   194320.401358095     
         194   202996.359043912     
         196   212148.971499290     
         198   221824.292401448     
         200   232073.181355292     
         202   242950.346487069     
         204   254512.746004629     
         206   266817.350043180     
         208   279918.342457602     
         210   293863.918520348     
         212   308692.896381054     
         214   324431.397798659     
         216   341089.861560991     
         218   358660.630713197     
         220   377116.306453158     
         222   396408.994982322     
         224   416470.498134712     
         226   437213.423690632     
         228   458533.124991634     
         230   480310.327612319     
         232   502414.266578616     
         234   524706.141590595     
         236   547042.698468572     
         238   569279.759695575     
         240   591275.551783416     
         242   612893.708349260     
         244   634005.861622114     
         246   654493.768541966     
         248   674250.948336189     
         250   693183.834891117     
         252   711212.468524843     
         254   728270.767652012     
         256   744306.431515298     
         258   759280.531163238     
         260   773166.847892433     
         262   785951.017239096     
         264   797629.533096352     
         266   808208.661388483     
         268   817703.306597385     
         270   826135.867845790     
         272   833535.114617876     
         274   839935.105853604     
         276   845374.170304717     
         278   849893.960821337     
         280   853538.590715891     
         282   856353.856541421     
         284   858386.548502626     
         286   859683.847242697     
         288   860292.803854029     
         290   860259.898574481     
         292   859630.672679240     
         294   858449.427489263     
         296   856758.984123172     
         298   854600.497559223     
         300   852013.318693426     
         302   849034.898332642     
         304   845700.727408360     
         306   842044.308105406     
         308   838097.151044143     
         310   833888.794114080     
         312   829446.839015429     
         314   824797.002011279     
         316   819963.175818213     
         318   814967.499961740     
         320   809830.437291266     
         322   804570.854685773     
         324   799206.106285396     
         326   793752.117856228     
         328   788223.471137100     
         330   782633.487229580     
         332   776994.308277928     
         334   771316.976846457     
         336   765611.512539961     
         338   759886.985530755     
         340   754151.586755652     
         342   748412.694629912     
         344   742676.938194775     
         346   736950.256672417     
         348   731237.955448642     
         350   725544.758540898     
         352   719874.857638475     
         354   714231.957824297     
         356   708619.320104539     
         358   703039.800884322     
         360   697495.888535718     
         362   691989.737209039     
         364   686523.198040310     
         366   681097.847907637     
         368   675715.015887221     
         370   670375.807556386     
         372   665081.127286600     
         374   659831.698664238     
         376   654628.083171075     
         378   649470.697250315     
         380   644359.827877557     
         382   639295.646749590     
         384   634278.223197398     
         386   629307.535923269     
         388   624383.483655614     
         390   619505.894808954     
         392   614674.536230598     
         394   609889.121109871     
         396   605149.316120334     
         398   600454.747860274     
         400   595805.008651907     
         402   591199.661755124     
         404   586638.246047300     
         406   582120.280216656     
         408   577645.266512879     
         410   573212.694095178     
         412   568822.042014668     
         414   564472.781864954     
         416   560164.380131908     
         418   555896.300271070     
         420   551668.004538637     
         422   547478.955599791     
         424   543328.617936053     
         426   539216.459071436     
         428   535141.950635449     
         430   531104.569279350     
         432   527103.797460623     
         434   523139.124109264     
         436   519210.045188236     
         438   515316.064159293     
         440   511456.692364367     
         442   507631.449331740     
         444   503839.863015336     
         446   500081.469974715     
         448   496355.815502594     
         450   492662.453706063     
         452   489000.947547075     
         454   485370.868847232     
         456   481771.798261390     
         458   478203.325224141     
         460   474665.047872855     
         462   471156.572950533     
         464   467677.515691433     
         466   464227.499692103     
         468   460806.156770153     
         470   457413.126812894     
         472   454048.057617699     
         474   450710.604725742     
         476   447400.431250614     
         478   444117.207703093     
         480   440860.611813248     
         482   437630.328350875     
         484   434426.048945158     
         486   431247.471904345     
         488   428094.302036103     
         490   424966.250469158     
         492   421863.034476702     
         494   418784.377302037     
         496   415730.007987145     
         498   412699.662328352     
         500   409697.780576862     
