         100   1812.74114063091     
         102   4254.90202954187     
         104   7290.12882504586     
         106   10592.2281485849     
         108   13968.9656707926     
         110   17321.0266683540     
         112   20603.4968985064     
         114   23801.3756296157     
         116   26915.5036577620     
         118   29954.7533557468     
         120   32931.7614611109     
         122   35860.6298292224     
         124   38755.7150017335     
         126   41631.0198159983     
         128   44499.9169409582     
         130   47375.0536590431     
         132   50268.3534524140     
         134   53191.0670075395     
         136   56153.8461618710     
         138   59166.8261992104     
         140   62239.7086829450     
         142   65381.8408900982     
         144   68602.2901117305     
         146   71909.9123235955     
         148   75313.4154131125     
         150   78821.4175123836     
         152   82442.5011718816     
         154   86185.2641985130     
         156   90058.3680250418     
         158   94070.5845064239     
         160   98230.8420731543     
         162   102548.272228051     
         164   107032.257466103     
         166   111692.481845767     
         168   116538.985673018     
         170   121582.226125715     
         172   126833.146233803     
         174   132303.255594570     
         176   138004.727788848     
         178   143950.522015914     
         180   150154.540348062     
         182   156631.837408273     
         184   163398.905850686     
         186   170474.067457110     
         188   177878.003354441     
         190   185634.454039686     
         192   193771.106426889     
         194   202320.657953727     
         196   211322.006725450     
         198   220821.465805698     
         200   230873.847669337     
         202   241543.223291858     
         204   252903.141634375     
         206   265036.108801741     
         208   278032.175524290     
         210   291986.563150770     
         212   306996.361425676     
         214   323156.440583756     
         216   340554.818871967     
         218   359267.799620384     
         220   379355.229271255     
         222   400856.225397604     
         224   423785.684040009     
         226   448131.806148219     
         228   473854.794271390     
         230   500886.774761560     
         232   529132.908717922     
         234   558473.575596011     
         236   588767.452773122     
         238   619855.275218343     
         240   651564.041777336     
         242   683711.436274462     
         244   716110.249040690     
         246   748572.613268087     
         248   780913.906359092     
         250   812956.205151717     
         252   844531.222208341     
         254   875482.685721281     
         256   905668.156311675     
         258   934960.299138678     
         260   963247.648988886     
         262   990434.919564467     
         264   1016442.91655594     
         266   1041208.11800125     
         268   1064681.98572149     
         270   1086830.06911921     
         272   1107630.95811193     
         274   1127075.13614625     
         276   1145163.77768300     
         278   1161907.52773384     
         280   1177325.29432528     
         282   1191443.07842906     
         284   1204292.86010087     
         286   1215911.55441691     
         288   1226340.04633317     
         290   1235622.30982027     
         292   1243804.61351764     
         294   1250934.81265596     
         296   1257061.72505566     
         298   1262234.58755266     
         300   1266502.58816359     
         302   1269914.46861285     
         304   1272518.19144283     
         306   1274360.66575791     
         308   1275487.52566434     
         310   1275942.95561727     
         312   1275769.55713685     
         314   1275008.25167688     
         316   1273698.21479604     
         318   1271876.83717478     
         320   1269579.70842266     
         322   1266840.62002078     
         324   1263691.58413226     
         326   1260162.86538361     
         328   1256283.02306812     
         330   1252078.96154488     
         332   1247575.98690378     
         334   1242797.86823586     
         336   1237766.90209214     
         338   1232503.97893104     
         340   1227028.65054803     
         342   1221359.19765187     
         344   1215512.69690142     
         346   1209505.08684724     
         348   1203351.23233567     
         350   1197064.98702984     
         352   1190659.25378585     
         354   1184146.04269270     
         356   1177536.52664442     
         358   1170841.09436291     
         360   1164069.40083135     
         362   1157230.41513221     
         364   1150332.46571182     
         366   1143383.28311531     
         368   1136390.04025369     
         370   1129359.39027796     
         372   1122297.50214568     
         374   1115210.09397227     
         376   1108102.46426448     
         378   1100979.52113640     
         380   1093845.80960934     
         382   1086705.53709715     
         384   1079562.59717740     
         386   1072420.59174661     
         388   1065282.85165549     
         390   1058152.45591659     
         392   1051032.24957369     
         394   1043924.86031807     
         396   1036832.71393325     
         398   1029758.04864554     
         400   1022702.92845388     
         402   1015669.25550812     
         404   1008658.78160143     
         406   1001673.11883815     
         408   994713.749534998     
         410   987782.035409761     
         412   980879.226108187     
         414   974006.467116493     
         416   967164.807103711     
         418   960355.204735132     
         420   953578.534995262     
         422   946835.595056057     
         424   940127.109723670     
         426   933453.736494595     
         428   926816.070249887     
         430   920214.647614055     
         432   913649.951003306     
         434   907122.412386006     
         436   900632.416776544     
         438   894180.305482223     
         440   887766.379121339     
         442   881390.900429279     
         444   875054.096868175     
         446   868756.163054526     
         448   862497.263018106     
         450   856277.532304455     
         452   850097.079932366     
         454   843955.990216889     
         456   837854.324467591     
         458   831792.122571090     
         460   825769.404466178     
         462   819786.171519255     
         464   813842.407807178     
         466   807938.081314135     
         468   802073.145048625     
         470   796247.538086195     
         472   790461.186543149     
         474   784714.004486064     
         476   779005.894781582     
         478   773336.749890616     
         480   767706.452610818     
         482   762114.876770847     
         484   756561.887879741     
         486   751047.343734436     
         488   745571.094988273     
         490   740132.985683093     
         492   734732.853747393     
         494   729370.531462763     
         496   724045.845901068     
         498   718758.619680177     
         500   713509.119965705     
