         100   1812.74114063091     
         102   4254.89800778717     
         104   7290.11130191095     
         106   10592.1823414734     
         108   13968.8764406854     
         110   17320.8810659735     
         112   20603.2841573607     
         114   23801.0859258424     
         116   26915.1266447246     
         118   29954.2768782595     
         120   32931.1705066204     
         122   35859.9056425961     
         124   38754.8342644064     
         126   41629.9538004467     
         128   44498.6305677947     
         130   47373.5043963264     
         132   50266.4900029363     
         134   53188.8277304153     
         136   56151.1571706461     
         138   59163.5990706672     
         140   62235.8376991417     
         142   65377.1997208953     
         144   68596.7278257690     
         146   71903.2485917028     
         148   75305.4347384099     
         150   78811.8622845447     
         152   82431.0632971534     
         154   86171.5749997127     
         156   90041.9860333248     
         158   94050.9806744494     
         160   98207.3818206669     
         162   102520.193576248     
         164   106998.644311979     
         166   111652.231148983     
         168   116490.766936905     
         170   121524.430981243     
         172   126763.825052469     
         174   132220.036629587     
         176   137904.711972398     
         178   143830.142598715     
         180   150009.370217379     
         182   156456.317271543     
         184   163185.952977528     
         186   170214.507751400     
         188   177559.751242217     
         190   185241.349103763     
         192   193281.308729973     
         194   201704.511933610     
         196   210539.311348507     
         198   219818.137700809     
         200   229578.030609847     
         202   239860.972991044     
         204   250713.887265880     
         206   262188.149202082     
         208   274338.498410904     
         210   287221.274547171     
         212   300891.980430670     
         214   315402.257650991     
         216   330796.443443819     
         218   347107.946011474     
         220   364355.717743614     
         222   382541.115354433     
         224   401645.411798234     
         226   421628.171311957     
         228   442426.624461881     
         230   463956.095208342     
         232   486111.447511784     
         234   508769.444195761     
         236   531791.852415195     
         238   555029.091885302     
         240   578324.204806885     
         242   601516.928535773     
         244   624447.670125095     
         246   646961.211608986     
         248   668910.011740173     
         250   690157.009592096     
         252   710577.874413516     
         254   730062.681670015     
         256   748517.025521224     
         258   765862.602105567     
         260   782037.315684712     
         262   796994.971228139     
         264   810704.623056687     
         266   823149.650592365     
         268   834326.630048633     
         270   844244.066000406     
         272   852921.040079284     
         274   860385.826312027     
         276   866674.514487169     
         278   871829.674883781     
         280   875899.090083667     
         282   878934.572653051     
         284   880990.881363401     
         286   882124.743386474     
         288   882393.985549089     
         290   881856.774229339     
         292   880570.960749647     
         294   878593.527088608     
         296   875980.125300304     
         298   872784.703103036     
         300   869059.207589602     
         302   864853.358835133     
         304   860214.485262210     
         306   855187.412901501     
         308   849814.401104726     
         310   844135.117779328     
         312   838186.647783755     
         314   832003.528718925     
         316   825617.808952459     
         318   819059.123300328     
         320   812354.782353240     
         322   805529.871963787     
         324   798607.359899850     
         326   791608.207116939     
         328   784551.481506232     
         330   777454.472336350     
         332   770332.803927050     
         334   763200.547374055     
         336   756070.329389027     
         338   748953.437529998     
         340   741859.921278626     
         342   734798.688574319     
         344   727777.597544660     
         346   720803.543279390     
         348   713882.539584193     
         350   707019.795722984     
         352   700219.788215686     
         354   693486.327804483     
         356   686822.621737092     
         358   680231.331542333     
         360   673714.626492534     
         362   667274.232960350     
         364   660911.479885495     
         366   654627.340570594     
         368   648422.471025606     
         370   642297.245077862     
         372   636251.786460139     
         374   630285.998082948     
         376   624399.588689728     
         378   618592.097085238     
         380   612862.914118459     
         382   607211.302591931     
         384   601636.415259931     
         386   596137.311068289     
         388   590712.969779197     
         390   585362.305115057     
         392   580084.176546423     
         394   574877.399840393     
         396   569740.756477474     
         398   564673.002037044     
         400   559672.873643946     
         402   554739.096561714     
         404   549870.390011173     
         406   545065.472286904     
         408   540323.065238185     
         410   535641.898175514     
         412   531020.711258745     
         414   526458.258418072     
         416   521953.309854745     
         418   517504.654164298     
         420   513111.100121295     
         422   508771.478161163     
         424   504484.641591435     
         426   500249.467561816     
         428   496064.857819758     
         430   491929.739275749     
         432   487843.064400248     
         434   483803.811472112     
         436   479810.984696444     
         438   475863.614208056     
         440   471960.755975143     
         442   468101.491616319     
         444   464284.928142825     
         446   460510.197636541     
         448   456776.456873300     
         450   453082.886900055     
         452   449428.692573480     
         454   445813.102066840     
         456   442235.366351147     
         458   438694.758656009     
         460   435190.573914913     
         462   431722.128199175     
         464   428288.758144274     
         466   424889.820371825     
         468   421524.690910070     
         470   418192.764615378     
         472   414893.454596920     
         474   411626.191646411     
         476   408390.423674513     
         478   405185.615155285     
         480   402011.246579840     
         482   398866.813920188     
         484   395751.828104063     
         486   392665.814501398     
         488   389608.312422963     
         490   386578.874631575     
         492   383577.066866182     
         494   380602.467379100     
         496   377654.666524135     
         498   374733.289138966     
         500   371857.798442306     
