         100   1812.74114063091     
         102   4254.88541167424     
         104   7290.05893103961     
         106   10592.0479206868     
         108   13968.6169068638     
         110   17320.4596678417     
         112   20602.6703521092     
         114   23800.2518276759     
         116   26914.0428639358     
         118   29952.9088822699     
         120   32929.4756570465     
         122   35857.8306973639     
         124   38752.3130633050     
         126   41626.9048827643     
         128   44494.9545176216     
         130   47369.0807464639     
         132   50261.1735464616     
         134   53182.4440913790     
         136   56143.4974749756     
         138   59154.4135372983     
         140   62224.8279408508     
         142   65364.0095044182     
         144   68580.9319909045     
         146   71884.3397678037     
         148   75282.8074218637     
         150   78784.7937496835     
         152   82398.6907017789     
         154   86132.8679102573     
         156   89995.7134273787     
         158   93995.6712718781     
         160   98141.2763382307     
         162   102441.187180406     
         164   106904.217141363     
         166   111539.364265543     
         168   116355.840405560     
         170   121363.099917218     
         172   126570.868329628     
         174   131989.171380338     
         176   137628.364820156     
         178   143499.165420008     
         180   149612.683655010     
         182   155980.458601644     
         184   162614.495666850     
         186   169527.307878604     
         188   176731.961614731     
         190   184242.127842556     
         192   192072.140206575     
         194   200237.061669574     
         196   208752.761955994     
         198   217636.008923330     
         200   226904.578556320     
         202   236577.391311715     
         204   246674.688547934     
         206   257218.274345589     
         208   268231.868918923     
         210   279741.654296609     
         212   291777.143872573     
         214   304372.573002987     
         216   317569.077832613     
         218   331417.982873826     
         220   345985.523833247     
         222   361359.257098386     
         224   377656.225945973     
         226   395032.662212450     
         228   413694.628180951     
         230   433908.606152318     
         232   456010.704341227     
         234   480412.952892469     
         236   507605.179967979     
         238   538151.214610665     
         240   572678.642937778     
         242   611861.984862716     
         244   656399.866147360     
         246   706987.429700740     
         248   764285.764665752     
         250   828890.462451554     
         252   901301.502131322     
         254   981896.527802724     
         256   1070909.24380971     
         258   1168414.17799701     
         260   1274318.51588053     
         262   1388361.15567220     
         264   1510118.63124448     
         266   1639017.13775225     
         268   1774349.59596782     
         270   1915296.51342987     
         272   2060949.33688830     
         274   2210335.02530674     
         276   2362440.68433935     
         278   2516237.26818289     
         280   2670701.55028162     
         282   2824835.77055551     
         284   2977684.56753416     
         286   3128348.98719596     
         288   3275997.51877401     
         290   3419874.23730148     
         292   3559304.23222388     
         294   3693696.57224250     
         296   3822545.10144315     
         298   3945427.38438358     
         300   4062002.12223236     
         302   4172005.35235014     
         304   4275245.72369584     
         306   4371599.11351010     
         308   4461002.81974072     
         310   4543449.53095308     
         312   4618981.24281039     
         314   4687683.25893658     
         316   4749678.38499802     
         318   4805121.39872251     
         320   4854193.85560514     
         322   4897099.27030678     
         324   4934058.69715400     
         326   4965306.71951269     
         328   4991087.84687511     
         330   5011653.30998066     
         332   5027258.23787412     
         334   5038159.19618885     
         336   5044612.06283564     
         338   5046870.21541273     
         340   5045183.00378881     
         342   5039794.48123613     
         344   5030942.36802176     
         346   5018857.22234595     
         348   5003761.79481753     
         350   4985870.54417005     
         352   4965389.29356360     
         354   4942515.00851624     
         356   4917435.67921443     
         358   4890330.29162261     
         360   4861368.87341922     
         362   4830712.60231004     
         364   4798513.96569540     
         366   4764916.96198935     
         368   4730057.33510121     
         370   4694062.83469504     
         372   4657053.49584114     
         374   4619141.93257149     
         376   4580433.64065296     
         378   4541027.30560435     
         380   4501015.11261306     
         382   4460483.05556093     
         384   4419511.24285370     
         386   4378174.19817068     
         388   4336541.15461791     
         390   4294676.34108413     
         392   4252639.25987064     
         394   4210484.95489861     
         396   4168264.26999475     
         398   4126024.09692359     
         400   4083807.61297474     
         402   4041654.50803116     
         404   3999601.20114103     
         406   3957681.04669590     
         408   3915924.53038212     
         410   3874359.45512463     
         412   3833011.11728267     
         414   3791902.47338860     
         416   3751054.29774431     
         418   3710485.33120657     
         420   3670212.42150381     
         422   3630250.65543305     
         424   3590613.48328847     
         426   3551312.83587234     
         428   3512359.23443555     
         430   3473761.89388982     
         432   3435528.81962633     
         434   3397666.89826716     
         436   3360181.98266632     
         438   3323078.97146701     
         440   3286361.88351092     
         442   3250033.92738411     
         444   3214097.56637280     
         446   3178554.57909062     
         448   3143406.11602777     
         450   3108652.75226084     
         452   3074294.53655096     
         454   3040331.03704696     
         456   3006761.38379949     
         458   2973584.30828143     
         460   2940798.18010013     
         462   2908401.04107683     
         464   2876390.63685953     
         466   2844764.44622629     
         468   2813519.70822728     
         470   2782653.44730552     
         472   2752162.49652846     
         474   2722043.51905457     
         476   2692293.02795219     
         478   2662907.40448072     
         480   2633882.91493784     
         482   2605215.72616996     
         484   2576901.91983749     
         486   2548937.50552047     
         488   2521318.43274522     
         490   2494040.60200727     
         492   2467099.87486092     
         494   2440492.08311416     
         496   2414213.03466031     
         498   2388258.29308993     
         500   2362584.14718833     
