         100   1812.74114063091     
         102   4254.89800778717     
         104   7290.11130191095     
         106   10592.1823414734     
         108   13968.8764406854     
         110   17320.8810659735     
         112   20603.2841573607     
         114   23801.0859258424     
         116   26915.1266447246     
         118   29954.2768782595     
         120   32931.1705066204     
         122   35859.9056425961     
         124   38754.8342644064     
         126   41629.9538004467     
         128   44498.6305677947     
         130   47373.5043963264     
         132   50266.4900029363     
         134   53188.8277304153     
         136   56151.1571706461     
         138   59163.5990706672     
         140   62235.8376991417     
         142   65377.1997208953     
         144   68596.7278257690     
         146   71903.2485917028     
         148   75305.4347384099     
         150   78811.8622845447     
         152   82431.0632971534     
         154   86171.5749997127     
         156   90041.9860333248     
         158   94050.9806744495     
         160   98207.3818206680     
         162   102520.193576258     
         164   106998.644312049     
         166   111652.231149445     
         168   116490.766939670     
         170   121524.430996209     
         172   126763.825125945     
         174   132220.036958240     
         176   137904.713317359     
         178   143830.147655835     
         180   150009.387761448     
         182   156456.373657800     
         184   163186.121545888     
         186   170214.978336258     
         188   177560.982666273     
         190   185244.380749460     
         192   193288.355408621     
         194   201720.028571514     
         196   210571.784594866     
         198   219882.928186516     
         200   229701.634210410     
         202   240087.071129534     
         204   251111.496124787     
         206   262862.044618136     
         208   275441.888858286     
         210   288970.435650562     
         212   303582.281267485     
         214   319424.740919435     
         216   336653.909217255     
         218   355429.366926780     
         220   375907.804131812     
         222   398235.957765020     
         224   422543.344676066     
         226   448935.300361865     
         228   477486.807442000     
         230   508237.524099702     
         232   541188.313890656     
         234   576299.450284344     
         236   613490.537898532     
         238   652642.071375631     
         240   693598.452476342     
         242   736172.212377447     
         244   780149.141525768     
         246   825294.012536824     
         248   871356.588901053     
         250   918077.638560203     
         252   965194.711040893     
         254   1012447.48421033     
         256   1059582.53691530     
         258   1106357.45277554     
         260   1152544.20527108     
         262   1197931.81305871     
         264   1242328.28615931     
         266   1285561.90800237     
         268   1327481.91559010     
         270   1367958.65092855     
         272   1406883.26227272     
         274   1444167.03465505     
         276   1479740.42662045     
         278   1513551.88502207     
         280   1545566.50297816     
         282   1575764.57835907     
         284   1604140.12203947     
         286   1630699.35705536     
         288   1655459.24207354     
         290   1678446.04543433     
         292   1699693.98960202     
         294   1719243.98022091     
         296   1737142.42914271     
         298   1753440.17674166     
         300   1768191.51551895     
         302   1781453.31435109     
         304   1793284.24068611     
         306   1803744.07645707     
         308   1812893.12238989     
         310   1820791.68465943     
         312   1827499.63742637     
         314   1833076.05461017     
         316   1837578.90426592     
         318   1841064.79909115     
         320   1843588.79685443     
         322   1845204.24487817     
         324   1845962.66309829     
         326   1845913.66064209     
         328   1845104.88129564     
         330   1843581.97366143     
         332   1841388.58222605     
         334   1838566.35595837     
         336   1835154.97143837     
         338   1831192.16786991     
         340   1826713.79165773     
         342   1821753.84852781     
         344   1816344.56144185     
         346   1810516.43280137     
         348   1804298.30965630     
         350   1797717.45082817     
         352   1790799.59503083     
         354   1783569.02922394     
         356   1776048.65656767     
         358   1768260.06346322     
         360   1760223.58526472     
         362   1751958.37033448     
         364   1743482.44218851     
         366   1734812.75954250     
         368   1725965.27412230     
         370   1716954.98614867     
         372   1707795.99744347     
         374   1698501.56213650     
         376   1689084.13497767     
         378   1679555.41728044     
         380   1669926.40053925     
         382   1660207.40777693     
         384   1650408.13268851     
         386   1640537.67665534     
         388   1630604.58370919     
         390   1620616.87352948     
         392   1610582.07255935     
         394   1600507.24332681     
         396   1590399.01205762     
         398   1580263.59466536     
         400   1570106.82120285     
         402   1559934.15885676     
         404   1549750.73356528     
         406   1539561.35033547     
         408   1529370.51233428     
         410   1519182.43882426     
         412   1509001.08201135     
         414   1498830.14286955     
         416   1488673.08600350     
         418   1478533.15360737     
         420   1468413.37857486     
         422   1458316.59681255     
         424   1448245.45880555     
         426   1438202.44048179     
         428   1428189.85341861     
         430   1418209.85443240     
         432   1408264.45459003     
         434   1398355.52767816     
         436   1388484.81816425     
         438   1378653.94868121     
         440   1368864.42706544     
         442   1359117.65297626     
         444   1349414.92412273     
         446   1339757.44212255     
         448   1330146.31801583     
         450   1320582.57745518     
         452   1311067.16559223     
         454   1301600.95167932     
         456   1292184.73340395     
         458   1282819.24097235     
         460   1273505.14095760     
         462   1264243.03992663     
         464   1255033.48785955     
         466   1245876.98137392     
         468   1236773.96676564     
         470   1227724.84287761     
         472   1218729.96380632     
         474   1209789.64145611     
         476   1200904.14795016     
         478   1192073.71790656     
         480   1183298.55058747     
         482   1174578.81192879     
         484   1165914.63645728     
         486   1157306.12910167     
         488   1148753.36690382     
         490   1140256.40063575     
         492   1131815.25632792     
         494   1123429.93671364     
         496   1115100.42257816     
         498   1106826.66404568     
         500   1098599.79553335     
