         100   1812.74114063091     
         102   4254.88186156500     
         104   7290.04471727296     
         106   10592.0120058752     
         108   13968.5481122243     
         110   17320.3484789644     
         112   20602.5088620588     
         114   23800.0328005415     
         116   26913.7586512848     
         118   29952.5504805047     
         120   32929.0319419764     
         122   35857.2877794931     
         124   38751.6536901999     
         126   41626.1078233205     
         128   44493.9938755257     
         130   47367.9251594738     
         132   50259.7852329519     
         134   53180.7777063904     
         136   56141.4987355375     
         138   59152.0175716792     
         140   62221.9573089606     
         142   65360.5718269509     
         144   68576.8171128621     
         146   71879.4163675437     
         148   75276.9189593606     
         150   78777.7536267812     
         152   82390.2764821680     
         154   86122.8144169365     
         156   89983.7044994643     
         158   93981.3299196025     
         160   98124.1529833831     
         162   102420.745607526     
         164   106879.817710572     
         166   111510.243848324     
         168   116321.088396922     
         170   121321.629547455     
         172   126521.382341492     
         174   131930.120946790     
         176   137557.900346323     
         178   143415.077591042     
         180   149512.332747113     
         182   155860.689651081     
         184   162471.536571271     
         186   169356.646860230     
         188   176528.199670820     
         190   183998.800797431     
         192   191781.503693226     
         194   199889.830704316     
         196   208337.794551788     
         198   217139.920082438     
         200   226311.266298623     
         202   235867.448666495     
         204   245824.661689821     
         206   256199.701723333     
         208   267009.989984680     
         210   278273.595707474     
         212   290009.259359046     
         214   302236.415825333     
         216   314975.217441221     
         218   328246.556717611     
         220   342072.088586074     
         222   356474.251948251     
         224   371476.290279818     
         226   387102.270998652     
         228   403377.103263599     
         230   420326.553825393     
         232   437977.260505878     
         234   456356.742838455     
         236   475493.409363166     
         238   495416.561041142     
         240   516156.390237172     
         242   537743.974727704     
         244   560211.266229164     
         246   583591.073020302     
         248   607917.036359412     
         250   633223.600596106     
         252   659545.977209833     
         254   686920.103604067     
         256   715382.598543304     
         258   744970.717719826     
         260   775722.314693813     
         262   807675.813003398     
         264   840870.192185553     
         266   875344.981317928     
         268   911140.238724329     
         270   948296.482785711     
         272   986854.544236096     
         274   1026855.36389886     
         276   1068339.89530590     
         278   1111349.51266149     
         280   1155927.66376880     
         282   1202123.88659361     
         284   1250001.61053749     
         286   1299651.22971831     
         288   1351209.60572169     
         290   1404886.33313336     
         292   1460995.80700785     
         294   1519992.54707170     
         296   1582505.67743840     
         298   1649367.31980968     
         300   1721629.28201048     
         302   1800563.01823818     
         304   1887639.39608372     
         306   1984487.10127608     
         308   2092831.15164155     
         310   2214415.51615107     
         312   2350915.82213225     
         314   2503849.28989170     
         316   2674489.23889582     
         318   2863790.81736401     
         320   3072333.20928350     
         322   3300281.74097416     
         324   3547371.33353679     
         326   3812910.88552464     
         328   4095806.61427456     
         330   4394601.24778731     
         332   4707525.27900535     
         334   5032556.24587372     
         336   5367482.11610253     
         338   5709965.24473572     
         340   6057603.93956135     
         342   6407989.32521352     
         344   6758755.86761713     
         346   7107624.55074310     
         348   7452438.25071602     
         350   7791189.30809041     
         352   8122039.65107368     
         354   8443334.07411407     
         356   8753607.43764530     
         358   9051586.63967561     
         360   9336188.23347170     
         362   9606512.54274915     
         364   9861835.07014892     
         366   10101595.9180762     
         368   10325387.8527489     
         370   10532943.5500215     
         372   10724122.4706909     
         374   10898897.7273690     
         376   11057343.2270423     
         378   11199621.3044174     
         380   11325971.0015942     
         382   11436697.0993613     
         384   11532159.9639732     
         386   11612766.2398705     
         388   11678960.3925344     
         390   11731217.0855829     
         392   11770034.3613843     
         394   11795927.5839983     
         396   11809424.0963579     
         398   11811058.5395760     
         400   11801368.7804605     
         402   11780892.3932474     
         404   11750163.6427625     
         406   11709710.9183406     
         408   11660054.5705743     
         410   11601705.1061021     
         412   11535161.6989925     
         414   11460910.9806999     
         416   11379426.0739593     
         418   11291165.8392656     
         420   11196574.3057040     
         422   11096080.2608309     
         424   10990096.9770075     
         426   10879022.0540829     
         428   10763237.3605783     
         430   10643109.0575560     
         432   10518987.6911747     
         434   10391208.3415362     
         436   10260090.8168322     
         438   10125939.8830154     
         440   9989045.52024886     
         442   9849683.19824342     
         444   9708114.16327284     
         446   9564585.73016617     
         448   9419331.57290546     
         450   9272572.00759286     
         452   9124514.26147602     
         454   8975352.72139359     
         456   8825269.15437936     
         458   8674432.89215923     
         460   8523000.96978618     
         462   8371118.20651626     
         464   8218917.21399728     
         466   8066518.31256923     
         468   7914029.33043328     
         470   7761545.25184415     
         472   7609147.66810913     
         474   7456903.96718589     
         476   7304866.17120256     
         478   7153069.29186678     
         480   7001529.01469068     
         482   6850238.43387882     
         484   6699163.42509647     
         486   6548236.04068534     
         488   6397345.01045783     
         490   6246321.99327531     
         492   6094921.61514581     
         494   5942792.54697980     
         496   5789435.98233259     
         498   5634143.00799469     
         500   5480711.23873802     
