         100   1812.74114063091     
         102   4254.90617868017     
         104   7290.14745495907     
         106   10592.2773979194     
         108   13969.0621214012     
         110   17321.1845236992     
         112   20603.7279703862     
         114   23801.6906893459     
         116   26915.9140418515     
         118   29955.2723778602     
         120   32932.4055651809     
         122   35861.4195632856     
         124   38756.6759212072     
         126   41632.1834142581     
         128   44501.3216873351     
         130   47376.7462109874     
         132   50270.3901019278     
         134   53193.5154215482     
         136   56156.7874809690     
         138   59170.3575684114     
         140   62243.9463013848     
         142   65386.9236841612     
         144   68608.3841583217     
         146   71917.2161781334     
         148   75322.1665315963     
         150   78831.9000004299     
         152   82455.0551484486     
         154   86200.2971316221     
         156   90076.3684860125     
         158   94092.1389049351     
         160   98256.6550881191     
         162   102579.191854901     
         164   107069.305886165     
         166   111736.893734737     
         168   116592.256188496     
         170   121646.171803823     
         172   126909.983649739     
         174   132395.705316213     
         176   138116.155415700     
         178   144085.134454929     
         180   150317.664038246     
         182   156830.315091113     
         184   163641.657213508     
         186   170772.862165088     
         188   178248.486803697     
         190   186097.440841196     
         192   194354.110849181     
         194   203059.565973919     
         196   212262.719191244     
         198   222021.270925725     
         200   232402.231572129     
         202   243481.816722574     
         204   255344.540127589     
         206   268081.394399749     
         208   281787.100896872     
         210   296556.515045159     
         212   312480.375557131     
         214   329640.669935236     
         216   348105.942146084     
         218   367926.884701196     
         220   389132.536058288     
         222   411727.350304180     
         224   435689.328568878     
         226   460969.311659161     
         228   487491.442162146     
         230   515154.721397604     
         232   543835.519181798     
         234   573390.846525000     
         236   603662.174371700     
         238   634479.574164656     
         240   665665.965504438     
         242   697041.278613264     
         244   728426.370470947     
         246   759646.569314936     
         248   790534.759154807     
         250   820933.951241296     
         252   850699.321044332     
         254   879699.715990201     
         256   907818.660407867     
         258   934954.899794491     
         260   961022.536977795     
         262   985950.818631913     
         264   1009683.63263790     
         266   1032178.77576169     
         268   1053407.04782111     
         270   1073351.22363238     
         272   1092004.94817330     
         274   1109371.59407766     
         276   1125463.11417748     
         278   1140298.91563162     
         280   1153904.77642772     
         282   1166311.81984977     
         284   1177555.55793683     
         286   1187675.01104278     
         288   1196711.90733081     
         290   1204709.96336366     
         292   1211714.24482966     
         294   1217770.60481501     
         296   1222925.19583034     
         298   1227224.05096056     
         300   1230712.72897100     
         302   1233436.01791362     
         304   1235437.69168462     
         306   1236760.31404514     
         308   1237445.08479185     
         310   1237531.72302244     
         312   1237058.38275602     
         314   1236061.59651807     
         316   1234576.24286790     
         318   1232635.53421908     
         320   1230271.02167061     
         322   1227512.61392113     
         324   1224388.60767455     
         326   1220925.72726032     
         328   1217149.17148251     
         330   1213082.66597833     
         332   1208748.51960853     
         334   1204167.68361948     
         336   1199359.81251155     
         338   1194343.32572032     
         340   1189135.46936981     
         342   1183752.37748961     
         344   1178209.13220434     
         346   1172519.82250384     
         348   1166697.60128921     
         350   1160754.74046364     
         352   1154702.68389964     
         354   1148552.09816740     
         356   1142312.92095309     
         358   1135994.40713298     
         360   1129605.17249923     
         362   1123153.23515793     
         364   1116646.05463958     
         366   1110090.56877781     
         368   1103493.22842401     
         370   1096860.03007451     
         372   1090196.54649356     
         374   1083507.95541933     
         376   1076799.06644306     
         378   1070074.34615242     
         380   1063337.94163007     
         382   1056593.70239749     
         384   1049845.20089233     
         386   1043095.75156523     
         388   1036348.42867925     
         390   1029606.08289186     
         392   1022871.35669628     
         394   1016146.69879528     
         396   1009434.37747706     
         398   1002736.49305932     
         400   996054.989463740     
         402   989391.664980080     
         404   982748.182275082     
         406   976126.077698473     
         408   969526.769934903     
         410   962951.568047600     
         412   956401.678956626     
         414   949878.214391718     
         416   943382.197357087     
         418   936914.568142970     
         420   930476.189916383     
         422   924067.853921244     
         424   917690.284315937     
         426   911344.142674397     
         428   905030.032174947     
         430   898748.501499381     
         432   892500.048463156     
         434   886285.123396067     
         436   880104.132291340     
         438   873957.439739802     
         440   867845.371664534     
         442   861768.217870311     
         444   855726.234421061     
         446   849719.645857608     
         448   843748.647267060     
         450   837813.406214363     
         452   831914.064545761     
         454   826050.740073197     
         456   820223.528148002     
         458   814432.503131627     
         460   808677.719770584     
         462   802959.214482247     
         464   797277.006557659     
         466   791631.099287084     
         468   786021.481013541     
         470   780448.126119293     
         472   774910.995949775     
         474   769410.039679225     
         476   763945.195121911     
         478   758516.389492596     
         480   753123.540119610     
         482   747766.555113659     
         484   742445.333995290     
         486   737159.768283699     
         488   731909.742049414     
         490   726695.132433176     
         492   721515.810133186     
         494   716371.639862772     
         496   711262.480779992     
         498   706188.185879372     
         500   701144.250079855     
