         100   1812.74114063091     
         102   4254.90202954187     
         104   7290.12882504586     
         106   10592.2281485849     
         108   13968.9656707926     
         110   17321.0266683540     
         112   20603.4968985064     
         114   23801.3756296157     
         116   26915.5036577620     
         118   29954.7533557468     
         120   32931.7614611109     
         122   35860.6298292224     
         124   38755.7150017335     
         126   41631.0198159983     
         128   44499.9169409582     
         130   47375.0536590431     
         132   50268.3534524140     
         134   53191.0670075395     
         136   56153.8461618710     
         138   59166.8261992104     
         140   62239.7086829450     
         142   65381.8408900982     
         144   68602.2901117305     
         146   71909.9123235955     
         148   75313.4154131125     
         150   78821.4175123836     
         152   82442.5011718816     
         154   86185.2641985130     
         156   90058.3680250414     
         158   94070.5845064207     
         160   98230.8420731295     
         162   102548.272227881     
         164   107032.257465054     
         166   111692.481839952     
         168   116538.985643824     
         170   121582.225992410     
         172   126833.145677753     
         174   132303.253466506     
         176   138004.720284331     
         178   143950.497527755     
         180   150154.466102566     
         182   156631.627416997     
         184   163398.349649150     
         186   170472.682656771     
         188   177874.750770202     
         190   185627.222109421     
         192   193755.834429944     
         194   202289.931117718     
         196   211262.929859228     
         198   220712.616668775     
         200   230681.137340948     
         202   241214.555117155     
         204   252361.863249871     
         206   264173.385698391     
         208   276698.564471546     
         210   289983.209225899     
         212   304066.361496483     
         214   318976.989652967     
         216   334730.770729007     
         218   351327.225261406     
         220   368747.449997797     
         222   386952.644600190     
         224   405883.559948922     
         226   425460.917113646     
         228   445586.767553701     
         230   466146.695392048     
         232   487012.708075140     
         234   508046.625965096     
         236   529103.765230788     
         238   550036.710324468     
         240   570698.989227211     
         242   590948.492488181     
         244   610650.511593869     
         246   629680.309387190     
         248   647925.171746618     
         250   665285.922980799     
         252   681677.915699842     
         254   697031.528391594     
         256   711292.220329515     
         258   724420.204049475     
         260   736389.801087938     
         262   747188.547809159     
         264   756816.115882501     
         266   765283.107210417     
         268   772609.776686586     
         270   778824.728802810     
         272   783963.626412278     
         274   788067.942352211     
         276   791183.777462018     
         278   793360.762024970     
         280   794651.051940611     
         282   795108.426056518     
         284   794787.487050857     
         286   793742.965020524     
         288   792029.120426688     
         290   789699.241197784     
         292   786805.227500553     
         294   783397.256872975     
         296   779523.521983589     
         298   775230.033161056     
         300   770560.477955854     
         302   765556.130291904     
         304   760255.802188054     
         306   754695.831534985     
         308   748910.099967590     
         310   742930.075448866     
         312   736784.874757710     
         314   730501.341634051     
         316   724104.136869214     
         318   717615.837129747     
         320   711057.039764423     
         322   704446.471264484     
         324   697801.097425759     
         326   691136.233598798     
         328   684465.653711244     
         330   677801.697007626     
         332   671155.371678252     
         334   664536.454743826     
         336   657953.587728750     
         338   651414.367796844     
         340   644925.434141128     
         342   638492.549517166     
         344   632120.676889780     
         346   625814.051227909     
         348   619576.246534229     
         350   613410.238236714     
         352   607318.461100229     
         354   601302.862839121     
         356   595364.953627803     
         358   589505.851716737     
         360   583726.325366991     
         362   578026.831318501     
         364   572407.550006131     
         366   566868.417734104     
         368   561409.156014019     
         370   556029.298264900     
         372   550728.214065814     
         374   545505.131143070     
         376   540359.155264885     
         378   535289.288207098     
         380   530294.443944075     
         382   525373.463209526     
         384   520525.126562762     
         386   515748.166086855     
         388   511041.275836480     
         390   506403.121144850     
         392   501832.346891141     
         394   497327.584822222     
         396   492887.460015311     
         398   488510.596561405     
         400   484195.622542959     
         402   479941.174373328     
         404   475745.900559945     
         406   471608.464947960     
         408   467527.549496314     
         410   463501.856633699     
         412   459530.111237724     
         414   455611.062276793     
         416   451743.484150652     
         418   447926.177762310     
         420   444157.971351045     
         422   440437.721113460     
         424   436764.311637010     
         426   433136.656168124     
         428   429553.696734921     
         430   426014.404142559     
         432   422517.777857528     
         434   419062.845795526     
         436   415648.664026136     
         438   412274.316406130     
         440   408938.914152045     
         442   405641.595361523     
         444   402381.524491951     
         446   399157.891803947     
         448   395969.912776487     
         450   392816.827499647     
         452   389697.900050299     
         454   386612.417855457     
         456   383559.691047422     
         458   380539.051814383     
         460   377549.853749647     
         462   374591.471202308     
         464   371663.298631757     
         466   368764.749968135     
         468   365895.257980511     
         470   363054.273654336     
         472   360241.265579447     
         474   357455.719349716     
         476   354697.136975236     
         478   351965.036307770     
         480   349258.950480041     
         482   346578.427359315     
         484   343923.029015592     
         486   341292.331204655     
         488   338685.922866090     
         490   336103.405636350     
         492   333544.393376845     
         494   331008.511716995     
         496   328495.397620652     
         498   326004.707947912     
         500   323549.688093517     
