         100   1812.74114063091     
         102   4254.88541167424     
         104   7290.05893103961     
         106   10592.0479206868     
         108   13968.6169068638     
         110   17320.4596678417     
         112   20602.6703521092     
         114   23800.2518276759     
         116   26914.0428639358     
         118   29952.9088822699     
         120   32929.4756570465     
         122   35857.8306973639     
         124   38752.3130633050     
         126   41626.9048827643     
         128   44494.9545176216     
         130   47369.0807464639     
         132   50261.1735464616     
         134   53182.4440913790     
         136   56143.4974749756     
         138   59154.4135372983     
         140   62224.8279408508     
         142   65364.0095044182     
         144   68580.9319909045     
         146   71884.3397678037     
         148   75282.8074218637     
         150   78784.7937496835     
         152   82398.6907017789     
         154   86132.8679102573     
         156   89995.7134273787     
         158   93995.6712718781     
         160   98141.2763382307     
         162   102441.187180406     
         164   106904.217141363     
         166   111539.364265543     
         168   116355.840405560     
         170   121363.099917218     
         172   126570.868329628     
         174   131989.171380338     
         176   137628.364820156     
         178   143499.165420008     
         180   149612.683655010     
         182   155980.458601644     
         184   162614.495666848     
         186   169527.307878591     
         188   176731.961614620     
         190   184242.127841720     
         192   192072.140201086     
         194   200237.061637627     
         196   208752.761789763     
         198   217636.008144060     
         200   226904.575243037     
         202   236577.378457488     
         204   246674.642790271     
         206   257218.124114628     
         208   268231.411787147     
         210   279740.359215429     
         212   291773.713006928     
         214   304364.039302760     
         216   317549.071014765     
         218   331373.610317041     
         220   345892.102024206     
         222   361171.931407320     
         224   377297.387325263     
         226   394374.073591481     
         228   412533.369109884     
         230   431936.365159448     
         232   452776.587859547     
         234   475280.783415419     
         236   499707.127147841     
         238   526340.416685361     
         240   555484.103324960     
         242   587449.361946821     
         244   622541.746549111     
         246   661046.273022433     
         248   703211.970983288     
         250   749237.027354540     
         252   799255.600950096     
         254   853327.233176715     
         256   911429.542618584     
         258   973454.605875247     
         260   1039209.12997593     
         262   1108418.24529126     
         264   1180732.51671790     
         266   1255737.60028425     
         268   1332965.86817088     
         270   1411909.28541323     
         272   1492032.83823661     
         274   1572787.87534368     
         276   1653624.81623259     
         278   1734004.79163889     
         280   1813409.89875464     
         282   1891351.86844572     
         284   1967379.04620667     
         286   2041081.67846601     
         288   2112095.56868031     
         290   2180104.22283674     
         292   2244839.64228397     
         294   2306081.94492551     
         296   2363658.00597673     
         298   2417439.30918032     
         300   2467339.19106275     
         302   2513309.64679155     
         304   2555337.84848379     
         306   2593442.50711583     
         308   2627670.18885307     
         310   2658091.67669180     
         312   2684798.44952559     
         314   2707899.33361052     
         316   2727517.36619078     
         318   2743786.89788319     
         320   2756850.94930436     
         322   2766858.82826952     
         324   2773964.00654905     
         326   2778322.24945538     
         328   2780089.98724838     
         330   2779422.91428971     
         332   2776474.79984887     
         334   2771396.49328297     
         336   2764335.10581336     
         338   2755433.35115694     
         340   2744829.02771286     
         342   2732654.62574648     
         344   2719037.04396339     
         346   2704097.40095191     
         348   2687950.92813441     
         350   2670706.93205857     
         352   2652468.81504438     
         354   2633334.14435380     
         356   2613394.76114878     
         358   2592736.92153676     
         360   2571441.46296288     
         362   2549583.99009009     
         364   2527235.07511191     
         366   2504460.46816784     
         368   2481321.31418177     
         370   2457874.37302232     
         372   2434172.24039589     
         374   2410263.56733310     
         376   2386193.27652239     
         378   2362002.77408584     
         380   2337730.15568758     
         382   2313410.40611804     
         384   2289075.59171376     
         386   2264755.04515571     
         388   2240475.54234353     
         390   2216261.47117228     
         392   2192134.99214537     
         394   2168116.19084542     
         396   2144223.22235604     
         398   2120472.44778510     
         400   2096878.56308497     
         402   2073454.72040037     
         404   2050212.64220028     
         406   2027162.72846930     
         408   2004314.15724672     
         410   1981674.97880863     
         412   1959252.20379228     
         414   1937051.88556137     
         416   1915079.19710852     
         418   1893338.50278555     
         420   1871833.42514611     
         422   1850566.90717614     
         424   1829541.27017940     
         426   1808758.26757464     
         428   1788219.13485101     
         430   1767924.63591760     
         432   1747875.10607190     
         434   1728070.49180148     
         436   1708510.38762210     
         438   1689194.07014517     
         440   1670120.52955684     
         442   1651288.49868125     
         444   1632696.47979035     
         446   1614342.76931381     
         448   1596225.48059294     
         450   1578342.56481448     
         452   1560691.83025131     
         454   1543270.95992987     
         456   1526077.52783593     
         458   1509109.01376389     
         460   1492362.81690762     
         462   1475836.26828462     
         464   1459526.64207939     
         466   1443431.16598599     
         468   1427547.03062457     
         470   1411871.39810162     
         472   1396401.40977888     
         474   1381134.19331131     
         476   1366066.86901064     
         478   1351196.55558665     
         480   1336520.37531512     
         482   1322035.45867744     
         484   1307738.94851408     
         486   1293628.00373066     
         488   1279699.80259291     
         490   1265951.54564359     
         492   1252380.45827235     
         494   1238983.79296834     
         496   1225758.83238939     
         498   1212703.19847483     
         500   1199891.87795225     
