         100   1812.74114063091     
         102   4254.90459084708     
         104   7290.14025005518     
         106   10592.2582780642     
         108   13969.0246082415     
         110   17321.1230652007     
         112   20603.6379491877     
         114   23801.5678961828     
         116   26915.7540483770     
         118   29955.0699846337     
         120   32932.1543506445     
         122   35861.1115027907     
         124   38756.3010336459     
         126   41631.7293980390     
         128   44500.7735143482     
         130   47376.0856524135     
         132   50269.5951623283     
         134   53192.5596578192     
         136   56155.6391808523     
         138   59168.9787596127     
         140   62242.2915570818     
         142   65384.9386837394     
         144   68606.0039533451     
         146   71914.3631024777     
         148   75318.7476807998     
         150   78827.8041878995     
         152   82450.1492241422     
         154   86194.4215207623     
         156   90069.3317692230     
         158   94083.7112139365     
         160   98246.5600282523     
         162   102567.096579912     
         164   107054.808828840     
         166   111719.509313910     
         168   116571.395517002     
         170   121621.117906428     
         172   126879.858752749     
         174   132359.425998552     
         176   138072.368155528     
         178   144032.118386272     
         180   150253.178301209     
         182   156751.353752205     
         184   163544.054568165     
         186   170650.665722009     
         188   178092.986716898     
         190   185895.717685767     
         192   194086.945302277     
         194   202698.552241253     
         196   211766.446471143     
         198   221330.488765838     
         200   231433.996062214     
         202   242122.719872536     
         204   253443.243800039     
         206   265440.808033879     
         208   278156.642590277     
         210   291624.963243257     
         212   305869.842478575     
         214   320902.202611731     
         216   336717.183827693     
         218   353292.115752949     
         220   370585.271427050     
         222   388535.514906891     
         224   407062.877751486     
         226   426070.024903512     
         228   445444.505209244     
         230   465061.631843025     
         232   484787.806319489     
         234   504484.087044804     
         236   524009.807774499     
         238   543226.069712831     
         240   561998.959321648     
         242   580202.378062846     
         244   597720.406466858     
         246   614449.159939767     
         248   630298.125241959     
         250   645190.993073117     
         252   659066.022923911     
         254   671875.991176658     
         256   683587.782702296     
         258   694181.690573642     
         260   703650.488836779     
         262   711998.340457604     
         264   719239.597469537     
         266   725397.543789769     
         268   730503.123827940     
         270   734593.692435258     
         272   737711.814355730     
         274   739904.134445686     
         276   741220.333718859     
         278   741712.180860633     
         280   741432.684276394     
         282   740435.345983490     
         284   738773.515676358     
         286   736499.841018809     
         288   733665.808562323     
         290   730321.368565581     
         292   726514.636310357     
         294   722291.662189059     
         296   717696.262803878     
         298   712769.905499608     
         300   707551.639093890     
         302   702078.064021274     
         304   696383.335631061     
         306   690499.194941170     
         308   684455.021726042     
         310   678277.905386796     
         312   671992.729602116     
         314   665622.267279028     
         316   659187.282807123     
         318   652706.639064303     
         320   646197.407024890     
         322   639674.976182120     
         324   633153.164317532     
         326   626644.325431646     
         328   620159.454895962     
         330   613708.291098611     
         332   607299.413037849     
         334   600940.333471998     
         336   594637.587364418     
         338   588396.815470332     
         340   582222.843001587     
         342   576119.753378072     
         344   570090.957132792     
         346   564139.256083582     
         348   558266.902919853     
         350   552475.656379328     
         352   546766.832208762     
         354   541141.350115450     
         356   535599.776924007     
         358   530142.366156318     
         360   524769.094252653     
         362   519479.693649212     
         364   514273.682922606     
         366   509150.394205331     
         368   504108.998068637     
         370   499148.526060691     
         372   494267.891078805     
         374   489465.905745073     
         376   484741.298945129     
         378   480092.730680136     
         380   475518.805372609     
         382   471018.083757407     
         384   466589.093480211     
         386   462230.338517150     
         388   457940.307520957     
         390   453717.481191133     
         392   449560.338758165     
         394   445467.363664750     
         396   441437.048520397     
         398   437467.899399548     
         400   433558.439547566     
         402   429707.212553532     
         404   425912.785043781     
         406   422173.748945410     
         408   418488.723364717     
         410   414856.356121503     
         412   411275.324976513     
         414   407744.338585870     
         416   404262.137213267     
         418   400827.493227785     
         420   397439.211412595     
         422   394096.129107368     
         424   390797.116205035     
         426   387541.075021502     
         428   384326.940055084     
         430   381153.677650744     
         432   378020.285582689     
         434   374925.792567482     
         436   371869.257718544     
         438   368849.769951790     
         440   365866.447351069     
         442   362918.436501152     
         444   360004.911795134     
         446   357125.074722337     
         448   354278.153142116     
         450   351463.400548293     
         452   348680.095328424     
         454   345927.540021523     
         456   343205.060577466     
         458   340512.005620818     
         460   337847.745721493     
         462   335211.672674295     
         464   332603.198789098     
         466   330021.756193135     
         468   327466.796146656     
         470   324937.788372954     
         472   322434.220403612     
         474   319955.596939617     
         476   317501.439228864     
         478   315071.284460418     
         480   312664.685175793     
         482   310281.208697408     
         484   307920.436574289     
         486   305581.964044987     
         488   303265.399517645     
         490   300970.364067069     
         492   298696.490948595     
         494   296443.425128545     
         496   294210.822833284     
         498   291998.355344858     
         500   289816.424756119     
