         100   1812.74114063091     
         102   4254.90760551253     
         104   7290.15404865325     
         106   10592.2950091500     
         108   13969.0967823557     
         110   17321.2414100922     
         112   20603.8113857644     
         114   23801.8045505362     
         116   26916.0624609760     
         118   29955.4601760198     
         120   32932.6386927177     
         122   35861.7054548147     
         124   38757.0238246574     
         126   41632.6047294499     
         128   44501.8303432851     
         130   47377.3591063180     
         132   50271.1276303675     
         134   53194.4021043841     
         136   56157.8527300858     
         138   59171.6366069736     
         140   62245.4812741674     
         142   65388.7649960836     
         144   68610.5920880805     
         146   71919.8628243303     
         148   75325.3381619520     
         150   78835.6998913087     
         152   82459.6070230489     
         154   86205.7493322765     
         156   90082.8990511906     
         158   94099.9617678369     
         160   98266.0276758467     
         162   102590.424452325     
         164   107082.773247839     
         166   111753.049597244     
         168   116611.651571247     
         170   121669.478289762     
         172   126938.023146265     
         174   132429.487882575     
         176   138156.926039827     
         178   144134.427048359     
         180   150377.354553225     
         182   156902.653066140     
         184   163729.233618092     
         186   170878.439489295     
         188   178374.575698985     
         190   186245.460864569     
         192   194522.930023794     
         194   203243.187607770     
         196   212446.888514882     
         198   222178.819958080     
         200   232487.073210886     
         202   243421.634303373     
         204   255032.382790651     
         206   267366.559849455     
         208   280465.839923157     
         210   294363.201977943     
         212   309079.837012507     
         214   324622.341436479     
         216   340980.429745643     
         218   358125.357706253     
         220   376009.185808709     
         222   394564.940946189     
         224   413707.661395230     
         226   433336.244431706     
         228   453335.963437899     
         230   473581.485723209     
         232   493940.204535693     
         234   514275.697773636     
         236   534451.139045946     
         238   554332.510406456     
         240   573791.496438359     
         242   592707.972725931     
         244   610972.034988547     
         246   628485.545849406     
         248   645163.202719414     
         250   660933.151670844     
         252   675737.188149138     
         254   689530.596098306     
         256   702281.683065949     
         258   713971.070821910     
         260   724590.799775247     
         262   734143.301818327     
         264   742640.290919137     
         266   750101.614484418     
         268   756554.101775263     
         270   762030.438903849     
         272   766568.093494011     
         274   770208.306167808     
         276   772995.160759078     
         278   774974.740618389     
         280   776194.374574403     
         282   776701.973028731     
         284   776545.452233022     
         286   775772.242960681     
         288   774428.878465603     
         290   772560.655739080     
         292   770211.363558474     
         294   767423.070597162     
         296   764235.966871706     
         298   760688.251983703     
         300   756816.063922929     
         302   752653.442595594     
         304   748232.322694126     
         306   743582.551007030     
         308   738731.923758536     
         310   733706.240052698     
         312   728529.367963818     
         314   723223.320256848     
         316   717808.337132387     
         318   712302.973768311     
         320   706724.190772418     
         322   701087.445967971     
         324   695406.786207471     
         326   689694.938151098     
         328   683963.397157037     
         330   678222.513613662     
         332   672481.576200749     
         334   666748.891701054     
         336   661031.861096986     
         338   655337.051782295     
         340   649670.265797591     
         342   644036.604063430     
         344   638440.526637205     
         346   632885.909062116     
         348   627376.094909425     
         350   621913.944640380     
         352   616501.880932919     
         354   611141.930631481     
         356   605835.763486892     
         358   600584.727858265     
         360   595389.883550664     
         362   590252.031961692     
         364   585171.743707563     
         366   580149.383895113     
         368   575185.135200885     
         370   570279.018912290     
         372   565430.914079016     
         374   560640.574915711     
         376   555907.646589486     
         378   551231.679518292     
         380   546612.142298699     
         382   542048.433374175     
         384   537539.891547769     
         386   533085.805436041     
         388   528685.421954370     
         390   524337.953917305     
         392   520042.586831468     
         394   515798.484952730     
         396   511604.796673828     
         398   507460.659303488     
         400   503365.203293209     
         402   499317.555963363     
         404   495316.844776013     
         406   491362.200197927     
         408   487452.758193588     
         410   483587.662384617     
         412   479766.065908875     
         414   475987.133009617     
         416   472250.040382371     
         418   468553.978304777     
         420   464898.151572295     
         422   461281.780260679     
         424   457704.100334102     
         426   454164.364116143     
         428   450661.840639177     
         430   447195.815886254     
         432   443765.592938215     
         434   440370.492037528     
         436   437009.850579238     
         438   433683.023038371     
         440   430389.380842209     
         442   427128.312195005     
         444   423899.221861918     
         446   420701.530918258     
         448   417534.676469488     
         450   414398.111346843     
         452   411291.303782909     
         454   408213.737071020     
         456   405164.909211909     
         458   402144.332550651     
         460   399151.533406584     
         462   396186.051698580     
         464   393247.440567754     
         466   390335.265999419     
         468   387449.106445902     
         470   384588.552451585     
         472   381753.206281366     
         474   378942.681553585     
         476   376156.602878267     
         478   373394.605501433     
         480   370656.334956105     
         482   367941.446720503     
         484   365249.605883867     
         486   362580.486820223     
         488   359933.772870357     
         490   357309.156032186     
         492   354706.336659657     
         494   352125.023170259     
         496   349564.931761192     
         498   347025.786372029     
         500   344511.258389284     
