         100   1812.74114063091     
         102   4254.90202954187     
         104   7290.12882504586     
         106   10592.2281485849     
         108   13968.9656707926     
         110   17321.0266683540     
         112   20603.4968985064     
         114   23801.3756296157     
         116   26915.5036577620     
         118   29954.7533557468     
         120   32931.7614611109     
         122   35860.6298292224     
         124   38755.7150017335     
         126   41631.0198159983     
         128   44499.9169409582     
         130   47375.0536590431     
         132   50268.3534524140     
         134   53191.0670075395     
         136   56153.8461618710     
         138   59166.8261992104     
         140   62239.7086829450     
         142   65381.8408900982     
         144   68602.2901117305     
         146   71909.9123235955     
         148   75313.4154131125     
         150   78821.4175123836     
         152   82442.5011718816     
         154   86185.2641985130     
         156   90058.3680250422     
         158   94070.5845064272     
         160   98230.8420731792     
         162   102548.272228222     
         164   107032.257467151     
         166   111692.481851581     
         168   116538.985702211     
         170   121582.226259019     
         172   126833.146789852     
         174   132303.257722634     
         176   138004.735293365     
         178   143950.546504073     
         180   150154.614593558     
         182   156632.047399549     
         184   163399.462052223     
         186   170475.452257450     
         188   177881.255938679     
         190   185641.685969950     
         192   193786.378423833     
         194   202351.384789736     
         196   211381.083591672     
         198   220930.314942621     
         200   231066.557997725     
         202   241871.891466559     
         204   253444.420018877     
         206   265898.831905090     
         208   279365.786577033     
         210   293989.917075640     
         212   309926.361354869     
         214   327335.891514544     
         216   346378.867014929     
         218   367208.373979364     
         220   389963.008544717     
         222   414759.806195021     
         224   441687.808131100     
         226   470802.695182799     
         228   502122.820989087     
         230   535626.854131083     
         232   571253.109360717     
         234   608900.525226942     
         236   648431.140315476     
         238   689673.840112241     
         240   732429.094327488     
         242   776474.380060773     
         244   821569.986487545     
         246   867464.917149024     
         248   913902.640971610     
         250   960626.487322684     
         252   1007384.52871689     
         254   1053933.84305103     
         256   1100044.09229390     
         258   1145500.39422795     
         260   1190105.49688991     
         262   1233681.29131985     
         264   1276069.71722945     
         266   1317133.12879216     
         268   1356754.19475649     
         270   1394835.40943572     
         272   1431298.28981168     
         274   1466082.32994038     
         276   1499143.77790409     
         278   1530454.29344282     
         280   1559999.53671008     
         282   1587777.73080172     
         284   1613798.23315101     
         286   1638080.14381343     
         288   1660650.97223978     
         290   1681545.37844290     
         292   1700803.99953487     
         294   1718472.36843909     
         296   1734599.92812787     
         298   1749239.14194441     
         300   1762444.69837147     
         302   1774272.80693395     
         304   1784780.58069776     
         306   1794025.49998100     
         308   1802064.95136126     
         310   1808955.83578582     
         312   1814754.23951615     
         314   1819515.16171987     
         316   1823292.29272303     
         318   1826137.83721998     
         320   1828102.37708105     
         322   1829234.76877724     
         324   1829582.07083893     
         326   1829189.49716859     
         328   1828100.39242515     
         330   1826356.22608231     
         332   1823996.60212947     
         334   1821059.28172805     
         336   1817580.21645570     
         338   1813593.59006541     
         340   1809131.86695509     
         342   1804225.84578674     
         344   1798904.71691322     
         346   1793196.12246674     
         348   1787126.21813728     
         350   1780719.73582313     
         352   1774000.04647164     
         354   1766989.22254643     
         356   1759708.09966119     
         358   1752176.33700925     
         360   1744412.47629586     
         362   1736433.99894607     
         364   1728257.38141766     
         366   1719898.14849667     
         368   1711370.92449351     
         370   1702689.48229118     
         372   1693866.79022571     
         374   1684915.05680161     
         376   1675845.77326422     
         378   1666669.75406585     
         380   1657397.17527475     
         382   1648037.61098493     
         384   1638600.06779218     
         386   1629093.01740651     
         388   1619524.42747464     
         390   1609901.79068847     
         392   1600232.15225639     
         394   1590522.13581406     
         396   1580777.96785132     
         398   1571005.50072983     
         400   1561210.23436494     
         402   1551397.33664305     
         404   1541571.66264305     
         406   1531737.77272847     
         408   1521899.94957382     
         410   1512062.21418596     
         412   1502228.34097879     
         414   1492401.87195633     
         416   1482586.13005690     
         418   1472784.23170809     
         420   1462999.09863961     
         422   1453233.46899878     
         424   1443489.90781046     
         426   1433770.81682119     
         428   1424078.44376498     
         430   1414414.89108568     
         432   1404782.12414921     
         434   1395181.97897661     
         436   1385616.16952708     
         438   1376086.29455844     
         440   1366593.84409076     
         442   1357140.20549716     
         444   1347726.66924452     
         446   1338354.43430523     
         448   1329024.61325984     
         450   1319738.23710938     
         452   1310496.25981455     
         454   1301299.56257844     
         456   1292148.95788788     
         458   1283045.19332791     
         460   1273988.95518282     
         462   1264980.87183632     
         464   1256021.51698271     
         466   1247111.41266025     
         468   1238251.03211685     
         470   1229440.80251816     
         472   1220681.10750696     
         474   1211972.28962252     
         476   1203314.65258804     
         478   1194708.46347357     
         480   1186153.95474170     
         482   1177651.32618249     
         484   1169200.74674400     
         486   1160802.35626432     
         488   1152456.26711056     
         490   1144162.56572994     
         492   1135921.31411804     
         494   1127732.55120863     
         496   1119596.29418158     
         498   1111512.53141254     
         500   1103468.55183799     
