         100   1812.74114063091     
         102   4254.90617868017     
         104   7290.14745495907     
         106   10592.2773979194     
         108   13969.0621214012     
         110   17321.1845236992     
         112   20603.7279703862     
         114   23801.6906893459     
         116   26915.9140418515     
         118   29955.2723778602     
         120   32932.4055651809     
         122   35861.4195632856     
         124   38756.6759212072     
         126   41632.1834142581     
         128   44501.3216873351     
         130   47376.7462109874     
         132   50270.3901019278     
         134   53193.5154215482     
         136   56156.7874809690     
         138   59170.3575684114     
         140   62243.9463013848     
         142   65386.9236841612     
         144   68608.3841583217     
         146   71917.2161781334     
         148   75322.1665315963     
         150   78831.9000004298     
         152   82455.0551484486     
         154   86200.2971316214     
         156   90076.3684860068     
         158   94092.1389048940     
         160   98256.6550878525     
         162   102579.191853345     
         164   107069.305877973     
         166   111736.893695620     
         168   116592.256018343     
         170   121646.171126551     
         172   126909.981171922     
         174   132395.696947623     
         176   138116.129212242     
         178   144085.058074529     
         180   150317.455944654     
         182   156829.783149426     
         184   163640.376628551     
         186   170769.948528916     
         188   178242.200147515     
         190   186084.535571709     
         192   194328.828730866     
         194   203012.160776414     
         196   212177.408422279     
         198   221873.537032517     
         200   232155.443909502     
         202   243083.214045946     
         204   254720.694535369     
         206   267133.361132322     
         208   280385.532067420     
         210   294537.067651551     
         212   309639.766175074     
         214   325733.715832803     
         216   342843.881707264     
         218   360977.194210196     
         220   380120.363854440     
         222   400238.583812787     
         224   421275.205743254     
         226   443152.395682764     
         228   465772.704284262     
         230   489021.426058639     
         232   512769.579729411     
         234   536877.317824196     
         236   561197.567444354     
         238   585579.713312845     
         240   609873.155213671     
         242   633930.600915260     
         244   657610.988834321     
         246   680781.968735208     
         248   703321.901040843     
         250   725121.363978661     
         252   746084.181654715     
         254   766128.004736558     
         256   785184.488738439     
         258   803199.123321049     
         260   820130.770163772     
         262   835950.967587298     
         264   850643.057981737     
         266   864201.189981782     
         268   876629.241903315     
         270   887939.706792436     
         272   898152.573006729     
         274   907294.227909615     
         276   915396.406272906     
         278   922495.199523906     
         280   928630.137143846     
         282   933843.347368506     
         284   938178.800861174     
         286   941681.638192713     
         288   944397.579723220     
         290   946372.414771772     
         292   947651.565716842     
         294   948279.721820695     
         296   948300.537049959     
         298   947756.385909552     
         300   946688.171262814     
         302   945135.178227881     
         304   943134.968477420     
         306   940723.309590336     
         308   937934.134481065     
         310   934799.526341165     
         312   931349.724950571     
         314   927613.150637971     
         316   923616.442580630     
         318   919384.508526070     
         320   914940.583386097     
         322   910306.294494607     
         324   905501.731632678     
         326   900545.520207245     
         328   895454.896223447     
         330   890245.781916764     
         332   884932.861110574     
         334   879529.653539709     
         336   874048.587532854     
         338   868501.070578143     
         340   862897.557409186     
         342   857247.615344831     
         344   851559.986697161     
         346   845842.648130267     
         348   840102.866908779     
         350   834347.254021578     
         352   828581.814203762     
         354   822811.992910067     
         356   817042.720316672     
         358   811278.452446481     
         360   805523.209526591     
         362   799780.611696258     
         364   794053.912190123     
         366   788346.028125177     
         368   782659.569021413     
         370   776996.863185912     
         372   771359.982088335     
         374   765750.762853006     
         376   760170.828989067     
         378   754621.609475838     
         380   749104.356315682     
         382   743620.160661561     
         384   738169.967621126     
         386   732754.589833755     
         388   727374.719911519     
         390   722030.941829677     
         392   716723.741347014     
         394   711453.515531219     
         396   706220.581459513     
         398   701025.184160031     
         400   695867.503854862     
         402   690747.662561359     
         404   685665.730104242     
         406   680621.729587107     
         408   675615.642368382     
         410   670647.412583280     
         412   665716.951250154     
         414   660824.139996641     
         416   655968.834438199     
         418   651150.867239042     
         420   646370.050883071     
         422   641626.180180151     
         424   636919.034531021     
         426   632248.379972174     
         428   627613.971020321     
         430   623015.552334355     
         432   618452.860211253     
         434   613925.623930962     
         436   609433.566964009     
         438   604976.408054417     
         440   600553.862189406     
         442   596165.641466380     
         444   591811.455866765     
         446   587491.013945436     
         448   583204.023443708     
         450   578950.191833135     
         452   574729.226796744     
         454   570540.836653721     
         456   566384.730733040     
         458   562260.619701010     
         460   558168.215847285     
         462   554107.233333459     
         464   550077.388407987     
         466   546078.399590846     
         468   542109.987830997     
         470   538171.876639491     
         472   534263.792200715     
         474   530385.463464111     
         476   526536.622218436     
         478   522717.003150466     
         480   518926.343889836     
         482   515164.385041569     
         484   511430.870207689     
         486   507725.545999181     
         488   504048.162039429     
         490   500398.470960160     
         492   496776.228390821     
         494   493181.192942218     
         496   489613.126185355     
         498   486071.793216105     
         500   482559.397952608     
