         100   1812.74114063091     
         102   4254.88186156500     
         104   7290.04471727296     
         106   10592.0120058752     
         108   13968.5481122243     
         110   17320.3484789644     
         112   20602.5088620588     
         114   23800.0328005415     
         116   26913.7586512848     
         118   29952.5504805047     
         120   32929.0319419764     
         122   35857.2877794931     
         124   38751.6536901999     
         126   41626.1078233205     
         128   44493.9938755257     
         130   47367.9251594738     
         132   50259.7852329519     
         134   53180.7777063904     
         136   56141.4987355375     
         138   59152.0175716792     
         140   62221.9573089606     
         142   65360.5718269509     
         144   68576.8171128621     
         146   71879.4163675437     
         148   75276.9189593606     
         150   78777.7536267812     
         152   82390.2764821680     
         154   86122.8144169365     
         156   89983.7044994643     
         158   93981.3299196025     
         160   98124.1529833831     
         162   102420.745607526     
         164   106879.817710572     
         166   111510.243848324     
         168   116321.088396922     
         170   121321.629547455     
         172   126521.382341492     
         174   131930.120946790     
         176   137557.900346323     
         178   143415.077591042     
         180   149512.332747113     
         182   155860.689651081     
         184   162471.536571271     
         186   169356.646860230     
         188   176528.199670820     
         190   183998.800797431     
         192   191781.503693226     
         194   199889.830704316     
         196   208337.794551788     
         198   217139.920082438     
         200   226311.266298623     
         202   235867.448666495     
         204   245824.661689821     
         206   256199.701723333     
         208   267009.989984680     
         210   278273.595707474     
         212   290009.259359046     
         214   302236.415825333     
         216   314975.217441221     
         218   328246.556717611     
         220   342072.088586074     
         222   356474.251948251     
         224   371476.290279818     
         226   387102.270998652     
         228   403377.103263599     
         230   420326.553825393     
         232   437977.260505874     
         234   456356.742838455     
         236   475493.409363225     
         238   495416.561041353     
         240   516156.390237664     
         242   537743.974727928     
         244   560211.266225657     
         246   583591.073002818     
         248   607917.036311277     
         250   633223.600521802     
         252   659545.977236449     
         254   686920.104199453     
         256   715382.600761793     
         258   744970.722973976     
         260   775722.322781814     
         262   807675.816322628     
         264   840870.164434160     
         266   875344.862901279     
         268   911139.931618340     
         270   948295.886633352     
         272   986853.690009363     
         274   1026854.71917185     
         276   1068340.90071629     
         278   1111355.32472002     
         280   1155943.88214568     
         282   1202158.70241504     
         284   1250064.32602682     
         286   1299747.52068847     
         288   1351331.34034411     
         290   1404993.38764364     
         292   1460987.31401290     
         294   1519665.52430783     
         296   1581500.07641143     
         298   1647098.14124112     
         300   1717208.33228013     
         302   1792714.82992575     
         304   1874617.46762594     
         306   1963997.62144137     
         308   2061971.56115100     
         310   2169634.56111584     
         312   2288000.26101870     
         314   2417940.33953309     
         316   2560129.47219746     
         318   2714999.86004565     
         320   2882708.49576995     
         322   3063118.98052606     
         324   3255798.31897001     
         326   3460027.87260430     
         328   3674826.66029545     
         330   3898984.52087337     
         332   4131102.30481061     
         334   4369636.20859561     
         336   4612943.54938373     
         338   4859327.63002187     
         340   5107079.79667449     
         342   5354517.28197000     
         344   5600015.90720424     
         346   5842037.15299870     
         348   6079149.47764473     
         350   6310044.05637274     
         352   6533545.33208503     
         354   6748616.91408735     
         356   6954363.44527408     
         358   7150029.09120906     
         360   7334993.29806337     
         362   7508764.43126609     
         364   7670971.85254016     
         366   7821356.92770004     
         368   7959763.38749506     
         370   8086127.39364022     
         372   8200467.59534714     
         374   8302875.40034014     
         376   8393505.62978029     
         378   8472567.67925565     
         380   8540317.26805709     
         382   8597048.82599577     
         384   8643088.54046366     
         386   8678788.06559684     
         388   8704518.87952218     
         390   8720667.26400621     
         392   8727629.87267766     
         394   8725809.84870559     
         396   8715613.44981732     
         398   8697447.13732743     
         400   8671715.08599860     
         402   8638817.07270673     
         404   8599146.70375114     
         406   8553089.94299417     
         408   8501023.90564848     
         410   8443315.88531288     
         412   8380322.58466920     
         414   8312389.52302526     
         416   8239850.59654992     
         418   8163027.76956522     
         420   8082230.87760643     
         422   7997757.52512227     
         424   7909893.06265278     
         426   7818910.63009949     
         428   7725071.25428467     
         430   7628623.99039752     
         432   7529806.09814991     
         434   7428843.24451820     
         436   7325949.72584076     
         438   7221328.70277491     
         440   7115172.44219692     
         442   7007662.56055080     
         444   6898970.26341035     
         446   6789256.57609932     
         448   6678672.56009495     
         450   6567359.50958004     
         452   6455449.12185507     
         454   6343063.63428594     
         456   6230315.91892220     
         458   6117309.52367988     
         460   6004138.64575974     
         462   5890888.01831892     
         464   5777632.68464422     
         466   5664437.62408420     
         468   5551357.17898665     
         470   5438434.20883946     
         472   5325698.86149599     
         474   5213166.79239229     
         476   5100836.56347860     
         478   4988685.77999411     
         480   4876665.20586788     
         482   4764689.49181502     
         484   4652621.93967857     
         486   4540248.21964971     
         488   4427228.60946093     
         490   4313006.67432355     
         492   4196626.58906332     
         494   4076354.17339807     
         496   3948869.82165484     
         498   3807559.81707230     
         500   3628027.51711364     
