         100   1812.74114063091     
         102   4254.88206986227     
         104   7290.04554426743     
         106   10592.0140866488     
         108   13968.5520863985     
         110   17320.3548888875     
         112   20602.5181591788     
         114   23800.0454014864     
         116   26913.7750012264     
         118   29952.5711076607     
         120   32929.0575016285     
         122   35857.3190910818     
         124   38751.6917718964     
         126   41626.1539279005     
         128   44494.0495306078     
         130   47367.9922146339     
         132   50259.8659159499     
         134   53180.8746907059     
         136   56141.6152215663     
         138   59152.1573842482     
         140   62222.1250142614     
         142   65360.7728725558     
         144   68577.0579951923     
         146   71879.7048320006     
         148   75277.2642393529     
         150   78778.1667290887     
         152   82390.7705275336     
         154   86123.4050465009     
         156   89984.4103597149     
         158   93982.1732409581     
         160   98125.1602704548     
         162   102421.948462577     
         164   106881.253815843     
         166   111511.958137841     
         168   116323.134454283     
         170   121324.071273107     
         172   126524.295941387     
         174   131933.597304236     
         176   137562.047850702     
         178   143420.025511194     
         180   149518.235253942     
         182   155867.730613924     
         184   162479.935276320     
         186   169366.664827510     
         188   176540.148779790     
         190   184013.052971050     
         192   191798.502437659     
         194   199910.104857443     
         196   208361.974660140     
         198   217168.757904827     
         200   226345.658027724     
         202   235908.462569572     
         204   245873.570999438     
         206   256258.023761592     
         208   267079.532684229     
         210   278356.512903225     
         212   290108.116471430     
         214   302354.267844023     
         216   315115.701453677     
         218   328414.001615772     
         220   342271.645033524     
         222   356712.046206193     
         224   371759.606079429     
         226   387439.764315402     
         228   403779.055598675     
         230   420805.170429204     
         232   438547.020882273     
         234   457034.811842928     
         236   476300.118279829     
         238   496375.969277888     
         240   517296.939871903     
         242   539099.252171784     
         244   561820.887470307     
         246   585501.710092974     
         248   610183.600426010     
         250   635910.587949227     
         252   662728.966094937     
         254   690687.363579925     
         256   719836.749752512     
         258   750230.375322777     
         260   781923.704202463     
         262   814974.479841977     
         264   849443.181260234     
         266   885394.236820077     
         268   922898.443595958     
         270   962037.049638015     
         272   1002907.86581958     
         274   1045633.57113836     
         276   1090372.07187843     
         278   1137328.40618215     
         280   1186767.30434446     
         282   1239025.18233734     
         284   1294520.11916286     
         286   1353758.29208082     
         288   1417335.44244542     
         290   1485932.22109332     
         292   1560302.69568406     
         294   1641255.85281796     
         296   1729630.53931657     
         298   1826264.89457800     
         300   1931961.86252065     
         302   2047452.77711741     
         304   2173361.24451105     
         306   2310169.57294500     
         308   2458189.82939043     
         310   2617541.25277332     
         312   2788135.27156373     
         314   2969668.81401778     
         316   3161626.02230397     
         318   3363287.94262199     
         320   3573749.30706616     
         322   3791941.17955920     
         324   4016658.02191712     
         326   4246587.64641075     
         328   4480342.54548180     
         330   4716491.20672865     
         332   4953588.20674595     
         334   5190202.10492028     
         336   5424940.40381390     
         338   5656471.08604267     
         340   5883540.46302590     
         342   6104987.26803808     
         344   6319753.08859688     
         346   6526889.35924863     
         348   6725561.22616617     
         350   6915048.65271128     
         352   7094745.16462114     
         354   7264154.63978744     
         356   7422886.53584496     
         358   7570649.92383588     
         360   7707246.66240611     
         362   7832564.00800458     
         364   7946566.91538390     
         366   8049290.24164614     
         368   8140831.02782985     
         370   8221340.99574062     
         372   8291019.36509135     
         374   8350106.06738696     
         376   8398875.40843630     
         378   8437630.21078342     
         380   8466696.45046404     
         382   8486418.38897635     
         384   8497154.19082490     
         386   8499272.00905928     
         388   8493146.51549817     
         390   8479155.84843894     
         392   8457678.94826978     
         394   8429093.25022791     
         396   8393772.70332207     
         398   8352086.08493788     
         400   8304395.58168154     
         402   8251055.60843495     
         404   8192411.83926486     
         406   8128800.42564927     
         408   8060547.37937323     
         410   7987968.09934255     
         412   7911367.02341929     
         414   7831037.38816311     
         416   7747261.08104285     
         418   7660308.57124654     
         420   7570438.90665492     
         422   7477899.76584894     
         424   7382927.55519326     
         426   7285747.54207847     
         428   7186574.01631834     
         430   7085610.47249352     
         432   6983049.80671974     
         434   6879074.52191363     
         436   6773856.93615324     
         438   6667559.38921408     
         440   6560334.44284696     
         442   6452325.07090806     
         444   6343664.83613281     
         446   6234478.05126738     
         448   6124879.92356923     
         450   6014976.68353490     
         452   5904865.70132149     
         454   5794635.59795114     
         456   5684366.36331854     
         458   5574129.49956844     
         460   5463988.21688398     
         462   5353997.71937831     
         464   5244205.63174521     
         466   5134652.63249793     
         468   5025373.37654082     
         470   4916397.80743763     
         472   4807752.97622491     
         474   4699465.49603489     
         476   4591564.76579060     
         478   4484087.08571730     
         480   4377080.75424070     
         482   4270612.16967032     
         484   4164772.84844257     
         486   4059687.10063012     
         488   3955519.85876657     
         490   3852483.82629548     
         492   3750844.69368737     
         494   3650922.68001676     
         496   3553088.30915031     
         498   3457764.96748035     
         500   3366726.62614700     
