         100   1812.74114063091     
         102   4254.89800778717     
         104   7290.11130191095     
         106   10592.1823414734     
         108   13968.8764406854     
         110   17320.8810659735     
         112   20603.2841573607     
         114   23801.0859258424     
         116   26915.1266447246     
         118   29954.2768782595     
         120   32931.1705066204     
         122   35859.9056425961     
         124   38754.8342644064     
         126   41629.9538004467     
         128   44498.6305677947     
         130   47373.5043963264     
         132   50266.4900029363     
         134   53188.8277304153     
         136   56151.1571706461     
         138   59163.5990706672     
         140   62235.8376991417     
         142   65377.1997208953     
         144   68596.7278257690     
         146   71903.2485917028     
         148   75305.4347384099     
         150   78811.8622845447     
         152   82431.0632971534     
         154   86171.5749997127     
         156   90041.9860333248     
         158   94050.9806744495     
         160   98207.3818206678     
         162   102520.193576256     
         164   106998.644312037     
         166   111652.231149368     
         168   116490.766939209     
         170   121524.430993714     
         172   126763.825113699     
         174   132220.036903464     
         176   137904.713093199     
         178   143830.146812982     
         180   150009.384837437     
         182   156456.364260090     
         184   163186.093451161     
         186   170214.899905448     
         188   177560.777428931     
         190   185243.875475177     
         192   193287.180962180     
         194   201717.442465197     
         196   210566.372387140     
         198   219872.129772232     
         200   229681.033610317     
         202   240049.388106453     
         204   251045.227981636     
         206   262749.728715461     
         208   275257.990450389     
         210   288678.908799997     
         212   303133.897794683     
         214   318754.327041361     
         216   335677.664921683     
         218   354042.463440896     
         220   373982.456400445     
         222   395620.150696588     
         224   419060.355863093     
         226   444384.112186879     
         228   471643.443611978     
         230   500857.285951140     
         232   532008.836160841     
         234   565044.449269578     
         236   599874.090317972     
         238   636373.241460571     
         240   674386.077864760     
         242   713729.665070494     
         244   754198.896292314     
         246   795571.879048842     
         248   837615.492707562     
         250   880090.867065507     
         252   922758.571602983     
         254   965383.350453599     
         256   1007738.28501627     
         258   1049608.31099720     
         260   1090793.05700667     
         262   1131109.00608693     
         264   1170391.00897552     
         266   1208493.19843401     
         268   1245289.36799983     
         270   1280672.88677384     
         272   1314556.22524045     
         274   1346870.16659786     
         276   1377562.77459821     
         278   1406598.18333233     
         280   1433955.26749572     
         282   1459626.24407470     
         284   1483615.24859343     
         286   1505936.92144385     
         288   1526615.03265277     
         290   1545681.16690013     
         292   1563173.48479325     
         294   1579135.57136549     
         296   1593615.37850227     
         298   1606664.26446852     
         300   1618336.13086402     
         302   1628686.65509839     
         304   1637772.61478209     
         306   1645651.29919777     
         308   1652380.00217566     
         310   1658015.59017937     
         312   1662614.13915256     
         314   1666230.63362825     
         316   1668918.72171363     
         318   1670730.51979263     
         320   1671716.46110419     
         322   1671925.18272573     
         324   1671403.44589850     
         326   1670196.08505453     
         328   1668345.98133069     
         330   1665894.05677388     
         332   1662879.28584284     
         334   1659338.72119428     
         336   1655307.53109677     
         338   1650819.04614655     
         340   1645904.81326117     
         342   1640594.65520219     
         344   1634916.73412561     
         346   1628897.61788100     
         348   1622562.34797757     
         350   1615934.50831059     
         352   1609036.29389493     
         354   1601888.57898732     
         356   1594510.98409586     
         358   1586921.94147636     
         360   1579138.75880264     
         362   1571177.68077208     
         364   1563053.94847130     
         366   1554781.85638047     
         368   1546374.80693948     
         370   1537845.36263683     
         372   1529205.29561287     
         374   1520465.63479420     
         376   1511636.71059630     
         378   1502728.19724787     
         380   1493749.15280241     
         382   1484708.05691273     
         384   1475612.84645037     
         386   1466470.94905746     
         388   1457289.31472082     
         390   1448074.44546037     
         392   1438832.42322383     
         394   1429568.93607904     
         396   1420289.30279422     
         398   1410998.49589394     
         400   1401701.16327632     
         402   1392401.64847421     
         404   1383104.00963956     
         406   1373812.03732733     
         408   1364529.27115156     
         410   1355259.01538276     
         412   1346004.35355255     
         414   1336768.16212760     
         416   1327553.12331201     
         418   1318361.73703349     
         420   1309196.33216590     
         422   1300059.07703728     
         424   1290951.98926983     
         426   1281876.94499510     
         428   1272835.68748543     
         430   1263829.83523959     
         432   1254860.88955836     
         434   1245930.24164379     
         436   1237039.17925291     
         438   1228188.89293565     
         440   1219380.48188369     
         442   1210614.95941623     
         444   1201893.25812604     
         446   1193216.23470818     
         448   1184584.67449204     
         450   1175999.29569596     
         452   1167460.75342241     
         454   1158969.64341055     
         456   1150526.50556179     
         458   1142131.82725293     
         460   1133786.04645046     
         462   1125489.55463869     
         464   1117242.69957364     
         466   1109045.78787354     
         468   1100899.08745635     
         470   1092802.82983388     
         472   1084757.21227139     
         474   1076762.39982113     
         476   1068818.52723752     
         478   1060925.70078132     
         480   1053083.99991950     
         482   1045293.47892733     
         484   1037554.16839839     
         486   1029866.07666826     
         488   1022229.19115698     
         490   1014643.47963503     
         492   1007108.89141760     
         494   999625.358491189     
         496   992192.796569130     
         498   984811.101561201     
         500   977476.129351479     
