         100   1812.74114063091     
         102   4254.90459084708     
         104   7290.14025005518     
         106   10592.2582780642     
         108   13969.0246082415     
         110   17321.1230652007     
         112   20603.6379491877     
         114   23801.5678961828     
         116   26915.7540483770     
         118   29955.0699846337     
         120   32932.1543506445     
         122   35861.1115027907     
         124   38756.3010336459     
         126   41631.7293980390     
         128   44500.7735143482     
         130   47376.0856524135     
         132   50269.5951623283     
         134   53192.5596578192     
         136   56155.6391808523     
         138   59168.9787596127     
         140   62242.2915570818     
         142   65384.9386837394     
         144   68606.0039533451     
         146   71914.3631024777     
         148   75318.7476807998     
         150   78827.8041878995     
         152   82450.1492241423     
         154   86194.4215207625     
         156   90069.3317692244     
         158   94083.7112139468     
         160   98246.5600283231     
         162   102567.096580350     
         164   107054.808831279     
         166   111719.509326199     
         168   116571.395573272     
         170   121621.118141670     
         172   126879.859654649     
         174   132359.429183502     
         176   138072.378559607     
         178   144032.149955970     
         180   150253.267644059     
         182   156751.590492125     
         184   163544.644150086     
         186   170652.050729879     
         188   178096.066383609     
         190   185902.221058427     
         192   194100.028939050     
         194   202723.704452761     
         196   211812.782287620     
         198   221412.508589347     
         200   231573.853505265     
         202   242353.000484587     
         204   253810.199500167     
         206   266007.928549566     
         208   279008.383694930     
         210   292870.401353623     
         212   307645.994335861     
         214   323376.742777870     
         216   340090.313429816     
         218   357797.381360825     
         220   376489.197932719     
         222   396135.993339973     
         224   416686.329705327     
         226   438067.441575364     
         228   460186.524213754     
         230   482932.864173666     
         232   506180.656590430     
         234   529792.322092565     
         236   553622.123297713     
         238   577519.884662245     
         240   601334.636781271     
         242   624918.033217359     
         244   648127.420614093     
         246   670828.477617057     
         248   692897.371999962     
         250   714222.416156352     
         252   734705.227317940     
         254   754261.419750722     
         256   772820.871591145     
         258   790327.619187010     
         260   806739.437369211     
         262   822027.165739675     
         264   836173.839624683     
         266   849173.680607109     
         268   861030.996247845     
         270   871759.032370827     
         272   881378.814640932     
         274   889918.009518918     
         276   897409.828334359     
         278   903891.992383295     
         280   909405.771758539     
         282   913995.106119419     
         284   917705.811816665     
         286   920584.876683458     
         288   922679.841337109     
         290   924038.263944082     
         292   924707.264012930     
         294   924733.139822137     
         296   924161.053491525     
         298   923034.777400228     
         300   921396.495580904     
         302   919286.653825675     
         304   916743.852478383     
         306   913804.776221443     
         308   910504.155561990     
         310   906874.755155272     
         312   902947.384552947     
         314   898750.927414329     
         316   894312.385657913     
         318   889656.935450264     
         320   884807.992323693     
         322   879787.283079504     
         324   874614.922468134     
         326   869309.492940414     
         328   863888.126036107     
         330   858366.584217637     
         332   852759.342170349     
         334   847079.666777421     
         336   841339.695139934     
         338   835550.510152675     
         340   829722.213266151     
         342   823863.994167235     
         344   817984.197196707     
         346   812090.384393736     
         348   806189.395116682     
         350   800287.402238197     
         352   794389.964951827     
         354   788502.078258511     
         356   782628.219225744     
         358   776772.390130633     
         360   770938.158611699     
         362   765128.694963710     
         364   759346.806715888     
         366   753594.970637005     
         368   747875.362311850     
         370   742189.883432531     
         372   736540.186945705     
         374   730927.700193208     
         376   725353.646179147     
         378   719819.063091355     
         380   714324.822199592     
         382   708871.644246979     
         384   703460.114445133     
         386   698090.696177365     
         388   692763.743508219     
         390   687479.512591651     
         392   682238.172064279     
         394   677039.812504480     
         396   671884.455032643     
         398   666772.059122670     
         400   661702.529689819     
         402   656675.723515268     
         404   651691.455063332     
         406   646749.501742996     
         408   641849.608661550     
         410   636991.492914340     
         412   632174.847451208     
         414   627399.344556980     
         416   622664.638980321     
         418   617970.370742484     
         420   613316.167654909     
         422   608701.647572192     
         424   604126.420404739     
         426   599590.089913353     
         428   595092.255306109     
         430   590632.512656133     
         432   586210.456157257     
         434   581825.679233090     
         436   577477.775513633     
         438   573166.339692337     
         440   568890.968275372     
         442   564651.260233780     
         444   560446.817568257     
         446   556277.245795406     
         448   552142.154363506     
         450   548041.157005087     
         452   543973.872032937     
         454   539939.922585558     
         456   535938.936827498     
         458   531970.548109495     
         460   528034.395092899     
         462   524130.121842386     
         464   520257.377890637     
         466   516415.818278237     
         468   512605.103571790     
         470   508824.899862903     
         472   505074.878750467     
         474   501354.717308377     
         476   497664.098040659     
         478   494002.708825731     
         480   490370.242851380     
         482   486766.398541845     
         484   483190.879478265     
         486   479643.394313602     
         488   476123.656683053     
         490   472631.385110818     
         492   469166.302914020     
         494   465728.138104480     
         496   462316.623290157     
         498   458931.497761707     
         500   455578.008291999     
