         100   1812.74114063091     
         102   4254.90767461261     
         104   7290.15457148806     
         106   10592.2965514535     
         108   13969.0999281614     
         110   17321.2466599169     
         112   20603.8191528666     
         114   23801.8152057885     
         116   26916.0763878024     
         118   29955.4778193216     
         120   32932.6605990182     
         122   35861.7323060590     
         124   38757.0564692733     
         126   41632.6442139950     
         128   44501.8779474376     
         130   47377.4163835122     
         132   50271.1964561467     
         134   53194.4847345133     
         136   56157.9518706254     
         138   59171.7554988165     
         140   62245.6237950013     
         142   65388.9357833350     
         144   68610.7966871749     
         146   71920.1078675730     
         148   75325.6315845643     
         150   78836.0511927099     
         152   82460.0275834553     
         154   86206.2527972405     
         156   90083.5018000454     
         158   94100.6834864697     
         160   98266.8920604697     
         162   102591.460080452     
         164   107084.014669680     
         166   111754.538737056     
         168   116613.439616194     
         170   121671.628464975     
         172   126940.615313517     
         174   132432.627129247     
         176   138160.760010367     
         178   144139.181747868     
         180   150383.407088294     
         182   156910.673714806     
         184   163740.449679967     
         186   170895.099202270     
         188   178400.719636558     
         190   186288.135551802     
         192   194593.996571744     
         194   203361.878345478     
         196   212643.239144643     
         198   222498.049172701     
         200   232994.896742054     
         202   244210.392951561     
         204   256227.746680133     
         206   269134.460144312     
         208   283019.191371913     
         210   297967.929222103     
         212   314059.713702631     
         214   331362.196239586     
         216   349927.362820161     
         218   369787.734915040     
         220   390953.321799741     
         222   413409.530797228     
         224   437116.159179226     
         226   462007.503831374     
         228   487993.542178702     
         230   514962.067995524     
         232   542781.613535906     
         234   571304.957035025     
         236   600373.001679831     
         238   629818.816369935     
         240   659471.646524045     
         242   689160.730828349     
         244   718718.793172159     
         246   747985.114481025     
         248   776808.123797691     
         250   805047.479593760     
         252   832575.639491877     
         254   859278.938590754     
         256   885058.213222702     
         258   909829.018467419     
         260   933521.494616116     
         262   956079.940715448     
         264   977462.153080973     
         266   997638.584012654     
         268   1016591.37157362     
         270   1034313.28582616     
         272   1050806.63087302     
         274   1066082.13583939     
         276   1080157.86186455     
         278   1093058.14647498     
         280   1104812.60152753     
         282   1115455.17632742     
         284   1125023.29357198     
         286   1133557.06244657     
         288   1141098.57047125     
         290   1147691.25352065     
         292   1153379.34175603     
         294   1158207.37795584     
         296   1162219.80384750     
         298   1165460.60946697     
         300   1167973.04024942     
         302   1169799.35643279     
         304   1170980.63939182     
         306   1171556.63967527     
         308   1171565.66176114     
         310   1171044.48084579     
         312   1170028.28732270     
         314   1168550.65496605     
         316   1166643.52920030     
         318   1164337.23219930     
         320   1161660.48190867     
         322   1158640.42241842     
         324   1155302.66342496     
         326   1151671.32681091     
         328   1147769.09863580     
         330   1143617.28507146     
         332   1139235.87103248     
         334   1134643.58044548     
         336   1129857.93727287     
         338   1124895.32655807     
         340   1119771.05489193     
         342   1114499.40981525     
         344   1109093.71777275     
         346   1103566.40031918     
         348   1097929.02835211     
         350   1092192.37420796     
         352   1086366.46151061     
         354   1080460.61270549     
         356   1074483.49424886     
         358   1068443.15945129     
         360   1062347.08899926     
         362   1056202.22919734     
         364   1050015.02798947     
         366   1043791.46882875     
         368   1037537.10247437     
         370   1031257.07680025     
         372   1024956.16470415     
         374   1018638.79020817     
         376   1012309.05284271     
         378   1005970.75040555     
         380   999627.400186652     
         382   993282.258747261     
         384   986938.340339560     
         386   980598.434050073     
         388   974265.119746915     
         390   967940.782907476     
         392   961627.628399598     
         394   955327.693285624     
         396   949042.858715093     
         398   942774.860968146     
         400   936525.301708227     
         402   930295.657499106     
         404   924087.288637921     
         406   917901.447352671     
         408   911739.285409474     
         410   905601.861171937     
         412   899490.146152158     
         414   893405.031090185     
         416   887347.331596240     
         418   881317.793387619     
         420   875317.097149920     
         422   869345.863050168     
         424   863404.654927401     
         426   857493.984184452     
         428   851614.313402914     
         430   845766.059701699     
         432   839949.597858038     
         434   834165.263208463     
         436   828413.354345911     
         438   822694.135627968     
         440   817007.839510095     
         442   811354.668716681     
         444   805734.798261764     
         446   800148.377330402     
         448   794595.531030845     
         450   789076.362026868     
         452   783590.952058969     
         454   778139.363362420     
         456   772721.639989623     
         458   767337.809043598     
         460   761987.881828975     
         462   756671.854926337     
         464   751389.711195359     
         466   746141.420711754     
         468   740926.941642679     
         470   735746.221064904     
         472   730599.195729730     
         474   725485.792778331     
         476   720405.930410956     
         478   715359.518513137     
         480   710346.459241852     
         482   705366.647574347     
         484   700419.971822157     
         486   695506.314112643     
         488   690625.550840234     
         490   685777.553089376     
         492   680962.187031072     
         494   676179.314294732     
         496   671428.792316967     
         498   666710.474599198     
         500   662014.925986305     
