         100   1812.74114063091     
         102   4254.90712160634     
         104   7290.15178841783     
         106   10592.2889508904     
         108   13969.0848389931     
         110   17321.2217896316     
         112   20603.7825985753     
         114   23801.7652427098     
         116   26916.0112136003     
         118   29955.3953276676     
         120   32932.5581940851     
         122   35861.6067459283     
         124   38756.9037211645     
         126   41632.4593057406     
         128   44501.6548023648     
         130   47377.1476280025     
         132   50270.8731902028     
         134   53194.0962557348     
         136   56157.4853412300     
         138   59171.1955438580     
         140   62244.9520177704     
         142   65388.1301810637     
         144   68609.8309465029     
         146   71918.9505146210     
         148   75324.2449586484     
         150   78834.3902053929     
         152   82458.0382152917     
         154   86203.8702725658     
         156   90080.6483645309     
         158   94097.2656914710     
         160   98262.7974301374     
         162   102586.552998146     
         164   107078.131261742     
         166   111747.480438599     
         168   116604.964941958     
         170   121661.442210132     
         172   126928.353844014     
         174   132417.837361194     
         176   138142.867770794     
         178   144117.441984469     
         180   150356.823342428     
         182   156877.867014881     
         184   163699.447580011     
         186   170843.004813169     
         188   178333.209815900     
         190   186198.729470139     
         192   194473.033762264     
         194   203195.152099591     
         196   212410.248871077     
         198   222169.864553631     
         200   232531.665501555     
         202   243558.568934520     
         204   255317.160194731     
         206   267875.391875354     
         208   281299.638728165     
         210   295651.265269850     
         212   310982.931579737     
         214   327334.906370170     
         216   344731.668961737     
         218   363179.062515179     
         220   382662.213844490     
         222   403144.368065013     
         224   424566.708819552     
         226   446849.156624720     
         228   469892.067440069     
         230   493578.697087668     
         232   517778.258194828     
         234   542349.375881210     
         236   567143.745297425     
         238   592009.805640284     
         240   616796.267833781     
         242   641355.362806653     
         244   665545.710541793     
         246   689234.743662506     
         248   712300.650792952     
         250   734633.832570638     
         252   756137.885990685     
         254   776730.150326663     
         256   796341.860281159     
         258   814917.959693679     
         260   832416.632711353     
         262   848808.609553743     
         264   864076.301643678     
         266   878212.816659169     
         268   891220.898637074     
         270   903111.832177063     
         272   913904.343497685     
         274   923623.524923243     
         276   932299.803573741     
         278   939967.969750673     
         280   946666.275851133     
         282   952435.612639734     
         284   957318.766359876     
         286   961359.757441815     
         288   964603.259414308     
         290   967094.094988115     
         292   968876.805086734     
         294   969995.285785550     
         296   970492.487620965     
         298   970410.171486500     
         300   969788.715290104     
         302   968666.965659045     
         304   967082.129205761     
         306   965069.698176178     
         308   962663.405663435     
         310   959895.205962468     
         312   956795.276046611     
         314   953392.034552847     
         316   949712.175057317     
         318   945780.710799902     
         320   941621.028371173     
         322   937254.948203582     
         324   932702.790009910     
         326   927983.441585115     
         328   923114.429633226     
         330   918111.991499720     
         332   912991.146883378     
         334   907765.768771502     
         336   902448.652990492     
         338   897051.585891997     
         340   891585.409805087     
         342   886060.085978929     
         344   880484.754820160     
         346   874867.793296090     
         348   869216.869430654     
         350   863538.993866034     
         352   857840.568500399     
         354   852127.432242416     
         356   846404.903947090     
         358   840677.822616040     
         360   834950.584959337     
         362   829227.180426171     
         364   823511.223818602     
         366   817805.985606932     
         368   812114.420067369     
         370   806439.191362964     
         372   800782.697687706     
         374   795147.093591429     
         376   789534.310600038     
         378   783946.076241765     
         380   778383.931585891     
         382   772849.247395697     
         384   767343.238992556     
         386   761866.979923111     
         388   756421.414516413     
         390   751007.369412936     
         392   745625.564142436     
         394   740276.620822830     
         396   734961.073047615     
         398   729679.374024872     
         400   724431.904026596     
         402   719218.977203037     
         404   714040.847812825     
         406   708897.715915980     
         408   703789.732573494     
         410   698717.004593835     
         412   693679.598863764     
         414   688677.546297902     
         416   683710.845438904     
         418   678779.465737536     
         420   673883.350539686     
         422   669022.419805154     
         424   664196.572581104     
         426   659405.689251154     
         428   654649.633579452     
         430   649928.254567404     
         432   645241.388139343     
         434   640588.858672029     
         436   635970.480381627     
         438   631386.058580699     
         440   626835.390816648     
         442   622318.267902108     
         444   617834.474846870     
         446   613383.791700122     
         448   608965.994311023     
         450   604580.855014938     
         452   600228.143252039     
         454   595907.626124374     
         456   591619.068897009     
         458   587362.235448322     
         460   583136.888674103     
         462   578942.790849710     
         464   574779.703954139     
         466   570647.389959544     
         468   566545.611089412     
         470   562474.130048327     
         472   558432.710225988     
         474   554421.115877915     
         476   550439.112285050     
         478   546486.465894259     
         480   542562.944441584     
         482   538668.317059897     
         484   534802.354372474     
         486   530964.828573863     
         488   527155.513499312     
         490   523374.184683872     
         492   519620.619412224     
         494   515894.596760166     
         496   512195.897628605     
         498   508524.304788353     
         500   504879.677454567     
