         100   1812.74114063091     
         102   4254.88186156500     
         104   7290.04471727296     
         106   10592.0120058752     
         108   13968.5481122243     
         110   17320.3484789644     
         112   20602.5088620588     
         114   23800.0328005415     
         116   26913.7586512848     
         118   29952.5504805047     
         120   32929.0319419764     
         122   35857.2877794931     
         124   38751.6536901999     
         126   41626.1078233205     
         128   44493.9938755257     
         130   47367.9251594738     
         132   50259.7852329519     
         134   53180.7777063904     
         136   56141.4987355375     
         138   59152.0175716792     
         140   62221.9573089606     
         142   65360.5718269509     
         144   68576.8171128621     
         146   71879.4163675437     
         148   75276.9189593606     
         150   78777.7536267812     
         152   82390.2764821680     
         154   86122.8144169365     
         156   89983.7044994643     
         158   93981.3299196025     
         160   98124.1529833831     
         162   102420.745607526     
         164   106879.817710572     
         166   111510.243848324     
         168   116321.088396922     
         170   121321.629547455     
         172   126521.382341492     
         174   131930.120946790     
         176   137557.900346323     
         178   143415.077591042     
         180   149512.332747113     
         182   155860.689651081     
         184   162471.536571271     
         186   169356.646860230     
         188   176528.199670820     
         190   183998.800797431     
         192   191781.503693226     
         194   199889.830704316     
         196   208337.794551788     
         198   217139.920082438     
         200   226311.266298623     
         202   235867.448666495     
         204   245824.661689821     
         206   256199.701723333     
         208   267009.989984680     
         210   278273.595707474     
         212   290009.259359046     
         214   302236.415825333     
         216   314975.217441221     
         218   328246.556717611     
         220   342072.088586074     
         222   356474.251948251     
         224   371476.290279818     
         226   387102.270998652     
         228   403377.103263599     
         230   420326.553825393     
         232   437977.260505878     
         234   456356.742838450     
         236   475493.409363193     
         238   495416.561041244     
         240   516156.390237423     
         242   537743.974727820     
         244   560211.266227401     
         246   583591.073011555     
         248   607917.036335343     
         250   633223.600558958     
         252   659545.977223150     
         254   686920.103901792     
         256   715382.599652624     
         258   744970.720347008     
         260   775722.318737819     
         262   807675.814662428     
         264   840870.178307639     
         266   875344.922104101     
         268   911140.085161199     
         270   948296.184696821     
         272   986854.117119831     
         274   1026855.04157689     
         276   1068340.39816955     
         278   1111352.41908869     
         280   1155935.77375907     
         282   1202141.29585586     
         284   1250032.97014934     
         286   1299699.37704606     
         288   1351270.47324182     
         290   1404939.85542133     
         292   1460991.54368933     
         294   1519828.99567224     
         296   1582002.79592302     
         298   1648232.58242014     
         300   1719418.55570201     
         302   1796638.52150933     
         304   1881127.81795072     
         306   1974241.46344710     
         308   2077400.09018559     
         310   2192023.31002936     
         312   2319455.74937590     
         314   2460891.85401706     
         316   2617305.62164008     
         318   2789390.73113078     
         320   2977515.27906434     
         322   3181693.74102713     
         324   3401577.09477964     
         326   3636460.48753314     
         328   3885306.55605890     
         330   4146781.60309705     
         332   4419301.31954618     
         334   4701082.59097903     
         336   4990198.07676568     
         338   5284630.62092167     
         340   5582325.06331584     
         342   5881235.59311683     
         344   6179367.36205842     
         346   6474811.60818857     
         348   6765774.00221826     
         350   7050596.30347735     
         352   7327771.69711638     
         354   7595954.38301391     
         356   7853964.10949784     
         358   8100786.40393408     
         360   8335569.26077948     
         362   8557617.01872612     
         364   8766382.10365948     
         366   8961455.24315387     
         368   9142554.67907052     
         370   9309514.82361248     
         372   9462274.72534689     
         374   9600866.63823166     
         376   9725404.92042048     
         378   9836075.43147603     
         380   9933125.54687572     
         382   10016854.8670863     
         384   10087606.6644909     
         386   10145760.0843301     
         388   10191723.0947453     
         390   10225926.1651389     
         392   10248816.6405762     
         394   10260853.7720752     
         396   10262504.3576865     
         398   10254238.9466386     
         400   10236528.5580037     
         402   10209841.8658745     
         404   10174642.8045783     
         406   10131388.5496850     
         408   10080527.8332554     
         410   10022499.5547340     
         412   9957731.65197119     
         414   9886640.19995659     
         416   9809628.70786812     
         418   9727087.58794356     
         420   9639393.77241308     
         422   9546910.45727770     
         424   9449986.95405428     
         426   9348958.63274283     
         428   9244146.94118912     
         430   9135859.48773470     
         432   9024390.17556547     
         434   8910019.37849966     
         436   8793014.14910449     
         438   8673628.45100548     
         440   8552103.40805685     
         442   8428667.56368066     
         444   8303537.14415245     
         446   8176916.31990454     
         448   8048997.45902422     
         450   7919961.36701126     
         452   7789977.50649483     
         454   7659204.18992870     
         456   7527788.73720106     
         458   7395867.58847343     
         460   7263566.36020634     
         462   7130999.82893249     
         464   6998271.82243719     
         466   6865474.99087419     
         468   6732690.41981862     
         470   6599987.03143345     
         472   6467420.69558156     
         474   6335032.93423333     
         476   6202849.03969254     
         478   6070875.32068851     
         480   5939095.00218960     
         482   5807461.95689590     
         484   5675890.77379567     
         486   5544240.31438545     
         488   5412285.08266799     
         490   5279662.69091826     
         492   5145772.53981703     
         494   5009571.87500358     
         496   4869151.49088376     
         498   4720850.07324287     
         500   4554368.11082470     
