         100   1812.74114063091     
         102   4254.89214312023     
         104   7290.08650269229     
         106   10592.1182594685     
         108   13968.7523064724     
         110   17320.6791391264     
         112   20602.9896920738     
         114   23800.6854626940     
         116   26914.6060027056     
         118   29953.6193964510     
         120   32930.3556115086     
         122   35858.9076397344     
         124   38753.6212185036     
         126   41628.4863823202     
         128   44496.8607691758     
         130   47371.3740304787     
         132   50263.9289176896     
         134   53185.7516612337     
         136   56147.4651561071     
         138   59159.1703422507     
         140   62230.5279420380     
         142   65370.8365826717     
         144   68589.1055247918     
         146   71894.1214464352     
         148   75294.5094009381     
         150   78798.7884153683     
         152   82415.4223613366     
         154   86152.8667942253     
         156   90019.6124682442     
         158   94024.2262219332     
         160   98175.3899089279     
         162   102481.938032558     
         164   106952.894737045     
         166   111597.510817868     
         168   116425.301443937     
         170   121446.085339904     
         172   126670.026265114     
         174   132107.677756672     
         176   137770.032293690     
         178   143668.576314891     
         180   149815.352929988     
         182   156223.034794630     
         184   162905.010628866     
         186   169875.490523813     
         188   177149.637919607     
         190   184743.740485224     
         192   192675.438572733     
         194   200964.038515203     
         196   209630.947855731     
         198   218700.278122577     
         200   228199.663662512     
         202   238161.336652417     
         204   248623.473245316     
         206   259631.780848840     
         208   271241.233569851     
         210   283517.789878837     
         212   296539.857284290     
         214   310399.220144096     
         216   325201.134547100     
         218   341063.328834102     
         220   358113.731283671     
         222   376486.869260685     
         224   396319.029686311     
         226   417742.417068633     
         228   440878.670244253     
         230   465832.184211445     
         232   492683.717985656     
         234   521484.750809361     
         236   552252.982849132     
         238   584969.274356893     
         240   619576.194215750     
         242   655978.220527958     
         244   694043.516429507     
         246   733607.104342233     
         248   774475.188072755     
         250   816430.327170821     
         252   859237.150915332     
         254   902648.306743289     
         256   946410.364792270     
         258   990269.440713385     
         260   1033976.34732011     
         262   1077291.13687559     
         264   1119986.94573873     
         266   1161853.09862069     
         268   1202697.46885128     
         270   1242348.12277830     
         272   1280654.30046461     
         274   1317486.80154445     
         276   1352737.85518869     
         278   1386320.55758624     
         280   1418167.96024876     
         282   1448231.88886281     
         284   1476481.56634419     
         286   1502902.10607213     
         288   1527492.93273348     
         290   1550266.17937853     
         292   1571245.10063146     
         294   1590462.53383148     
         296   1607959.43242122     
         298   1623783.48927034     
         300   1637987.86188006     
         302   1650630.00655793     
         304   1661770.62464479     
         306   1671472.72065406     
         308   1679800.76966846     
         310   1686819.98944565     
         312   1692595.71132403     
         314   1697192.84310851     
         316   1700675.41657504     
         318   1703106.21198941     
         320   1704546.45202732     
         322   1705055.55765390     
         324   1704690.95882424     
         326   1703507.95326371     
         328   1701559.60704473     
         330   1698896.69117030     
         332   1695567.64888260     
         334   1691618.58892237     
         336   1687093.30045925     
         338   1682033.28588637     
         340   1676477.80811860     
         342   1670463.94944889     
         344   1664026.67939946     
         346   1657198.92935318     
         348   1650011.67206587     
         350   1642494.00444321     
         352   1634673.23221828     
         354   1626574.95538919     
         356   1618223.15347290     
         358   1609640.26980304     
         360   1600847.29424945     
         362   1591863.84386617     
         364   1582708.24108582     
         366   1573397.58917309     
         368   1563947.84473059     
         370   1554373.88711810     
         372   1544689.58470292     
         374   1534907.85790602     
         376   1525040.73904718     
         378   1515099.42902362     
         380   1505094.35088156     
         382   1495035.20035986     
         384   1484930.99349991     
         386   1474790.11142719     
         388   1464620.34241784     
         390   1454428.92136902     
         392   1444222.56679468     
         394   1434007.51546955     
         396   1423789.55484405     
         398   1413574.05335106     
         400   1403365.98872309     
         402   1393169.97443515     
         404   1382990.28438492     
         406   1372830.87591751     
         408   1362695.41129749     
         410   1352587.27772669     
         412   1342509.60600074     
         414   1332465.28789331     
         416   1322456.99235159     
         418   1312487.18058240     
         420   1302558.12010325     
         422   1292671.89782865     
         424   1282830.43225734     
         426   1273035.48482232     
         428   1263288.67046130     
         430   1253591.46746165     
         432   1243945.22663043     
         434   1234351.17983645     
         436   1224810.44796836     
         438   1215324.04834972     
         440   1205892.90164913     
         442   1196517.83832093     
         444   1187199.60460940     
         446   1177938.86814717     
         448   1168736.22317635     
         450   1159592.19541886     
         452   1150507.24662049     
         454   1141481.77879162     
         456   1132516.13816574     
         458   1123610.61889541     
         460   1114765.46650399     
         462   1105980.88111005     
         464   1097257.02044011     
         466   1088594.00264447     
         468   1079991.90892941     
         470   1071450.78601858     
         472   1062970.64845501     
         474   1054551.48075472     
         476   1046193.23942183     
         478   1037895.85483460     
         480   1029659.23301092     
         482   1021483.25726146     
         484   1013367.78973768     
         486   1005312.67288190     
         488   997317.730785577     
         490   989382.770462077     
         492   981507.583039166     
         494   973691.944876919     
         496   965935.618688329     
         498   958238.377758536     
         500   950610.655712777     
