         100   1812.74114063091     
         102   4254.88186156500     
         104   7290.04471727296     
         106   10592.0120058752     
         108   13968.5481122243     
         110   17320.3484789644     
         112   20602.5088620588     
         114   23800.0328005415     
         116   26913.7586512848     
         118   29952.5504805047     
         120   32929.0319419764     
         122   35857.2877794931     
         124   38751.6536901999     
         126   41626.1078233205     
         128   44493.9938755257     
         130   47367.9251594738     
         132   50259.7852329519     
         134   53180.7777063904     
         136   56141.4987355375     
         138   59152.0175716792     
         140   62221.9573089606     
         142   65360.5718269509     
         144   68576.8171128621     
         146   71879.4163675437     
         148   75276.9189593606     
         150   78777.7536267812     
         152   82390.2764821680     
         154   86122.8144169365     
         156   89983.7044994643     
         158   93981.3299196025     
         160   98124.1529833831     
         162   102420.745607526     
         164   106879.817710572     
         166   111510.243848324     
         168   116321.088396922     
         170   121321.629547455     
         172   126521.382341492     
         174   131930.120946790     
         176   137557.900346323     
         178   143415.077591042     
         180   149512.332747113     
         182   155860.689651081     
         184   162471.536571271     
         186   169356.646860230     
         188   176528.199670820     
         190   183998.800797431     
         192   191781.503693226     
         194   199889.830704316     
         196   208337.794551788     
         198   217139.920082438     
         200   226311.266298623     
         202   235867.448666495     
         204   245824.661689821     
         206   256199.701723333     
         208   267009.989984680     
         210   278273.595707474     
         212   290009.259359046     
         214   302236.415825333     
         216   314975.217441221     
         218   328246.556717611     
         220   342072.088586074     
         222   356474.251948251     
         224   371476.290279818     
         226   387102.270998652     
         228   403377.103263599     
         230   420326.553825389     
         232   437977.260505874     
         234   456356.742838455     
         236   475493.409363246     
         238   495416.561041465     
         240   516156.390237918     
         242   537743.974728035     
         244   560211.266223904     
         246   583591.072994061     
         248   607917.036287217     
         250   633223.600484662     
         252   659545.977249698     
         254   686920.104496978     
         256   715382.601870647     
         258   744970.725600491     
         260   775722.326825830     
         262   807675.817985298     
         264   840870.150570067     
         266   875344.803721753     
         268   911139.778118394     
         270   948295.588623739     
         272   986853.262911327     
         274   1026854.39659134     
         276   1068341.40259302     
         278   1111358.22866799     
         280   1155951.98713944     
         282   1202176.10325363     
         284   1250095.67399750     
         286   1299795.65651901     
         288   1351392.20653145     
         290   1405046.94082634     
         292   1460983.15541456     
         294   1519502.22211791     
         296   1580997.69942236     
         298   1645964.32644106     
         300   1714999.17241692     
         302   1788792.84132441     
         304   1868109.71449550     
         306   1953757.57845225     
         308   2046548.38976411     
         310   2147253.12682510     
         312   2256554.47273799     
         314   2375001.35476500     
         316   2502969.12556672     
         318   2640628.49034618     
         320   2787925.30309521     
         322   2944572.24041662     
         324   3110052.27088618     
         326   3283632.89756627     
         328   3464389.44238171     
         330   3651235.19842845     
         332   3842956.09448311     
         334   4038247.56020538     
         336   4235751.49878891     
         338   4434091.60806498     
         340   4631905.68586205     
         342   4827873.96360687     
         344   5020742.89771672     
         346   5209344.18698952     
         348   5392609.06242427     
         350   5569578.10902915     
         352   5739407.02913789     
         354   5901368.84991795     
         356   6054853.12293385     
         358   6199362.67064563     
         360   6334508.41320668     
         362   6460002.76767262     
         364   6575652.05825992     
         366   6681348.31669485     
         368   6777060.79065700     
         370   6862827.41924606     
         372   6938746.47958063     
         374   7004968.55945395     
         376   7061688.96811107     
         378   7109140.66082136     
         380   7147587.72279348     
         382   7177319.43365771     
         384   7198644.91462588     
         386   7211888.34587898     
         388   7217384.73104739     
         390   7215476.17820143     
         392   7206508.66196322     
         394   7190829.22865390     
         396   7168783.60533825     
         398   7140714.17383020     
         400   7106958.27184323     
         402   7067846.78523862     
         404   7023702.99752416     
         406   6974841.66521446     
         408   6921568.29024348     
         410   6864178.56322348     
         412   6802957.95389262     
         414   6738181.42753828     
         416   6670113.26848323     
         418   6599006.99385856     
         420   6525105.34284610     
         422   6448640.32835065     
         424   6369833.33965590     
         426   6288895.28603874     
         428   6206026.77256178     
         430   6121418.30034889     
         432   6035250.48457750     
         434   5947694.28420062     
         436   5858911.23804830     
         438   5769053.70245287     
         440   5678265.08589654     
         442   5586680.07638557     
         444   5494424.85730263     
         446   5401617.30735575     
         448   5308367.17989756     
         450   5214776.25628076     
         452   5120938.46697311     
         454   5026939.97276409     
         456   4932859.19639693     
         458   4838766.79209991     
         460   4744725.53640071     
         462   4650790.11769971     
         464   4557006.79343827     
         466   4463412.87084892     
         468   4370035.94777864     
         470   4276892.81980486     
         472   4183987.91157451     
         474   4091311.01083075     
         476   3998833.94804954     
         478   3906505.62389581     
         480   3814244.34020999     
         482   3721925.52470433     
         484   3629361.19108508     
         486   3536263.81726326     
         488   3442179.45372564     
         490   3346357.61760894     
         492   3247487.25676605     
         494   3143142.76361608     
         496   3028594.13043874     
         498   2894275.23466111     
         500   2701692.29134044     
