         100   1812.74114063091     
         102   4254.89800778717     
         104   7290.11130191095     
         106   10592.1823414734     
         108   13968.8764406854     
         110   17320.8810659735     
         112   20603.2841573607     
         114   23801.0859258424     
         116   26915.1266447246     
         118   29954.2768782595     
         120   32931.1705066204     
         122   35859.9056425961     
         124   38754.8342644064     
         126   41629.9538004467     
         128   44498.6305677947     
         130   47373.5043963264     
         132   50266.4900029363     
         134   53188.8277304153     
         136   56151.1571706461     
         138   59163.5990706672     
         140   62235.8376991417     
         142   65377.1997208953     
         144   68596.7278257690     
         146   71903.2485917028     
         148   75305.4347384099     
         150   78811.8622845447     
         152   82431.0632971534     
         154   86171.5749997127     
         156   90041.9860333248     
         158   94050.9806744495     
         160   98207.3818206674     
         162   102520.193576253     
         164   106998.644312014     
         166   111652.231149214     
         168   116490.766938287     
         170   121524.430988726     
         172   126763.825089207     
         174   132220.036793914     
         176   137904.712644879     
         178   143830.145127275     
         180   150009.378989414     
         182   156456.345464671     
         184   163186.037261708     
         186   170214.743043829     
         188   177560.366954245     
         190   185242.864926611     
         192   193284.832069297     
         194   201712.270252562     
         196   210555.547971687     
         198   219850.532943663     
         200   229639.832410129     
         202   239974.022060290     
         204   250912.691695334     
         206   262525.096910109     
         208   274890.193634595     
         210   288095.855098866     
         212   302237.130849077     
         214   317413.499285212     
         216   333725.176330536     
         218   351268.656469126     
         220   370131.760937712     
         222   390388.536559725     
         224   412094.378237148     
         226   435281.735836907     
         228   459956.715951936     
         230   486096.809654016     
         232   513649.880701213     
         234   542534.447240044     
         236   572641.195156854     
         238   603835.581630454     
         240   635961.328641599     
         242   668844.570456592     
         244   702298.405825411     
         246   736127.612072882     
         248   770133.300320587     
         250   804117.324076121     
         252   837886.292727172     
         254   871255.082940138     
         256   904049.781218222     
         258   936110.027440512     
         260   967290.760477850     
         262   997463.392143374     
         264   1026516.45460795     
         266   1054355.77929731     
         268   1080904.27281931     
         270   1106101.35846441     
         272   1129902.15117593     
         274   1152276.43048347     
         276   1173207.47055373     
         278   1192690.77995285     
         280   1210732.79653083     
         282   1227349.57550598     
         284   1242565.50170135     
         286   1256412.05022083     
         288   1268926.61381122     
         290   1280151.40983174     
         292   1290132.47517573     
         294   1298918.75365466     
         296   1306561.27722140     
         298   1313112.43992225     
         300   1318625.36155417     
         302   1323153.33659300     
         304   1326749.36297406     
         306   1329465.74467918     
         308   1331353.76174720     
         310   1332463.40121927     
         312   1332843.14260495     
         314   1332539.79166444     
         316   1331598.35660907     
         318   1330061.96119562     
         320   1327971.78960372     
         322   1325367.05842086     
         324   1322285.01149895     
         326   1318760.93387940     
         328   1314828.18140082     
         330   1310518.22299878     
         332   1305860.69307643     
         334   1300883.45166610     
         336   1295612.65041358     
         338   1290072.80269984     
         340   1284286.85646806     
         342   1278276.26855095     
         344   1272061.07949314     
         346   1265659.98804027     
         348   1259090.42462013     
         350   1252368.62327546     
         352   1245509.69162314     
         354   1238527.67851410     
         356   1231435.63915227     
         358   1224245.69750266     
         360   1216969.10587851     
         362   1209616.30164730     
         364   1202196.96103689     
         366   1194720.05005644     
         368   1187193.87257385     
         370   1179626.11561316     
         372   1172023.89195170     
         374   1164393.78010962     
         376   1156741.86183359     
         378   1149073.75718273     
         380   1141394.65732875     
         382   1133709.35518433     
         384   1126022.27397412     
         386   1118337.49386171     
         388   1110658.77674409     
         390   1102989.58932217     
         392   1095333.12455279     
         394   1087692.32158350     
         396   1080069.88426745     
         398   1072468.29835111     
         400   1064889.84742330     
         402   1057336.62770914     
         404   1049810.56178813     
         406   1042313.41131109     
         408   1034846.78878614     
         410   1027412.16849979     
         412   1020010.89663496     
         414   1012644.20064372     
         416   1005313.19792903     
         418   998018.903885745     
         420   990762.239347990     
         422   983544.037486770     
         424   976365.050198403     
         426   969225.954021718     
         428   962127.355619099     
         430   955069.796853987     
         432   948053.759495054     
         434   941079.669575052     
         436   934147.901430264     
         438   927258.781444548     
         440   920412.591520210     
         442   913609.572296206     
         444   906849.926132694     
         446   900133.819879464     
         448   893461.387444487     
         450   886832.732177540     
         452   880247.929082778     
         454   873707.026873005     
         456   867210.049877474     
         458   860756.999814106     
         460   854347.857436182     
         462   847982.584062827     
         464   841661.123001838     
         466   835383.400872798     
         468   829149.328837783     
         470   822958.803746422     
         472   816811.709201545     
         474   810707.916551187     
         476   804647.285812266     
         478   798629.666530852     
         480   792654.898583584     
         482   786722.812924418     
         484   780833.232280605     
         486   774985.971801467     
         488   769180.839663321     
         490   763417.637633595     
         492   757696.161596982     
         494   752016.202046303     
         496   746377.544551083     
         498   740779.976592258     
         500   735228.796987761     
