  -89.50000       647285.353900014     
  -88.50000       655220.770567271     
  -87.50000       665643.348851952     
  -86.50000       676376.399178041     
  -85.50000       687199.582526351     
  -84.50000       698048.076932392     
  -83.50000       708894.265354259     
  -82.50000       719723.120188177     
  -81.50000       730524.807412567     
  -80.50000       741291.947678932     
  -79.50000       752018.438884997     
  -78.50000       762698.891338134     
  -77.50000       773328.332988508     
  -76.50000       783902.044805457     
  -75.50000       794415.463476438     
  -74.50000       804864.120947208     
  -73.50000       815243.605101028     
  -72.50000       825549.533022662     
  -71.50000       835777.531977892     
  -70.50000       845923.225236649     
  -69.50000       855982.220965109     
  -68.50000       865950.103062719     
  -67.50000       875822.423220249     
  -66.50000       885594.693691436     
  -65.50000       895262.380434088     
  -64.50000       904820.896370084     
  -63.50000       914265.594573127     
  -62.50000       923591.761230051     
  -61.50000       932794.608257544     
  -60.50000       941869.265460300     
  -59.50000       950810.772136230     
  -58.50000       959614.068034808     
  -57.50000       968273.983578386     
  -56.50000       976785.229255540     
  -55.50000       985142.384093463     
  -54.50000       993339.883111638     
  -53.50000       1001372.00365652     
  -52.50000       1009232.85050904     
  -51.50000       1016916.33964987     
  -50.50000       1024416.18055749     
  -49.50000       1031725.85691213     
  -48.50000       1038838.60556972     
  -47.50000       1045747.39366859     
  -46.50000       1052444.89372434     
  -45.50000       1058923.45654705     
  -44.50000       1065175.08178192     
  -43.50000       1071191.38581826     
  -42.50000       1076963.56678349     
  -41.50000       1082482.36638924     
  -40.50000       1087738.02859760     
  -39.50000       1092720.25541532     
  -38.50000       1097418.16044654     
  -37.50000       1101820.22077888     
  -36.50000       1105914.22684039     
  -35.50000       1109687.22774922     
  -34.50000       1113125.46673077     
  -33.50000       1116214.29893001     
  -32.50000       1118938.08518688     
  -31.50000       1121280.06334535     
  -30.50000       1123222.21527747     
  -29.50000       1124745.17059685     
  -28.50000       1125828.20765673     
  -27.50000       1126449.41191404     
  -26.50000       1126586.00986085     
  -25.50000       1126214.79657063     
  -24.50000       1125312.41699069     
  -23.50000       1123855.07734611     
  -22.50000       1121817.12535501     
  -21.50000       1119167.95430366     
  -20.50000       1115986.02246215     
  -19.50000       1112165.38158904     
  -18.50000       1107599.77291040     
  -17.50000       1102196.37180244     
  -16.50000       1096000.30184487     
  -15.50000       1089193.83443284     
  -14.50000       1086977.41163797     
  -13.50000       1088874.60202102     
  -12.50000       1090728.47261048     
  -11.50000       1092536.10242664     
  -10.50000       1094280.05675045     
  -9.500000       1095927.76455305     
  -8.500000       1097440.49382194     
  -7.500000       1098789.64221985     
  -6.500000       1099966.10528263     
  -5.500000       1100972.94735739     
  -4.500000       1101812.85844881     
  -3.500000       1102485.37628880     
  -2.500000       1102989.91018891     
  -1.500000       1103326.35629063     
 -0.5000000       1103494.62070847     
  0.5000000       1103494.62070847     
   1.500000       1103326.35629063     
   2.500000       1102989.91018891     
   3.500000       1102485.37628880     
   4.500000       1101812.85844881     
   5.500000       1100972.94735739     
   6.500000       1099966.10528263     
   7.500000       1098789.64221985     
   8.500000       1097440.49382194     
   9.500000       1095927.76455305     
   10.50000       1094280.05675045     
   11.50000       1092536.10242664     
   12.50000       1090728.47261048     
   13.50000       1088874.60202102     
   14.50000       1086977.41163797     
   15.50000       1089193.83443297     
   16.50000       1096000.30184504     
   17.50000       1102196.37180263     
   18.50000       1107599.77291055     
   19.50000       1112165.38158914     
   20.50000       1115986.02246223     
   21.50000       1119167.95430373     
   22.50000       1121817.12535510     
   23.50000       1123855.07734623     
   24.50000       1125312.41699086     
   25.50000       1126214.79657084     
   26.50000       1126586.00986111     
   27.50000       1126449.41191435     
   28.50000       1125828.20765702     
   29.50000       1124745.17059710     
   30.50000       1123222.21527765     
   31.50000       1121280.06334544     
   32.50000       1118938.08518696     
   33.50000       1116214.29893010     
   34.50000       1113125.46673083     
   35.50000       1109687.22774921     
   36.50000       1105914.22684031     
   37.50000       1101820.22077874     
   38.50000       1097418.16044630     
   39.50000       1092720.25541504     
   40.50000       1087738.02859738     
   41.50000       1082482.36638907     
   42.50000       1076963.56678331     
   43.50000       1071191.38581811     
   44.50000       1065175.08178189     
   45.50000       1058923.45654729     
   46.50000       1052444.89372467     
   47.50000       1045747.39366889     
   48.50000       1038838.60556979     
   49.50000       1031725.85691200     
   50.50000       1024416.18055727     
   51.50000       1016916.33964963     
   52.50000       1009232.85050881     
   53.50000       1001372.00365621     
   54.50000       993339.883111377     
   55.50000       985142.384093403     
   56.50000       976785.229255774     
   57.50000       968273.983578676     
   58.50000       959614.068034957     
   59.50000       950810.772136262     
   60.50000       941869.265460125     
   61.50000       932794.608257490     
   62.50000       923591.761230384     
   63.50000       914265.594573499     
   64.50000       904820.896370205     
   65.50000       895262.380434022     
   66.50000       885594.693691450     
   67.50000       875822.423220274     
   68.50000       865950.103062581     
   69.50000       855982.220965043     
   70.50000       845923.225236635     
   71.50000       835777.531977921     
   72.50000       825549.533022485     
   73.50000       815243.605100955     
   74.50000       804864.120947348     
   75.50000       794415.463476581     
   76.50000       783902.044805456     
   77.50000       773328.332988494     
   78.50000       762698.891338218     
   79.50000       752018.438885028     
   80.50000       741291.947678982     
   81.50000       730524.807412429     
   82.50000       719723.120188123     
   83.50000       708894.265354182     
   84.50000       698048.076932363     
   85.50000       687199.582526313     
   86.50000       676376.399178057     
   87.50000       665643.348851924     
   88.50000       655220.770567245     
   89.50000       647285.353899990     
