  -89.50000       790449.019925928     
  -88.50000       799459.572988347     
  -87.50000       811953.331135040     
  -86.50000       824882.195279601     
  -85.50000       837935.121877430     
  -84.50000       851021.077830740     
  -83.50000       864101.500245700     
  -82.50000       877155.565689126     
  -81.50000       890169.758948340     
  -80.50000       903134.009320820     
  -79.50000       916040.028987554     
  -78.50000       928880.515198287     
  -77.50000       941648.733214113     
  -76.50000       954338.282669236     
  -75.50000       966942.958760782     
  -74.50000       979456.665271342     
  -73.50000       991873.357273374     
  -72.50000       1004187.00144249     
  -71.50000       1016391.54709935     
  -70.50000       1028480.90391751     
  -69.50000       1040448.92377861     
  -68.50000       1052289.38517353     
  -67.50000       1063995.97910955     
  -66.50000       1075562.29578570     
  -65.50000       1086981.81153061     
  -64.50000       1098247.87562007     
  -63.50000       1109353.69667893     
  -62.50000       1120292.32841688     
  -61.50000       1131056.65449594     
  -60.50000       1141639.37233002     
  -59.50000       1152032.97563930     
  -58.50000       1162229.73557786     
  -57.50000       1172221.68025356     
  -56.50000       1182000.57244974     
  -55.50000       1191557.88535025     
  -54.50000       1200884.77605304     
  -53.50000       1209972.05664536     
  -52.50000       1218810.16259163     
  -51.50000       1227389.11816149     
  -50.50000       1235698.49859925     
  -49.50000       1243727.38871675     
  -48.50000       1251464.33756342     
  -47.50000       1258897.30880961     
  -46.50000       1266013.62644669     
  -45.50000       1272799.91534166     
  -44.50000       1279242.03608020     
  -43.50000       1285325.01337346     
  -42.50000       1291032.95718349     
  -41.50000       1296348.97576421     
  -40.50000       1301255.08017860     
  -39.50000       1305732.08054131     
  -38.50000       1309805.90992379     
  -37.50000       1313421.42738740     
  -36.50000       1316545.24929660     
  -35.50000       1319152.23157156     
  -34.50000       1321215.34362426     
  -33.50000       1322705.44800088     
  -32.50000       1323591.01221907     
  -31.50000       1323837.74834533     
  -30.50000       1323408.21125589     
  -29.50000       1322261.43888806     
  -28.50000       1320352.76847131     
  -27.50000       1317633.97472235     
  -26.50000       1314053.79928029     
  -25.50000       1309558.72929531     
  -24.50000       1304093.52343928     
  -23.50000       1297600.52712372     
  -22.50000       1290016.40635989     
  -21.50000       1281264.79188721     
  -20.50000       1271243.74368014     
  -19.50000       1259808.17479921     
  -18.50000       1246749.53132031     
  -17.50000       1231777.97290090     
  -16.50000       1214515.50154145     
  -15.50000       1194510.94354788     
  -14.50000       1171288.58516217     
  -13.50000       1144443.72112841     
  -12.50000       1113862.01160089     
  -11.50000       1092639.69216674     
  -10.50000       1094288.89673916     
  -9.500000       1095912.24084754     
  -8.500000       1097431.37989196     
  -7.500000       1098788.84357121     
  -6.500000       1099967.08007655     
  -5.500000       1100973.10436298     
  -4.500000       1101812.77547541     
  -3.500000       1102485.37412933     
  -2.500000       1102989.91382182     
  -1.500000       1103326.35592715     
 -0.5000000       1103494.62069871     
  0.5000000       1103494.62069871     
   1.500000       1103326.35592715     
   2.500000       1102989.91382182     
   3.500000       1102485.37412933     
   4.500000       1101812.77547541     
   5.500000       1100973.10436298     
   6.500000       1099967.08007655     
   7.500000       1098788.84357121     
   8.500000       1097431.37989196     
   9.500000       1095912.24084754     
   10.50000       1094288.89673916     
   11.50000       1092639.69216674     
   12.50000       1113862.01160095     
   13.50000       1144443.72112857     
   14.50000       1171288.58516243     
   15.50000       1194510.94354821     
   16.50000       1214515.50154179     
   17.50000       1231777.97290120     
   18.50000       1246749.53132053     
   19.50000       1259808.17479937     
   20.50000       1271243.74368028     
   21.50000       1281264.79188733     
   22.50000       1290016.40636003     
   23.50000       1297600.52712391     
   24.50000       1304093.52343953     
   25.50000       1309558.72929563     
   26.50000       1314053.79928069     
   27.50000       1317633.97472282     
   28.50000       1320352.76847177     
   29.50000       1322261.43888845     
   30.50000       1323408.21125616     
   31.50000       1323837.74834548     
   32.50000       1323591.01221918     
   33.50000       1322705.44800097     
   34.50000       1321215.34362429     
   35.50000       1319152.23157148     
   36.50000       1316545.24929646     
   37.50000       1313421.42738719     
   38.50000       1309805.90992343     
   39.50000       1305732.08054088     
   40.50000       1301255.08017824     
   41.50000       1296348.97576392     
   42.50000       1291032.95718319     
   43.50000       1285325.01337327     
   44.50000       1279242.03608020     
   45.50000       1272799.91534204     
   46.50000       1266013.62644719     
   47.50000       1258897.30881000     
   48.50000       1251464.33756350     
   49.50000       1243727.38871661     
   50.50000       1235698.49859903     
   51.50000       1227389.11816124     
   52.50000       1218810.16259140     
   53.50000       1209972.05664495     
   54.50000       1200884.77605269     
   55.50000       1191557.88535022     
   56.50000       1182000.57245014     
   57.50000       1172221.68025400     
   58.50000       1162229.73557807     
   59.50000       1152032.97563932     
   60.50000       1141639.37232981     
   61.50000       1131056.65449592     
   62.50000       1120292.32841736     
   63.50000       1109353.69667937     
   64.50000       1098247.87562019     
   65.50000       1086981.81153052     
   66.50000       1075562.29578573     
   67.50000       1063995.97910950     
   68.50000       1052289.38517337     
   69.50000       1040448.92377851     
   70.50000       1028480.90391756     
   71.50000       1016391.54709946     
   72.50000       1004187.00144224     
   73.50000       991873.357273213     
   74.50000       979456.665271554     
   75.50000       966942.958761119     
   76.50000       954338.282669243     
   77.50000       941648.733214048     
   78.50000       928880.515198443     
   79.50000       916040.028987561     
   80.50000       903134.009320862     
   81.50000       890169.758948091     
   82.50000       877155.565689098     
   83.50000       864101.500245594     
   84.50000       851021.077830690     
   85.50000       837935.121877407     
   86.50000       824882.195279662     
   87.50000       811953.331135021     
   88.50000       799459.572988353     
   89.50000       790449.019925913     
