  -89.50000       543688.951566249     
  -88.50000       553097.648844272     
  -87.50000       562504.078321812     
  -86.50000       571905.052143987     
  -85.50000       581297.788536131     
  -84.50000       590679.510737127     
  -83.50000       600047.447808997     
  -82.50000       609398.835228088     
  -81.50000       618730.915753498     
  -80.50000       628040.940316731     
  -79.50000       637326.168900506     
  -78.50000       646583.871404157     
  -77.50000       655811.328494724     
  -76.50000       665005.832442570     
  -75.50000       674164.687939737     
  -74.50000       683285.212899000     
  -73.50000       692364.739231079     
  -72.50000       701400.613597219     
  -71.50000       710390.198133906     
  -70.50000       719330.871146154     
  -69.50000       728220.027765332     
  -68.50000       737055.080567072     
  -67.50000       745833.460144262     
  -66.50000       754561.678626843     
  -65.50000       763270.973368323     
  -64.50000       771919.729014045     
  -63.50000       780505.588147812     
  -62.50000       789026.216065455     
  -61.50000       797479.300711325     
  -60.50000       805862.552452511     
  -59.50000       814173.703669387     
  -58.50000       822410.508138576     
  -57.50000       830570.740181899     
  -56.50000       838652.193552055     
  -55.50000       846652.680022877     
  -54.50000       854570.027649034     
  -53.50000       862402.078656984     
  -52.50000       870146.686926099     
  -51.50000       877801.715016120     
  -50.50000       885365.030694764     
  -49.50000       892834.502917456     
  -48.50000       900207.997210158     
  -47.50000       907483.370406727     
  -46.50000       914658.464694717     
  -45.50000       921731.100929433     
  -44.50000       928699.071185868     
  -43.50000       935560.130532417     
  -42.50000       942311.988028223     
  -41.50000       948952.296966991     
  -40.50000       955478.644415561     
  -39.50000       961888.540131785     
  -38.50000       968179.405005919     
  -37.50000       974348.559268918     
  -36.50000       980393.210858663     
  -35.50000       986310.444520066     
  -34.50000       992097.212394750     
  -33.50000       997750.326965486     
  -32.50000       1003461.64550789     
  -31.50000       1009181.98432532     
  -30.50000       1014764.39714574     
  -29.50000       1020203.45069779     
  -28.50000       1025493.30955153     
  -27.50000       1030627.74110564     
  -26.50000       1035600.14358801     
  -25.50000       1040403.61166279     
  -24.50000       1045031.05489193     
  -23.50000       1049475.37840223     
  -22.50000       1053734.10834946     
  -21.50000       1058319.01713852     
  -20.50000       1062676.81721986     
  -19.50000       1066796.52865754     
  -18.50000       1070668.42199247     
  -17.50000       1074284.22725626     
  -16.50000       1077637.43667324     
  -15.50000       1081161.39315821     
  -14.50000       1084455.64342833     
  -13.50000       1087384.21989742     
  -12.50000       1089951.48491021     
  -11.50000       1092179.37851735     
  -10.50000       1094244.69680617     
  -9.500000       1095989.85935659     
  -8.500000       1097476.94953100     
  -7.500000       1098792.83681346     
  -6.500000       1099962.20610812     
  -5.500000       1100972.31933519     
  -4.500000       1101813.19034229     
  -3.500000       1102485.38492668     
  -2.500000       1102989.89565725     
  -1.500000       1103326.35774455     
 -0.5000000       1103494.62074752     
  0.5000000       1103494.62074753     
   1.500000       1103326.35774455     
   2.500000       1102989.89565725     
   3.500000       1102485.38492669     
   4.500000       1101813.19034229     
   5.500000       1100972.31933519     
   6.500000       1099962.20610812     
   7.500000       1098792.83681346     
   8.500000       1097476.94953101     
   9.500000       1095989.85935660     
   10.50000       1094244.69680617     
   11.50000       1092179.37851735     
   12.50000       1089951.48491021     
   13.50000       1087384.21989742     
   14.50000       1084455.64342833     
   15.50000       1081161.39315822     
   16.50000       1077637.43667324     
   17.50000       1074284.22725627     
   18.50000       1070668.42199247     
   19.50000       1066796.52865754     
   20.50000       1062676.81721986     
   21.50000       1058319.01713852     
   22.50000       1053734.10834946     
   23.50000       1049475.37840223     
   24.50000       1045031.05489193     
   25.50000       1040403.61166279     
   26.50000       1035600.14358801     
   27.50000       1030627.74110564     
   28.50000       1025493.30955153     
   29.50000       1020203.45069779     
   30.50000       1014764.39714574     
   31.50000       1009181.98432532     
   32.50000       1003461.64550789     
   33.50000       997750.326965486     
   34.50000       992097.212394750     
   35.50000       986310.444520065     
   36.50000       980393.210858663     
   37.50000       974348.559268918     
   38.50000       968179.405005919     
   39.50000       961888.540131785     
   40.50000       955478.644415561     
   41.50000       948952.296966991     
   42.50000       942311.988028223     
   43.50000       935560.130532417     
   44.50000       928699.071185867     
   45.50000       921731.100929432     
   46.50000       914658.464694716     
   47.50000       907483.370406726     
   48.50000       900207.997210158     
   49.50000       892834.502917456     
   50.50000       885365.030694765     
   51.50000       877801.715016120     
   52.50000       870146.686926100     
   53.50000       862402.078656986     
   54.50000       854570.027649036     
   55.50000       846652.680022878     
   56.50000       838652.193552054     
   57.50000       830570.740181898     
   58.50000       822410.508138576     
   59.50000       814173.703669386     
   60.50000       805862.552452512     
   61.50000       797479.300711325     
   62.50000       789026.216065455     
   63.50000       780505.588147811     
   64.50000       771919.729014045     
   65.50000       763270.973368323     
   66.50000       754561.678626843     
   67.50000       745833.460144262     
   68.50000       737055.080567072     
   69.50000       728220.027765332     
   70.50000       719330.871146154     
   71.50000       710390.198133905     
   72.50000       701400.613597219     
   73.50000       692364.739231080     
   74.50000       683285.212898999     
   75.50000       674164.687939737     
   76.50000       665005.832442570     
   77.50000       655811.328494724     
   78.50000       646583.871404156     
   79.50000       637326.168900506     
   80.50000       628040.940316731     
   81.50000       618730.915753499     
   82.50000       609398.835228088     
   83.50000       600047.447808997     
   84.50000       590679.510737127     
   85.50000       581297.788536131     
   86.50000       571905.052143987     
   87.50000       562504.078321812     
   88.50000       553097.648844272     
   89.50000       543688.951566249     
