         100 -1.537588838339896E-002
         105   72439.4345177793     
         110   139533.068367382     
         115   201576.797922289     
         120   258852.004431511     
         125   311626.191366503     
         130   360153.582380230     
         135   404675.734738175     
         140   445422.139691379     
         145   482610.794005633     
         150   516448.741638372     
         155   547132.588135186     
         160   574848.990277361     
         165   599775.122815062     
         170   622079.122154316     
         175   641920.491035938     
         180   659450.337860417     
         185   674810.802009997     
         190   688131.441722152     
         195   699517.761226492     
         200   709026.552487427     
         205   716629.980894529     
         210   722185.073872636     
         215   725434.693792176     
         220   726056.206291890     
         225   723748.296619148     
         230   718324.337473918     
         235   709778.039375105     
         240   698302.471615545     
         245   684264.112657064     
         250   668147.734485856     
         255   650491.774618017     
         260   631829.955690094     
         265   612647.929983108     
         270   593357.274485669     
         275   574284.890327784     
         280   555673.886162281     
         285   537691.729489233     
         290   520442.081217341     
         295   503977.697432836     
         300   488312.731476926     
         305   473433.535149673     
         310   459307.600145000     
         315   445890.623206901     
         320   433131.867784961     
         325   420978.079179724     
         330   409376.229011149     
         335   398275.347330836     
         340   387627.666166900     
         345   377389.258576903     
         350   367520.318965143     
         355   357985.196655620     
         360   348752.266601853     
         365   339793.698621153     
         370   331085.169070431     
         375   322605.545632029     
         380   314336.566033022     
         385   306262.524338429     
         390   298369.973309830     
         395   290647.447696738     
         400   283085.210828690     
         405   275675.025194154     
         410   268409.946596455     
         415   261284.140795137     
         420   254292.721147539     
         425   247431.605568698     
         430   240697.391062667     
         435   234087.244098816     
         440   227598.805180219     
         445   221230.106055592     
         450   214979.498146280     
         455   208845.590885355     
         460   202827.198790533     
         465   196923.296212277     
         470   191132.978810761     
         475   185455.430919150     
         480   179889.898045436     
         485   174435.663850893     
         490   169092.031020474     
         495   163858.305509586     
         500   158733.783713401     
