         100  1.909936150946416E-006
         105   108618.672079286     
         110   209222.132541506     
         115   302253.976566427     
         120   388135.976660070     
         125   467269.089268830     
         130   540034.416648584     
         135   606794.126099365     
         140   667892.328414740     
         145   723655.917291958     
         150   774395.371383313     
         155   820405.520602421     
         160   861966.278232237     
         165   899343.340316643     
         170   932788.853755047     
         175   962542.054459744     
         180   988829.876878822     
         185   1011867.53613300     
         190   1031859.08396306     
         195   1048997.93963543     
         200   1063467.39690685     
         205   1075441.10810531     
         210   1085083.54634330     
         215   1092550.44684137     
         220   1097989.22830453     
         225   1101539.39526175     
         230   1103332.92225050     
         235   1103494.62073776     
         240   1102142.48983786     
         245   1099388.05181603     
         250   1095336.66912810     
         255   1090087.82567537     
         260   1083735.36148342     
         265   1076367.79104187     
         270   1068069.11898255     
         275   1058920.39621384     
         280   1049000.66715772     
         285   1038383.68101088     
         290   1027127.81120708     
         295   1015264.32235206     
         300   1002797.88499491     
         305   989730.376946918     
         310   976101.415443772     
         315   962022.117235530     
         320   947679.531197025     
         325   933307.064853755     
         330   919135.129573745     
         335   905343.248484034     
         340   892029.419137384     
         345   879201.890801128     
         350   866789.728980637     
         355   854664.472722961     
         360   842665.219177988     
         365   830621.640327991     
         370   818372.033185080     
         375   805775.585212308     
         380   792719.327324021     
         385   779120.845755161     
         390   764927.955401016     
         395   750116.414209394     
         400   734686.533685408     
         405   718659.304680566     
         410   702072.453522491     
         415   684976.685168512     
         420   667432.256105280     
         425   649505.942454821     
         430   631268.419015313     
         435   612792.034407937     
         440   594148.949300134     
         445   575409.593430628     
         450   556641.388306701     
         455   537907.671261781     
         460   519266.736557093     
         465   500770.869171397     
         470   482465.165169035     
         475   464385.765262837     
         480   446556.785400098     
         485   428984.523736413     
         490   411646.070800829     
         495   394466.445197988     
         500   377272.146487787     
