         100  1.909936150946416E-006
         105   108618.672079286     
         110   209222.132541506     
         115   302253.976566427     
         120   388135.976660070     
         125   467269.089268830     
         130   540034.416648584     
         135   606794.126099365     
         140   667892.328414740     
         145   723655.917291958     
         150   774395.371383313     
         155   820405.520602421     
         160   861966.278232237     
         165   899343.340316643     
         170   932788.853755047     
         175   962542.054459744     
         180   988829.876878822     
         185   1011867.53613300     
         190   1031859.08396306     
         195   1048997.93963543     
         200   1063467.39690685     
         205   1075441.10810531     
         210   1085083.54634330     
         215   1092550.44684138     
         220   1097989.22830465     
         225   1101539.39526329     
         230   1103332.92225808     
         235   1103494.62070847     
         240   1102142.48919060     
         245   1099388.04787389     
         250   1095336.65978816     
         255   1090087.84763432     
         260   1083735.61042117     
         265   1076368.67891507     
         270   1068070.52672250     
         275   1058919.05135206     
         280   1048986.57262241     
         285   1038341.77406407     
         290   1027054.59995285     
         295   1015201.57351619     
         300   1002865.23003937     
         305   990123.036324579     
         310   977029.302016556     
         315   963600.945012313     
         320   949816.990328380     
         325   935633.283826148     
         330   921005.488392148     
         335   905910.646687719     
         340   890360.399274368     
         345   874403.883440138     
         350   858122.253789180     
         355   841618.465151052     
         360   825005.813735108     
         365   808397.668402454     
         370   791899.617766360     
         375   775604.320306367     
         380   759588.779719153     
         385   743913.519169193     
         390   728623.087934300     
         395   713747.403440559     
         400   699303.541907786     
         405   685297.702172948     
         410   671727.161518726     
         415   658582.114277506     
         420   645847.334984856     
         425   633503.641903318     
         430   621529.158256801     
         435   609900.381427077     
         440   598593.077804380     
         445   587583.025398233     
         450   576846.629739072     
         455   566361.443117111     
         460   556106.625664198     
         465   546063.404112302     
         470   536215.619790448     
         475   526550.530825784     
         480   517060.184210465     
         485   507743.983352020     
         490   498613.716107259     
         495   489703.631098582     
         500   481090.893741047     
