         100  1.909936150946416E-006
         105   108618.672079286     
         110   209222.132541506     
         115   302253.976566427     
         120   388135.976660070     
         125   467269.089268830     
         130   540034.416648584     
         135   606794.126099365     
         140   667892.328414740     
         145   723655.917291958     
         150   774395.371383313     
         155   820405.520602421     
         160   861966.278232237     
         165   899343.340316643     
         170   932788.853755047     
         175   962542.054459744     
         180   988829.876878822     
         185   1011867.53613300     
         190   1031859.08396306     
         195   1048997.93963543     
         200   1063467.39690685     
         205   1075441.10810531     
         210   1085083.54634330     
         215   1092550.44684138     
         220   1097989.22830469     
         225   1101539.39526381     
         230   1103332.92226060     
         235   1103494.62069871     
         240   1102142.48897484     
         245   1099388.04655984     
         250   1095336.65667485     
         255   1090087.85495398     
         260   1083735.69340049     
         265   1076368.97487303     
         270   1068070.99596940     
         275   1058918.60306403     
         280   1048981.87443930     
         285   1038327.80506972     
         290   1027030.19618357     
         295   1015180.65723107     
         300   1002887.67843256     
         305   990253.922937133     
         310   977338.597850776     
         315   964127.221409213     
         320   950529.477270885     
         325   936408.690663123     
         330   921628.941582713     
         335   906099.779173306     
         340   889804.058341530     
         345   872804.545756511     
         350   855233.092449626     
         355   837269.791912916     
         360   819119.340107347     
         365   800989.671575335     
         370   783075.472172145     
         375   765547.224077103     
         380   748545.255262564     
         385   732177.734540552     
         390   716521.455979388     
         395   701624.390155273     
         400   687509.201513367     
         405   674177.158204309     
         410   661612.054480323     
         415   649783.914450232     
         420   638652.351984823     
         425   628169.532713591     
         430   618282.729323845     
         435   608936.488773838     
         440   600074.446019114     
         445   591640.828485207     
         450   583581.703037274     
         455   575846.026945932     
         460   568386.582295730     
         465   561160.909733105     
         470   554132.432339523     
         475   547272.114045194     
         480   540561.312189584     
         485   533997.131930706     
         490   527602.926902209     
         495   521449.355735015     
         500   515697.139134864     
