         100 -1.708812347853642E-004
         105   108569.047408934     
         110   209126.541372866     
         115   302115.875027463     
         120   387958.629238430     
         125   467055.578381004     
         130   539787.651279043     
         135   606516.850021763     
         140   667587.128173695     
         145   723325.229932469     
         150   774041.491889757     
         155   820030.609024979     
         160   861572.366494737     
         165   898932.338709860     
         170   932362.557124814     
         175   962102.148101708     
         180   988377.942152715     
         185   1011405.05580967     
         190   1031387.44731766     
         195   1048518.44730021     
         200   1062981.26549766     
         205   1074949.47463651     
         210   1084587.47244804     
         215   1092050.92281794     
         220   1097487.17701950     
         225   1101035.67590765     
         230   1102828.33337069     
         235   1102989.89929017     
         240   1101638.30235319     
         245   1098885.01114520     
         250   1094835.54951501     
         255   1089590.27649265     
         260   1083244.97524493     
         265   1075889.86135509     
         270   1067605.80701219     
         275   1058459.07465131     
         280   1048499.01644349     
         285   1037763.57053152     
         290   1026293.72349323     
         295   1014152.81717191     
         300   1001443.03517420     
         305   988311.313326599     
         310   974940.238665870     
         315   961525.049539134     
         320   948243.289204043     
         325   935226.311822592     
         330   922540.501049435     
         335   910181.895221322     
         340   898083.333684440     
         345   886130.181393860     
         350   874179.755137356     
         355   862080.281044616     
         360   849686.683591931     
         365   836872.007609905     
         370   823534.411687581     
         375   809600.344671579     
         380   795024.797738654     
         385   779789.542357948     
         390   763900.141361672     
         395   747382.344796974     
         400   730278.307222133     
         405   712642.914198107     
         410   694540.390926179     
         415   676041.283848297     
         420   657219.851090744     
         425   638151.863552895     
         430   618912.799557743     
         435   599576.407891549     
         440   580213.613707929     
         445   560891.747267383     
         450   541674.085801550     
         455   522619.713294700     
         460   503783.720539810     
         465   485217.785008093     
         470   466971.177069854     
         475   449092.210875718     
         480   431630.035052627     
         485   414636.304024116     
         490   398165.382666960     
         495   382269.655440369     
         500   366981.815121039     
