         100 -1.662770628873000E-002
         105   88855.8959684609     
         110   171154.557099639     
         115   247258.928626084     
         120   317514.145568536     
         125   382248.319443174     
         130   441773.278067473     
         135   496385.317954824     
         140   546365.938635680     
         145   591982.542008425     
         150   633489.095792587     
         155   671126.764022669     
         160   705124.507480976     
         165   735699.656429580     
         170   763058.459460860     
         175   787396.635594166     
         180   808900.149752774     
         185   827747.496523068     
         190   844118.602062465     
         195   858223.605949821     
         200   870371.336865745     
         205   881084.047527703     
         210   891220.859170968     
         215   902026.151817179     
         220   915025.708751494     
         225   931767.871788481     
         230   953496.292059408     
         235   980877.690902389     
         240   1013874.31286906     
         245   1051780.90663969     
         250   1093385.98523963     
         255   1137190.74352747     
         260   1181624.22289945     
         265   1225215.14853339     
         270   1266704.78559202     
         275   1305102.96066327     
         280   1339699.00234116     
         285   1370042.24308188     
         290   1395905.47910393     
         295   1417241.70462993     
         300   1434141.04777404     
         305   1446791.92626124     
         310   1455448.28365261     
         315   1460403.34294801     
         320   1461969.48203515     
         325   1460463.42525142     
         330   1456195.80796513     
         335   1449464.19276212     
         340   1440548.71809941     
         345   1429709.69351910     
         350   1417186.59097616     
         355   1403198.00477810     
         360   1387942.25699360     
         365   1371598.40987081     
         370   1354327.51329171     
         375   1336273.96615516     
         380   1317566.90866916     
         385   1298321.59051683     
         390   1278640.68005744     
         395   1258615.49404043     
         400   1238327.13726246     
         405   1217847.54835930     
         410   1197240.45238552     
         415   1176562.22366181     
         420   1155862.66405175     
         425   1135185.70272296     
         430   1114570.02380931     
         435   1094049.62840245     
         440   1073654.33709115     
         445   1053410.23892511     
         450   1033340.09226603     
         455   1013463.68254455     
         460   993798.141493575     
         465   974358.231993056     
         470   955156.602249533     
         475   936204.012650202     
         480   917509.538279084     
         485   899080.749762164     
         490   880923.874818345     
         495   863043.942632190     
         500   845444.912930590     
