         100 -1.662770628873000E-002
         105   88855.8959684609     
         110   171154.557099639     
         115   247258.928626084     
         120   317514.145568536     
         125   382248.319443174     
         130   441773.278067473     
         135   496385.317954824     
         140   546365.938635680     
         145   591982.542008425     
         150   633489.095792586     
         155   671126.764022621     
         160   705124.507479106     
         165   735699.656377751     
         170   763058.458433647     
         175   787396.620814331     
         180   808899.992837461     
         185   827746.244641566     
         190   844110.941896981     
         195   858186.840387577     
         200   870229.583757653     
         205   880634.173304041     
         210   890017.227469479     
         215   899249.300503622     
         220   909385.901684432     
         225   921495.388890293     
         230   936441.343625254     
         235   954701.539563295     
         240   976283.174018441     
         245   1000747.56096218     
         250   1027317.50780226     
         255   1055023.05055550     
         260   1082844.68933840     
         265   1109827.79367781     
         270   1135157.76259507     
         275   1158197.36731503     
         280   1178494.09682459     
         285   1195767.24823595     
         290   1209883.67539398     
         295   1220829.05966488     
         300   1228679.31204732     
         305   1233574.78021181     
         310   1235698.49859925     
         315   1235258.77239148     
         320   1232475.83232687     
         325   1227572.02439884     
         330   1220764.90707355     
         335   1212262.64307678     
         340   1202261.14083987     
         345   1190942.48933112     
         350   1178474.32012002     
         355   1165009.81231628     
         360   1150688.12545526     
         365   1135635.10174114     
         370   1119964.12329109     
         375   1103777.04386425     
         380   1087165.13989801     
         385   1070210.04429027     
         390   1052984.63980183     
         395   1035553.89847644     
         400   1017975.66009530     
         405   1000301.34717957     
         410   982576.617020972     
         415   964841.953099309     
         420   947133.199363083     
         425   929482.041441891     
         430   911916.439098256     
         435   894461.014232597     
         440   877137.398613999     
         445   859964.545280359     
         450   842959.007274760     
         455   826135.187087963     
         460   809505.559877338     
         465   793080.873241687     
         470   776870.326056025     
         475   760881.728614127     
         480   745121.646091088     
         485   729595.527123719     
         490   714307.819112521     
         495   699262.071674439     
         500   684461.029519021     
