         100 -8.255308216879918E-003
         105   105181.325225991     
         110   202600.908534002     
         115   292688.337130997     
         120   375852.086960022     
         125   452480.479214882     
         130   522942.588419565     
         135   587589.132768933     
         140   646753.332567997     
         145   700751.729367858     
         150   749884.966281458     
         155   794438.531845150     
         160   834683.469734715     
         165   870877.056286676     
         170   903263.447486165     
         175   932074.296882021     
         180   957529.345575709     
         185   979836.982495660     
         190   999194.743680950     
         195   1015789.51246354     
         200   1029796.21265409     
         205   1041370.89543678     
         210   1050629.41501880     
         215   1057602.08235972     
         220   1062167.87594888     
         225   1063998.24584380     
         230   1062557.41795789     
         235   1057188.67771356     
         240   1047270.36247076     
         245   1032385.66798777     
         250   1012444.70551227     
         255   987723.730694949     
         260   958822.914151385     
         265   926569.779283617     
         270   891903.176233371     
         275   855766.455357995     
         280   819026.398746462     
         285   782422.936309069     
         290   746546.809770064     
         295   711838.525198629     
         300   678601.153419811     
         305   647020.497442846     
         310   617187.792625262     
         315   589121.779555746     
         320   562788.373748501     
         325   538117.158250217     
         330   515014.573681848     
         335   493374.051334346     
         340   473083.511516233     
         345   454030.701969484     
         350   436106.832576828     
         355   419208.908688464     
         360   403241.098709797     
         365   388115.405014427     
         370   373751.847308554     
         375   360078.316873893     
         380   347030.219014436     
         385   334549.988739225     
         390   322586.539958185     
         395   311094.689876208     
         400   300034.586557063     
         405   289371.157682374     
         410   279073.591437450     
         415   269114.855487352     
         420   259471.256598574     
         425   250122.041184006     
         430   241049.035579497     
         435   232236.323960913     
         440   223669.961307141     
         445   215337.718581096     
         450   207228.857247324     
         455   199333.930307600     
         460   191644.607170297     
         465   184153.519844490     
         470   176854.128144870     
         475   169740.601794540     
         480   162807.717510846     
         485   156050.769348796     
         490   149465.490754269     
         495   143047.986943463     
         500   136794.676375219     
