         100 -1.537588838339896E-002
         105   72439.4345177793     
         110   139533.068367382     
         115   201576.797922289     
         120   258852.004431511     
         125   311626.191366503     
         130   360153.582380230     
         135   404675.734738175     
         140   445422.139691379     
         145   482610.794005633     
         150   516448.741638369     
         155   547132.588135026     
         160   574848.990271788     
         165   599775.122677942     
         170   622079.119733128     
         175   641920.459861338     
         180   659450.040043938     
         185   674808.649909667     
         190   688119.423287315     
         195   699464.675007273     
         200   708836.533052653     
         205   716065.200280571     
         210   720757.970808158     
         215   722300.865204493     
         220   719955.123797837     
         225   713029.576192927     
         230   701066.057450993     
         235   683969.723920624     
         240   662046.657741934     
         245   635952.054783340     
         250   606580.421331518     
         255   574936.860759611     
         260   542020.789744444     
         265   508739.538996133     
         270   475856.463905362     
         275   443969.695618451     
         280   413513.736794719     
         285   384775.518213211     
         290   357917.787551802     
         295   333004.627807697     
         300   310025.790180923     
         305   288918.048916111     
         310   269582.863995241     
         315   251900.318467533     
         320   235739.673654818     
         325   220967.052970683     
         330   207450.802594590     
         335   195065.042444831     
         340   183691.852247647     
         345   173222.458545067     
         350   163557.712298388     
         355   154608.079612174     
         360   146293.312214655     
         365   138541.919608713     
         370   131290.530073772     
         375   124483.201359652     
         380   118070.722341917     
         385   112009.932629971     
         390   106263.076885362     
         395   100797.203405959     
         400   95583.6115663194     
         405   90597.3493647287     
         410   85816.7601527072     
         415   81223.0762713997     
         420   76800.0565407755     
         425   72533.6641606214     
         430   68411.7814570835     
         435   64423.9579530726     
         440   60561.1883909045     
         445   56815.7175467248     
         450   53180.8689184355     
         455   49650.8946219665     
         460   46220.8440818584     
         465   42886.4493432005     
         470   39644.0250583353     
         475   36490.3814109987     
         480   33422.7484318299     
         485   30438.7103325440     
         490   27536.1486421997     
         495   24713.1930689510     
         500   21968.1791356654     
