         100 -1.219775691585111E-002
         105   55731.9618401257     
         110   107351.073358850     
         115   155084.986652189     
         120   199150.187405404     
         125   239752.484373218     
         130   277087.468400678     
         135   311340.984403081     
         140   342689.593630141     
         145   371301.013666843     
         150   397334.535348072     
         155   420941.418604231     
         160   442265.269222313     
         165   461442.397934686     
         170   478602.161421102     
         175   493867.269940658     
         180   507353.945828430     
         185   519171.358912167     
         190   529418.443452368     
         195   538174.171262756     
         200   545477.328490493     
         205   551298.166747472     
         210   555515.948536342     
         215   557922.741852897     
         220   558264.649629832     
         225   556311.125586669     
         230   551926.850144356     
         235   545120.050733318     
         240   536053.948434649     
         245   525023.902417164     
         250   512413.166621585     
         255   498642.506818570     
         260   484125.527464388     
         265   469236.057347272     
         270   454289.033697033     
         275   439533.162615571     
         280   425152.234884173     
         285   411271.833078990     
         290   397968.697496709     
         295   385280.780867801     
         300   373216.752324197     
         305   361764.292689411     
         310   350896.930799356     
         315   340579.425243130     
         320   330771.834724200     
         325   321432.480229958     
         330   312520.013586019     
         335   303994.791648060     
         340   295819.727824338     
         345   287960.761619758     
         350   280387.057282755     
         355   273071.016702374     
         360   265988.170199107     
         365   259116.991696330     
         370   252438.671464088     
         375   245936.869563718     
         380   239597.465655964     
         385   233408.315396392     
         390   227359.019749047     
         395   221440.710813626     
         400   215645.855878287     
         405   209968.080145908     
         410   204402.007760414     
         415   198943.120251309     
         420   193587.631223379     
         425   188332.375975711     
         430   183174.714690212     
         435   178112.447849967     
         440   173143.742607447     
         445   168267.068905139     
         450   163481.144245073     
         455   158784.886101481     
         460   154177.371067526     
         465   149657.799919666     
         470   145225.467870052     
         475   140879.739357494     
         480   136620.026800674     
         485   132445.772803482     
         490   128356.435361893     
         495   124351.475675104     
         500   120430.348211172     
