         100 -8.255308216879918E-003
         105   105181.325225991     
         110   202600.908534002     
         115   292688.337130997     
         120   375852.086960022     
         125   452480.479214882     
         130   522942.588419565     
         135   587589.132768933     
         140   646753.332567997     
         145   700751.729367858     
         150   749884.966281458     
         155   794438.531845150     
         160   834683.469734715     
         165   870877.056286690     
         170   903263.447486820     
         175   932074.296904269     
         180   957529.346114059     
         185   979836.991885964     
         190   999194.863418009     
         195   1015790.64695507     
         200   1029804.35207756     
         205   1041416.06687360     
         210   1050827.89165581     
         215   1058309.53408829     
         220   1064264.03220846     
         225   1069283.96663064     
         230   1074151.88101339     
         235   1079755.83160663     
         240   1086936.13011282     
         245   1096318.43795119     
         250   1108193.95719450     
         255   1122481.32641128     
         260   1138768.86459410     
         265   1156410.39480858     
         270   1174640.24164951     
         275   1192679.12180760     
         280   1209814.59213799     
         285   1225451.09847552     
         290   1239132.42672874     
         295   1250543.12908321     
         300   1259496.26851336     
         305   1265913.87735951     
         310   1269804.90077341     
         315   1271243.74368014     
         320   1270351.17412395     
         325   1267278.34714977     
         330   1262194.07356438     
         335   1255275.09175707     
         340   1246698.92652745     
         345   1236638.86694377     
         350   1225260.61359279     
         355   1212720.19874789     
         360   1199162.84876659     
         365   1184722.52370413     
         370   1169521.92825264     
         375   1153672.83812277     
         380   1137276.62652142     
         385   1120424.90722588     
         390   1103200.23516331     
         395   1085676.82373294     
         400   1067921.25162390     
         405   1049993.14168049     
         410   1031945.80135153     
         415   1013826.81914886     
         420   995678.614889458     
         425   977538.943730393     
         430   959441.355443253     
         435   941415.611250635     
         440   923488.061032542     
         445   905681.983930094     
         450   888017.895416267     
         455   870513.823831415     
         460   853185.559239140     
         465   836046.877275998     
         470   819109.740467205     
         475   802384.479273667     
         480   785879.954932136     
         485   769603.705955589     
         490   753562.079978208     
         495   737760.352460139     
         500   722202.833612164     
