         100 -1.286435489403076E-002
         105   101105.678029562     
         110   194750.264756693     
         115   281346.719392321     
         120   361287.720340527     
         125   434946.573744495     
         130   502678.072435383     
         135   564819.351899877     
         140   621690.720112897     
         145   673596.448689213     
         150   720825.525136878     
         155   763652.368966797     
         160   802337.514360478     
         165   837128.261578315     
         170   868259.298922600     
         175   895953.297682767     
         180   920421.493350924     
         185   941864.361037972     
         190   960473.044395227     
         195   976434.305929766     
         200   989946.658359483     
         205   1001260.27120226     
         210   1010747.41321002     
         215   1018984.37830057     
         220   1026794.15416988     
         225   1035196.49395166     
         230   1045254.45308631     
         235   1057865.40131514     
         240   1073575.15985570     
         245   1092478.59683368     
         250   1114226.89324311     
         255   1138120.71466101     
         260   1163247.83965053     
         265   1188624.32030823     
         270   1213311.13135724     
         275   1236493.80770125     
         280   1257524.80276252     
         285   1275935.33251978     
         290   1291425.97012703     
         295   1303844.82459968     
         300   1313160.30313503     
         305   1319433.28393238     
         310   1322791.59341598     
         315   1323408.21125589     
         320   1321483.63309856     
         325   1317232.22368399     
         330   1310872.08508438     
         335   1302617.84777279     
         340   1292675.78924809     
         345   1281240.74196433     
         350   1268494.33448551     
         355   1254604.19649073     
         360   1239723.83855287     
         365   1223992.98668186     
         370   1207538.20821584     
         375   1190473.71042019     
         380   1172902.22763614     
         385   1154915.93879371     
         390   1136597.37629388     
         395   1118020.30119366     
         400   1099250.52956076     
         405   1080346.70181698     
         410   1061360.99165183     
         415   1042339.75426405     
         420   1023324.11573160     
         425   1004350.50655537     
         430   985451.143113319     
         435   966654.461076926     
         440   947985.504906498     
         445   929466.277446488     
         450   911116.053447643     
         455   892951.660593220     
         460   874987.731330405     
         465   857236.928524689     
         470   839710.147676708     
         475   822416.698175433     
         480   805364.465812941     
         485   788560.058556488     
         490   772008.937363705     
         495   755715.533636424     
         500   739683.354736858     
