         100 -1.375486273066401E-002
         105   63274.0680272471     
         110   121878.703299201     
         115   176072.365224672     
         120   226100.835423735     
         125   272197.773719246     
         130   314585.239517665     
         135   353474.227634644     
         140   389065.193013815     
         145   421548.550191296     
         150   451105.146580197     
         155   477906.711853908     
         160   502116.285689897     
         165   523888.625913097     
         170   543370.603279335     
         175   560701.635894417     
         180   576014.541080753     
         185   589438.678387153     
         190   601111.615367245     
         195   611212.352064340     
         200   620029.509327652     
         205   628057.191250153     
         210   636072.300507144     
         215   645125.094858830     
         220   656404.421688091     
         225   671007.568780430     
         230   689699.636138164     
         235   712750.393160388     
         240   739894.286982995     
         245   770405.905487761     
         250   803248.042392931     
         255   837241.213899470     
         260   871214.607997355     
         265   904116.840864535     
         270   935081.432603942     
         275   963452.629628848     
         280   988781.987657359     
         285   1010806.67036885     
         290   1029418.66507474     
         295   1044631.56668858     
         300   1056549.12667125     
         305   1065337.80385036     
         310   1071204.17737471     
         315   1074377.22003473     
         320   1075094.95887857     
         325   1073594.84505598     
         330   1070107.11433022     
         335   1064850.46985361     
         340   1058029.51067970     
         345   1049833.43331236     
         350   1040435.63296609     
         355   1029993.91835549     
         360   1018651.12614647     
         365   1006535.97892878     
         370   993764.075319497     
         375   980438.934687543     
         380   966653.044128525     
         385   952488.873633365     
         390   938019.838501842     
         395   923311.197260996     
         400   908420.879684752     
         405   893400.243761690     
         410   878294.763215072     
         415   863144.648882168     
         420   847985.408230286     
         425   832848.347757340     
         430   817761.023161678     
         435   802747.642087158     
         440   787829.424037167     
         445   773024.921762403     
         450   758350.308100082     
         455   743819.631902376     
         460   729445.046355936     
         465   715237.012672224     
         470   701204.481826294     
         475   687355.056742280     
         480   673695.137068412     
         485   660230.048452676     
         490   646964.158021180     
         495   633900.977573741     
         500   621043.255843245     
