         100 -1.219775691585111E-002
         105   55731.9618401257     
         110   107351.073358850     
         115   155084.986652189     
         120   199150.187405404     
         125   239752.484373218     
         130   277087.468400678     
         135   311340.984403081     
         140   342689.593630141     
         145   371301.013666843     
         150   397334.535348086     
         155   420941.418604926     
         160   442265.269245808     
         165   461442.398496526     
         170   478602.171071700     
         175   493867.390951422     
         180   507355.073206075     
         185   519179.316761439     
         190   529461.935430955     
         195   538362.561645984     
         200   546140.020380966     
         205   553237.907028401     
         210   560352.545037646     
         215   568422.591594825     
         220   578506.909110797     
         225   591578.584066362     
         230   608311.249644737     
         235   628935.636665333     
         240   653206.100747921     
         245   680469.465839805     
         250   709797.660609176     
         255   740138.656095443     
         260   770450.349448988     
         265   799798.447966960     
         270   827414.055157558     
         275   852716.095177183     
         280   875307.886689336     
         285   894957.605257507     
         290   911570.788075527     
         295   925160.760266845     
         300   935820.682595592     
         305   943699.185112328     
         310   948980.334889617     
         315   951867.925978587     
         320   952573.665407325     
         325   951308.649928435     
         330   948277.494133353     
         335   943674.516181246     
         340   937681.469547379     
         345   930466.401639636     
         350   922183.308431969     
         355   912972.331605659     
         360   902960.308819684     
         365   892261.538896553     
         370   880978.663356192     
         375   869203.595736596     
         380   857018.452397610     
         385   844496.454715264     
         390   831702.784173322     
         395   818695.380005748     
         400   805525.674647884     
         405   792239.266012076     
         410   778876.528039845     
         415   765473.162486302     
         420   752060.695748117     
         425   738666.924959770     
         430   725316.317701476     
         435   712030.369590134     
         440   698827.923834852     
         445   685725.456581082     
         450   672737.331576321     
         455   659876.027388174     
         460   647152.340106949     
         465   634575.564178852     
         470   622153.653747456     
         475   609893.366633016     
         480   597800.392852389     
         485   585879.469376509     
         490   574134.482636833     
         495   562568.560125526     
         500   551184.152285148     
