         100 -1.375486273066401E-002
         105   63274.0680272471     
         110   121878.703299201     
         115   176072.365224672     
         120   226100.835423735     
         125   272197.773719246     
         130   314585.239517665     
         135   353474.227634644     
         140   389065.193013815     
         145   421548.550191296     
         150   451105.146580193     
         155   477906.711853725     
         160   502116.285683696     
         165   523888.625763879     
         170   543370.600700814     
         175   560701.603375023     
         180   576014.236461195     
         185   589436.517177630     
         190   601099.748280829     
         195   611160.730295425     
         200   619847.235868815     
         205   627521.896077020     
         210   634733.741539201     
         215   642212.006985651     
         220   650776.536667823     
         225   661184.711780243     
         230   673971.399035940     
         235   689340.456481821     
         240   707138.185876696     
         245   726903.611246643     
         250   747967.068325413     
         255   769563.067236882     
         260   790930.797896698     
         265   811387.887212306     
         270   830374.022187532     
         275   847468.183429664     
         280   862386.418929665     
         285   874967.448150066     
         290   885152.219526056     
         295   892961.847586041     
         300   898476.722497787     
         305   901818.280716488     
         310   903134.009320820     
         315   902585.682974634     
         320   900340.518812662     
         325   896564.798121512     
         330   891419.476731803     
         335   885057.339405049     
         340   877621.314631445     
         345   869243.635341482     
         350   860045.597157935     
         355   850137.723801090     
         360   839620.197378789     
         365   828583.449704738     
         370   817108.840565254     
         375   805269.371398495     
         380   793130.399577144     
         385   780750.330671203     
         390   768181.274788384     
         395   755469.659216135     
         400   742656.793804458     
         405   729779.388355846     
         410   716870.023122080     
         415   703957.574639550     
         420   691067.599779212     
         425   678222.681199140     
         430   665442.737477505     
         435   652745.301150287     
         440   640145.767735638     
         445   627657.618633506     
         450   615292.620570362     
         455   603061.004031764     
         460   590971.622900906     
         465   579032.097306060     
         470   567248.941477885     
         475   555627.678230801     
         480   544172.941511842     
         485   532888.568305403     
         490   521777.681042456     
         495   510842.761537250     
         500   500085.717362076     
