         100 -2.842051101678758E-003
         105   107711.287951620     
         110   207474.260316983     
         115   299728.816868651     
         120   384893.224173191     
         125   463365.107529205     
         130   535522.396755170     
         135   601724.237806061     
         140   662311.866563253     
         145   717609.443397114     
         150   767924.849773533     
         155   813550.448780775     
         160   854763.811389739     
         165   891828.410095075     
         170   924994.281444147     
         175   954498.658855804     
         180   980566.577050970     
         185   1003411.44935333     
         190   1023235.61906585     
         195   1040230.88609208     
         200   1054579.01004618     
         205   1066452.19212008     
         210   1076013.54372413     
         215   1083417.56413330     
         220   1088810.63064644     
         225   1092331.26959620     
         230   1094109.31476048     
         235   1094262.37675817     
         240   1092888.66532348     
         245   1090057.86855064     
         250   1085804.80557885     
         255   1080130.93710795     
         260   1073015.58114698     
         265   1064434.04866846     
         270   1054376.98475366     
         275   1042865.34191136     
         280   1029957.80525061     
         285   1015750.40044811     
         290   1000370.11622645     
         295   983965.221826682     
         300   966694.788318903     
         305   948719.212931806     
         310   930192.724288418     
         315   911258.166107311     
         320   892043.907409939     
         325   872662.495708401     
         330   853210.598960984     
         335   833769.809252530     
         340   814407.955345712     
         345   795180.658507733     
         350   776132.947257692     
         355   757300.813442291     
         360   738712.642386919     
         365   720390.485239130     
         370   702351.164846341     
         375   684607.220629037     
         380   667167.705620954     
         385   650038.852300861     
         390   633224.624635838     
         395   616727.173016321     
         400   600547.207237762     
         405   584684.300846982     
         410   569137.138305112     
         415   553903.714676965     
         420   538981.496010148     
         425   524367.547237651     
         430   510058.633318292     
         435   496051.298398954     
         440   482341.927013954     
         445   468926.790702089     
         450   455802.082894758     
         455   442963.944486185     
         460   430408.482119862     
         465   418131.780898744     
         470   406129.912938704     
         475   394398.942927273     
         480   382934.931617876     
         485   371733.937981385     
         490   360792.020552227     
         495   350105.238347121     
         500   339669.651603615     
