         100 -1.708812347853642E-004
         105   108569.047408934     
         110   209126.541372866     
         115   302115.875027463     
         120   387958.629238430     
         125   467055.578381004     
         130   539787.651279043     
         135   606516.850021763     
         140   667587.128173695     
         145   723325.229932469     
         150   774041.491889757     
         155   820030.609024979     
         160   861572.366494737     
         165   898932.338709860     
         170   932362.557124814     
         175   962102.148101708     
         180   988377.942152715     
         185   1011405.05580967     
         190   1031387.44731766     
         195   1048518.44730021     
         200   1062981.26549766     
         205   1074949.47463651     
         210   1084587.47244808     
         215   1092050.92281868     
         220   1097487.17702570     
         225   1101035.67591538     
         230   1102828.33302699     
         235   1102989.89565725     
         240   1101638.28407668     
         245   1098884.96577434     
         250   1094835.56579687     
         255   1089590.87357172     
         260   1083247.56479219     
         265   1075896.57651234     
         270   1067617.36626824     
         275   1058470.00191023     
         280   1048491.70672057     
         285   1037705.00289652     
         290   1026139.13415908     
         295   1013858.59912257     
         300   1000987.40205725     
         305   987717.536251064     
         310   974295.178770205     
         315   960986.322251731     
         320   948031.624135573     
         325   935604.138497460     
         330   923781.563397377     
         335   912538.427195901     
         340   901756.840991248     
         345   891249.925987352     
         350   880790.663692896     
         355   870139.985349950     
         360   859070.110776455     
         365   847381.377956381     
         370   834912.489652513     
         375   821545.097871073     
         380   807204.058752276     
         385   791854.712822723     
         390   775498.359947434     
         395   758166.836005160     
         400   739916.837659528     
         405   720824.420264260     
         410   700979.923581828     
         415   680483.458295219     
         420   659441.005026963     
         425   637961.127272669     
         430   616152.271869966     
         435   594120.618816130     
         440   571968.441875271     
         445   549792.949674440     
         450   527685.592356392     
         455   505731.840389590     
         460   484011.468167051     
         465   462599.400449850     
         470   441567.190012468     
         475   420985.152935555     
         480   400925.005472752     
         485   381462.321550021     
         490   362676.814820967     
         495   344645.367182813     
         500   327415.773344650     
