         100 -1.375486273066401E-002
         105   63274.0680272471     
         110   121878.703299201     
         115   176072.365224672     
         120   226100.835423735     
         125   272197.773719246     
         130   314585.239517665     
         135   353474.227634644     
         140   389065.193013815     
         145   421548.550191296     
         150   451105.146580190     
         155   477906.711853543     
         160   502116.285677494     
         165   523888.625614661     
         170   543370.598122290     
         175   560701.570855591     
         180   576013.931841273     
         185   589434.355965530     
         190   601087.881180268     
         195   611109.108464973     
         200   619664.962192692     
         205   626986.600265763     
         210   633395.180975569     
         215   639298.915639797     
         220   645148.644938585     
         225   651361.843070287     
         230   658243.143184177     
         235   665930.491896407     
         240   674382.045722042     
         245   683401.265146696     
         250   692686.028357772     
         255   701884.839895576     
         260   710646.892090186     
         265   718658.823018442     
         270   725666.486950040     
         275   731483.598966112     
         280   735990.699526567     
         285   739128.063998152     
         290   740885.601998204     
         295   741291.947678932     
         300   740404.129887152     
         305   738298.562651974     
         310   735063.640911489     
         315   730793.941122871     
         320   725585.870423033     
         325   719534.540150581     
         330   712731.626120924     
         335   705263.994626169     
         340   697212.903519655     
         345   688653.622090583     
         350   679655.346307892     
         355   670281.314841192     
         360   660589.055189405     
         365   650630.708344539     
         370   640453.395221350     
         375   630099.599290846     
         380   619607.548170442     
         385   609011.582980535     
         390   598342.508611374     
         395   587627.921088364     
         400   576892.510317771     
         405   566158.337898539     
         410   555445.090595601     
         415   544770.310630952     
         420   534149.604267336     
         425   523596.830312586     
         430   513124.270215592     
         435   502742.781396498     
         440   492461.935381282     
         445   482290.142213091     
         450   472234.762502404     
         455   462302.208363609     
         460   452498.034372510     
         465   442827.019570805     
         470   433293.241441852     
         475   423900.142687877     
         480   414650.591552612     
         485   405546.936355088     
         490   396591.054829656     
         495   387784.398803771     
         500   379128.034688125     
