         100 -8.255308216879918E-003
         105   105181.325225991     
         110   202600.908534002     
         115   292688.337130997     
         120   375852.086960022     
         125   452480.479214882     
         130   522942.588419565     
         135   587589.132768933     
         140   646753.332567997     
         145   700751.729367858     
         150   749884.966281458     
         155   794438.531845150     
         160   834683.469734715     
         165   870877.056286680     
         170   903263.447486329     
         175   932074.296887583     
         180   957529.345710297     
         185   979836.984843239     
         190   999194.773615251     
         195   1015789.79608676     
         200   1029798.24751238     
         205   1041382.18830945     
         210   1050679.03423719     
         215   1057778.94550265     
         220   1062691.91563834     
         225   1065319.67761544     
         230   1065456.03717647     
         235   1062830.47291103     
         240   1057186.81620033     
         245   1048368.87952856     
         250   1036382.04696328     
         255   1021413.16977810     
         260   1003809.45538140     
         265   984030.001652006     
         270   962587.526837020     
         275   939994.722363838     
         280   916723.563542389     
         285   893180.108866143     
         290   869693.360793428     
         295   846514.836697239     
         300   823825.105293921     
         305   801744.026846860     
         310   780342.264137584     
         315   759652.473855445     
         320   739679.284693279     
         325   720407.672763340     
         330   701809.671311203     
         335   683849.538486818     
         340   666487.595807762     
         345   649682.976432658     
         350   633395.513002034     
         355   617586.967674061     
         360   602221.773414006     
         365   587267.422082013     
         370   572694.604691167     
         375   558477.183685208     
         380   544592.056393314     
         385   531018.952561042     
         390   517740.196392450     
         395   504740.454176598     
         400   492006.481665311     
         405   479526.880359100     
         410   467291.868284221     
         415   455293.068339670     
         420   443523.315574267     
         425   431976.483604381     
         430   420647.329640212     
         435   409531.357132922     
         440   398624.694798687     
         445   387923.990655556     
         450   377426.319679500     
         455   367129.103715126     
         460   357030.042341805     
         465   347127.053481784     
         470   337418.222632900     
         475   327901.759707526     
         480   318575.962557058     
         485   309439.186354645     
         490   300489.818096407     
         495   291726.255562264     
         500   283146.890151393     
