         100 -1.662770628873000E-002
         105   88855.8959684609     
         110   171154.557099639     
         115   247258.928626084     
         120   317514.145568536     
         125   382248.319443174     
         130   441773.278067473     
         135   496385.317954824     
         140   546365.938635680     
         145   591982.542008425     
         150   633489.095792583     
         155   671126.764022431     
         160   705124.507471625     
         165   735699.656170436     
         170   763058.454324788     
         175   787396.561694919     
         180   808899.365175459     
         185   827741.237109589     
         190   844080.301198521     
         195   858039.777963286     
         200   869662.570649355     
         205   878834.674264224     
         210   885202.694924155     
         215   888141.882008322     
         220   886826.646523462     
         225   880405.408314484     
         230   868221.468564234     
         235   849996.809389189     
         240   825918.439367301     
         245   796613.934905947     
         250   763043.283013449     
         255   726351.886861154     
         260   687726.084076244     
         265   648277.824045179     
         270   608969.043341576     
         275   570574.293420929     
         280   533673.706072677     
         285   498666.437843515     
         290   465795.573532184     
         295   435177.543235242     
         300   406831.389421524     
         305   380705.179314464     
         310   356698.310536108     
         315   334679.416591284     
         320   314500.139181577     
         325   296005.310474628     
         330   279040.180884042     
         335   263455.313269069     
         340   249109.695556742     
         345   235872.534047178     
         350   223624.098425395     
         355   212255.906697929     
         360   201670.467984809     
         365   191780.744060513     
         370   182509.445755624     
         375   173788.246067625     
         380   165556.966170948     
         385   157762.771662200     
         390   150359.402766289     
         395   143306.452578688     
         400   136568.700707744     
         405   130115.505118350     
         410   123920.251964692     
         415   117959.861287234     
         420   112214.345307627     
         425   106666.415445005     
         430   101301.133925330     
         435   96105.6058394091     
         440   91068.7076385238     
         445   86180.8482793303     
         450   81433.7595008826     
         455   76820.3120087082     
         460   72334.3546358661     
         465   67970.5738374033     
         470   63724.3711457946     
         475   59591.7564670552     
         480   55569.2553286187     
         485   51653.8284004767     
         490   47842.8018010314     
         495   44133.8068696998     
         500   40524.7282408700     
