         100 -1.642938234399929E-002
         105   81053.9592291849     
         110   156126.410062348     
         115   225548.434153145     
         120   289634.869935704     
         125   348685.027472192     
         130   402983.359721934     
         135   452800.148903314     
         140   498392.177530702     
         145   540003.367319890     
         150   577865.384941166     
         155   612198.217422455     
         160   643210.719955168     
         165   671101.137997390     
         170   696057.601601357     
         175   718258.551686843     
         180   737872.774618226     
         185   755057.302469775     
         190   769946.867749131     
         195   782620.262968962     
         200   793025.320034329     
         205   800863.737780465     
         210   805483.433239499     
         215   805862.552452511     
         220   800746.550938101     
         225   788919.474811761     
         230   769512.866786519     
         235   742237.351363103     
         240   707466.189698176     
         245   666167.676601216     
         250   619733.694648821     
         255   569768.749358182     
         260   517893.662957539     
         265   465595.835066136     
         270   414136.199184939     
         275   364507.959839785     
         280   317434.802992859     
         285   273394.701602798     
         290   232657.214669571     
         295   195325.277168102     
         300   161375.632261364     
         305   130694.656802866     
         310   103108.202753357     
         315   78405.2782038743     
         320   56356.0700112603     
         325   36725.1244998166     
         330   19280.5875764926     
         335   3800.36054188232     
         340  -9924.07996654236     
         345  -22085.5784569657     
         350  -32860.4207065184     
         355  -42408.2974774111     
         360  -50872.8262665084     
         365  -58382.4215077514     
         370  -65051.3628820155     
         375  -70980.9564491674     
         380  -76260.7168913438     
         385  -80969.5237127425     
         390  -85176.7218861282     
         395  -88943.1498867028     
         400  -92322.0866644782     
         405  -95360.1149198955     
         410  -98097.9018522915     
         415  -100570.900933191     
         420  -102809.979646662     
         425  -104841.978849266     
         430  -106690.209656277     
         435  -108374.893717673     
         440  -109913.552518071     
         445  -111321.350996322     
         450  -112611.400385232     
         455  -113795.024754792     
         460  -114881.995326133     
         465  -115880.736222270     
         470  -116798.504944070     
         475  -117641.550509939     
         480  -118415.251877459     
         485  -119124.238974416     
         490  -119772.498404557     
         495  -120363.465658183     
         500  -120900.105447418     
