         100 -1.286435489403076E-002
         105   101105.678029562     
         110   194750.264756693     
         115   281346.719392321     
         120   361287.720340527     
         125   434946.573744495     
         130   502678.072435383     
         135   564819.351899877     
         140   621690.720112897     
         145   673596.448689213     
         150   720825.525136878     
         155   763652.368966797     
         160   802337.514360450     
         165   837128.261577169     
         170   868259.298889751     
         175   895953.297007284     
         180   920421.483257070     
         185   941864.249768233     
         190   960472.123816648     
         195   976428.476116763     
         200   989917.773285508     
         205   1001145.63237053     
         210   1010374.03681900     
         215   1017962.24802176     
         220   1024388.20219143     
         225   1030223.89125924     
         230   1036059.29393170     
         235   1042398.71122929     
         240   1049568.58424836     
         245   1057668.26148648     
         250   1066573.75839893     
         255   1075984.19238317     
         260   1085490.29942014     
         265   1094644.69924590     
         270   1103019.97585470     
         275   1110248.36294397     
         280   1116042.90158621     
         285   1120203.43155022     
         290   1122612.01979124     
         295   1123222.21527747     
         300   1122045.60812456     
         305   1119138.09148841     
         310   1114587.26426216     
         315   1108501.68198824     
         320   1101002.16977321     
         325   1092215.11424606     
         330   1082267.49858975     
         335   1071283.38652236     
         340   1059381.55961384     
         345   1046674.04064841     
         350   1033265.27656276     
         355   1019251.79756307     
         360   1004722.20891379     
         365   989757.406202013     
         370   974430.932994210     
         375   958809.422044427     
         380   942953.078340815     
         385   926916.175177900     
         390   910747.543972562     
         395   894491.045458303     
         400   878186.014824001     
         405   861867.676814117     
         410   845567.529170083     
         415   829313.694367438     
         420   813131.240615145     
         425   797042.473698907     
         430   781067.201590922     
         435   765222.973902230     
         440   749525.298283359     
         445   733987.835828801     
         450   718622.577441869     
         455   703440.002990039     
         460   688449.224941344     
         465   673658.118029378     
         470   659073.436354067     
         475   644700.919191287     
         480   630545.386658972     
         485   616610.826271317     
         490   602900.471306679     
         495   589416.871818407     
         500   576161.959030860     
