         100 -1.219775691585111E-002
         105   55731.9618401257     
         110   107351.073358850     
         115   155084.986652189     
         120   199150.187405404     
         125   239752.484373218     
         130   277087.468400678     
         135   311340.984403081     
         140   342689.593630141     
         145   371301.013666843     
         150   397334.535348076     
         155   420941.418604405     
         160   442265.269228187     
         165   461442.398075146     
         170   478602.163833750     
         175   493867.300193331     
         180   507354.227672673     
         185   519173.348373299     
         190   529429.316440534     
         195   538221.268830491     
         200   545643.001364362     
         205   551783.101528660     
         210   556725.096940959     
         215   560547.702723779     
         220   563325.211483739     
         225   565127.984951328     
         230   566022.941617516     
         235   566073.934726819     
         240   565341.969055926     
         245   563885.270109617     
         250   561759.260705884     
         255   559016.508152038     
         260   555706.690294790     
         265   551876.605744531     
         270   547570.233462171     
         275   542828.834186884     
         280   537691.080757005     
         285   532193.204048780     
         290   526369.143608692     
         295   520250.695269127     
         300   513867.651057476     
         305   507247.929080031     
         310   500417.692700494     
         315   493401.459337853     
         320   486222.199739230     
         325   478901.428795654     
         330   471459.288987545     
         335   463914.627461588     
         340   456285.067610184     
         345   448587.075883864     
         350   440836.024434902     
         355   433046.250075405     
         360   425231.109937943     
         365   417403.034150433     
         370   409573.575777293     
         375   401753.458232896     
         380   393952.620338417     
         385   386180.259166820     
         390   378444.870800816     
         395   370754.289113715     
         400   363115.722671684     
         405   355535.789847223     
         410   348020.552226839     
         415   340575.546390444     
         420   333205.814135535     
         425   325915.931215431     
         430   318710.034657578     
         435   311591.848724984     
         440   304564.709581197     
         445   297631.588716763     
         450   290795.115192748     
         455   284057.596754704     
         460   277421.039868337     
         465   270887.168726036     
         470   264457.443271517     
         475   258133.076287850     
         480   251915.049592326     
         485   245804.129379806     
         490   239800.880754477     
         495   233905.681488230     
         500   228118.735042303     
