         100 -2.842051101678758E-003
         105   107711.287951620     
         110   207474.260316983     
         115   299728.816868651     
         120   384893.224173191     
         125   463365.107529205     
         130   535522.396755170     
         135   601724.237806061     
         140   662311.866563253     
         145   717609.443397114     
         150   767924.849773533     
         155   813550.448780775     
         160   854763.811389739     
         165   891828.410095075     
         170   924994.281444147     
         175   954498.658855804     
         180   980566.577050970     
         185   1003411.44935333     
         190   1023235.61906604     
         195   1040230.88609968     
         200   1054579.01020328     
         205   1066452.19414451     
         210   1076013.56107700     
         215   1083417.66554516     
         220   1088811.02959536     
         225   1092332.20660955     
         230   1094109.54793790     
         235   1094253.53674061     
         240   1092841.90556558     
         245   1089901.15193228     
         250   1085394.00238819     
         255   1079222.88585033     
         260   1071252.81335730     
         265   1061347.78715916     
         270   1049409.16449857     
         275   1035404.88816417     
         280   1019383.41367715     
         285   1001472.00696941     
         290   981863.229664271     
         295   960795.041272061     
         300   938529.531964089     
         305   915333.837495260     
         310   891465.130863609     
         315   867160.229312160     
         320   842629.469960715     
         325   818054.059690911     
         330   793585.976763016     
         335   769349.565537853     
         340   745444.120014375     
         345   721946.929517510     
         350   698916.423495104     
         355   676395.185859260     
         360   654412.709319475     
         365   632987.829987807     
         370   612130.828060731     
         375   591845.207791667     
         380   572129.184699644     
         385   552976.914323195     
         390   534379.498008402     
         395   516325.799440070     
         400   498803.102360436     
         405   481797.636098615     
         410   465294.991702713     
         415   449280.447918648     
         420   433739.223127487     
         425   418656.666671927     
         430   404018.400753367     
         435   389810.422217532     
         440   376019.172012010     
         445   362631.578835624     
         450   349635.082453881     
         455   337017.641280269     
         460   324767.728081183     
         465   312874.317021725     
         470   301326.864707316     
         475   290115.287375415     
         480   279229.935942701     
         485   268661.570211268     
         490   258401.333182669     
         495   248440.726124314     
         500   238771.584783376     
