         100 -8.255308216879918E-003
         105   105181.325225991     
         110   202600.908534002     
         115   292688.337130997     
         120   375852.086960022     
         125   452480.479214882     
         130   522942.588419565     
         135   587589.132768933     
         140   646753.332567997     
         145   700751.729367858     
         150   749884.966281458     
         155   794438.531845150     
         160   834683.469734715     
         165   870877.056286683     
         170   903263.447486493     
         175   932074.296893145     
         180   957529.345844884     
         185   979836.987190812     
         190   999194.803549479     
         195   1015790.07970930     
         200   1029800.28236582     
         205   1041393.48115518     
         210   1050728.65333726     
         215   1057955.80822385     
         220   1063215.95407824     
         225   1066641.10623618     
         230   1068354.64948344     
         235   1068472.25465599     
         240   1067103.24628484     
         245   1064352.05295871     
         250   1060319.33133790     
         255   1055102.52853219     
         260   1048795.88934594     
         265   1041490.08701329     
         270   1033271.70890280     
         275   1024222.78853876     
         280   1014420.49539342     
         285   1003937.01733949     
         290   992839.618193420     
         295   981190.827082616     
         300   969048.710906779     
         305   956467.187340642     
         310   943496.346638759     
         315   930182.761557939     
         320   916569.773877321     
         325   902697.752642626     
         330   888604.323567637     
         335   874324.571492412     
         340   859891.218970942     
         345   845334.784408282     
         350   830683.723039130     
         355   815964.553675225     
         360   801201.973698000     
         365   786418.964321837     
         370   771636.887745884     
         375   756875.577466299     
         380   742153.422738512     
         385   727487.447955675     
         390   712893.387536320     
         395   698385.756782506     
         400   683977.919070673     
         405   669682.149663779     
         410   655509.696378886     
         415   641470.837304445     
         420   627574.935732197     
         425   613830.492447117     
         430   600245.195502927     
         435   586825.967598861     
         440   573579.011164367     
         445   560509.851251464     
         450   547623.376328917     
         455   534923.877067795     
         460   522415.083204088     
         465   510100.198560615     
         470   497981.934307333     
         475   486062.540536251     
         480   474343.836224420     
         485   462827.237655838     
         490   451513.785370537     
         495   440404.169706694     
         500   429498.754999123     
