         100 -1.558832855705904E-002
         105   95608.1894624213     
         110   184160.900097336     
         115   266048.649491547     
         120   341642.785793372     
         125   411296.339289297     
         130   475344.824955206     
         135   534107.051969025     
         140   587885.911657614     
         145   636969.128238587     
         150   681629.971678082     
         155   722127.935602099     
         160   758709.383149581     
         165   791608.163004386     
         170   821046.196677823     
         175   847234.028469226     
         180   870371.240504544     
         185   890646.060084801     
         190   908231.016116860     
         195   923264.869932564     
         200   935802.031722914     
         205   945713.384295960     
         210   952555.544893733     
         215   955478.644415561     
         220   953263.842703756     
         225   944530.825709567     
         230   928060.765697347     
         235   903114.398140976     
         240   869631.689120080     
         245   828262.053210628     
         250   780244.470923930     
         255   727199.194311089     
         260   670899.287089455     
         265   613072.862048494     
         270   555261.813981368     
         275   498741.433180644     
         280   444491.986651853     
         285   393207.824279705     
         290   345329.395269410     
         295   301086.166647459     
         300   260541.911485104     
         305   223637.079245810     
         310   190225.504871030     
         315   160104.475323923     
         320   133038.260022141     
         325   108775.794625756     
         330   87063.4506775061     
         335   67653.8590365709     
         340   50311.6778760162     
         345   34817.0685460286     
         350   20967.5023907286     
         355   8578.38907547971     
         360  -2517.09840665025     
         365  -12468.7221910169     
         370  -21410.1974436687     
         375  -29460.3843503467     
         380  -36724.5531650557     
         385  -43295.6541398678     
         390  -49255.5480614331     
         395  -54676.1702100581     
         400  -59620.6125522486     
         405  -64144.1172220659     
         410  -68294.9798698541     
         415  -72115.3650329860     
         420  -75642.0378858635     
         425  -78907.0179751788     
         430  -81938.1611448908     
         435  -84759.6760205458     
         440  -87392.5813079465     
         445  -89855.1098739796     
         450  -92163.0651915414     
         455  -94330.1352960122     
         460  -96368.1689508514     
         465  -98287.4182759974     
         470  -100096.751668064     
         475  -101803.840443408     
         480  -103415.322267768     
         485  -104936.944100709     
         490  -106373.687079087     
         495  -107729.875490054     
         500  -109009.271738709     
