         100 -1.558832855705904E-002
         105   95608.1894624213     
         110   184160.900097336     
         115   266048.649491547     
         120   341642.785793372     
         125   411296.339289297     
         130   475344.824955206     
         135   534107.051969025     
         140   587885.911657614     
         145   636969.128238587     
         150   681629.971678083     
         155   722127.935602119     
         160   758709.383150498     
         165   791608.163033425     
         170   821046.197332621     
         175   847234.039139388     
         180   870371.368076578     
         185   890647.198393415     
         190   908238.744127585     
         195   923305.657487003     
         200   935973.327761656     
         205   946299.839074832     
         210   954232.310772854     
         215   959576.169411304     
         220   962008.003739535     
         225   961145.525395171     
         230   956656.315117091     
         235   948364.915670626     
         240   936320.125372205     
         245   920805.343282953     
         250   902298.469219053     
         255   881402.088200058     
         260   858766.871949775     
         265   835025.288447920     
         270   810744.288193624     
         275   786398.440584825     
         280   762360.525557033     
         285   738904.727573439     
         290   716217.521382986     
         295   694412.214842777     
         300   673544.282090517     
         305   653625.710650559     
         310   634637.440950072     
         315   616539.568803884     
         320   599279.346896473     
         325   582797.217178889     
         330   567031.187741574     
         335   551919.879616527     
         340   537404.543016218     
         345   523430.299672180     
         350   509946.820810552     
         355   496908.605759520     
         360   484274.987402703     
         365   472009.958659189     
         370   460081.888680073     
         375   448463.177735501     
         380   437129.884864250     
         385   426061.351314829     
         390   415239.834770108     
         395   404650.163600094     
         400   394279.416352444     
         405   384116.628915737     
         410   374152.529930455     
         415   364379.303816985     
         420   354790.380046000     
         425   345380.246853160     
         430   336144.287395442     
         435   327078.636287351     
         440   318180.054490430     
         445   309445.820622742     
         450   300873.636881504     
         455   292461.547915043     
         460   284207.871128507     
         465   276111.137054117     
         470   268170.038556789     
         475   260383.387777070     
         480   252750.079834319     
         485   245269.062423428     
         490   237939.310538248     
         495   230759.805644699     
         500   223729.518706917     
