         100 -1.286435489403076E-002
         105   101105.678029562     
         110   194750.264756693     
         115   281346.719392321     
         120   361287.720340527     
         125   434946.573744495     
         130   502678.072435383     
         135   564819.351899877     
         140   621690.720112897     
         145   673596.448689213     
         150   720825.525136878     
         155   763652.368966795     
         160   802337.514360336     
         165   837128.261572587     
         170   868259.298758352     
         175   895953.294305354     
         180   920421.442881668     
         185   941863.804689412     
         190   960468.441503430     
         195   976405.156871702     
         200   989802.233024040     
         205   1000687.07718023     
         210   1008880.53170005     
         215   1013873.72812499     
         220   1014764.39714574     
         225   1010333.48641737     
         230   999278.668274750     
         235   980531.969323591     
         240   953542.310437051     
         245   918426.961594835     
         250   875961.275829133     
         255   827438.177344274     
         260   774460.231192741     
         265   718726.327028937     
         270   661855.485321730     
         275   605266.734411067     
         280   550115.465540414     
         285   497276.013318774     
         290   447356.419689862     
         295   400731.993307464     
         300   357587.055909003     
         305   317957.560482889     
         310   281770.195845673     
         315   248875.821106047     
         320   219076.579306047     
         325   192146.944735469     
         330   167849.425128988     
         335   145945.817292646     
         340   126204.919185113     
         345   108407.515009892     
         350   92349.3252864864     
         355   77842.4824142271     
         360   64715.9705011091     
         365   52815.3635130538     
         370   42002.1099930865     
         375   32152.5447066022     
         380   23156.7552801231     
         385   14917.3925114261     
         390   7348.48392114381     
         395   374.288984377952     
         400  -6071.78059373082     
         405  -12048.1627501601     
         410  -17606.0635111614     
         415  -22790.2912722836     
         420  -27640.0092813841     
         425  -32189.4105966260     
         430  -36468.3208541393     
         435  -40502.7346716259     
         440  -44315.2916263071     
         445  -47925.6976135973     
         450  -51351.0971112294     
         455  -54606.4015072916     
         460  -57704.5782437810     
         465  -60656.9051089725     
         470  -63473.1936008636     
         475  -66161.9848916773     
         480  -68730.7215564184     
         485  -71185.8978900026     
         490  -73533.1913285150     
         495  -75777.5772102929     
         500  -77923.4288605201     
