         100 -1.286435489403076E-002
         105   101105.678029562     
         110   194750.264756693     
         115   281346.719392321     
         120   361287.720340527     
         125   434946.573744495     
         130   502678.072435383     
         135   564819.351899877     
         140   621690.720112897     
         145   673596.448689213     
         150   720825.525136878     
         155   763652.368966796     
         160   802337.514360421     
         165   837128.261576024     
         170   868259.298856901     
         175   895953.296331801     
         180   920421.473163217     
         185   941864.138498495     
         190   960471.203238069     
         195   976422.646303761     
         200   989888.888211533     
         205   1001030.99353879     
         210   1010000.66042799     
         215   1016940.11774295     
         220   1021982.25021297     
         225   1025251.28856682     
         230   1026864.13477709     
         235   1026932.02114343     
         240   1025562.00864101     
         245   1022857.92613928     
         250   1018920.62355473     
         255   1013847.67010531     
         260   1007732.75918972     
         265   1000665.07818353     
         270   992728.820352108     
         275   984002.918186645     
         280   974561.000409839     
         285   964471.530580609     
         290   953798.069455384     
         295   942599.605955205     
         300   930930.913114019     
         305   918842.899044376     
         310   906382.935108279     
         315   893595.152720519     
         320   880520.706447785     
         325   867198.004808046     
         330   853662.912095044     
         335   839948.925271850     
         340   826087.329979524     
         345   812107.339332419     
         350   798036.218639933     
         355   783899.398635346     
         360   769720.579274646     
         365   755521.825722097     
         370   741323.657772516     
         375   727145.133668603     
         380   713003.929045427     
         385   698916.411562029     
         390   684897.711651186     
         395   670961.789722888     
         400   657121.500087185     
         405   643388.651811203     
         410   629774.066688288     
         415   616287.634470775     
         420   602938.365498636     
         425   589734.440842399     
         430   576683.260068479     
         435   563791.486727489     
         440   551065.091660178     
         445   538509.394211073     
         450   526129.101436056     
         455   513928.345386820     
         460   501910.718552244     
         465   490079.307534031     
         470   478436.725031389     
         475   466985.140207107     
         480   455726.307504970     
         485   444661.593986115     
         490   433792.005249623     
         495   423118.210000363     
         500   412640.563324836     
