         100 -1.708812347853642E-004
         105   108569.047408934     
         110   209126.541372866     
         115   302115.875027463     
         120   387958.629238430     
         125   467055.578381004     
         130   539787.651279043     
         135   606516.850021763     
         140   667587.128173695     
         145   723325.229932469     
         150   774041.491889757     
         155   820030.609024979     
         160   861572.366494737     
         165   898932.338709860     
         170   932362.557124814     
         175   962102.148101708     
         180   988377.942152715     
         185   1011405.05580967     
         190   1031387.44731766     
         195   1048518.44730021     
         200   1062981.26549766     
         205   1074949.47463651     
         210   1084587.47244788     
         215   1092050.92281498     
         220   1097487.17699471     
         225   1101035.67587674     
         230   1102828.33474552     
         235   1102989.91382182     
         240   1101638.37545918     
         245   1098885.19262857     
         250   1094835.48438821     
         255   1089587.88818073     
         260   1083234.61707085     
         265   1075863.00075910     
         270   1067559.57003117     
         275   1058415.36561535     
         280   1048528.25515959     
         285   1037997.84050262     
         290   1026912.07960821     
         295   1015329.68730314     
         300   1003265.56476200     
         305   990686.418340221     
         310   977520.475419045     
         315   963679.957623670     
         320   949089.951778044     
         325   933715.012462190     
         330   917576.265544392     
         335   900755.788909014     
         340   883389.334428912     
         345   865651.241582092     
         350   847736.167850530     
         355   829841.518599610     
         360   812153.036750521     
         365   794834.594453707     
         370   778022.173638616     
         375   761821.410623911     
         380   746307.836890034     
         385   731528.947855530     
         390   717507.358401947     
         395   704244.475416891     
         400   691724.285180572     
         405   679916.994197182     
         410   668782.369506559     
         415   658272.700639347     
         420   648335.355761544     
         425   638914.935387467     
         430   629955.043760492     
         435   621399.704784823     
         440   613194.449120958     
         445   605287.093502431     
         450   597628.223448944     
         455   590171.376936120     
         460   582872.910282007     
         465   575691.511721388     
         470   568587.321928235     
         475   561520.647249456     
         480   554450.365715259     
         485   547332.453640895     
         490   540119.880688633     
         495   532767.041458489     
         500   525246.220922606     
