         100 -1.642938234399929E-002
         105   81053.9592291849     
         110   156126.410062348     
         115   225548.434153145     
         120   289634.869935704     
         125   348685.027472192     
         130   402983.359721934     
         135   452800.148903314     
         140   498392.177530702     
         145   540003.367319890     
         150   577865.384941170     
         155   612198.217422669     
         160   643210.719962972     
         165   671101.138197904     
         170   696057.605293734     
         175   718258.601185477     
         180   737873.265940025     
         185   755060.982415180     
         190   769968.108509204     
         195   782716.938140692     
         200   793380.749200654     
         205   801945.352698602     
         210   808273.161009280     
         215   812098.040515134     
         220   813071.577541947     
         225   810854.416316382     
         230   805220.223486161     
         235   796133.664489596     
         240   783778.639584167     
         245   768535.731529774     
         250   750924.762150270     
         255   731534.067994031     
         260   710954.695793084     
         265   689730.236722278     
         270   668325.701697462     
         275   647113.786125701     
         280   626374.389367230     
         285   606302.726696505     
         290   587021.968488809     
         295   568597.382557913     
         300   551050.015167495     
         305   534368.819565153     
         310   518520.769626058     
         315   503458.899656709     
         320   489128.439255367     
         325   475471.317735324     
         330   462429.341113134     
         335   449946.329505113     
         340   437969.466529327     
         345   426450.068962569     
         350   415343.942341783     
         355   404611.450317513     
         360   394217.393816924     
         365   384130.770543250     
         370   374324.465433363     
         375   364774.907552673     
         380   355461.717622996     
         385   346367.362125332     
         390   337476.823987838     
         395   328777.295682823     
         400   320257.897660324     
         405   311909.423089193     
         410   303724.108595042     
         415   295695.429880655     
         420   287817.920644254     
         425   280087.012969226     
         430   272498.897270492     
         435   265050.399894312     
         440   257738.876542447     
         445   250562.119802639     
         450   243518.279197428     
         455   236605.792300933     
         460   229823.325610570     
         465   223169.723993069     
         470   216643.967648756     
         475   210245.135653431     
         480   203972.375242701     
         485   197824.876099284     
         490   191801.848989926     
         495   185902.508175806     
         500   180126.057089102     
