         100  1.909936150946416E-006
         105   108618.672079286     
         110   209222.132541506     
         115   302253.976566427     
         120   388135.976660070     
         125   467269.089268830     
         130   540034.416648584     
         135   606794.126099365     
         140   667892.328414740     
         145   723655.917291958     
         150   774395.371383313     
         155   820405.520602421     
         160   861966.278232237     
         165   899343.340316643     
         170   932788.853755047     
         175   962542.054459744     
         180   988829.876878823     
         185   1011867.53613300     
         190   1031859.08396306     
         195   1048997.93963543     
         200   1063467.39690685     
         205   1075441.10810531     
         210   1085083.54634330     
         215   1092550.44684138     
         220   1097989.22830457     
         225   1101539.39526226     
         230   1103332.92225302     
         235   1103494.62072800     
         240   1102142.48962210     
         245   1099388.05050198     
         250   1095336.66601478     
         255   1090087.83299503     
         260   1083735.44446275     
         265   1076368.08699990     
         270   1068069.58822969     
         275   1058919.94792624     
         280   1048995.96897488     
         285   1038369.71201507     
         290   1027103.40743118     
         295   1015243.40605020     
         300   1002820.33335831     
         305   989861.263522852     
         310   976410.711257170     
         315   962548.393667383     
         320   948392.018278039     
         325   934082.471970032     
         330   919758.583191151     
         335   905532.381506928     
         340   891473.078769823     
         345   877602.553593198     
         350   863900.567893479     
         355   850315.799386302     
         360   836778.745000268     
         365   823213.642442508     
         370   809547.886021025     
         375   795718.486956692     
         380   781675.800496277     
         385   767385.058573556     
         390   752826.320917360     
         395   737993.398658825     
         400   722892.191551262     
         405   707538.759772590     
         410   691957.346623351     
         415   676178.486832430     
         420   660237.276209829     
         425   644171.838226986     
         430   628021.997123590     
         435   611828.151072267     
         440   595630.329278723     
         445   579467.410869621     
         450   563376.478658756     
         455   547392.274932402     
         460   531546.715878285     
         465   515868.400365507     
         470   500382.006189598     
         475   485107.379849175     
         480   470057.947627330     
         485   455237.709427606     
         490   440635.321568521     
         495   426212.212703374     
         500   411878.437775275     
