         100 -1.642938234399929E-002
         105   81053.9592291849     
         110   156126.410062348     
         115   225548.434153145     
         120   289634.869935704     
         125   348685.027472192     
         130   402983.359721934     
         135   452800.148903314     
         140   498392.177530702     
         145   540003.367319891     
         150   577865.384941177     
         155   612198.217422991     
         160   643210.719974679     
         165   671101.138498674     
         170   696057.610832299     
         175   718258.675433399     
         180   737874.002922430     
         185   755066.502331094     
         190   769999.969636654     
         195   782861.950840663     
         200   793913.892738289     
         205   803567.774431115     
         210   812457.751001145     
         215   821451.268892429     
         220   831559.110101431     
         225   843756.815499076     
         230   858781.237252391     
         235   876978.102054642     
         240   898247.268927406     
         245   922087.752906518     
         250   947711.285206504     
         255   974181.949528198     
         260   1000546.12997310     
         265   1025931.70561203     
         270   1049609.80395756     
         275   1071022.35710844     
         280   1089783.58478651     
         285   1105664.56590850     
         290   1118568.88799990     
         295   1128505.31815520     
         300   1135561.35726275     
         305   1139879.82310012     
         310   1141639.37233002     
         315   1141039.07848435     
         320   1138286.73516919     
         325   1133590.34607557     
         330   1127152.20728095     
         335   1119165.01702634     
         340   1109809.51930787     
         345   1099253.27274389     
         350   1087650.21976371     
         355   1075140.80556546     
         360   1061852.45864772     
         365   1047900.29486143     
         370   1033387.94601812     
         375   1018408.44382479     
         380   1003045.11206797     
         385   987372.436169898     
         390   971456.890877726     
         395   955357.715056407     
         400   939127.628230774     
         405   922813.487351346     
         410   906456.884761540     
         415   890094.689908362     
         420   873759.538248332     
         425   857480.271261480     
         430   841282.331646400     
         435   825188.117733541     
         440   809217.300995370     
         445   793387.110301794     
         450   777712.586301655     
         455   762206.809029423     
         460   746881.101555306     
         465   731745.212226319     
         470   716807.477790856     
         475   702074.969462852     
         480   687553.623765002     
         485   673248.359793497     
         490   659163.184368926     
         495   645301.286378101     
         500   631665.121468364     
