         100 -1.558832855705904E-002
         105   95608.1894624213     
         110   184160.900097336     
         115   266048.649491547     
         120   341642.785793372     
         125   411296.339289297     
         130   475344.824955206     
         135   534107.051969025     
         140   587885.911657614     
         145   636969.128238587     
         150   681629.971678083     
         155   722127.935602150     
         160   758709.383151875     
         165   791608.163076984     
         170   821046.198314817     
         175   847234.055144625     
         180   870371.559434553     
         185   890648.905855658     
         190   908250.336139066     
         195   923366.838794351     
         200   936230.271717669     
         205   947179.520893586     
         210   956747.458592105     
         215   965722.454462604     
         220   975124.240081280     
         225   986067.565020447     
         230   999549.622202439     
         235   1016240.66499370     
         240   1036352.74000101     
         245   1059620.22323137     
         250   1085379.39391192     
         255   1112706.33712147     
         260   1140568.13726250     
         265   1167953.79575316     
         270   1193967.84723266     
         275   1217883.78023424     
         280   1239163.14445048     
         285   1257449.87646272     
         290   1272549.48948690     
         295   1284401.05269527     
         300   1293047.59183016     
         305   1298608.40146460     
         310   1301255.08017860     
         315   1301191.93696743     
         320   1298640.69930675     
         325   1293829.06846993     
         330   1286982.50725474     
         335   1278318.62184155     
         340   1268043.55039668     
         345   1256349.85512535     
         350   1243415.50698603     
         355   1229403.63971821     
         360   1214462.82596616     
         365   1198727.69116282     
         370   1182319.73087415     
         375   1165348.23599975     
         380   1147911.25946907     
         385   1130096.57973841     
         390   1111982.63215670     
         395   1093639.39053559     
         400   1075129.18916408     
         405   1056507.48093831     
         410   1037823.53091174     
         415   1019121.04692094     
         420   1000438.75038617     
         425   981810.891200837     
         430   963267.711009467     
         435   944835.859274515     
         440   926538.766447946     
         445   908396.978366001     
         450   890428.455723017     
         455   872648.842185890     
         460   855071.704406618     
         465   837708.746890428     
         470   820570.004390024     
         475   803664.014227440     
         480   786997.970696389     
         485   770577.863470649     
         490   754408.601737772     
         495   738494.125591314     
         500   722837.506047638     
