         100 -1.375486273066401E-002
         105   63274.0680272471     
         110   121878.703299201     
         115   176072.365224672     
         120   226100.835423735     
         125   272197.773719246     
         130   314585.239517665     
         135   353474.227634644     
         140   389065.193013815     
         145   421548.550191296     
         150   451105.146580186     
         155   477906.711853361     
         160   502116.285671293     
         165   523888.625465443     
         170   543370.595543766     
         175   560701.538336159     
         180   576013.627221352     
         185   589432.194753430     
         190   601076.014079705     
         195   611057.486634520     
         200   619482.688516569     
         205   626451.304454507     
         210   632056.620411938     
         215   636385.824293943     
         220   639520.753209347     
         225   641538.974360328     
         230   642514.887332411     
         235   642520.527310988     
         240   641625.905567382     
         245   639898.919046741     
         250   637404.988390120     
         255   634206.612554256     
         260   630362.986283658     
         265   625929.758824559     
         270   620958.951712527     
         275   615499.014502536     
         280   609594.980123441     
         285   603288.679846209     
         290   596618.984470322     
         295   589622.047771790     
         300   582331.537276482     
         305   574778.844587423     
         310   566993.272502122     
         315   559002.199271070     
         320   550831.222033366     
         325   542504.282179610     
         330   534043.775510007     
         335   525470.649847251     
         340   516804.492407828     
         345   508063.608839647     
         350   499265.095457813     
         355   490424.905881257     
         360   481557.912999987     
         365   472677.966984308     
         370   463797.949877415     
         375   454929.827183165     
         380   446084.696763710     
         385   437272.835289838     
         390   428503.742434334     
         395   419786.182960563     
         400   411128.226831055     
         405   402537.287441205     
         410   394020.158069095     
         415   385583.046622327     
         420   377231.608755434     
         425   368970.979426008     
         430   360805.802953655     
         435   352740.261642686     
         440   344778.103026904     
         445   336922.665792656     
         450   329176.904434426     
         455   321543.412695434     
         460   314024.445844096     
         465   306621.941835532     
         470   299337.541405801     
         475   292172.607144937     
         480   285128.241593366     
         485   278205.304404757     
         490   271404.428616841     
         495   264726.036070278     
         500   258170.352014159     
