         100 -8.255308216879918E-003
         105   105181.325225991     
         110   202600.908534002     
         115   292688.337130997     
         120   375852.086960022     
         125   452480.479214882     
         130   522942.588419565     
         135   587589.132768933     
         140   646753.332567997     
         145   700751.729367858     
         150   749884.966281458     
         155   794438.531845150     
         160   834683.469734715     
         165   870877.056286673     
         170   903263.447486002     
         175   932074.296876459     
         180   957529.345441122     
         185   979836.980148087     
         190   999194.713746722     
         195   1015789.22884099     
         200   1029794.17780065     
         205   1041359.60259102     
         210   1050579.79591859     
         215   1057425.21963805     
         220   1061643.83750767     
         225   1062676.81721986     
         230   1059658.80564416     
         235   1051546.89595595     
         240   1037353.93236485     
         245   1016402.49452447     
         250   988507.421089956     
         255   954034.371876422     
         260   913836.480104305     
         265   869109.693821303     
         270   821218.994048610     
         275   771538.389047470     
         280   721329.466745148     
         285   671666.027673114     
         290   623400.552197697     
         295   577162.534633721     
         300   533377.547622799     
         305   492297.336762654     
         310   454033.709937556     
         315   418591.491668481     
         320   385897.884383065     
         325   355827.078194263     
         330   328219.921254576     
         335   302899.018164621     
         340   279679.888196297     
         345   258378.893844971     
         350   238818.622399044     
         355   220831.322555014     
         360   204260.898302005     
         365   188963.862659287     
         370   174809.564146919     
         375   161679.922994135     
         380   149468.852578624     
         385   138081.493261793     
         390   127433.348739063     
         395   117449.387202307     
         400   108063.149090658     
         405   99215.8883232888     
         410   90855.7632946915     
         415   82937.0864804734     
         420   75419.6364042059     
         425   68268.0323101787     
         430   61451.1696907245     
         435   54941.7134736427     
         440   48715.6449245581     
         445   42751.8579724238     
         450   37031.8005890011     
         455   31539.1569496170     
         460   26259.5663060315     
         465   21180.3747667621     
         470   16290.4164743895     
         475   11579.8209723921     
         480   7039.84385247052     
         485   2662.71805879549     
         490  -1558.47650665449     
         495  -5629.92718593040     
         500  -9557.18845581553     
