         100 -2.842051101678758E-003
         105   107711.287951620     
         110   207474.260316983     
         115   299728.816868651     
         120   384893.224173191     
         125   463365.107529205     
         130   535522.396755170     
         135   601724.237806061     
         140   662311.866563253     
         145   717609.443397114     
         150   767924.849773533     
         155   813550.448780775     
         160   854763.811389739     
         165   891828.410095075     
         170   924994.281444147     
         175   954498.658855804     
         180   980566.577050971     
         185   1003411.44935333     
         190   1023235.61906548     
         195   1040230.88607690     
         200   1054579.00973197     
         205   1066452.18807124     
         210   1076013.50901846     
         215   1083417.36130990     
         220   1088809.83274984     
         225   1092329.39557187     
         230   1094108.84840283     
         235   1094280.05675045     
         240   1092982.18464281     
         245   1090371.30116145     
         250   1086626.41036231     
         255   1081947.03614899     
         260   1076541.11005857     
         265   1070606.56011149     
         270   1064312.60675326     
         275   1057786.22175385     
         280   1051106.54937422     
         285   1044307.13490527     
         290   1037383.82151416     
         295   1030305.49823313     
         300   1023025.19830433     
         305   1015489.84228895     
         310   1007647.77042887     
         315   999453.879728591     
         320   990872.603303400     
         325   981879.170168380     
         330   972459.627871752     
         335   962610.064095293     
         340   952335.377237779     
         345   941647.852524873     
         350   930565.716662902     
         355   919111.777388546     
         360   907312.205260564     
         365   895195.481484014     
         370   882791.514183174     
         375   870130.913079044     
         380   857244.406194988     
         385   844162.379846271     
         390   830914.523195382     
         395   817529.559996083     
         400   804035.052101954     
         405   790457.261447335     
         410   776821.059272498     
         415   763149.873234550     
         420   749465.664670412     
         425   735788.929651841     
         430   722138.718612748     
         435   708532.670264742     
         440   694987.056280183     
         445   681516.833844553     
         450   668135.703689899     
         455   654856.171642809     
         460   641689.612073835     
         465   628646.331936372     
         470   615735.634343693     
         475   602965.880861644     
         480   590344.551896867     
         485   577878.304738991     
         490   565573.028970744     
         495   553433.899091302     
         500   541465.424303985     
