         100 -2.842051101678758E-003
         105   107711.287951620     
         110   207474.260316983     
         115   299728.816868651     
         120   384893.224173191     
         125   463365.107529205     
         130   535522.396755170     
         135   601724.237806061     
         140   662311.866563253     
         145   717609.443397114     
         150   767924.849773533     
         155   813550.448780775     
         160   854763.811389739     
         165   891828.410095075     
         170   924994.281444147     
         175   954498.658855804     
         180   980566.577050970     
         185   1003411.44935333     
         190   1023235.61906622     
         195   1040230.88610727     
         200   1054579.01036038     
         205   1066452.19616893     
         210   1076013.57842984     
         215   1083417.76695697     
         220   1088811.42854443     
         225   1092333.14362597     
         230   1094109.78113482     
         235   1094244.69680617     
         240   1092795.14608055     
         245   1089744.43604869     
         250   1084983.20088726     
         255   1078314.83800897     
         260   1069490.05177695     
         265   1058261.53597826     
         270   1044441.36019474     
         275   1027944.45756332     
         280   1008809.05397146     
         285   987193.655460466     
         290   963356.396334663     
         295   937624.926110233     
         300   910364.353780652     
         305   881948.553354945     
         310   852737.641956822     
         315   823062.410136566     
         320   793215.162931371     
         325   763445.766447920     
         330   733961.509138154     
         335   704929.487559033     
         340   676480.460892106     
         345   648713.386488104     
         350   621700.094709342     
         355   595489.761533021     
         360   570112.987063228     
         365   545585.392395149     
         370   521910.715098884     
         375   499083.424289523     
         380   477090.898002883     
         385   455915.214870389     
         390   435534.613651023     
         395   415924.671357950     
         400   397059.245713763     
         405   378911.221862640     
         410   361453.097471350     
         415   344657.434997327     
         420   328497.205184097     
         425   312946.041811568     
         430   297978.424349696     
         435   283569.802367478     
         440   269696.673248684     
         445   256336.622873585     
         450   243468.337361776     
         455   231071.592664620     
         460   219127.227688712     
         465   207617.105677358     
         470   196524.067740423     
         475   185831.881679092     
         480   175525.188586087     
         485   165589.449106550     
         490   156010.890720113     
         495   146776.456955002     
         500   137873.759077381     
