         100 -1.375486273066401E-002
         105   63274.0680272471     
         110   121878.703299201     
         115   176072.365224672     
         120   226100.835423735     
         125   272197.773719246     
         130   314585.239517665     
         135   353474.227634644     
         140   389065.193013815     
         145   421548.550191296     
         150   451105.146580175     
         155   477906.711852814     
         160   502116.285652689     
         165   523888.625017790     
         170   543370.587808197     
         175   560701.440777902     
         180   576012.713361952     
         185   589425.711119707     
         190   601040.412792166     
         195   610902.621204700     
         200   618935.867705486     
         205   624845.417658861     
         210   628040.940316731     
         215   627646.553729055     
         220   622637.084730602     
         225   612070.379940224     
         230   595330.138526654     
         235   572290.661461580     
         240   543357.524151758     
         245   509391.932605708     
         250   471561.934387292     
         255   431172.011209019     
         260   389511.364569934     
         265   347742.676784552     
         270   306836.470821076     
         275   267545.399376184     
         280   230407.972589481     
         285   195770.689323520     
         290   163819.303865856     
         295   134612.528854945     
         300   108113.947881657     
         305   84219.8853244352     
         310   62782.3676294797     
         315   43627.1785073516     
         320   26567.4851881064     
         325   11413.7193031805     
         330  -2019.56331025940     
         335  -13909.1701591645     
         340  -24420.5258640993     
         345  -33706.2156331180     
         350  -41905.4420505157     
         355  -49144.1065930246     
         360  -55535.3001465422     
         365  -61180.0449602155     
         370  -66168.1755647173     
         375  -70579.2803212610     
         380  -74483.6506011526     
         385  -77943.2030537366     
         390  -81012.3536332201     
         395  -83738.8313399162     
         400  -86164.4260226874     
         405  -88325.6688793243     
         410  -90254.4470769266     
         415  -91978.5556375566     
         420  -93522.1907194616     
         425  -94906.3889053670     
         430  -96149.4172544105     
         435  -97267.1188018263     
         440  -98273.2179833989     
         445  -99179.5901771302     
         450  -99996.4992312682     
         455  -100732.806511545     
         460  -101396.154667780     
         465  -101993.129001194     
         470  -102529.399014726     
         475  -103009.842452440     
         480  -103438.653881714     
         485  -103819.439643194     
         490  -104155.300787530     
         495  -104448.905433217     
         500  -104702.551814959     
