         100 -1.708812347853642E-004
         105   108569.047408934     
         110   209126.541372866     
         115   302115.875027463     
         120   387958.629238430     
         125   467055.578381004     
         130   539787.651279043     
         135   606516.850021763     
         140   667587.128173695     
         145   723325.229932469     
         150   774041.491889757     
         155   820030.609024979     
         160   861572.366494737     
         165   898932.338709860     
         170   932362.557124814     
         175   962102.148101708     
         180   988377.942152715     
         185   1011405.05580967     
         190   1031387.44731766     
         195   1048518.44730021     
         200   1062981.26549766     
         205   1074949.47463651     
         210   1084587.47244784     
         215   1092050.92281423     
         220   1097487.17698851     
         225   1101035.67586902     
         230   1102828.33508923     
         235   1102989.91745473     
         240   1101638.39373563     
         245   1098885.23799932     
         250   1094835.46810664     
         255   1089587.29110455     
         260   1083232.02753454     
         265   1075856.28562792     
         270   1067548.01081453     
         275   1058404.43837723     
         280   1048535.56479819     
         285   1038056.40779766     
         290   1027066.66815715     
         295   1015623.90396173     
         300   1003721.19585321     
         305   991280.192961912     
         310   978165.532946492     
         315   964218.683453025     
         320   949301.617362302     
         325   933337.189449652     
         330   916335.211133551     
         335   898399.270090321     
         340   879715.846157345     
         345   860531.522232592     
         350   841125.290746657     
         355   821781.851659443     
         360   802769.652316784     
         365   784325.271549989     
         370   766644.147015248     
         375   749876.711830235     
         380   734128.632517445     
         385   719463.835478393     
         390   705909.198626041     
         395   693460.043094915     
         400   682085.813145133     
         405   671735.545574407     
         410   662342.892944708     
         415   653830.580623352     
         420   646114.254350640     
         425   639105.722107300     
         430   632715.619676655     
         435   626855.539798663     
         440   621439.664562761     
         445   616385.932368693     
         450   611616.755851861     
         455   607059.286525322     
         460   602645.197124305     
         465   598309.928607308     
         470   593991.339254807     
         475   589627.733492226     
         480   585155.421730162     
         485   580506.460787645     
         490   575608.471555607     
         495   570391.351199928     
         500   564812.282759172     
