         100 -1.537588838339896E-002
         105   72439.4345177793     
         110   139533.068367382     
         115   201576.797922289     
         120   258852.004431511     
         125   311626.191366503     
         130   360153.582380230     
         135   404675.734738175     
         140   445422.139691379     
         145   482610.794005633     
         150   516448.741638366     
         155   547132.588134866     
         160   574848.990266215     
         165   599775.122540823     
         170   622079.117311945     
         175   641920.428686812     
         180   659449.742228168     
         185   674806.497814468     
         190   688107.404881131     
         195   699411.588914620     
         200   708646.514070920     
         205   715500.421013152     
         210   719330.871146154     
         215   719167.044088429     
         220   713854.055849878     
         225   702310.881322090     
         230   683807.818574956     
         235   658161.469997874     
         240   625790.930308798     
         245   587640.112094375     
         250   545013.254964886     
         255   499382.127037901     
         260   452211.837920228     
         265   404831.395745715     
         270   358355.933468418     
         275   313654.811604312     
         280   271353.926362883     
         285   231859.671517329     
         290   195393.881373825     
         295   162031.965813541     
         300   131739.273953509     
         305   104403.002601125     
         310   79858.5801838596     
         315   57910.4762364353     
         320   38347.9501436708     
         325   20956.5036244112     
         330   5525.85760507992     
         335  -8144.77795074068     
         340  -20243.4754514264     
         345  -30943.8547158755     
         350  -40404.4080843088     
         355  -48768.5525431271     
         360  -56165.1594734662     
         365  -62709.3795827768     
         370  -68503.6325760239     
         375  -73638.6705529175     
         380  -78194.6534156175     
         385  -82242.1959448771     
         390  -85843.3615212258     
         395  -89052.5882472096     
         400  -91917.5406580386     
         405  -94479.8852057599     
         410  -96775.9909555804     
         415  -98837.5589539179     
         420  -100692.184891103     
         425  -102363.860258864     
         430  -103873.417388184     
         435  -105238.923684453     
         440  -106476.030150267     
         445  -107598.278968254     
         450  -108617.374551968     
         455  -109543.422092232     
         460  -110385.137248705     
         465  -111150.030273940     
         470  -111844.567516796     
         475  -112474.312937306     
         480  -113044.051977378     
         485  -113557.899870805     
         490  -114019.396241033     
         495  -114431.587624358     
         500  -114797.099367925     
