 0.2205115-275
 0.5971963E-18
 0.3902823E-04
 0.1020225E+00
 0.2763263E+01
 0.1685438E+02
 0.5371947E+02
 0.1216487E+03
 0.2239733E+03
 0.3587378E+03
 0.5191314E+03
 0.6946843E+03
 0.8730587E+03
 0.1042015E+04
 0.1191091E+04
 0.1312698E+04
 0.1402526E+04
 0.1459374E+04
 0.1484595E+04
 0.1481359E+04
 0.1453924E+04
 0.1406999E+04
 0.1345264E+04
 0.1273048E+04
 0.1194145E+04
 0.1111732E+04
 0.1028365E+04
 0.9460274E+03
 0.8661898E+03
 0.7898939E+03
 0.7178286E+03
 0.6504020E+03
 0.5878055E+03
 0.5300672E+03
 0.4770960E+03
 0.4287175E+03
 0.3847015E+03
 0.3447835E+03
 0.3086810E+03
 0.2761055E+03
 0.2467712E+03
 0.2204007E+03
 0.1967296E+03
 0.1755085E+03
 0.1565047E+03
 0.1395026E+03
 0.1243040E+03
 0.1107272E+03
 0.9860682E+02
 0.8779238E+02
 0.7814778E+02
 0.6955003E+02
 0.6188827E+02
 0.5506277E+02
 0.4898395E+02
 0.4357144E+02
 0.3875325E+02
 0.3446491E+02
 0.3064881E+02
 0.2725342E+02
 0.2423277E+02
 0.2154579E+02
 0.1915587E+02
 0.1703035E+02
 0.1514013E+02
 0.1345928E+02
 0.1196470E+02
 0.1063582E+02
 0.9454319E+01
 0.8403906E+01
 0.7470067E+01
 0.6639893E+01
 0.5901899E+01
 0.5245865E+01
 0.4662704E+01
 0.4144330E+01
 0.3683555E+01
 0.3273985E+01
 0.2909936E+01
 0.2586351E+01
 0.2298737E+01
