 0.4741760E+03
 0.3907198E+02
 0.1526917E+02
 0.9209081E+01
 0.6587858E+01
 0.5106033E+01
 0.4126665E+01
 0.3414092E+01
 0.2863517E+01
 0.2421743E+01
 0.2058757E+01
 0.1756032E+01
 0.1501200E+01
 0.1285434E+01
 0.1102082E+01
 0.9459197E+00
 0.8127184E+00
 0.6989854E+00
 0.6017974E+00
 0.5186872E+00
 0.4475637E+00
 0.3866499E+00
 0.3344347E+00
 0.2896325E+00
 0.2511498E+00
 0.2180575E+00
 0.1895655E+00
 0.1650028E+00
 0.1437995E+00
 0.1254712E+00
 0.1096063E+00
 0.9585479E-01
 0.8391877E-01
 0.7354458E-01
 0.6451592E-01
 0.5664816E-01
 0.4978349E-01
 0.4378682E-01
 0.3854238E-01
 0.3395076E-01
 0.2992650E-01
 0.2639601E-01
 0.2329579E-01
 0.2057101E-01
 0.1817422E-01
 0.1606429E-01
 0.1420556E-01
 0.1256699E-01
 0.1112160E-01
 0.9845861E-02
 0.8719248E-02
 0.7723823E-02
 0.6843897E-02
 0.6065731E-02
 0.5377280E-02
 0.4767975E-02
 0.4228532E-02
 0.3750790E-02
 0.3327569E-02
 0.2952546E-02
 0.2620151E-02
 0.2325470E-02
 0.2064171E-02
 0.1832428E-02
 0.1626861E-02
 0.1444484E-02
 0.1282658E-02
 0.1139046E-02
 0.1011584E-02
 0.8984412E-03
 0.7979993E-03
 0.7088238E-03
 0.6296441E-03
 0.5593339E-03
 0.4968952E-03
 0.4414429E-03
 0.3921923E-03
 0.3484472E-03
 0.3095903E-03
 0.2750737E-03
 0.2444112E-03
