         100 -1.623371710090329E-004
         105   103140.593043762     
         110   198670.203702352     
         115   287010.047761110     
         120   368560.625017299     
         125   443702.672783337     
         130   512798.075770198     
         135   576190.737827508     
         140   634207.416096178     
         145   687158.518334881     
         150   735338.864730897     
         155   779028.415682537     
         160   818492.967040954     
         165   853984.814245686     
         170   885743.386723181     
         175   913995.853853132     
         180   938957.703746718     
         185   960833.296024892     
         190   979816.389733225     
         195   996090.647482449     
         200   1009830.11686018     
         205   1021199.69011906     
         210   1030355.54310994     
         215   1037445.55439623     
         220   1042609.70545905     
         225   1045980.46283674     
         230   1047683.14257433     
         235   1047836.25584966     
         240   1046551.83703889     
         245   1043935.78693945     
         250   1040088.33806822     
         255   1035104.71238565     
         260   1029075.57602637     
         265   1022086.18595992     
         270   1014213.37077486     
         275   1005521.54081740     
         280   996061.345049734     
         285   985874.661378120     
         290   975006.517658496     
         295   963520.356583954     
         300   951510.450887666     
         305   939105.477191550     
         310   926460.107194789     
         315   913735.938654021     
         320   901077.275650280     
         325   888589.107308992     
         330   876323.314713459     
         335   864275.693776622     
         340   852392.764019474     
         345   840585.025204416     
         350   828742.726012647     
         355   816750.881175713     
         360   804501.499741737     
         365   791902.191395084     
         370   778881.203646986     
         375   765389.448570446     
         380   751400.271606164     
         385   736907.705528690     
         390   721923.838450175     
         395   706475.775362481     
         400   690602.528718133     
         405   674352.053629531     
         410   657778.552496020     
         415   640940.110201816     
         420   623896.679576209     
         425   606708.412259477     
         430   589434.317883530     
         435   572131.231071884     
         440   554853.068792665     
         445   537650.368523158     
         450   520570.109468587     
         455   503655.833679463     
         460   486948.099523950     
         465   470485.312759536     
         470   454304.982091484     
         475   438445.418122969     
         480   422947.794542483     
         485   407858.221804952     
         490   393228.842521638     
         495   379115.499694821     
         500   366710.539096056     
