         100 -1.280764418000929E-002
         105   58518.5574821101     
         110   112718.624309547     
         115   162839.237448020     
         120   209107.707451752     
         125   251740.133007935     
         130   290941.883800819     
         135   326908.096426884     
         140   359824.159815389     
         145   389866.177191619     
         150   417201.403796387     
         155   441988.662498125     
         160   464378.739390069     
         165   484514.761061829     
         170   502532.556285318     
         175   518561.019190887     
         180   532722.590897921     
         185   545134.433260975     
         190   555912.186143535     
         195   565180.224381584     
         200   573092.358743891     
         205   579860.620240321     
         210   585778.148735813     
         215   591215.885531587     
         220   596581.909874627     
         225   602252.736984471     
         230   608502.032771255     
         235   615452.793339438     
         240   623066.277764674     
         245   631165.136188378     
         250   639477.857979153     
         255   647689.334490177     
         260   655485.718354883     
         265   662587.245902281     
         270   668767.585356553     
         275   673861.427295216     
         280   677763.429522890     
         285   680421.771811764     
         290   681829.046195514     
         295   682012.448279164     
         300   681024.506568728     
         305   678935.006768703     
         310   675824.361388740     
         315   671778.420926195     
         320   666884.584375823     
         325   661229.006923044     
         330   654894.691262498     
         335   647960.264219590     
         340   640499.267799786     
         345   632579.824675150     
         350   624264.567613846     
         355   615610.748186427     
         360   606670.461488894     
         365   597490.940690836     
         370   588114.888435181     
         375   578580.822118914     
         380   568923.417511439     
         385   559173.840594982     
         390   549360.061423400     
         395   539507.146579361     
         400   529637.528763573     
         405   519771.253396195     
         410   509926.203011695     
         415   500118.300800077     
         420   490361.694972630     
         425   480668.925770253     
         430   471051.076934058     
         435   461517.913360037     
         440   452078.006495291     
         445   442738.848831552     
         450   433506.958637317     
         455   424387.975862968     
         460   415386.749968704     
         465   406507.420272618     
         470   397753.489300170     
         475   389127.889536660     
         480   380633.043937433     
         485   372270.920530593     
         490   364043.081446729     
         495   355950.726722276     
         500   347994.473704254     
