         100 -1.036809366929063E-002
         105   47372.1690608245     
         110   91248.4168586663     
         115   131822.249522839     
         120   169277.680372661     
         125   203789.646453471     
         130   235524.399426638     
         135   264639.907024726     
         140   291286.246011017     
         145   315605.976149786     
         150   337734.494550673     
         155   357800.372115993     
         160   375925.673766866     
         165   392226.263423156     
         170   406812.090052777     
         175   419787.407123521     
         180   431250.577395799     
         185   441291.743958442     
         190   449982.693546836     
         195   457347.162415449     
         200   463299.752613770     
         205   467560.550166235     
         210   469587.402580715     
         215   468586.776679504     
         220   463636.679307475     
         225   453893.667576622     
         230   438807.552619359     
         235   418265.631649373     
         240   392626.581815375     
         245   362651.705248709     
         250   329372.172763018     
         255   293937.901104271     
         260   257483.528775304     
         265   221030.494071052     
         270   185429.525733432     
         275   151338.393026172     
         280   119225.574851351     
         285   89390.0785985246     
         290   61989.2299856396     
         295   37068.5369822791     
         300   14589.9171435015     
         305  -5543.68160512625     
         310  -23468.0165859522     
         315  -39341.6299213499     
         320  -53333.8440164963     
         325  -65616.0653593832     
         330  -76355.7548802501     
         335  -85712.4689268451     
         340  -93835.4573574728     
         345  -100862.398009976     
         350  -106918.935396703     
         355  -112118.769068470     
         360  -116564.101424649     
         365  -120346.306070211     
         370  -123546.717587234     
         375  -126237.473685377     
         380  -128482.363024478     
         385  -130337.648272862     
         390  -131852.845619069     
         395  -133071.450156254     
         400  -134031.602218124     
         405  -134766.693558490     
         410  -135305.914754394     
         415  -135674.746759745     
         420  -135895.400422842     
         425  -135987.208209877     
         430  -135966.972493532     
         435  -135849.274676413     
         440  -135646.749199005     
         445  -135370.326185966     
         450  -135029.446151978     
         455  -134632.249846949     
         460  -134185.745988970     
         465  -133695.959324256     
         470  -133168.061173186     
         475  -132606.484373332     
         480  -132015.024313892     
         485  -131396.927569134     
         490  -130754.969477921     
         495  -130091.521878241     
         500  -129408.515549276     
