         100  1.623445773840880E-006
         105   92325.8732155302     
         110   177838.810222114     
         115   256915.859892079     
         120   329915.527015524     
         125   397178.626102330     
         130   459029.096215512     
         135   515774.781280534     
         140   567708.176632834     
         145   615107.142632397     
         150   658235.586533753     
         155   697344.113927287     
         160   732670.651069375     
         165   764441.039376503     
         170   792869.603304336     
         175   818159.692777269     
         180   840504.201280824     
         185   860086.060679663     
         190   877078.713777879     
         195   891646.565595841     
         200   903945.414298421     
         205   914122.862673036     
         210   922318.711022090     
         215   928665.332303528     
         220   933288.030324936     
         225   936305.381771159     
         230   937829.562826027     
         235   937966.661189941     
         240   936816.974590071     
         245   934475.296765419     
         250   931031.185072544     
         255   926569.181486325     
         260   921168.970477477     
         265   914905.685324261     
         270   907851.026341587     
         275   900075.567483068     
         280   891650.059964551     
         285   882639.907549127     
         290   873088.770108289     
         295   862999.638846184     
         300   852335.715573363     
         305   841058.696429286     
         310   829193.772135176     
         315   816883.566299771     
         320   804394.910296764     
         325   792071.102280074     
         330   780252.572362916     
         335   769200.036600166     
         340   759045.406510291     
         345   749778.651625363     
         350   741264.741868759     
         355   733278.308230272     
         360   725543.734128322     
         365   717771.885152725     
         370   709688.852130809     
         375   701055.415691319     
         380   691678.004484149     
         385   681412.873942637     
         390   670165.438376817     
         395   657886.488561011     
         400   644566.664745621     
         405   630230.175425374     
         410   614928.424131008     
         415   598733.952153245     
         420   581734.922158846     
         425   564030.243620145     
         430   545725.361019225     
         435   526928.676329443     
         440   507748.547064007     
         445   488290.780899807     
         450   468656.528815056     
         455   448940.450204126     
         460   429228.968388476     
         465   409598.320263932     
         470   390111.860642249     
         475   370815.561426196     
         480   351729.510465017     
         485   332830.518033515     
         490   314012.037890435     
         495   294955.997262705     
         500   281075.492274365     
