         100 -1.614468206938941E-002
         105   76061.4030858084     
         110   146509.718562747     
         115   211655.640861151     
         120   271794.621131903     
         125   327207.537302533     
         130   378161.323208203     
         135   424909.613174611     
         140   467693.372471468     
         145   506741.497364438     
         150   542271.383817536     
         155   574489.467572443     
         160   603591.738270819     
         165   629764.229749299     
         170   653183.489629541     
         175   674017.046579748     
         180   692424.003975337     
         185   708556.412492522     
         190   722563.654270929     
         195   734604.680431760     
         200   744873.447832201     
         205   753635.622809113     
         210   761259.838408789     
         215   768217.333710988     
         220   775033.705140134     
         225   782202.346631358     
         230   790091.283269733     
         235   798877.788092543     
         240   808529.763682100     
         245   818832.228336636     
         250   829443.050760886     
         255   839958.213195156     
         260   849970.788993305     
         265   859114.826864264     
         270   867091.807983838     
         275   873681.628913382     
         280   878742.044592955     
         285   882200.802494099     
         290   884044.065677910     
         295   884303.750549592     
         300   883045.452706379     
         305   880357.865894705     
         310   876344.054895667     
         315   871114.599546065     
         320   864782.437116580     
         325   857459.145724758     
         330   849252.392516398     
         335   840264.287889402     
         340   830590.421654443     
         345   820319.396845362     
         350   809532.715307198     
         355   798304.903027478     
         360   786703.791331344     
         365   774790.892573475     
         370   762621.826430545     
         375   750246.766140014     
         380   737710.883876628     
         385   725054.781661736     
         390   712314.899400112     
         395   699523.895346664     
         400   686710.996916746     
         405   673902.321563691     
         410   661121.168669470     
         415   648388.284181089     
         420   635722.100184353     
         425   623138.951816404     
         430   610653.273939381     
         435   598277.779879318     
         440   586023.624320428     
         445   573900.552173987     
         450   561917.034947390     
         455   550080.395850994     
         460   538396.924620363     
         465   526871.982814151     
         470   515510.100180866     
         475   504315.062572428     
         480   493289.991814599     
         485   482437.417916527     
         490   471759.344003731     
         495   461257.304380743     
         500   450920.593189695     
