         100  2.100929811577484E-006
         105   119480.541046665     
         110   230144.341173252     
         115   332479.345976132     
         120   426949.502827772     
         125   513995.865796969     
         130   594037.650139068     
         135   667473.242108016     
         140   734681.165076672     
         145   796021.003038017     
         150   851834.283025148     
         155   902445.318152967     
         160   948162.012986586     
         165   989276.632886652     
         170   1026066.53891167     
         175   1058794.88978565     
         180   1087711.31237062     
         185   1113052.54201934     
         190   1135043.03412390     
         195   1153895.54812108     
         200   1169811.70516414     
         205   1182982.52062380     
         210   1193588.91253731     
         215   1201802.18708446     
         220   1207784.50213305     
         225   1211689.30986459     
         230   1213661.77946370     
         235   1213839.20081846     
         240   1212351.37006546     
         245   1209320.95769707     
         250   1204863.86147442     
         255   1199089.55328529     
         260   1192101.43189236     
         265   1183997.13957651     
         270   1174868.65522077     
         275   1164801.96268485     
         280   1153876.71211840     
         285   1142167.47017220     
         290   1129748.23449217     
         295   1116698.90219946     
         300   1103107.87265928     
         305   1089064.58816338     
         310   1074642.56134415     
         315   1059881.92942214     
         320   1044782.48578000     
         325   1029311.83922186     
         330   1013424.73646269     
         335   997084.953557417     
         340   980282.058607722     
         345   963039.336478857     
         350   945413.154301480     
         355   927486.368980860     
         360   909358.921809796     
         365   891138.190244703     
         370   872930.696820228     
         375   854835.879369763     
         380   836941.997651071     
         385   819323.901345252     
         390   802042.246221544     
         395   785143.737935579     
         400   768662.040740911     
         405   752619.068136105     
         410   737026.450278666     
         415   721887.038301964     
         420   707196.355690142     
         425   692943.942667429     
         430   679114.563637981     
         435   665689.262655139     
         440   652646.259691955     
         445   639961.682084575     
         450   627610.120331428     
         455   615564.982239767     
         460   603798.585971476     
         465   592281.862138692     
         470   580983.386323488     
         475   569867.144339126     
         480   558887.732071483     
         485   547980.026687023     
         490   537035.012397792     
         495   525823.631810198     
         500   517774.037762806     
