         100 -8.820629869599610E-004
         105   113789.229118512     
         110   219181.673800991     
         115   316642.041083218     
         120   406612.184432684     
         125   489512.154342922     
         130   565741.200459513     
         135   635678.733446412     
         140   699685.245935605     
         145   758103.192695173     
         150   811257.831389193     
         155   859458.025644318     
         160   902997.012133128     
         165   942153.133299005     
         170   977190.537256214     
         175   1008359.84631686     
         180   1035898.79552424     
         185   1060032.84250809     
         190   1080975.74992003     
         195   1098930.14165624     
         200   1114088.03402837     
         205   1126631.34300368     
         210   1136732.36860292     
         215   1144554.25750832     
         220   1150251.44475067     
         225   1153970.07445468     
         230   1155848.39829056     
         235   1156017.15651008     
         240   1154599.97907813     
         245   1151713.89504649     
         250   1147470.01501518     
         255   1141974.25839471     
         260   1135327.74440671     
         265   1127626.45525491     
         270   1118960.15047131     
         275   1109411.01562978     
         280   1099052.77037120     
         285   1087950.77668648     
         290   1076163.24162050     
         295   1063743.18791692     
         300   1050740.66220550     
         305   1037204.68290212     
         310   1023184.60725470     
         315   1008730.80714907     
         320   993894.711195567     
         325   978728.368584690     
         330   963283.723368480     
         335   947611.775320258     
         340   931761.765952405     
         345   915780.482184867     
         350   899711.726662381     
         355   883595.968852716     
         360   867470.166862662     
         365   851367.735745352     
         370   835318.631892341     
         375   819349.522444250     
         380   803484.011272285     
         385   787742.897251382     
         390   772144.445105274     
         395   756704.653385622     
         400   741437.507847301     
         405   726355.211535277     
         410   711468.385380532     
         415   696786.235157201     
         420   682316.682445258     
         425   668066.458926673     
         430   654041.165036441     
         435   640245.295753362     
         440   626682.238127710     
         445   613354.246878100     
         450   600262.405803071     
         455   587406.583480464     
         460   574785.391311570     
         465   562396.149899635     
         470   550234.865526979     
         475   538296.211619022     
         480   526573.499976966     
         485   515058.612175569     
         490   503741.840334948     
         495   492611.551965281     
         500   482203.515346047     
