         100 -8.400600257306139E-004
         105   108370.699320028     
         110   208744.460718764     
         115   301563.862345623     
         120   387249.717045895     
         125   466202.072926827     
         130   538801.167763385     
         135   605408.345061458     
         140   666366.931152815     
         145   722003.073450440     
         150   772626.541172283     
         155   818531.490166611     
         160   859997.193467609     
         165   897288.739128634     
         170   930657.696793744     
         175   960342.754390066     
         180   986570.326254835     
         185   1009555.13394993     
         190   1029500.76096234     
         195   1046600.18244002     
         200   1061036.27106904     
         205   1072982.28015969     
         210   1082602.30498757     
         215   1090051.72348568     
         220   1095477.61750946     
         225   1099019.17404174     
         230   1100808.05099277     
         235   1100968.65018166     
         240   1099618.22190870     
         245   1096866.91999672     
         250   1092818.42170322     
         255   1087572.03929400     
         260   1081226.57969055     
         265   1073884.61759837     
         270   1065654.65730556     
         275   1056649.13153213     
         280   1046978.14408607     
         285   1036740.92919140     
         290   1026017.91787421     
         295   1014865.80639542     
         300   1003316.69847701     
         305   991381.035329211     
         310   979053.147016976     
         315   966317.971414832     
         320   953157.648242877     
         325   939557.083558051     
         330   925508.011582454     
         335   911011.447184051     
         340   896078.678894834     
         345   880731.095766803     
         350   864999.190733168     
         355   848921.066581632     
         360   832540.716413154     
         365   815906.281685140     
         370   799068.423495837     
         375   782078.885492363     
         380   764989.283027745     
         385   747850.122752762     
         390   730710.037666241     
         395   713615.212103782     
         400   696608.966668770     
         405   679731.472599535     
         410   663019.566963518     
         415   646506.643313780     
         420   630222.596374627     
         425   614193.803566284     
         430   598443.130537175     
         435   582989.952237752     
         440   567850.185345017     
         445   553036.331886520     
         450   538557.537480738     
         455   524419.670360752     
         460   510625.428826921     
         465   497174.484449488     
         470   484063.665636656     
         475   471287.180485648     
         480   458836.868407279     
         485   446702.455646080     
         490   434871.767830054     
         495   423330.816315100     
         500   412475.359116412     
