         100 -1.306711943016007E-002
         105   60110.3640957446     
         110   115784.769276036     
         115   167268.754435526     
         120   214795.812754401     
         125   258587.920527528     
         130   298856.033439970     
         135   335800.595964622     
         140   369612.039891760     
         145   400471.258779693     
         150   428550.057530906     
         155   454011.579277340     
         160   477010.711703239     
         165   497694.474316069     
         170   516202.386212568     
         175   532666.797792630     
         180   547213.060284986     
         185   559958.903166237     
         190   571010.922342482     
         195   580453.791496849     
         200   588327.685523566     
         205   594596.372868060     
         210   599121.539644738     
         215   601666.309168015     
         220   601940.936284902     
         225   599680.593842268     
         230   594726.666040654     
         235   587081.936803896     
         240   576924.303577947     
         245   564581.611839966     
         250   550482.039736019     
         255   535097.254067876     
         260   518891.810018521     
         265   502286.074188657     
         270   485634.382944625     
         275   469216.541078215     
         280   453239.154695196     
         285   437843.110404430     
         290   423114.103486759     
         295   409093.976330873     
         300   395791.454818603     
         305   383191.530100613     
         310   371263.196620155     
         315   359965.547403964     
         320   349252.386259833     
         325   339075.585492991     
         330   329387.431350465     
         335   320142.182488595     
         340   311297.035803990     
         345   302812.658993024     
         350   294653.415730929     
         355   286787.380004780     
         360   279186.211769932     
         365   271824.946645567     
         370   264681.737281156     
         375   257737.572604557     
         380   250975.992690340     
         385   244382.810820866     
         390   237945.849909115     
         395   231654.697370594     
         400   225500.480424037     
         405   219475.662398198     
         410   213573.859720371     
         415   207789.678708419     
         420   202118.570969436     
         425   196556.706043820     
         430   191100.859867132     
         435   185748.317615609     
         440   180496.789530515     
         445   175344.338367138     
         450   170289.317178240     
         455   165330.316215037     
         460   160466.117809414     
         465   155695.658187733     
         470   151017.995258164     
         475   146432.281508226     
         480   141937.741245361     
         485   137533.651508434     
         490   133219.326069978     
         495   128994.102035454     
         500   124855.945550036     
