         100 -1.097798093344881E-002
         105   50158.7645052040     
         110   96615.9655220750     
         115   139576.491882242     
         120   179235.181207295     
         125   215777.260946905     
         130   249378.762262331     
         135   280206.945096579     
         140   308420.714249162     
         145   334171.015344608     
         150   357601.210020605     
         155   378847.432166489     
         160   398038.926992128     
         165   415298.374080761     
         170   430742.192347446     
         175   444480.795421942     
         180   456618.565650816     
         185   467252.400810303     
         190   476465.050911281     
         195   484305.411838598     
         200   490747.887785921     
         205   495635.550950736     
         210   498635.071805712     
         215   499244.035619356     
         220   496872.967138871     
         225   490983.412821350     
         230   481231.147370873     
         235   467562.392688699     
         240   450236.471464494     
         245   429780.022971989     
         250   406898.547857683     
         255   382375.706737653     
         260   356984.016863224     
         265   331419.616231746     
         270   306263.968616196     
         275   281969.073731399     
         280   258859.955290572     
         285   237147.913831210     
         290   216949.091674737     
         295   198304.418702326     
         300   181198.465193272     
         305   165575.888493013     
         310   151354.973704990     
         315   138438.276825345     
         320   126720.655760628     
         325   116095.094402820     
         330   106456.747690582     
         335   97705.6050339592     
         340   89748.1145073929     
         345   82498.0483698495     
         350   75876.8314010543     
         355   69813.5018050582     
         360   64244.4315333418     
         365   59112.8986539184     
         370   54368.5778724803     
         375   49966.9952395392     
         380   45868.9781878960     
         385   42040.1211988358     
         390   38450.2796328707     
         395   35073.0988055848     
         400   31885.5816328498     
         405   28867.6956463840     
         410   26002.0185400079     
         415   23273.4203896218     
         420   20668.7801064054     
         425   18176.7333961908     
         430   15787.4494105874     
         435   13492.4333180126     
         440   11284.3521467174     
         445   9156.88142339574     
         450   7104.57032678252     
         455   5122.72327998867     
         460   3207.29610772907     
         465   1354.80507835092     
         470  -437.752668357979     
         475  -2172.96864034833     
         480  -3853.08364160886     
         485  -5480.04059659293     
         490  -7055.53047744556     
         495  -8581.03215408264     
         500  -10057.8393745135     
