         100 -1.560791303094583E-002
         105   77001.2606061735     
         110   148320.091225521     
         115   214271.022769868     
         120   275153.152625771     
         125   331250.824624973     
         130   382834.268059931     
         135   430160.250221614     
         140   473472.713948175     
         145   513003.384529920     
         150   548972.345114755     
         155   581588.583302975     
         160   611050.511551045     
         165   637546.463316963     
         170   661255.165251497     
         175   682346.172903616     
         180   700980.163568511     
         185   717308.510546691     
         190   731470.052136134     
         195   743580.211087523     
         200   753706.418036021     
         205   761830.245751619     
         210   767812.021661345     
         215   771385.743948699     
         220   772204.611031769     
         225   769930.925023860     
         230   764338.430908558     
         235   755389.077405001     
         240   743260.814468227     
         245   728325.392522308     
         250   711091.810873962     
         255   692136.688345591     
         260   672039.474020158     
         265   651333.051437347     
         270   630473.086805508     
         275   609824.496368462     
         280   589660.963173547     
         285   570172.913865963     
         290   551479.953523654     
         295   533644.781389887     
         300   516686.653402303     
         305   500593.317144125     
         310   485330.963820015     
         315   470852.139079773     
         320   457101.778850979     
         325   444021.640341066     
         330   431553.426448589     
         335   419640.886920411     
         340   408231.143922739     
         345   397275.447027861     
         350   386729.520721687     
         355   376553.630239906     
         360   366712.460274258     
         365   357174.875942248     
         370   347913.615801643     
         375   338904.951769035     
         380   330128.339684503     
         385   321566.076139961     
         390   313202.971363502     
         395   305026.043859153     
         400   297024.239691243     
         405   289188.177425426     
         410   281509.918526942     
         415   273982.762269265     
         420   266601.063773341     
         425   259360.073570473     
         430   252255.796984178     
         435   245284.871606161     
         440   238444.461165964     
         445   231732.164143496     
         450   225145.935538336     
         455   218684.020285062     
         460   212344.896888634     
         465   206127.229947678     
         470   200029.830336076     
         475   194051.621923255     
         480   188191.613829024     
         485   182448.877326729     
         490   176822.526625685     
         495   171311.702876967     
         500   165908.108249879     
