         100 -1.093470196663626E-002
         105   85939.8289174516     
         110   165537.731791044     
         115   239144.725956088     
         120   307094.588590262     
         125   369704.629493398     
         130   427276.421975292     
         135   480096.530722936     
         140   528437.217196356     
         145   572557.112074589     
         150   612701.854635277     
         155   649104.701424815     
         160   681987.106514884     
         165   711559.275191433     
         170   738020.692495616     
         175   761560.626492877     
         180   782358.589518280     
         185   800584.598844221     
         190   816398.253215303     
         195   829942.486548096     
         200   841320.538289154     
         205   850537.287559568     
         210   857394.812588319     
         215   861370.658787746     
         220   861554.748036874     
         225   856724.809793091     
         230   845576.801577653     
         235   827038.547806510     
         240   800548.895521721     
         245   766207.531789150     
         250   724765.110365715     
         255   677484.682377955     
         260   625936.430327593     
         265   571786.965811608     
         270   516625.200644921     
         275   461843.544836394     
         280   408574.870162175     
         285   357675.139862792     
         290   309737.850718574     
         295   265127.069850034     
         300   224018.587538737     
         305   186441.956505824     
         310   152319.080557727     
         315   121497.217043057     
         320   93775.7456570604     
         325   68926.9512482469     
         330   46711.5302771256     
         335   26889.7066031795     
         340   9228.84737798961     
         345  -6491.61508894852     
         350  -20477.2723413164     
         355  -32917.2861316341     
         360  -43983.9587020519     
         365  -53832.9969308311     
         370  -62604.2250089864     
         375  -70422.5673708609     
         380  -77399.1752661892     
         385  -83632.6092934429     
         390  -89210.0189936964     
         395  -94208.2815024502     
         400  -98695.0761647159     
         405  -102729.882451792     
         410  -106364.895659030     
         415  -109645.859616869     
         420  -112612.818693583     
         425  -115300.793214206     
         430  -117740.383438624     
         435  -119958.307703878     
         440  -121977.880435637     
         445  -123819.435608423     
         450  -125500.700977408     
         455  -127037.128078946     
         460  -128442.182641817     
         465  -129727.599690018     
         470  -130903.607263632     
         475  -131979.122342741     
         480  -132961.922232931     
         485  -133858.794360093     
         490  -134675.667126901     
         495  -135417.724203730     
         500  -136101.165525493     
