         100 -1.444260521131424E-002
         105   66437.7686592065     
         110   127972.635520361     
         115   184875.985668631     
         120   237405.890505218     
         125   285807.692242700     
         130   330314.552420062     
         135   371148.014921118     
         140   408518.556980834     
         145   442626.113578141     
         150   473660.574335867     
         155   501802.255341645     
         160   527222.348252831     
         165   550083.348586378     
         170   570539.466197192     
         175   588737.036414992     
         180   604815.058987091     
         185   618906.492967233     
         190   631142.395457617     
         195   641663.271510777     
         200   650642.126487296     
         205   658316.780156328     
         210   665015.960412110     
         215   671156.327244828     
         220   677197.508276102     
         225   683565.173410454     
         230   690570.589449100     
         235   698356.121388024     
         240   706881.978678428     
         245   715951.629590185     
         250   725261.529959345     
         255   734458.032538021     
         260   743188.071685709     
         265   751136.379334357     
         270   758047.527928059     
         275   763734.685387462     
         280   768078.570633747     
         285   771020.279517903     
         290   772551.063590175     
         295   772701.289950347     
         300   771529.988187218     
         305   769115.733931787     
         310   765549.157397593     
         315   760927.076510722     
         320   755348.096346128     
         325   748909.447907379     
         330   741704.825714039     
         335   733823.000452998     
         340   725347.013716516     
         345   716353.796616019     
         350   706914.087329025     
         355   697092.551800603     
         360   686948.036009481     
         365   676533.897505380     
         370   665898.378873311     
         375   655084.997096126     
         380   644132.931190812     
         385   633077.396637428     
         390   621949.999549589     
         395   610779.066690262     
         400   599589.949654002     
         405   588405.303068144     
         410   577245.337693508     
         415   566128.049960062     
         420   555069.429847797     
         425   544083.649186192     
         430   533183.232449688     
         435   522379.212015351     
         440   511681.269659849     
         445   501097.865839523     
         450   490636.358048262     
         455   480303.109306809     
         460   470103.587621777     
         465   460042.457074507     
         470   450123.661064514     
         475   440350.498139774     
         480   430725.690792553     
         485   421251.447577904     
         490   411929.518914078     
         495   402761.246941124     
         500   393743.267965229     
