         100 -1.219775691585111E-002
         105   55731.9620377306     
         110   107351.075646138     
         115   155084.995088618     
         120   199150.206617118     
         125   239752.518514500     
         130   277087.520965125     
         135   311341.058355031     
         140   342689.691577245     
         145   371301.137996796     
         150   397334.688326455     
         155   420941.602447630     
         160   442265.486164807     
         165   461442.650404223     
         170   478602.453990649     
         175   493867.630892466     
         180   507354.602642904     
         185   519173.776409114     
         190   529429.828779091     
         195   538221.974958434     
         200   545644.223571740     
         205   551785.619455819     
         210   556730.479510815     
         215   560558.626591734     
         220   563345.622043228     
         225   565162.991739739     
         230   566078.438019736     
         235   566156.032300107     
         240   565456.388115549     
         245   564036.818465089     
         250   561951.482884478     
         255   559251.528856784     
         260   555985.230266950     
         265   552198.123741572     
         270   547933.142473773     
         275   543230.746589973     
         280   538129.049083651     
         285   532663.936579061     
         290   526869.184506397     
         295   520776.566559098     
         300   514415.958518938     
         305   507815.436670544     
         310   501001.371097777     
         315   493998.514179480     
         320   486830.084598679     
         325   479517.847160820     
         330   472082.188691646     
         335   464542.190258765     
         340   456915.695934899     
         345   449219.378295303     
         350   441468.800816068     
         355   433678.477312877     
         360   425861.928530882     
         365   418031.735966685     
         370   410199.592975446     
         375   402376.353193977     
         380   394572.076299044     
         385   386796.071123264     
         390   379056.936171440     
         395   371362.597617502     
         400   363720.344912579     
         405   356136.864191301     
         410   348618.269717273     
         415   341170.133650691     
         420   333797.514443363     
         425   326504.984164167     
         430   319296.655029920     
         435   312176.205365593     
         440   305146.905149551     
         445   298211.641222173     
         450   291372.942158539     
         455   284633.002736013     
         460   277993.707871988     
         465   271456.655869995     
         470   265023.180795326     
         475   258694.373803660     
         480   252471.103265135     
         485   246354.033558037     
         490   240343.642446239     
         495   234440.236998103     
         500   228643.797529477     
