         100 -1.579632077607580E-002
         105   84413.1004349351     
         110   162596.830957175     
         115   234895.993092212     
         120   301638.466040317     
         125   363135.954968642     
         130   419684.695220222     
         135   471566.167614439     
         140   519047.796119806     
         145   562383.612178594     
         150   601814.884923542     
         155   637570.720105987     
         160   669868.630481474     
         165   698915.079735125     
         170   724906.000881171     
         175   748027.281936986     
         180   768455.147555680     
         185   786356.012877435     
         190   801884.120381833     
         195   815172.573702508     
         200   826311.214862328     
         205   835309.174170258     
         210   842054.515925555     
         215   846298.691564994     
         220   847691.338231434     
         225   845866.332446143     
         230   840550.456805177     
         235   831653.852310511     
         240   819312.586948943     
         245   803876.777089459     
         250   785857.575880679     
         255   765855.068744742     
         260   744487.392822079     
         265   722334.174175119     
         270   699899.463033666     
         275   677593.458551957     
         280   655729.135773649     
         285   634528.931665224     
         290   614137.058812910     
         295   594634.034305282     
         300   576051.132398381     
         305   558383.431935684     
         310   541600.843252473     
         315   525656.970335850     
         320   510495.939405698     
         325   496057.460798821     
         330   482280.436486505     
         335   469105.418384515     
         340   456476.188774506     
         345   444340.690070502     
         350   432651.486336598     
         355   421365.898270485     
         360   410445.918819234     
         365   399857.988550315     
         370   389572.687874666     
         375   379564.386360103     
         380   369810.876746645     
         385   360293.012001001     
         390   350994.357063447     
         395   341900.862218638     
         400   333000.561760882     
         405   324283.299432402     
         410   315740.480688761     
         415   307364.850960255     
         420   299150.298560485     
         425   291091.680617760     
         430   283184.670281566     
         435   275425.623423334     
         440   267811.463068061     
         445   260339.579837277     
         450   253007.746741960     
         455   245814.046731456     
         460   238756.811480477     
         465   231834.569981707     
         470   225046.005607396     
         475   218389.920409470     
         480   211865.205542716     
         485   205470.816816965     
         490   199205.754508268     
         495   193069.046682082     
         500   187047.315843288     
