         100 -7.980570144297874E-004
         105   102952.163062147     
         110   198307.235194398     
         115   286485.665633420     
         120   367887.226577224     
         125   442891.963722924     
         130   511861.102952206     
         135   575137.920591356     
         140   633048.576651462     
         145   685902.911170971     
         150   733995.204903243     
         155   777604.905900624     
         160   816997.323542263     
         165   852424.291475687     
         170   884124.800859752     
         175   912325.605222385     
         180   937241.798181259     
         185   959077.365217598     
         190   978025.710641614     
         195   994270.160841575     
         200   1007984.44486702     
         205   1019333.15336098     
         210   1028472.17684410     
         215   1035549.12449089     
         220   1040703.72497270     
         225   1044068.20812217     
         230   1045767.63808170     
         235   1045920.07823027     
         240   1044636.39919586     
         245   1042019.87956423     
         250   1038166.76324144     
         255   1033169.75534071     
         260   1027125.35048070     
         265   1020142.71587650     
         270   1012349.10059465     
         275   1003887.18453735     
         280   994903.455723086     
         285   985531.020649356     
         290   975872.534349976     
         295   965988.366607484     
         300   955892.678214702     
         305   945557.333130196     
         310   934921.634170388     
         315   923905.085120491     
         320   912420.536727759     
         325   900385.751835538     
         330   887732.254764208     
         335   874411.075416791     
         340   860395.549299648     
         345   845681.667566557     
         350   830286.613423332     
         355   814246.122974788     
         360   797611.224324442     
         365   780444.785351526     
         370   762818.171885663     
         375   744808.204110358     
         380   726494.508893856     
         385   707957.300698192     
         390   689275.580833487     
         395   670525.719455266     
         400   651780.372050392     
         405   633107.678083901     
         410   614570.690790947     
         415   596226.991532348     
         420   578128.448202938     
         425   560321.083984614     
         430   542845.029759815     
         435   525734.540468378     
         440   509018.062428975     
         445   492718.344990302     
         450   476852.595600390     
         455   461432.682154707     
         460   446465.389857553     
         465   431952.741248974     
         470   417892.386864031     
         475   404278.069471199     
         480   391100.156089148     
         485   378346.217629616     
         490   366001.613225549     
         495   354049.998075759     
         500   342747.119764251     
