         100 -1.636774424160256E-002
         105   100388.594713893     
         110   193368.940226050     
         115   279351.083687775     
         120   358724.941610320     
         125   431861.194977653     
         130   499112.133375125     
         135   560812.505524673     
         140   617280.346699532     
         145   668817.766942023     
         150   715711.699497745     
         155   758234.612579932     
         160   796645.187496737     
         165   831188.965530806     
         170   862098.965680660     
         175   889596.278320572     
         180   913890.670810970     
         185   935181.442786319     
         190   953659.635837252     
         195   969515.029929692     
         200   982954.523195211     
         205   994237.541165127     
         210   1003722.50075638     
         215   1011899.73295153     
         220   1019378.84493173     
         225   1026816.39108772     
         230   1034802.98530873     
         235   1043752.09635970     
         240   1053830.37870365     
         245   1064947.46049076     
         250   1076798.40286369     
         255   1088937.18083191     
         260   1100857.23152736     
         265   1112061.21568182     
         270   1122110.93538864     
         275   1130655.86763926     
         280   1137443.44140489     
         285   1142316.12773760     
         290   1145200.47321961     
         295   1146092.29251205     
         300   1145041.01582974     
         305   1142135.04825325     
         310   1137489.10469293     
         315   1131233.86571911     
         320   1123507.91758383     
         325   1114451.73502457     
         330   1104203.38006373     
         335   1092895.57752058     
         340   1080653.85499675     
         345   1067595.47980449     
         350   1053828.97449417     
         355   1039454.03912659     
         360   1024561.74890234     
         365   1009234.92916978     
         370   993548.636398484     
         375   977570.694229257     
         380   961362.249207659     
         385   944978.322283135     
         390   928468.340515405     
         395   911876.639435074     
         400   895242.930767613     
         405   878602.733221822     
         410   861987.766118285     
         415   845426.307044558     
         420   828943.515649816     
         425   812561.726254703     
         430   796300.712236539     
         435   780177.925217332     
         440   764208.711981061     
         445   748406.511820720     
         450   732783.036705221     
         455   717348.436299941     
         460   702111.449507725     
         465   687079.543849318     
         470   672259.043696660     
         475   657655.248124126     
         480   643272.538958527     
         485   629114.479488120     
         490   615183.904227463     
         495   601483.000118551     
         500   587968.724605200     
