         100 -1.478644371789236E-002
         105   72948.5616624397     
         110   140513.768675575     
         115   202993.597688563     
         120   260671.404116291     
         125   313816.566321922     
         130   362685.091000001     
         135   407520.231370161     
         140   448553.091170588     
         145   486003.199620615     
         150   520079.056541666     
         155   550978.650183783     
         160   578889.950236121     
         165   603991.377772167     
         170   626452.251114317     
         175   646433.181033062     
         180   664086.199555410     
         185   679553.459719823     
         190   692960.294885271     
         195   704392.861881263     
         200   713848.166371720     
         205   721157.290451066     
         210   725913.637449135     
         215   727462.339273563     
         220   724991.806238965     
         225   717714.827754203     
         230   705074.777339661     
         235   686900.216985489     
         240   663460.715410807     
         245   635421.793310252     
         250   603730.569782636     
         255   569475.034485999     
         260   533753.099211177     
         265   497572.721954884     
         270   461789.862813235     
         275   427080.991857875     
         280   393941.936187845     
         285   362703.805157365     
         290   333557.918225594     
         295   306583.727924780     
         300   281775.835145063     
         305   259067.928699590     
         310   238352.730090969     
         315   219497.825890368     
         320   202357.722788970     
         325   186782.670215569     
         330   172624.852062783     
         335   159742.518989109     
         340   148002.560793934     
         345   137281.932279555     
         350   127468.261491035     
         355   118459.893990641     
         360   110165.563767619     
         365   102503.830680529     
         370   95402.3848002080     
         375   88797.2879524254     
         380   82632.2003560992     
         385   76857.6238681667     
         390   71430.1815735636     
         395   66311.9451518265     
         400   61469.8157059950     
         405   56874.9598581430     
         410   52502.3003728257     
         415   48330.0589738834     
         420   44339.3480847020     
         425   40513.8077396922     
         430   36839.2837369589     
         435   33303.5431238894     
         440   29896.0232551895     
         445   26607.6108858845     
         450   23430.4480251611     
         455   20357.7615571489     
         460   17383.7139162363     
         465   14503.2723771871     
         470   11712.0947779197     
         475   9006.42973175546     
         480   6383.02960449832     
         485   3839.07472945351     
         490   1372.10751085981     
         495  -1020.02477577132     
         500  -3339.41453997367     
