         100 -1.286435489403075E-002
         105   101105.678243417     
         110   194750.267232747     
         115   281346.728527364     
         120   361287.741148813     
         125   434946.610733485     
         130   502678.129400601     
         135   564819.432066578     
         140   621690.826322461     
         145   673596.583546818     
         150   720825.691117004     
         155   763652.568491671     
         160   802337.749865583     
         165   837128.535571947     
         170   868259.613991549     
         175   895953.655470306     
         180   920421.879689410     
         185   941864.598756879     
         190   960471.743713039     
         195   976423.403511454     
         200   989890.456626159     
         205   1001035.43112553     
         210   1010013.67879546     
         215   1016974.68743305     
         220   1022063.01100769     
         225   1025418.23218929     
         230   1027173.78176412     
         235   1027455.06216966     
         240   1026377.68897363     
         245   1024046.55594031     
         250   1020556.00279971     
         255   1015990.92575084     
         260   1010428.42392562     
         265   1003939.54989140     
         270   996590.848070119     
         275   988445.522179934     
         280   979564.204894607     
         285   970005.384723339     
         290   959825.579578043     
         295   949079.348322471     
         300   937819.216293591     
         305   926095.569843832     
         310   913956.555080546     
         315   901448.000130055     
         320   888613.369044703     
         325   875493.748348757     
         330   862127.863216708     
         335   848552.118426386     
         340   834800.658731424     
         345   820905.443567736     
         350   806896.331652730     
         355   792801.171808806     
         360   778645.897103710     
         365   764454.620078542     
         370   750249.727400601     
         375   736051.972729206     
         380   721880.566927561     
         385   707753.265009628     
         390   693686.449397579     
         395   679695.209203332     
         400   665793.415356021     
         405   651993.791491853     
         410   638307.980614628     
         415   624746.607629171     
         420   611319.337945263     
         425   598034.932440235     
         430   584901.299145334     
         435   571925.542074633     
         440   559114.007637845     
         445   546472.329066059     
         450   534005.469232749     
         455   521717.762177004     
         460   509612.953540812     
         465   497694.240028837     
         470   485964.307898850     
         475   474425.370404170     
         480   463079.204043710     
         485   451927.183434759     
         490   440970.314609566     
         495   430209.266547027     
         500   419614.526500854     
