         100 -1.197258112524976E-002
         105   54744.5552254273     
         110   105449.129943956     
         115   152337.344990436     
         120   195621.851002384     
         125   235504.809847653     
         130   272178.346367788     
         135   305825.012299240     
         140   336618.240371404     
         145   364722.776463753     
         150   390295.089085722     
         155   413483.758175178     
         160   434429.845161305     
         165   453267.245667186     
         170   470123.024365803     
         175   485117.716213635     
         180   498365.474816108     
         185   509973.476467364     
         190   520038.625137171     
         195   528637.506072085     
         200   535805.498992094     
         205   541507.480477638     
         210   545614.579313649     
         215   547908.017986137     
         220   548121.631630961     
         225   546013.446527832     
         230   541439.960088810     
         235   534406.122550829     
         240   525077.227330203     
         245   513755.339938627     
         250   500833.598125765     
         255   486744.141581098     
         260   471911.925006989     
         265   456720.985536213     
         270   441494.659794465     
         275   426487.975107081     
         280   411888.991012301     
         285   397825.717594363     
         290   384375.785691768     
         295   371576.831833963     
         300   359436.315831984     
         305   347940.090272650     
         310   337059.462711540     
         315   326756.754779638     
         320   316989.506030173     
         325   307713.532447924     
         330   298885.061371798     
         335   290462.148775164     
         340   282405.556377848     
         345   274679.234023548     
         350   267250.522148637     
         355   260090.162354778     
         360   253172.181860299     
         365   246473.699859472     
         370   239974.690065190     
         375   233657.723300298     
         380   227507.706282734     
         385   221511.627132250     
         390   215658.314115445     
         395   209938.211339081     
         400   204343.173181908     
         405   198866.277977582     
         410   193501.660639513     
         415   188244.363413516     
         420   183090.203653573     
         425   178035.657366530     
         430   173077.757211701     
         435   168214.003636765     
         440   163442.287859904     
         445   158760.825456485     
         450   154168.099369410     
         455   149662.811231442     
         460   145243.839963551     
         465   140910.206694166     
         470   136661.045129001     
         475   132495.576588351     
         480   128413.089016635     
         485   124412.919355483     
         490   120494.438754849     
         495   116657.040174695     
         500   112899.784627530     
