         100  1.718942490315348E-006
         105   97756.8016024154     
         110   188299.906435853     
         115   272028.542696298     
         120   349322.303670211     
         125   420542.051760138     
         130   486030.781249385     
         135   546114.444511845     
         140   601102.742474032     
         145   651289.880206941     
         150   696955.288906011     
         155   738364.315652473     
         160   775768.882351102     
         165   809408.115194546     
         170   839508.945947018     
         175   866286.686281424     
         180   889945.576347770     
         185   910679.308698070     
         190   928671.528644295     
         195   944096.312080865     
         200   957118.621761593     
         205   967894.742982277     
         210   976572.699584449     
         215   983292.651162998     
         220   988187.272330506     
         225   991382.114864534     
         230   992995.953542738     
         235   993141.116497136     
         240   991923.801131133     
         245   989444.376529104     
         250   985797.668123473     
         255   981073.203866976     
         260   975355.411084188     
         265   968723.924849601     
         270   961254.501187849     
         275   953020.796030881     
         280   944095.340379572     
         285   934545.370572806     
         290   924420.614031161     
         295   913739.443127544     
         300   902490.099159563     
         305   890659.827472723     
         310   878283.483161340     
         315   865483.192575986     
         320   852472.379543112     
         325   839519.204418333     
         330   826886.960708802     
         335   814776.976526025     
         340   803292.694732247     
         345   792430.747919827     
         350   782094.385417105     
         355   772119.883338167     
         360   762306.736604682     
         365   752445.113104145     
         370   742337.189932799     
         375   731811.479095721     
         380   720730.775410627     
         385   708995.053118720     
         390   696540.774792260     
         395   683337.914163534     
         400   669385.716275366     
         405   654707.930623691     
         410   639348.006072189     
         415   623364.545893401     
         420   606827.184935232     
         425   589812.958841261     
         430   572403.176101000     
         435   554680.767128094     
         440   536728.061952544     
         445   518624.932207824     
         450   500447.216800330     
         455   482265.324830138     
         460   464142.858608556     
         465   446134.993794756     
         470   428286.129372635     
         475   410625.840042699     
         480   393161.115274009     
         485   375860.378727698     
         490   358616.590253644     
         495   341129.480137691     
         500   328415.156225383     
