         100 -1.829047731403841E-002
         105   97741.4880591191     
         110   188270.021235638     
         115   271984.843414844     
         120   349265.604210043     
         125   420473.225406078     
         130   485950.716359254     
         135   546024.002240010     
         140   601002.731864591     
         145   651181.046913059     
         150   696838.311653941     
         155   738239.806440111     
         160   775637.388160588     
         165   809270.120186807     
         170   839364.875150185     
         175   866136.929880765     
         180   889790.705284278     
         185   910521.540514295     
         190   928522.036893312     
         195   944002.146298183     
         200   957236.710466195     
         205   968644.990725945     
         210   978876.208597152     
         215   988843.150797726     
         220   999650.445667218     
         225   1012415.62478202     
         230   1028042.87640673     
         235   1047034.86660596     
         240   1069404.65950452     
         245   1094701.44671246     
         250   1122122.23355713     
         255   1150663.39093063     
         260   1179269.59238200     
         265   1206952.76432939     
         270   1232870.22597605     
         275   1256363.50812018     
         280   1276965.98484260     
         285   1294389.44859166     
         290   1308498.89657652     
         295   1319282.66472918     
         300   1326822.70077924     
         305   1331267.75547815     
         310   1332810.77858011     
         315   1331670.82137490     
         320   1328079.17188071     
         325   1322269.16516708     
         330   1314469.01636106     
         335   1304897.03896336     
         340   1293758.68190474     
         345   1281244.91096737     
         350   1267531.55390962     
         355   1252779.31366550     
         360   1237134.22614238     
         365   1220728.39766021     
         370   1203680.90299036     
         375   1186098.76005715     
         380   1168077.92364247     
         385   1149704.25975360     
         390   1131054.47629643     
         395   1112196.99567400     
         400   1093192.76195218     
         405   1074095.98010298     
         410   1054954.78814322     
         415   1035811.86516177     
         420   1016704.97957526     
         425   997667.482687481     
         430   978728.752905975     
         435   959914.595910346     
         440   941247.605764741     
         445   922747.491502839     
         450   904431.373157607     
         455   886314.050620167     
         460   868408.248141749     
         465   850724.836777266     
         470   833273.036633194     
         475   816060.600438370     
         480   799093.979705471     
         485   782378.474585672     
         490   765918.368425735     
         495   749717.047998573     
         500   733731.986517272     
