         100 -2.557845923751102E-003
         105   96940.1561535108     
         110   186726.824303864     
         115   269755.909461907     
         120   346403.850273370     
         125   417028.510529028     
         130   481970.028505230     
         135   541551.636713577     
         140   596080.448220700     
         145   645848.207833190     
         150   691132.009129097     
         155   732194.978986928     
         160   769286.931245794     
         165   802644.990989956     
         170   832494.190823883     
         175   859048.040406126     
         180   882509.070435268     
         185   903069.352221404     
         190   920910.993928362     
         195   936206.614547371     
         200   949119.796868615     
         205   959805.522866752     
         210   968410.605970921     
         215   975074.155884908     
         220   979928.034285667     
         225   983096.675492365     
         230   984694.174754205     
         235   984815.247774470     
         240   983518.450190357     
         245   980806.161869734     
         250   976612.119673958     
         255   970807.243871148     
         260   963226.684945908     
         265   953710.810930918     
         270   942147.025411651     
         275   928500.390891150     
         280   912826.798762879     
         285   895268.920685590     
         290   876039.583178474     
         295   855398.750706383     
         300   833629.642778066     
         305   811017.775277169     
         310   787834.843144804     
         315   764327.874101267     
         320   740713.142009780     
         325   717173.877255164     
         330   693860.708192388     
         335   670893.866920574     
         340   648366.381811317     
         345   626347.685905026     
         350   604887.255606162     
         355   584018.042352872     
         360   563759.569103543     
         365   544120.638348552     
         370   525101.646122079     
         375   506696.524397009     
         380   488894.348489029     
         385   471680.651492291     
         390   455038.487821392     
         395   438949.285050902     
         400   423393.518993834     
         405   408351.242309370     
         410   393802.492428702     
         415   379727.600515228     
         420   366107.419641693     
         425   352923.487382823     
         430   340158.135544541     
         435   327794.557711972     
         440   315816.843622152     
         445   304209.987979677     
         450   292959.880167258     
         455   282053.280300895     
         460   271477.786194764     
         465   261221.794999305     
         470   251274.462534857     
         475   241625.662651320     
         480   232265.948300400     
         485   223186.515416335     
         490   214379.170170407     
         495   205836.299693587     
         500   197488.075760124     
