         100  2.005432867420884E-006
         105   114049.599711426     
         110   219683.220018292     
         115   317366.627140435     
         120   407542.679903679     
         125   490632.384436360     
         130   567035.900728100     
         135   637133.506541242     
         140   701286.519616549     
         145   759838.179197023     
         150   813114.488337837     
         155   861425.018627906     
         160   905063.678950571     
         165   944309.449858643     
         170   979427.085072027     
         175   1010667.78153769     
         180   1038269.81942614     
         185   1062459.17337711     
         190   1083450.09625052     
         195   1101445.67658600     
         200   1116638.37092604     
         205   1129210.51211228     
         210   1139334.79462324     
         215   1147174.73798320     
         220   1152885.12923736     
         225   1156612.44545792     
         230   1158495.25721994     
         235   1158664.61396500     
         240   1157244.41213934     
         245   1154351.74687676     
         250   1150097.24784989     
         255   1144585.40095679     
         260   1137914.86209498     
         265   1130178.77173838     
         270   1121465.05305057     
         275   1111856.60790568     
         280   1101431.30666400     
         285   1090261.88339620     
         290   1078416.26818454     
         295   1065958.97694484     
         300   1052953.36949559     
         305   1039463.33886150     
         310   1025552.73327889     
         315   1011282.18727528     
         320   996704.901907937     
         325   981863.623958392     
         330   966790.236931639     
         335   951507.904967554     
         340   936034.664891914     
         345   920387.138493784     
         350   904583.413407609     
         355   888644.701267366     
         360   872595.831683552     
         365   856464.879625801     
         370   840282.281178467     
         375   824079.742637112     
         380   807889.157457303     
         385   791741.656408043     
         390   775666.846922319     
         395   759692.251652057     
         400   743842.930037868     
         405   728141.254578203     
         410   712606.810116594     
         415   697256.385837825     
         420   682104.033089064     
         425   667161.165975451     
         430   652436.684951255     
         435   637937.105690261     
         440   623666.675710779     
         445   609627.458454211     
         450   595819.356551148     
         455   582240.028160960     
         460   568884.612510091     
         465   555745.101497542     
         470   542809.026578443     
         475   530056.770807411     
         480   517456.028481734     
         485   504950.063401540     
         490   492430.353688924     
         495   479650.038848928     
         500   470434.260945110     
