         100 -1.537931072327016E-004
         105   97712.1394159391     
         110   188213.874567510     
         115   271904.251982629     
         120   349162.692516571     
         125   420349.894670809     
         130   485808.696587800     
         135   545864.901910017     
         140   600828.070029796     
         145   650992.271451253     
         150   696636.809505811     
         155   738026.909830279     
         160   775414.379016975     
         165   809038.233794758     
         170   839125.302038156     
         175   865890.796840718     
         180   889538.864831242     
         185   910263.109858457     
         190   928247.093120869     
         195   943664.810773594     
         200   956681.150002591     
         205   967452.324518726     
         210   976126.290389182     
         215   982843.143093720     
         220   987735.496669254     
         225   990928.845723828     
         230   992541.910408063     
         235   992686.962065250     
         240   991470.130335820     
         245   988991.739158750     
         250   985346.834190478     
         255   980626.022320028     
         260   974916.052788942     
         265   968298.467673028     
         270   960844.937988750     
         275   952610.947569615     
         280   943633.230113654     
         285   933936.669938742     
         290   923551.863836107     
         295   912538.198861575     
         300   901003.179788399     
         305   889108.805191962     
         310   877059.906417832     
         315   865076.047268587     
         320   853355.017404114     
         325   842038.965536134     
         330   831192.464383409     
         335   820796.732372405     
         340   810758.763853490     
         345   800930.527216896     
         350   791132.354508935     
         355   781175.555818064     
         360   770881.086405841     
         365   760092.899558708     
         370   748685.970132458     
         375   736569.763667798     
         380   723688.245484643     
         385   710017.531841770     
         390   695562.128166354     
         395   680350.483155626     
         400   664430.374847099     
         405   647864.465271109     
         410   630726.222914618     
         415   613096.314697809     
         420   595059.504630932     
         425   576702.057011697     
         430   558109.621076062     
         435   539365.566102127     
         440   520549.737326815     
         445   501737.611183710     
         450   482999.841648396     
         455   464402.206444226     
         460   446005.980447026     
         465   427868.779803532     
         470   410045.925547978     
         475   392592.351092837     
         480   375564.980450743     
         485   359025.233412525     
         490   343040.655514243     
         495   327683.146313325     
         500   314156.293133784     
