         100 -2.984153521243137E-003
         105   113096.846705732     
         110   217847.957565698     
         115   314715.221750482     
         120   404137.817671791     
         125   486533.253077631     
         130   562298.355949563     
         135   631810.230877324     
         140   695427.176431867     
         145   753489.561547776     
         150   806320.662059991     
         155   854227.459320964     
         160   897501.402804138     
         165   936419.138435923     
         170   971243.204249893     
         175   1002222.69484298     
         180   1029593.89602572     
         185   1053580.89098900     
         190   1074396.13925275     
         195   1092241.02961668     
         200   1107306.40828387     
         205   1119773.08301814     
         210   1129812.30156141     
         215   1137586.18919642     
         220   1143248.09354776     
         225   1146942.74999556     
         230   1148806.27602946     
         235   1148966.34717225     
         240   1147543.27772793     
         245   1144652.56319712     
         250   1140408.52903025     
         255   1134927.70941654     
         260   1128330.35056211     
         265   1120739.21667794     
         270   1112276.07910660     
         275   1103057.12350092     
         280   1093188.66744369     
         285   1082764.17960924     
         290   1071862.98464419     
         295   1060550.52213382     
         300   1048879.73517916     
         305   1036893.08705816     
         310   1024624.76970148     
         315   1012102.79518166     
         320   999350.793460461     
         325   986389.446211315     
         330   973237.558645066     
         335   959912.811971322     
         340   946432.256307911     
         345   932812.605866503     
         350   919070.391929263     
         355   905222.019276860     
         360   891283.761279273     
         365   877271.719385565     
         370   863201.764903665     
         375   849089.474864708     
         380   834950.069260482     
         385   820798.353756330     
         390   806648.669825925     
         395   792514.852867033     
         400   778410.198023753     
         405   764347.432995362     
         410   750338.696934691     
         415   736395.524546336     
         420   722528.834630083     
         425   708748.922536869     
         430   695065.456278000     
         435   681487.476315342     
         440   668023.399315448     
         445   654681.026322685     
         450   641467.555844625     
         455   628389.602208897     
         460   615453.219230377     
         465   602663.928741359     
         470   590026.752941355     
         475   577546.248902493     
         480   565226.543019251     
         485   553071.362807199     
         490   541084.063292696     
         495   529267.645299163     
         500   517930.374377972     
