         100 -1.496493526342159E-002
         105   79970.3045602072     
         110   154039.100864354     
         115   222533.042984668     
         120   285762.753317075     
         125   344023.531489497     
         130   397596.021507211     
         135   446746.889405915     
         140   491729.484204878     
         145   532784.467267105     
         150   570140.409346743     
         155   604014.357994613     
         160   634612.377921769     
         165   662130.066251232     
         170   686753.042791500     
         175   708657.399289060     
         180   728009.961646146     
         185   744967.503665148     
         190   759671.481544674     
         195   772229.382837283     
         200   782669.382994372     
         205   790863.901985028     
         210   796447.285035022     
         215   798783.871820751     
         220   797038.302419506     
         225   790349.901667517     
         230   778052.983604661     
         235   759860.180878694     
         240   735948.562763751     
         245   706935.220548459     
         250   673769.356655195     
         255   637585.628016114     
         260   599559.992968772     
         265   560794.644123697     
         270   522242.542052873     
         275   484670.108695882     
         280   448650.186083998     
         285   414575.426023078     
         290   382683.112891706     
         295   353084.490830651     
         300   325793.942938097     
         305   300755.324088196     
         310   277864.198143262     
         315   256985.686656167     
         320   237968.195247360     
         325   220653.559342735     
         330   204884.243194986     
         335   190508.211524901     
         340   177382.024397762     
         345   165372.616438213     
         350   154358.130478923     
         355   144228.093138811     
         360   134883.149711518     
         365   126234.518847017     
         370   118203.282836101     
         375   110719.595127754     
         380   103721.861114701     
         385   97155.9294167991     
         390   90974.3173191171     
         395   85135.4844001833     
         400   79603.1616971151     
         405   74345.7392088765     
         410   69335.7115372730     
         415   64549.1795597497     
         420   59965.4048888935     
         425   55566.4132611856     
         430   51336.6427400955     
         435   47262.6325943283     
         440   43332.7488358325     
         445   39536.9426154223     
         450   35866.5379367436     
         455   32314.0454352175     
         460   28872.9992600512     
         465   25537.8143831854     
         470   22303.6619321293     
         475   19166.3603998357     
         480   16122.2808217962     
         485   13168.2642273946     
         490   10301.5498691117     
         495   7519.71290991695     
         500   4819.09228529233     
