         100 -1.169163364900589E-002
         105   53782.9595322826     
         110   103596.903031712     
         115   149661.523202420     
         120   192185.735003584     
         125   231368.148812356     
         130   267397.514459878     
         135   300453.177008126     
         140   330705.522802685     
         145   358316.403981244     
         150   383439.540725945     
         155   406220.903213035     
         160   426799.075153648     
         165   445305.600045760     
         170   461865.306227944     
         175   476596.559170267     
         180   489611.061582881     
         185   501011.313365243     
         190   510879.449227349     
         195   519244.311482921     
         200   526013.244559837     
         205   530875.965579791     
         210   533227.118877367     
         215   532176.291091204     
         220   526684.364293704     
         225   515796.014274084     
         230   498882.742632208     
         235   475807.752219770     
         240   446966.628477468     
         245   413211.594089750     
         250   375702.549512699     
         255   335736.475597738     
         260   294595.548351342     
         265   253435.769042968     
         270   213221.237961204     
         275   174698.396768983     
         280   138399.738756660     
         285   104665.941290973     
         290   73677.1433833593     
         295   45486.6627114152     
         300   20052.9214500042     
         305  -2732.67373054432     
         310  -23022.7641572661     
         315  -40995.9817027780     
         320  -56843.3238264450     
         325  -70758.2769213800     
         330  -82929.9630130927     
         335  -93538.6354757924     
         340  -102752.942108519     
         345  -110728.478629954     
         350  -117607.255867151     
         355  -123517.791791027     
         360  -128575.612469600     
         365  -132884.004214231     
         370  -136534.904310984     
         375  -139609.851886998     
         380  -142180.945810119     
         385  -144311.774995681     
         390  -146058.299731343     
         395  -147469.671949061     
         400  -148588.988805914     
         405  -149453.978271733     
         410  -150097.618252754     
         415  -150548.692543210     
         420  -150832.287908912     
         425  -150970.237098539     
         430  -150981.512715412     
         435  -150882.576784120     
         440  -150687.690598806     
         445  -150409.189105234     
         450  -150057.723691771     
         455  -149642.476876724     
         460  -149171.352002938     
         465  -148651.140699029     
         470  -148087.670548175     
         475  -147485.935123311     
         480  -146850.208301821     
         485  -146184.144561026     
         490  -145490.866774113     
         495  -144773.042870206     
         500  -144031.376865147     
