         100 -7.429777198370038E-003
         105   94663.1901467524     
         110   182340.812283913     
         115   263419.494350752     
         120   338266.864545673     
         125   407232.412050352     
         130   470648.304090883     
         135   528830.187165048     
         140   582077.959627398     
         145   630676.508920405     
         150   674896.413868183     
         155   714994.614157951     
         160   751215.049087174     
         165   783789.267333321     
         170   812937.009242378     
         175   838866.762950792     
         180   861776.295360128     
         185   881853.156157194     
         190   899275.124625719     
         195   914210.369420269     
         200   926816.155599695     
         205   937232.142463342     
         210   945559.772521505     
         215   951818.470134489     
         220   955882.094350825     
         225   957424.629824609     
         230   955920.398473768     
         235   950727.271177478     
         240   941237.204935074     
         245   927040.169113029     
         250   908042.027745100     
         255   884502.490615079     
         260   856994.424870317     
         265   826310.689512077     
         270   793352.143639807     
         275   759024.501197277     
         280   724160.026774679     
         285   689468.936585566     
         290   655517.776393738     
         295   622728.354777158     
         300   591390.052664350     
         305   561679.254067175     
         310   533681.230797741     
         315   507411.429332341     
         320   482834.443829473     
         325   459879.926642056     
         330   438455.313839117     
         335   418455.601773981     
         340   399770.581473765     
         345   382289.988659379     
         350   365907.009445952     
         355   350520.529888256     
         360   336036.453261229     
         365   322368.344763990     
         370   309437.605518003     
         375   297173.328811782     
         380   285511.951875211     
         385   274396.785287085     
         390   263777.478204792     
         395   253609.459629975     
         400   243853.382651503     
         405   234474.588970389     
         410   225442.604135376     
         415   216730.669109118     
         420   208315.310505937     
         425   200175.949683016     
         430   192294.549516525     
         435   184655.296916786     
         440   177244.318752523     
         445   170049.428726947     
         450   163059.902774734     
         455   156266.280653532     
         460   149660.191534274     
         465   143234.201519188     
         470   136981.681119187     
         475   130896.690800154     
         480   124973.882766220     
         485   119208.417197694     
         490   113595.891213671     
         495   108132.278894654     
         500   102772.031323089     
