         100 -1.879693623380267E-004
         105   119425.953927232     
         110   230039.191106879     
         115   332327.435096553     
         120   426754.422519482     
         125   513761.007120922     
         130   593766.213317391     
         135   667168.245579981     
         140   734345.454295325     
         145   795657.258985767     
         150   851445.030406155     
         155   902032.933239312     
         160   947728.731112895     
         165   988824.555598470     
         170   1025597.64077826     
         175   1058311.02489037     
         180   1087214.22049315     
         185   1112543.85452420     
         190   1134524.27957029     
         195   1153368.15760902     
         200   1169277.01743294     
         205   1182441.78692008     
         210   1193043.30127222     
         215   1201252.78830376     
         220   1207232.33182843     
         225   1211135.31417547     
         230   1213106.83907312     
         235   1213284.13720285     
         240   1211796.95714810     
         245   1208767.93028155     
         250   1204312.84970142     
         255   1198540.78258249     
         260   1191554.14573866     
         265   1183449.34082057     
         270   1174318.66913320     
         275   1164253.32056078     
         280   1153345.68985796     
         285   1141688.63569623     
         290   1129370.47912563     
         295   1116466.82975108     
         300   1103032.26418548     
         305   1089095.49319033     
         310   1074660.70952569     
         315   1059715.61281033     
         320   1044244.05038877     
         325   1028239.53262756     
         330   1011715.86570361     
         335   994712.577989275     
         340   977294.764517442     
         345   959548.519166995     
         350   941573.840523820     
         355   923476.857248709     
         360   905362.739749477     
         365   887330.066904263     
         370   869466.904190629     
         375   851848.503278454     
         380   834536.349970800     
         385   817578.226589534     
         390   801008.969301725     
         395   784851.651983133     
         400   769118.990331322     
         405   753814.818704882     
         410   738935.541240307     
         415   724471.496713914     
         420   710408.204412111     
         425   696727.478002882     
         430   683408.408305994     
         435   670428.225981208     
         440   657763.063190262     
         445   645388.640541546     
         450   633280.912929198     
         455   621416.715385207     
         460   609774.456754754     
         465   598334.911627579     
         470   587082.151722029     
         475   576004.619213386     
         480   565096.236817721     
         485   554357.186982250     
         490   543793.403543841     
         495   533412.559839323     
         500   524373.276982886     
