         100 -2.415743504186722E-003
         105   91554.5969161659     
         110   176353.121460872     
         115   254769.483942534     
         120   327159.209768177     
         125   393860.281425300     
         130   455193.940636862     
         135   511465.462569361     
         140   562964.898468210     
         145   609967.785110220     
         150   652735.822000042     
         155   691517.517869823     
         160   726548.808024919     
         165   758053.643946020     
         170   786244.556437823     
         175   811323.193522179     
         180   833480.834202628     
         185   852898.879170819     
         190   869749.319479920     
         195   884195.184192614     
         200   896390.968302011     
         205   906483.045193229     
         210   914610.083530948     
         215   920903.521165401     
         220   925488.057796685     
         225   928481.360729030     
         230   929990.184470653     
         235   930098.258127076     
         240   928843.551129578     
         245   926190.738165083     
         250   922013.359946430     
         255   916100.465499766     
         260   908192.173478045     
         265   898034.719929334     
         270   885437.385915481     
         275   870314.859596305     
         280   852706.223648858     
         285   832770.550713659     
         290   810765.167898728     
         295   787014.881243907     
         300   761879.668999513     
         305   735726.064520041     
         310   708904.930353832     
         315   681736.299379086     
         320   654500.660041812     
         325   627435.425587565     
         330   600735.165384435     
         335   574554.295134214     
         340   549011.169272959     
         345   524192.793770028     
         350   500159.626728585     
         355   476950.135134887     
         360   454584.925142597     
         365   433070.366257794     
         370   412401.696094178     
         375   392565.631610949     
         380   373542.533238686     
         385   355308.176555568     
         390   337835.186964786     
         395   321094.189441764     
         400   305054.720031180     
         405   289685.939720841     
         410   274957.185376561     
         415   260838.386989609     
         420   247300.375731677     
         425   234315.103259706     
         430   221855.789318403     
         435   209897.011874157     
         440   198414.751693943     
         445   187386.401375142     
         450   176790.747264490     
         455   166607.931412702     
         460   156819.399638612     
         465   147407.840869911     
         470   138357.122138083     
         475   129652.222889509     
         480   121279.171598567     
         485   113224.987009035     
         490   105477.625676899     
         495   98025.9368384561     
         500   90674.0611090752     
