         100 -1.237937612965613E-002
         105   56946.6599282994     
         110   109690.832521605     
         115   158465.133571607     
         120   203490.767140662     
         125   244978.026557815     
         130   283126.764574552     
         135   318126.875952018     
         140   350158.769752172     
         145   379393.818817338     
         150   405994.785684439     
         155   430116.227002451     
         160   451904.878464204     
         165   471500.021567808     
         170   489033.830026538     
         175   504631.661771209     
         180   518412.043767194     
         185   530485.090697983     
         190   540945.167864333     
         195   549849.033248032     
         200   557170.446470545     
         205   562736.150233758     
         210   566174.309622978     
         215   566921.279419963     
         220   564312.627861088     
         225   557738.279058613     
         230   546804.675772703     
         235   531444.811349527     
         240   511945.427297286     
         245   488896.557853058     
         250   463092.242535990     
         255   435416.805418641     
         260   406743.612339409     
         265   377860.847452613     
         270   349427.729267439     
         275   321957.381150318     
         280   295819.352896434     
         285   271254.426553130     
         290   248395.519294690     
         295   227290.211157679     
         300   207922.076155452     
         305   190229.313170616     
         310   174120.098725027     
         315   159484.663354701     
         320   146204.410190696     
         325   134158.532145751     
         330   123228.611288481     
         335   113301.650219864     
         340   104271.923451180     
         345   96041.9669366258     
         350   88522.9570685884     
         355   81634.6718263605     
         360   75305.1781276272     
         365   69470.3506029564     
         370   64073.2969131643     
         375   59063.7419399744     
         380   54397.4062701684     
         385   50035.4020725357     
         390   45943.6606466887     
         395   42092.3997228575     
         400   38455.6343216702     
         405   35010.7321135905     
         410   31738.0123512216     
         415   28620.3862894079     
         420   25643.0363426701     
         425   22793.1309015019     
         430   20059.5716273304     
         435   17432.7700918827     
         440   14904.4507651515     
         445   12467.4775487992     
         450   10115.7012723406     
         455   7843.82579991410     
         460   5647.29062404630     
         465   3522.16804190390     
         470   1465.07321452611     
         475  -526.914402029606     
         480  -2456.31959377801     
         485  -4325.33108081986     
         490  -6135.85341420865     
         495  -7889.55200637389     
         500  -9587.79579225202     
