         100 -7.017012181169813E-003
         105   89404.1289036071     
         110   172210.776549438     
         115   248785.091566720     
         120   319474.278383992     
         125   384608.410135284     
         130   444501.200329017     
         135   499450.759562688     
         140   549740.325186599     
         145   595638.957577759     
         150   637402.203417325     
         155   675272.727978682     
         160   709480.918388671     
         165   740245.459521266     
         170   767773.883936619     
         175   792263.097102531     
         180   813899.878760700     
         185   832861.357190767     
         190   849315.411382390     
         195   863420.662941609     
         200   875324.343822763     
         205   885152.220433005     
         210   892978.061977893     
         215   898758.963407416     
         220   902241.525536787     
         225   902881.489403072     
         230   899843.504760378     
         235   892123.112040284     
         240   878768.075290703     
         245   859119.788670920     
         250   832987.214119133     
         255   800703.279461950     
         260   763065.428646007     
         265   721198.697019040     
         270   676390.810734423     
         275   629940.091118105     
         280   583039.793376876     
         285   536706.126087362     
         290   491746.001326671     
         295   448755.101649223     
         300   408135.711485291     
         305   370125.104217124     
         310   334827.604408369     
         315   302245.819012913     
         320   272308.497852358     
         325   244893.909519127     
         330   219848.543202824     
         335   197001.477248080     
         340   176175.008763279     
         345   157192.215419743     
         350   139882.095668663     
         355   124082.858064187     
         360   109643.836302577     
         365   96426.4123963891     
         370   84304.2454583397     
         375   73163.0316266159     
         380   62899.9622738833     
         385   53423.0017139069     
         390   44650.0703660126     
         395   36508.1928184808     
         400   28932.6506335386     
         405   21866.1654937746     
         410   15258.1281187166     
         415   9063.88126352904     
         420   3244.06026136461     
         425  -2236.00861519262     
         430  -7406.85367804890     
         435  -12295.3500607898     
         440  -16925.1620329646     
         445  -21317.1389110970     
         450  -25489.6680201659     
         455  -29458.9879889052     
         460  -33239.4654684623     
         465  -36843.8381960857     
         470  -40283.4272060649     
         475  -43568.3209204651     
         480  -46707.5338190275     
         485  -49709.1423697130     
         490  -52580.4008756277     
         495  -55327.8398402677     
         500  -58028.6630437238     
