         100 -9.080839235389791E-003
         105   115699.460196516     
         110   222861.003525631     
         115   321957.175269216     
         120   413437.298802515     
         125   497728.527590375     
         130   575236.843817574     
         135   646348.037666650     
         140   711428.651588599     
         145   770826.881363212     
         150   824873.434458112     
         155   873882.348283916     
         160   918151.770885220     
         165   957964.706214796     
         170   993589.725820183     
         175   1025281.64856764     
         180   1053282.19005060     
         185   1077820.58563423     
         190   1099114.21582573     
         195   1117369.43751934     
         200   1132783.64823975     
         205   1145552.07892135     
         210   1155886.86542533     
         215   1164056.75005047     
         220   1170444.62538539     
         225   1175597.45159297     
         230   1180228.24072305     
         235   1185144.18717293     
         240   1191114.02138887     
         245   1198722.01475140     
         250   1208261.64013856     
         255   1219699.73481375     
         260   1232710.85765634     
         265   1246759.16069774     
         270   1261198.03297697     
         275   1275362.75703699     
         280   1288641.63328025     
         285   1300520.90700892     
         290   1310605.65758744     
         295   1318622.19685881     
         300   1324408.29120622     
         305   1327896.76686962     
         310   1329096.68456412     
         315   1328074.84891686     
         320   1324939.23160484     
         325   1319825.02026797     
         330   1312883.43878360     
         335   1304273.15585415     
         340   1294153.93850351     
         345   1282682.15496878     
         350   1270007.74232692     
         355   1256272.29692452     
         360   1241608.00062099     
         365   1226137.15161051     
         370   1209972.11927720     
         375   1193215.58571781     
         380   1175960.97177822     
         385   1158292.97326592     
         390   1140288.15444182     
         395   1122015.56209645     
         400   1103537.33554625     
         405   1084909.29667378     
         410   1066181.51044065     
         415   1047398.81072483     
         420   1028601.28934108     
         425   1009824.74805220     
         430   991101.114546226     
         435   972458.823961852     
         440   953923.167767591     
         445   935516.611786896     
         450   917259.085029606     
         455   899168.240831219     
         460   881259.691679576     
         465   863547.219060109     
         470   846042.959686904     
         475   828757.569597427     
         480   811700.367748775     
         485   794879.460929776     
         490   778301.851961929     
         495   761973.533273666     
         500   745975.575548528     
