         100 -1.415079069014395E-002
         105   111216.248478306     
         110   214225.298599230     
         115   309481.408087929     
         120   397416.523877465     
         125   478441.282176769     
         130   552945.954325442     
         135   621301.388739581     
         140   683859.923776972     
         145   740956.257961294     
         150   792908.277414528     
         155   840017.843547735     
         160   882571.543981420     
         165   920841.409090122     
         170   955085.596157041     
         175   985549.043723925     
         180   1012464.10971112     
         185   1036051.30279174     
         190   1056520.77554464     
         195   1074077.38695789     
         200   1088937.10820842     
         205   1101367.56670458     
         210   1111759.63003042     
         215   1120710.74775092     
         220   1129068.56217508     
         225   1137880.55847526     
         230   1148238.48332854     
         235   1161066.12483733     
         240   1176930.27776577     
         245   1195939.30701177     
         250   1217750.00944686     
         255   1241661.84433962     
         260   1266756.52151323     
         265   1292041.38709259     
         270   1316568.07350106     
         275   1339513.64657751     
         280   1360223.91264341     
         285   1378225.71017582     
         290   1393217.57103212     
         295   1405047.71515624     
         300   1413686.49122275     
         305   1419198.17467713     
         310   1421715.07319411     
         315   1421415.39547111     
         320   1418505.32852986     
         325   1413205.16008299     
         330   1405738.96785465     
         335   1396327.27730806     
         340   1385182.08500222     
         345   1372503.70185756     
         350   1358478.95349458     
         355   1343280.36250979     
         360   1327066.01889671     
         365   1309979.91485698     
         370   1292152.57767309     
         375   1273701.87977204     
         380   1254733.94012688     
         385   1235344.05752400     
         390   1215617.63572183     
         395   1195631.07468827     
         400   1175452.61222347     
         405   1155143.10738778     
         410   1134756.76206801     
         415   1114341.78034077     
         420   1093940.96748103     
         425   1073592.27184597     
         430   1053329.27367112     
         435   1033181.62521360     
         440   1013175.44678124     
         445   993333.683082394     
         450   973676.424082328     
         455   954221.194208995     
         460   934983.213356122     
         465   915975.632718104     
         470   897209.748088033     
         475   878695.192877779     
         480   860440.112791784     
         485   842451.323811621     
         490   824734.454927989     
         495   807294.076887518     
         500   790091.801732807     
