         100 -1.396497538410640E-002
         105   68895.8675498982     
         110   132707.455431490     
         115   191716.186050992     
         120   246189.672870397     
         125   296382.328802121     
         130   342535.937959756     
         135   384880.239507707     
         140   423633.498099498     
         145   459003.046898030     
         150   491185.802412052     
         155   520368.753554466     
         160   546729.427259563     
         165   570436.332228139     
         170   591649.378465435     
         175   610520.231974119     
         180   627192.279523331     
         185   641798.453900473     
         190   654450.583541604     
         195   665205.559389952     
         200   673989.962222146     
         205   680484.383636444     
         210   684015.303183680     
         215   683538.986959193     
         220   677779.057728197     
         225   665498.792730970     
         230   645811.194418529     
         235   618411.438211044     
         240   583660.711482499     
         245   542518.304847893     
         250   496369.456675855     
         255   446813.526850459     
         260   395466.889252361     
         265   343812.575768975     
         270   293106.839906990     
         275   244337.705194471     
         280   198223.142517352     
         285   155234.943771162     
         290   115636.142710784     
         295   79522.9451374797     
         300   46865.2969232759     
         305   17542.8281756884     
         310  -8625.20921714711     
         315  -31856.1876614158     
         320  -52386.0295945315     
         325  -70455.9932572503     
         330  -86303.4136561802     
         335  -100155.539119267     
         340  -112225.712118299     
         345  -122711.272532401     
         350  -131792.688676184     
         355  -139633.534586986     
         360  -146381.026911360     
         365  -152166.910989717     
         370  -157108.545184453     
         375  -161310.077712684     
         380  -164863.643933984     
         385  -167850.536688489     
         390  -170342.320000817     
         395  -172401.868986185     
         400  -174084.327476563     
         405  -175437.980770269     
         410  -176505.044782999     
         415  -177322.375322577     
         420  -177922.102647387     
         425  -178332.197206070     
         430  -178576.972713825     
         435  -178677.532657006     
         440  -178652.166046532     
         445  -178516.697844262     
         450  -178284.799024471     
         455  -177968.260747496     
         460  -177577.236644374     
         465  -177120.456759799     
         470  -176605.416288055     
         475  -176038.541868737     
         480  -175425.337887356     
         485  -174770.514948395     
         490  -174078.102450816     
         495  -173351.546993130     
         500  -172586.735571104     
