         100 -1.341753289825341E-002
         105   61305.1595702571     
         110   118086.185770201     
         115   170593.498294994     
         120   219065.232026940     
         125   263727.776082096     
         130   304796.279667919     
         135   342475.171613483     
         140   376958.668905329     
         145   408431.260648985     
         150   437068.166632305     
         155   463035.772728770     
         160   486492.045337486     
         165   507586.926727685     
         170   526462.715633852     
         175   543254.466362990     
         180   558090.639634992     
         185   571095.152007925     
         190   582394.606646900     
         195   592138.538078269     
         200   600540.559357559     
         205   607935.687960904     
         210   614825.887215918     
         215   621873.217564112     
         220   629818.276947587     
         225   639342.570658131     
         230   650925.728668602     
         235   664749.671911519     
         240   680676.304766611     
         245   698293.613958198     
         250   717004.417911283     
         255   736127.350975928     
         260   754986.443670689     
         265   772976.631251413     
         270   789602.316331365     
         275   804492.419448565     
         280   817398.142876747     
         285   828179.959326929     
         290   836789.277338076     
         295   843248.714415888     
         300   847633.451844622     
         305   850054.984848092     
         310   850647.768490582     
         315   849558.751533634     
         320   846939.513436749     
         325   842940.599918838     
         330   837707.629692729     
         335   831378.775483590     
         340   824083.277362424     
         345   815940.708220775     
         350   807060.770231101     
         355   797543.452820715     
         360   787479.425528442     
         365   776950.573279471     
         370   766030.608078430     
         375   754785.711148432     
         380   743275.174410210     
         385   731552.021047710     
         390   719663.592710028     
         395   707652.096429436     
         400   695555.108192326     
         405   683406.032736236     
         410   671234.520894556     
         415   659066.846911776     
         420   646926.248780337     
         425   634833.234932159     
         430   622805.860649268     
         435   610859.977413188     
         440   599009.458152399     
         445   587266.401020965     
         450   575641.313990311     
         455   564143.282192052     
         460   552780.119636262     
         465   541558.506661653     
         470   530484.114259023     
         475   519561.716247683     
         480   508795.290171892     
         485   498188.107712681     
         490   487742.815369937     
         495   477461.506150301     
         500   467345.434433480     
