         100 -3.126256279606411E-003
         105   118482.418783263     
         110   228221.685141549     
         115   329701.683000312     
         120   423382.504059827     
         125   509701.537418775     
         130   589074.507657161     
         135   661896.476752638     
         140   728542.805138055     
         145   789370.069816422     
         150   844716.940732777     
         155   894905.017420787     
         160   940239.627920736     
         165   981010.591794016     
         170   1017492.94890378     
         175   1049947.65551194     
         180   1078622.24915090     
         185   1103751.48365543     
         190   1125557.93568025     
         195   1144252.58397647     
         200   1160035.36256592     
         205   1173095.68782248     
         210   1183612.95227194     
         215   1191756.95306891     
         220   1197688.19983188     
         225   1201558.19497208     
         230   1203510.39673761     
         235   1203683.46727523     
         240   1202218.30714395     
         245   1199268.11711521     
         250   1195007.41893148     
         255   1189634.61821917     
         260   1183364.99324260     
         265   1176415.44042179     
         270   1168985.85380921     
         275   1161242.79352102     
         280   1153309.38589646     
         285   1145262.69858904     
         290   1137137.55555042     
         295   1128934.55463630     
         300   1120629.88002315     
         305   1112184.97732489     
         310   1103554.87067622     
         315   1094694.56681770     
         320   1085563.48097521     
         325   1076128.11183227     
         330   1066363.32348184     
         335   1056252.61344935     
         340   1045787.70572780     
         345   1034967.74155799     
         350   1023798.27049722     
         355   1012290.18176489     
         360   1000458.66553312     
         365   988322.256241073     
         370   975901.983629459     
         375   963220.639760298     
         380   950302.159531262     
         385   937171.106146935     
         390   923852.250117258     
         395   910370.229464900     
         400   896749.279128375     
         405   883013.018504306     
         410   869184.287336410     
         415   855285.021526214     
         420   841336.161798449     
         425   827357.589444693     
         430   813368.084559193     
         435   799385.303243091     
         440   785425.771152336     
         445   771504.891456632     
         450   757636.965716464     
         455   743835.226340523     
         460   730111.879153696     
         465   716478.154224633     
         470   702944.362554313     
         475   689519.955630051     
         480   676213.584334441     
         485   663033.153383471     
         490   649985.867427974     
         495   637078.265194482     
         500   624744.643693727     
