         100 -1.325007964515490E-002
         105   81266.9635955913     
         110   156536.772634926     
         115   226141.370074399     
         120   290396.402636781     
         125   349601.945426380     
         130   404043.185271331     
         135   453991.109252160     
         140   499703.174513730     
         145   541423.946346365     
         150   579385.704061183     
         155   613809.017180302     
         160   644903.294395473     
         165   672867.307184808     
         170   697889.688885038     
         175   720149.400407030     
         180   739816.064644866     
         185   757049.495552313     
         190   771995.273345294     
         195   784766.574602917     
         200   795393.435785322     
         205   803723.341094064     
         210   809290.188052106     
         215   811221.825170376     
         220   808277.541215511     
         225   799055.836982452     
         230   782317.885628172     
         235   757306.136442635     
         240   723944.332789403     
         245   682867.798080797     
         250   635303.353643363     
         255   582860.652218232     
         260   527303.289176413     
         265   470350.646788721     
         270   413536.322064768     
         275   358127.538235807     
         280   305096.617125066     
         285   255130.047790076     
         290   208660.512595554     
         295   165909.841480406     
         300   126934.346337894     
         305   91667.2375152716     
         310   59955.3730836675     
         315   31589.3568605328     
         320   6327.09098736161     
         325  -16088.5268716941     
         330  -35916.8280080834     
         335  -53410.5494735353     
         340  -68810.0710621963     
         345  -82339.9479396245     
         350  -94207.1147997183     
         355  -104600.270162848     
         360  -113690.064999208     
         365  -121629.815325370     
         370  -128556.534385927     
         375  -134592.138781994     
         380  -139844.727308553     
         385  -144409.864160827     
         390  -148371.822110643     
         395  -151804.758375014     
         400  -154773.807923875     
         405  -157336.087250044     
         410  -159541.607182505     
         415  -161434.096936916     
         420  -163051.743835767     
         425  -164427.854410569     
         430  -165591.443219606     
         435  -166567.755891040     
         440  -167378.732784512     
         445  -168043.419362299     
         450  -168578.328949422     
         455  -168997.763094246     
         460  -169314.094254339     
         465  -169538.015052298     
         470  -169678.757889692     
         475  -169744.288284707     
         480  -169741.474915837     
         485  -169676.239011922     
         490  -169553.685427020     
         495  -169378.217474415     
         500  -169146.420279199     
