         100 -1.413355074185591E-002
         105   75527.5139817033     
         110   145481.380973139     
         115   210170.107614905     
         120   269887.059519153     
         125   324911.130794131     
         130   375507.374125946     
         135   421927.640784269     
         140   464411.204855908     
         145   503185.357640538     
         150   538465.971528851     
         155   570458.035885529     
         160   599356.167390783     
         165   625345.096618481     
         170   648600.130183688     
         175   669287.563573680     
         180   687564.823951021     
         185   703579.043791798     
         190   717458.893028889     
         195   729286.243164319     
         200   739027.603151522     
         205   746418.682782680     
         210   750840.108512534     
         215   751269.108718575     
         220   746385.326990690     
         225   734833.537069621     
         230   715555.584906925     
         235   688066.595031587     
         240   652584.637956200     
         245   609993.779570776     
         250   561681.271049252     
         255   509316.340196542     
         260   454632.765882350     
         265   399255.306642358     
         270   344585.832855584     
         275   291746.988822309     
         280   241571.483251634     
         285   194622.182585881     
         290   151229.442885040     
         295   111535.235305445     
         300   75537.0518075585     
         305   43127.5233572694     
         310   14127.8674325552     
         315  -11685.2767424656     
         320  -34559.2240326700     
         325  -54750.0138063972     
         330  -72511.6194145828     
         335  -88088.6632210438     
         340  -101711.807272894     
         345  -113595.124638301     
         350  -123934.893627302     
         355  -132909.381618935     
         360  -140679.290899860     
         365  -147388.624671768     
         370  -153165.798705005     
         375  -158124.875616709     
         380  -162366.837314496     
         385  -165980.839483633     
         390  -169045.412457247     
         395  -171629.587330165     
         400  -173793.936293487     
         405  -175591.523065933     
         410  -177068.763876913     
         415  -178266.202381990     
         420  -179219.203652156     
         425  -179958.573327460     
         430  -180511.108417057     
         435  -180900.086243263     
         440  -181145.697796981     
         445  -181265.431389242     
         450  -181274.412016044     
         455  -181185.701349248     
         460  -181010.562759434     
         465  -180758.695290499     
         470  -180438.440055489     
         475  -180056.962116866     
         480  -179620.410555431     
         485  -179134.059119725     
         490  -178602.429578740     
         495  -178029.399670259     
         500  -177408.914039786     
