         100   1812.74114063091     
         105   8922.42678213489     
         110   17320.3792792217     
         115   25366.9995945429     
         120   32929.1222375816     
         125   40190.6514221341     
         130   47368.1139322003     
         135   54655.7988673271     
         140   62222.3368910489     
         145   70217.3267849484     
         150   78778.5338494768     
         155   88037.8256232836     
         160   98125.8111698337     
         165   109175.496712241     
         170   121325.267039924     
         175   134721.433446882     
         180   149520.524556694     
         185   165891.448982170     
         190   184017.627237218     
         195   204099.171339534     
         200   226355.181539332     
         205   251026.229381552     
         210   278377.105192817     
         215   308699.928234811     
         220   342317.753865793     
         225   379588.872834829     
         230   420912.099252088     
         235   466733.515910568     
         240   517555.449244886     
         245   573949.016695649     
         250   636572.744762350     
         255   706202.092752847     
         260   783778.172267175     
         265   870482.760050268     
         270   967821.156721443     
         275   1077622.65202751     
         280   1201784.35229807     
         285   1341612.54340956     
         290   1496848.01442992     
         295   1664770.03900384     
         300   1839875.75218353     
         305   2014396.55979245     
         310   2179508.46725653     
         315   2326801.22644311     
         320   2449538.91456200     
         325   2543416.73209501     
         330   2606749.56499823     
         335   2640202.59110449     
         340   2646249.99005852     
         345   2628542.11902397     
         350   2591312.61382186     
         355   2538898.46964018     
         360   2475397.75570196     
         365   2404457.87297446     
         370   2329171.03734261     
         375   2252048.68093084     
         380   2175048.15418139     
         385   2099629.91455149     
         390   2026828.99383999     
         395   1957329.69098502     
         400   1891536.61370851     
         405   1829638.31059523     
         410   1771661.95452811     
         415   1717518.39257376     
         420   1667038.58566028     
         425   1620002.24340043     
         430   1576159.78100309     
         435   1535248.73174839     
         440   1497005.66739941     
         445   1461174.55546451     
         450   1427512.34474639     
         455   1395792.43575009     
         460   1365806.56914874     
         465   1337365.55757960     
         470   1310299.19454468     
         475   1284455.59842543     
         480   1259700.18804155     
         485   1235914.43690784     
         490   1212994.51444101     
         495   1190849.89204031     
         500   1169401.96860234     
