         100   1812.74114063091     
         105   8922.58143856237     
         110   17321.1948990510     
         115   25368.8848921594     
         120   32932.4867477089     
         125   40196.1740973679     
         130   47376.9460357514     
         135   54669.8015483162     
         140   62244.4443451631     
         145   70252.1226613316     
         150   78833.1637058299     
         155   88123.4399541368     
         160   98259.8567601376     
         165   109385.387912979     
         170   121654.363570999     
         175   135239.066419808     
         180   150339.705687563     
         185   167202.262078180     
         190   186152.048804809     
         195   207648.889385644     
         200   232350.062293368     
         205   261129.252310715     
         210   294978.791531038     
         215   334764.476080467     
         220   380897.640329428     
         225   433062.404081115     
         230   490123.055781006     
         235   550249.634063635     
         240   611204.761847137     
         245   670686.216281344     
         250   726627.305134459     
         255   777397.643597567     
         260   821891.499925611     
         265   859521.933743638     
         270   890152.446617561     
         275   913997.902419624     
         280   931519.405989607     
         285   943328.833649847     
         290   950110.793331321     
         295   952564.108446834     
         300   951361.488872716     
         305   947124.392018849     
         310   940409.598230239     
         315   931704.223403820     
         320   921426.406485637     
         325   909929.514162716     
         330   897508.276024432     
         335   884405.745493279     
         340   870820.360190637     
         345   856912.656532238     
         350   842811.392673646     
         355   828618.969022686     
         360   814416.122685220     
         365   800265.925017060     
         370   786217.140571838     
         375   772307.019126320     
         380   758563.595867750     
         385   745007.572242315     
         390   731653.844092561     
         395   718512.736319962     
         400   705590.995504395     
         405   692892.584352638     
         410   680419.314891841     
         415   668171.351136607     
         420   656147.606585721     
         425   644346.057321701     
         430   632763.987630220     
         435   621398.181846535     
         440   610245.073486991     
         445   599300.860552891     
         450   588561.594125467     
         455   578023.245936980     
         460   567681.759445521     
         465   557533.088010001     
         470   547573.223015224     
         475   537798.214199930     
         480   528204.183964425     
         485   518787.337055473     
         490   509543.966725088     
         495   500470.458221333     
         500   491563.290280540     
