         100   1812.74114063091     
         105   8922.51921712740     
         110   17320.8667450932     
         115   25368.1263262199     
         120   32931.1328658096     
         125   40193.9513711792     
         130   47373.3904031100     
         135   54664.1621941650     
         140   62235.5361597913     
         145   70238.0911290770     
         150   78811.1106007265     
         155   88088.8264878399     
         160   98205.5443666749     
         165   109300.073379206     
         170   121519.957435317     
         175   135026.082013226     
         180   149998.481629526     
         185   166644.907374771     
         190   185215.639454235     
         195   206031.705854450     
         200   229535.917775783     
         205   256365.201559583     
         210   287407.283892723     
         215   323763.844757723     
         220   366550.556895018     
         225   416550.678526349     
         230   473847.906082298     
         235   537602.833593616     
         240   606073.003174157     
         245   676862.304217950     
         250   747298.383559508     
         255   814814.584681471     
         260   877244.512617051     
         265   932989.454156206     
         270   981063.747170335     
         275   1021048.76926170     
         280   1052993.34410662     
         285   1077293.63698945     
         290   1094575.90274887     
         295   1105595.48555101     
         300   1111157.57192047     
         305   1112059.96459308     
         310   1109055.25589265     
         315   1102828.59091039     
         320   1093987.08295975     
         325   1083057.37685944     
         330   1070488.51348453     
         335   1056657.93318606     
         340   1041879.06558218     
         345   1026409.45024637     
         350   1010458.71319811     
         355   994196.000976672     
         360   977756.666725036     
         365   961248.130737565     
         370   944754.918573686     
         375   928342.927082299     
         380   912062.993229028     
         385   895953.850352147     
         390   880044.556993931     
         395   864356.478619900     
         400   848904.894922166     
         405   833700.296661012     
         410   818749.427150048     
         415   804056.115122467     
         420   789621.938133429     
         425   775446.748980039     
         430   761529.091869279     
         435   747866.530186299     
         440   734455.903628683     
         445   721293.529081723     
         450   708375.356818985     
         455   695697.091330286     
         460   683254.284223067     
         465   671042.405140407     
         470   659056.895427056     
         475   647293.208300883     
         480   635746.838506623     
         485   624413.343805031     
         490   613288.360153188     
         495   602367.612036005     
         500   591646.919094764     
