         100   1812.74114063091     
         105   8922.58909300791     
         110   17321.2352696171     
         115   25368.9782172362     
         120   32932.6533267227     
         125   40196.4476143265     
         130   47377.3836621355     
         135   54670.4958400247     
         140   62245.5415291998     
         145   70253.8518667511     
         150   78835.8837106540     
         155   88127.7142275750     
         160   98266.5753071896     
         165   109395.969404353     
         170   121671.104237022     
         175   135265.786595150     
         180   150383.062295497     
         185   167274.506857483     
         190   186276.210276580     
         195   207865.888812921     
         200   232722.913831611     
         205   261735.043046372     
         210   295881.494793548     
         215   335973.329633065     
         220   382328.516219491     
         225   434521.806314550     
         230   491323.889339808     
         235   550853.011507995     
         240   610872.550087878     
         245   669128.361590352     
         250   723633.625129306     
         255   772851.070335934     
         260   815765.318460627     
         265   851866.251418638     
         270   881075.403362456     
         275   903646.023769323     
         280   920059.941624805     
         285   930935.496609879     
         290   936953.265650661     
         295   938801.035759238     
         300   937136.372507193     
         305   932563.697202750     
         310   925622.437424754     
         315   916783.075705164     
         320   906448.453590761     
         325   894958.286358453     
         330   882595.397022051     
         335   869592.639694116     
         340   856139.841354496     
         345   842390.355877994     
         350   828467.010674059     
         355   814467.351823470     
         360   800468.173913962     
         365   786529.368893330     
         370   772697.154287911     
         375   759006.752591357     
         380   745484.595898762     
         385   732150.126682113     
         390   719017.259487684     
         395   706095.560916785     
         400   693391.197545084     
         405   680907.694040125     
         410   668646.536971715     
         415   656607.653817647     
         420   644789.791479585     
         425   633190.814209257     
         430   621807.937137062     
         435   610637.908513136     
         440   599677.151230339     
         445   588921.872118823     
         450   578368.145808819     
         455   568011.978586799     
         460   557849.356563573     
         465   547876.281583308     
         470   538088.797589387     
         475   528483.009593106     
         480   519055.096936825     
         485   509801.322181616     
         490   500718.036662524     
         495   491801.683527130     
         500   483048.798893330     
