100  0.1812741E+04
101  0.2933816E+04
102  0.4254908E+04
103  0.5722237E+04
104  0.7290156E+04
105  0.8922603E+04
106  0.1059230E+05
107  0.1227923E+05
108  0.1396910E+05
109  0.1565198E+05
110  0.1732124E+05
111  0.1897265E+05
112  0.2060381E+05
113  0.2221358E+05
114  0.2380180E+05
115  0.2536896E+05
116  0.2691605E+05
117  0.2844437E+05
118  0.2995544E+05
119  0.3145094E+05
120  0.3293262E+05
121  0.3440227E+05
122  0.3586169E+05
123  0.3731268E+05
124  0.3875701E+05
125  0.4019641E+05
126  0.4163259E+05
127  0.4306719E+05
128  0.4450182E+05
129  0.4593804E+05
130  0.4737735E+05
131  0.4882124E+05
132  0.5027113E+05
133  0.5172841E+05
134  0.5319442E+05
135  0.5467048E+05
136  0.5615788E+05
137  0.5765788E+05
138  0.5917169E+05
139  0.6070052E+05
140  0.6224556E+05
141  0.6380796E+05
142  0.6538887E+05
143  0.6698942E+05
144  0.6861073E+05
145  0.7025391E+05
146  0.7192005E+05
147  0.7361024E+05
148  0.7532557E+05
149  0.7706713E+05
150  0.7883600E+05
151  0.8063325E+05
152  0.8245998E+05
153  0.8431727E+05
154  0.8620622E+05
155  0.8812791E+05
156  0.9008348E+05
157  0.9207402E+05
158  0.9410067E+05
159  0.9616458E+05
160  0.9826690E+05
161  0.1004088E+06
162  0.1025915E+06
163  0.1048162E+06
164  0.1070841E+06
165  0.1093965E+06
166  0.1117546E+06
167  0.1141599E+06
168  0.1166136E+06
169  0.1191171E+06
170  0.1216718E+06
171  0.1242792E+06
172  0.1269408E+06
173  0.1296582E+06
174  0.1324329E+06
175  0.1352666E+06
176  0.1381611E+06
177  0.1411181E+06
178  0.1441395E+06
179  0.1472274E+06
180  0.1503837E+06
181  0.1536107E+06
182  0.1569107E+06
183  0.1602861E+06
184  0.1637397E+06
185  0.1672741E+06
186  0.1708925E+06
187  0.1745981E+06
188  0.1783945E+06
189  0.1822853E+06
190  0.1862747E+06
191  0.1903671E+06
192  0.1945673E+06
193  0.1988804E+06
194  0.2033119E+06
195  0.2078676E+06
196  0.2125539E+06
197  0.2173774E+06
198  0.2223450E+06
199  0.2274640E+06
200  0.2327421E+06
201  0.2381871E+06
202  0.2438070E+06
203  0.2496098E+06
204  0.2556038E+06
205  0.2617970E+06
206  0.2681971E+06
207  0.2748120E+06
208  0.2816487E+06
209  0.2887140E+06
210  0.2960140E+06
211  0.3035541E+06
212  0.3113388E+06
213  0.3193717E+06
214  0.3276555E+06
215  0.3361916E+06
216  0.3449802E+06
217  0.3540205E+06
218  0.3633102E+06
219  0.3728456E+06
220  0.3826219E+06
221  0.3926328E+06
222  0.4028707E+06
223  0.4133266E+06
224  0.4239906E+06
225  0.4348511E+06
226  0.4458957E+06
227  0.4571108E+06
228  0.4684819E+06
229  0.4799937E+06
230  0.4916298E+06
231  0.5033736E+06
232  0.5152076E+06
233  0.5271139E+06
234  0.5390745E+06
235  0.5510709E+06
236  0.5630846E+06
237  0.5750972E+06
238  0.5870902E+06
239  0.5990456E+06
240  0.6109454E+06
241  0.6227720E+06
242  0.6345086E+06
243  0.6461385E+06
244  0.6576458E+06
245  0.6690152E+06
246  0.6802323E+06
247  0.6912831E+06
248  0.7021547E+06
249  0.7128347E+06
250  0.7233119E+06
251  0.7335756E+06
252  0.7436161E+06
253  0.7534246E+06
254  0.7629931E+06
255  0.7723143E+06
256  0.7813821E+06
257  0.7901908E+06
258  0.7987357E+06
259  0.8070129E+06
260  0.8150191E+06
261  0.8227520E+06
262  0.8302097E+06
263  0.8373911E+06
264  0.8442957E+06
265  0.8509235E+06
266  0.8572753E+06
267  0.8633522E+06
268  0.8691559E+06
269  0.8746886E+06
270  0.8799527E+06
271  0.8849512E+06
272  0.8896875E+06
273  0.8941651E+06
274  0.8983881E+06
275  0.9023606E+06
276  0.9060870E+06
277  0.9095721E+06
278  0.9128206E+06
279  0.9158376E+06
280  0.9186282E+06
281  0.9211977E+06
282  0.9235513E+06
283  0.9256947E+06
284  0.9276331E+06
285  0.9293722E+06
286  0.9309174E+06
287  0.9322744E+06
288  0.9334486E+06
289  0.9344457E+06
290  0.9352710E+06
291  0.9359300E+06
292  0.9364282E+06
293  0.9367708E+06
294  0.9369632E+06
295  0.9370105E+06
296  0.9369178E+06
297  0.9366902E+06
298  0.9363325E+06
299  0.9358497E+06
300  0.9352464E+06
301  0.9345274E+06
302  0.9336970E+06
303  0.9327598E+06
304  0.9317200E+06
305  0.9305819E+06
306  0.9293495E+06
307  0.9280268E+06
308  0.9266176E+06
309  0.9251258E+06
310  0.9235550E+06
311  0.9219087E+06
312  0.9201903E+06
313  0.9184032E+06
314  0.9165505E+06
315  0.9146354E+06
316  0.9126609E+06
317  0.9106298E+06
318  0.9085451E+06
319  0.9064093E+06
320  0.9042252E+06
321  0.9019951E+06
322  0.8997217E+06
323  0.8974071E+06
324  0.8950536E+06
325  0.8926635E+06
326  0.8902388E+06
327  0.8877814E+06
328  0.8852935E+06
329  0.8827767E+06
330  0.8802328E+06
331  0.8776637E+06
332  0.8750708E+06
333  0.8724559E+06
334  0.8698203E+06
335  0.8671656E+06
336  0.8644932E+06
337  0.8618043E+06
338  0.8591003E+06
339  0.8563823E+06
340  0.8536515E+06
341  0.8509091E+06
342  0.8481562E+06
343  0.8453936E+06
344  0.8426225E+06
345  0.8398437E+06
346  0.8370582E+06
347  0.8342667E+06
348  0.8314702E+06
349  0.8286693E+06
350  0.8258648E+06
351  0.8230575E+06
352  0.8202479E+06
353  0.8174368E+06
354  0.8146248E+06
355  0.8118123E+06
356  0.8090000E+06
357  0.8061885E+06
358  0.8033781E+06
359  0.8005694E+06
360  0.7977628E+06
361  0.7949588E+06
362  0.7921578E+06
363  0.7893601E+06
364  0.7865661E+06
365  0.7837762E+06
366  0.7809907E+06
367  0.7782099E+06
368  0.7754341E+06
369  0.7726636E+06
370  0.7698986E+06
371  0.7671394E+06
372  0.7643863E+06
373  0.7616394E+06
374  0.7588990E+06
375  0.7561652E+06
376  0.7534382E+06
377  0.7507183E+06
378  0.7480056E+06
379  0.7453002E+06
380  0.7426022E+06
381  0.7399119E+06
382  0.7372293E+06
383  0.7345546E+06
384  0.7318879E+06
385  0.7292292E+06
386  0.7265787E+06
387  0.7239364E+06
388  0.7213025E+06
389  0.7186769E+06
390  0.7160599E+06
391  0.7134514E+06
392  0.7108515E+06
393  0.7082602E+06
394  0.7056777E+06
395  0.7031039E+06
396  0.7005388E+06
397  0.6979826E+06
398  0.6954353E+06
399  0.6928968E+06
400  0.6903672E+06
401  0.6878465E+06
402  0.6853348E+06
403  0.6828320E+06
404  0.6803382E+06
405  0.6778534E+06
406  0.6753775E+06
407  0.6729106E+06
408  0.6704527E+06
409  0.6680038E+06
410  0.6655638E+06
411  0.6631328E+06
412  0.6607108E+06
413  0.6582977E+06
414  0.6558936E+06
415  0.6534984E+06
416  0.6511121E+06
417  0.6487348E+06
418  0.6463663E+06
419  0.6440066E+06
420  0.6416559E+06
421  0.6393139E+06
422  0.6369808E+06
423  0.6346564E+06
424  0.6323408E+06
425  0.6300340E+06
426  0.6277358E+06
427  0.6254464E+06
428  0.6231656E+06
429  0.6208935E+06
430  0.6186299E+06
431  0.6163750E+06
432  0.6141285E+06
433  0.6118907E+06
434  0.6096613E+06
435  0.6074404E+06
436  0.6052279E+06
437  0.6030238E+06
438  0.6008281E+06
439  0.5986408E+06
440  0.5964617E+06
441  0.5942910E+06
442  0.5921285E+06
443  0.5899742E+06
444  0.5878281E+06
445  0.5856901E+06
446  0.5835603E+06
447  0.5814386E+06
448  0.5793249E+06
449  0.5772193E+06
450  0.5751217E+06
451  0.5730320E+06
452  0.5709502E+06
453  0.5688764E+06
454  0.5668104E+06
455  0.5647522E+06
456  0.5627018E+06
457  0.5606593E+06
458  0.5586244E+06
459  0.5565972E+06
460  0.5545778E+06
461  0.5525659E+06
462  0.5505617E+06
463  0.5485650E+06
464  0.5465759E+06
465  0.5445943E+06
466  0.5426201E+06
467  0.5406534E+06
468  0.5386941E+06
469  0.5367422E+06
470  0.5347977E+06
471  0.5328605E+06
472  0.5309305E+06
473  0.5290079E+06
474  0.5270924E+06
475  0.5251842E+06
476  0.5232831E+06
477  0.5213891E+06
478  0.5195023E+06
479  0.5176225E+06
480  0.5157498E+06
481  0.5138841E+06
482  0.5120253E+06
483  0.5101736E+06
484  0.5083287E+06
485  0.5064908E+06
486  0.5046597E+06
487  0.5028354E+06
488  0.5010180E+06
489  0.4992073E+06
490  0.4974034E+06
491  0.4956063E+06
492  0.4938158E+06
493  0.4920319E+06
494  0.4902548E+06
495  0.4884842E+06
496  0.4867202E+06
497  0.4849628E+06
498  0.4832119E+06
499  0.4814675E+06
500  0.4797295E+06
