100  0.1812741E+04
101  0.2933816E+04
102  0.4254907E+04
103  0.5722234E+04
104  0.7290152E+04
105  0.8922598E+04
106  0.1059229E+05
107  0.1227922E+05
108  0.1396909E+05
109  0.1565198E+05
110  0.1732123E+05
111  0.1897265E+05
112  0.2060380E+05
113  0.2221357E+05
114  0.2380179E+05
115  0.2536896E+05
116  0.2691605E+05
117  0.2844437E+05
118  0.2995544E+05
119  0.3145094E+05
120  0.3293262E+05
121  0.3440226E+05
122  0.3586168E+05
123  0.3731267E+05
124  0.3875700E+05
125  0.4019640E+05
126  0.4163258E+05
127  0.4306718E+05
128  0.4450180E+05
129  0.4593802E+05
130  0.4737733E+05
131  0.4882122E+05
132  0.5027110E+05
133  0.5172837E+05
134  0.5319438E+05
135  0.5467043E+05
136  0.5615783E+05
137  0.5765781E+05
138  0.5917161E+05
139  0.6070044E+05
140  0.6224546E+05
141  0.6380785E+05
142  0.6538875E+05
143  0.6698929E+05
144  0.6861059E+05
145  0.7025375E+05
146  0.7191987E+05
147  0.7361004E+05
148  0.7532536E+05
149  0.7706689E+05
150  0.7883573E+05
151  0.8063296E+05
152  0.8245966E+05
153  0.8431692E+05
154  0.8620583E+05
155  0.8812749E+05
156  0.9008301E+05
157  0.9207351E+05
158  0.9410012E+05
159  0.9616397E+05
160  0.9826624E+05
161  0.1004081E+06
162  0.1025907E+06
163  0.1048153E+06
164  0.1070831E+06
165  0.1093954E+06
166  0.1117535E+06
167  0.1141586E+06
168  0.1166122E+06
169  0.1191156E+06
170  0.1216702E+06
171  0.1242775E+06
172  0.1269389E+06
173  0.1296561E+06
174  0.1324306E+06
175  0.1352641E+06
176  0.1381583E+06
177  0.1411150E+06
178  0.1441362E+06
179  0.1472236E+06
180  0.1503796E+06
181  0.1536061E+06
182  0.1569055E+06
183  0.1602802E+06
184  0.1637330E+06
185  0.1672664E+06
186  0.1708835E+06
187  0.1745875E+06
188  0.1783818E+06
189  0.1822700E+06
190  0.1862561E+06
191  0.1903443E+06
192  0.1945391E+06
193  0.1988453E+06
194  0.2032680E+06
195  0.2078128E+06
196  0.2124853E+06
197  0.2172915E+06
198  0.2222378E+06
199  0.2273307E+06
200  0.2325767E+06
201  0.2379828E+06
202  0.2435557E+06
203  0.2493023E+06
204  0.2552293E+06
205  0.2613432E+06
206  0.2676503E+06
207  0.2741562E+06
208  0.2808665E+06
209  0.2877859E+06
210  0.2949183E+06
211  0.3022671E+06
212  0.3098346E+06
213  0.3176221E+06
214  0.3256301E+06
215  0.3338577E+06
216  0.3423029E+06
217  0.3509627E+06
218  0.3598327E+06
219  0.3689072E+06
220  0.3781794E+06
221  0.3876411E+06
222  0.3972832E+06
223  0.4070953E+06
224  0.4170657E+06
225  0.4271820E+06
226  0.4374307E+06
227  0.4477976E+06
228  0.4582675E+06
229  0.4688247E+06
230  0.4794529E+06
231  0.4901355E+06
232  0.5008552E+06
233  0.5115948E+06
234  0.5223370E+06
235  0.5330642E+06
236  0.5437590E+06
237  0.5544044E+06
238  0.5649834E+06
239  0.5754796E+06
240  0.5858767E+06
241  0.5961592E+06
242  0.6063121E+06
243  0.6163211E+06
244  0.6261725E+06
245  0.6358533E+06
246  0.6453514E+06
247  0.6546553E+06
248  0.6637546E+06
249  0.6726394E+06
250  0.6813010E+06
251  0.6897312E+06
252  0.6979228E+06
253  0.7058696E+06
254  0.7135659E+06
255  0.7210070E+06
256  0.7281890E+06
257  0.7351086E+06
258  0.7417634E+06
259  0.7481518E+06
260  0.7542725E+06
261  0.7601253E+06
262  0.7657102E+06
263  0.7710281E+06
264  0.7760803E+06
265  0.7808686E+06
266  0.7853954E+06
267  0.7896633E+06
268  0.7936755E+06
269  0.7974356E+06
270  0.8009474E+06
271  0.8042151E+06
272  0.8072431E+06
273  0.8100361E+06
274  0.8125991E+06
275  0.8149370E+06
276  0.8170552E+06
277  0.8189591E+06
278  0.8206541E+06
279  0.8221460E+06
280  0.8234402E+06
281  0.8245426E+06
282  0.8254589E+06
283  0.8261949E+06
284  0.8267563E+06
285  0.8271489E+06
286  0.8273783E+06
287  0.8274503E+06
288  0.8273705E+06
289  0.8271444E+06
290  0.8267776E+06
291  0.8262754E+06
292  0.8256431E+06
293  0.8248860E+06
294  0.8240091E+06
295  0.8230176E+06
296  0.8219162E+06
297  0.8207098E+06
298  0.8194031E+06
299  0.8180006E+06
300  0.8165068E+06
301  0.8149260E+06
302  0.8132623E+06
303  0.8115199E+06
304  0.8097026E+06
305  0.8078144E+06
306  0.8058589E+06
307  0.8038398E+06
308  0.8017604E+06
309  0.7996241E+06
310  0.7974342E+06
311  0.7951938E+06
312  0.7929059E+06
313  0.7905733E+06
314  0.7881989E+06
315  0.7857853E+06
316  0.7833352E+06
317  0.7808509E+06
318  0.7783349E+06
319  0.7757894E+06
320  0.7732166E+06
321  0.7706186E+06
322  0.7679975E+06
323  0.7653551E+06
324  0.7626932E+06
325  0.7600137E+06
326  0.7573182E+06
327  0.7546082E+06
328  0.7518854E+06
329  0.7491512E+06
330  0.7464069E+06
331  0.7436539E+06
332  0.7408935E+06
333  0.7381268E+06
334  0.7353550E+06
335  0.7325792E+06
336  0.7298003E+06
337  0.7270195E+06
338  0.7242375E+06
339  0.7214553E+06
340  0.7186736E+06
341  0.7158934E+06
342  0.7131153E+06
343  0.7103400E+06
344  0.7075682E+06
345  0.7048005E+06
346  0.7020375E+06
347  0.6992798E+06
348  0.6965278E+06
349  0.6937821E+06
350  0.6910432E+06
351  0.6883114E+06
352  0.6855871E+06
353  0.6828708E+06
354  0.6801628E+06
355  0.6774634E+06
356  0.6747729E+06
357  0.6720916E+06
358  0.6694198E+06
359  0.6667577E+06
360  0.6641056E+06
361  0.6614636E+06
362  0.6588319E+06
363  0.6562108E+06
364  0.6536003E+06
365  0.6510007E+06
366  0.6484120E+06
367  0.6458343E+06
368  0.6432679E+06
369  0.6407127E+06
370  0.6381689E+06
371  0.6356365E+06
372  0.6331156E+06
373  0.6306062E+06
374  0.6281085E+06
375  0.6256223E+06
376  0.6231478E+06
377  0.6206850E+06
378  0.6182339E+06
379  0.6157945E+06
380  0.6133668E+06
381  0.6109508E+06
382  0.6085465E+06
383  0.6061538E+06
384  0.6037728E+06
385  0.6014035E+06
386  0.5990457E+06
387  0.5966995E+06
388  0.5943649E+06
389  0.5920417E+06
390  0.5897300E+06
391  0.5874297E+06
392  0.5851408E+06
393  0.5828632E+06
394  0.5805969E+06
395  0.5783418E+06
396  0.5760978E+06
397  0.5738649E+06
398  0.5716430E+06
399  0.5694321E+06
400  0.5672321E+06
401  0.5650430E+06
402  0.5628646E+06
403  0.5606970E+06
404  0.5585400E+06
405  0.5563935E+06
406  0.5542576E+06
407  0.5521321E+06
408  0.5500170E+06
409  0.5479122E+06
410  0.5458176E+06
411  0.5437332E+06
412  0.5416589E+06
413  0.5395946E+06
414  0.5375402E+06
415  0.5354957E+06
416  0.5334610E+06
417  0.5314360E+06
418  0.5294207E+06
419  0.5274150E+06
420  0.5254188E+06
421  0.5234321E+06
422  0.5214547E+06
423  0.5194867E+06
424  0.5175279E+06
425  0.5155783E+06
426  0.5136378E+06
427  0.5117063E+06
428  0.5097838E+06
429  0.5078702E+06
430  0.5059654E+06
431  0.5040694E+06
432  0.5021821E+06
433  0.5003035E+06
434  0.4984334E+06
435  0.4965718E+06
436  0.4947187E+06
437  0.4928740E+06
438  0.4910376E+06
439  0.4892095E+06
440  0.4873896E+06
441  0.4855778E+06
442  0.4837741E+06
443  0.4819784E+06
444  0.4801907E+06
445  0.4784109E+06
446  0.4766389E+06
447  0.4748748E+06
448  0.4731184E+06
449  0.4713696E+06
450  0.4696285E+06
451  0.4678950E+06
452  0.4661690E+06
453  0.4644504E+06
454  0.4627393E+06
455  0.4610355E+06
456  0.4593390E+06
457  0.4576498E+06
458  0.4559678E+06
459  0.4542930E+06
460  0.4526253E+06
461  0.4509647E+06
462  0.4493110E+06
463  0.4476644E+06
464  0.4460246E+06
465  0.4443917E+06
466  0.4427657E+06
467  0.4411465E+06
468  0.4395340E+06
469  0.4379282E+06
470  0.4363290E+06
471  0.4347365E+06
472  0.4331505E+06
473  0.4315711E+06
474  0.4299981E+06
475  0.4284316E+06
476  0.4268715E+06
477  0.4253177E+06
478  0.4237703E+06
479  0.4222292E+06
480  0.4206943E+06
481  0.4191656E+06
482  0.4176431E+06
483  0.4161267E+06
484  0.4146165E+06
485  0.4131123E+06
486  0.4116141E+06
487  0.4101219E+06
488  0.4086356E+06
489  0.4071553E+06
490  0.4056809E+06
491  0.4042123E+06
492  0.4027495E+06
493  0.4012925E+06
494  0.3998413E+06
495  0.3983958E+06
496  0.3969559E+06
497  0.3955218E+06
498  0.3940932E+06
499  0.3926702E+06
500  0.3912528E+06
