100  0.2265926E+04

100.2  0.2522790E+04

100.4  0.2791920E+04

100.6  0.3072758E+04

100.8  0.3364733E+04

101.0  0.3667272E+04

101.2  0.3979801E+04

101.4  0.4301753E+04

101.6  0.4632571E+04

101.8  0.4971710E+04

102.0  0.5318640E+04

102.2  0.5672847E+04

102.4  0.6033834E+04

102.6  0.6401125E+04

102.8  0.6774263E+04

103.0  0.7152809E+04

103.2  0.7536345E+04

103.4  0.7924474E+04

103.6  0.8316816E+04

103.8  0.8713012E+04

104.0  0.9112721E+04

104.2  0.9515622E+04

104.4  0.9921410E+04

104.6  0.1032980E+05

104.8  0.1074051E+05

105.0  0.1115330E+05

105.2  0.1156792E+05

105.4  0.1198415E+05

105.6  0.1240178E+05

105.8  0.1282061E+05

106.0  0.1324045E+05

106.2  0.1366113E+05

106.4  0.1408248E+05

106.6  0.1450436E+05

106.8  0.1492663E+05

107.0  0.1534915E+05

107.2  0.1577179E+05

107.4  0.1619446E+05

107.6  0.1661703E+05

107.8  0.1703942E+05

108.0  0.1746153E+05

108.2  0.1788327E+05

108.4  0.1830458E+05

108.6  0.1872538E+05

108.8  0.1914560E+05

109.0  0.1956518E+05

109.2  0.1998408E+05

109.4  0.2040223E+05

109.6  0.2081960E+05

109.8  0.2123614E+05

110.0  0.2165181E+05

110.2  0.2206658E+05

110.4  0.2248043E+05

110.6  0.2289332E+05

110.8  0.2330523E+05

111.0  0.2371614E+05

111.2  0.2412603E+05

111.4  0.2453489E+05

111.6  0.2494270E+05

111.8  0.2534945E+05

112.0  0.2575514E+05

112.2  0.2615976E+05

112.4  0.2656330E+05

112.6  0.2696575E+05

112.8  0.2736713E+05

113.0  0.2776743E+05

113.2  0.2816664E+05

113.4  0.2856478E+05

113.6  0.2896184E+05

113.8  0.2935784E+05

114.0  0.2975277E+05

114.2  0.3014665E+05

114.4  0.3053949E+05

114.6  0.3093128E+05

114.8  0.3132205E+05

115.0  0.3171181E+05

115.2  0.3210056E+05

115.4  0.3248831E+05

115.6  0.3287509E+05

115.8  0.3326090E+05

116.0  0.3364575E+05

116.2  0.3402967E+05

116.4  0.3441266E+05

116.6  0.3479475E+05

116.8  0.3517593E+05

117.0  0.3555624E+05

117.2  0.3593569E+05

117.4  0.3631429E+05

117.6  0.3669206E+05

117.8  0.3706902E+05

118.0  0.3744518E+05

118.2  0.3782057E+05

118.4  0.3819519E+05

118.6  0.3856907E+05

118.8  0.3894222E+05

119.0  0.3931466E+05

119.2  0.3968641E+05

119.4  0.4005749E+05

119.6  0.4042792E+05

119.8  0.4079770E+05

120.0  0.4116687E+05

120.2  0.4153543E+05

120.4  0.4190342E+05

120.6  0.4227083E+05

120.8  0.4263770E+05

121.0  0.4300404E+05

121.2  0.4336987E+05

121.4  0.4373521E+05

121.6  0.4410008E+05

121.8  0.4446448E+05

122.0  0.4482845E+05

122.2  0.4519199E+05

122.4  0.4555514E+05

122.6  0.4591789E+05

122.8  0.4628028E+05

123.0  0.4664232E+05

123.2  0.4700403E+05

123.4  0.4736542E+05

123.6  0.4772652E+05

123.8  0.4808734E+05

124.0  0.4844789E+05

124.2  0.4880819E+05

124.4  0.4916827E+05

124.6  0.4952814E+05

124.8  0.4988781E+05

125.0  0.5024731E+05

125.2  0.5060664E+05

125.4  0.5096583E+05

125.6  0.5132490E+05

125.8  0.5168385E+05

126.0  0.5204271E+05

126.2  0.5240149E+05

126.4  0.5276021E+05

126.6  0.5311888E+05

126.8  0.5347753E+05

127.0  0.5383616E+05

127.2  0.5419479E+05

127.4  0.5455344E+05

127.6  0.5491212E+05

127.8  0.5527086E+05

128.0  0.5562965E+05

128.2  0.5598853E+05

128.4  0.5634751E+05

128.6  0.5670659E+05

128.8  0.5706581E+05

129.0  0.5742516E+05

129.2  0.5778467E+05

129.4  0.5814435E+05

129.6  0.5850421E+05

129.8  0.5886428E+05

130.0  0.5922456E+05

130.2  0.5958507E+05

130.4  0.5994583E+05

130.6  0.6030684E+05

130.8  0.6066813E+05

131.0  0.6102970E+05

131.2  0.6139157E+05

131.4  0.6175376E+05

131.6  0.6211628E+05

131.8  0.6247914E+05

132.0  0.6284236E+05

132.2  0.6320595E+05

132.4  0.6356993E+05

132.6  0.6393430E+05

132.8  0.6429908E+05

133.0  0.6466429E+05

133.2  0.6502993E+05

133.4  0.6539603E+05

133.6  0.6576259E+05

133.8  0.6612963E+05

134.0  0.6649717E+05

134.2  0.6686520E+05

134.4  0.6723375E+05

134.6  0.6760284E+05

134.8  0.6797246E+05

135.0  0.6834264E+05

135.2  0.6871339E+05

135.4  0.6908472E+05

135.6  0.6945665E+05

135.8  0.6982918E+05

136.0  0.7020233E+05

136.2  0.7057611E+05

136.4  0.7095054E+05

136.6  0.7132562E+05

136.8  0.7170137E+05

137.0  0.7207780E+05

137.2  0.7245492E+05

137.4  0.7283275E+05

137.6  0.7321129E+05

137.8  0.7359057E+05

138.0  0.7397058E+05

138.2  0.7435135E+05

138.4  0.7473288E+05

138.6  0.7511519E+05

138.8  0.7549829E+05

139.0  0.7588219E+05

139.2  0.7626690E+05

139.4  0.7665244E+05

139.6  0.7703881E+05

139.8  0.7742603E+05

140.0  0.7781411E+05

140.2  0.7820306E+05

140.4  0.7859289E+05

140.6  0.7898362E+05

140.8  0.7937525E+05

141.0  0.7976779E+05

141.2  0.8016127E+05

141.4  0.8055568E+05

141.6  0.8095105E+05

141.8  0.8134738E+05

142.0  0.8174468E+05

142.2  0.8214297E+05

142.4  0.8254225E+05

142.6  0.8294254E+05

142.8  0.8334385E+05

143.0  0.8374619E+05

143.2  0.8414957E+05

143.4  0.8455400E+05

143.6  0.8495950E+05

143.8  0.8536607E+05

144.0  0.8577372E+05

144.2  0.8618247E+05

144.4  0.8659233E+05

144.6  0.8700331E+05

144.8  0.8741542E+05

145.0  0.8782867E+05

145.2  0.8824307E+05

145.4  0.8865863E+05

145.6  0.8907537E+05

145.8  0.8949330E+05

146.0  0.8991241E+05

146.2  0.9033274E+05

146.4  0.9075428E+05

146.6  0.9117705E+05

146.8  0.9160107E+05

147.0  0.9202633E+05

147.2  0.9245285E+05

147.4  0.9288065E+05

147.6  0.9330973E+05

147.8  0.9374010E+05

148.0  0.9417178E+05

148.2  0.9460477E+05

148.4  0.9503910E+05

148.6  0.9547476E+05

148.8  0.9591176E+05

149.0  0.9635013E+05

149.2  0.9678987E+05

149.4  0.9723099E+05

149.6  0.9767351E+05

149.8  0.9811742E+05

150.0  0.9856275E+05

150.2  0.9900951E+05

150.4  0.9945770E+05

150.6  0.9990734E+05

150.8  0.1003584E+06

151.0  0.1008110E+06

151.2  0.1012650E+06

151.4  0.1017206E+06

151.6  0.1021776E+06

151.8  0.1026362E+06

152.0  0.1030963E+06

152.2  0.1035579E+06

152.4  0.1040210E+06

152.6  0.1044857E+06

152.8  0.1049520E+06

153.0  0.1054199E+06

153.2  0.1058893E+06

153.4  0.1063604E+06

153.6  0.1068331E+06

153.8  0.1073073E+06

154.0  0.1077833E+06

154.2  0.1082608E+06

154.4  0.1087401E+06

154.6  0.1092210E+06

154.8  0.1097035E+06

155.0  0.1101878E+06

155.2  0.1106738E+06

155.4  0.1111615E+06

155.6  0.1116509E+06

155.8  0.1121420E+06

156.0  0.1126349E+06

156.2  0.1131296E+06

156.4  0.1136260E+06

156.6  0.1141242E+06

156.8  0.1146242E+06

157.0  0.1151260E+06

157.2  0.1156296E+06

157.4  0.1161351E+06

157.6  0.1166423E+06

157.8  0.1171515E+06

158.0  0.1176625E+06

158.2  0.1181754E+06

158.4  0.1186901E+06

158.6  0.1192068E+06

158.8  0.1197254E+06

159.0  0.1202458E+06

159.2  0.1207683E+06

159.4  0.1212926E+06

159.6  0.1218190E+06

159.8  0.1223473E+06

160.0  0.1228776E+06

160.2  0.1234098E+06

160.4  0.1239441E+06

160.6  0.1244804E+06

160.8  0.1250188E+06

161.0  0.1255591E+06

161.2  0.1261016E+06

161.4  0.1266461E+06

161.6  0.1271926E+06

161.8  0.1277413E+06

162.0  0.1282921E+06

162.2  0.1288450E+06

162.4  0.1294000E+06

162.6  0.1299571E+06

162.8  0.1305165E+06

163.0  0.1310779E+06

163.2  0.1316416E+06

163.4  0.1322075E+06

163.6  0.1327755E+06

163.8  0.1333458E+06

164.0  0.1339184E+06

164.2  0.1344931E+06

164.4  0.1350701E+06

164.6  0.1356494E+06

164.8  0.1362310E+06

165.0  0.1368149E+06

165.2  0.1374011E+06

165.4  0.1379896E+06

165.6  0.1385805E+06

165.8  0.1391737E+06

166.0  0.1397693E+06

166.2  0.1403672E+06

166.4  0.1409676E+06

166.6  0.1415704E+06

166.8  0.1421755E+06

167.0  0.1427832E+06

167.2  0.1433932E+06

167.4  0.1440058E+06

167.6  0.1446208E+06

167.8  0.1452383E+06

168.0  0.1458583E+06

168.2  0.1464809E+06

168.4  0.1471059E+06

168.6  0.1477336E+06

168.8  0.1483638E+06

169.0  0.1489966E+06

169.2  0.1496319E+06

169.4  0.1502699E+06

169.6  0.1509106E+06

169.8  0.1515538E+06

170.0  0.1521997E+06

170.2  0.1528483E+06

170.4  0.1534996E+06

170.6  0.1541536E+06

170.8  0.1548103E+06

171.0  0.1554698E+06

171.2  0.1561320E+06

171.4  0.1567970E+06

171.6  0.1574647E+06

171.8  0.1581353E+06

172.0  0.1588087E+06

172.2  0.1594849E+06

172.4  0.1601640E+06

172.6  0.1608459E+06

172.8  0.1615308E+06

173.0  0.1622185E+06

173.2  0.1629092E+06

173.4  0.1636028E+06

173.6  0.1642993E+06

173.8  0.1649989E+06

174.0  0.1657014E+06

174.2  0.1664070E+06

174.4  0.1671155E+06

174.6  0.1678272E+06

174.8  0.1685419E+06

175.0  0.1692597E+06

175.2  0.1699806E+06

175.4  0.1707046E+06

175.6  0.1714317E+06

175.8  0.1721621E+06

176.0  0.1728956E+06

176.2  0.1736323E+06

176.4  0.1743723E+06

176.6  0.1751155E+06

176.8  0.1758620E+06

177.0  0.1766117E+06

177.2  0.1773648E+06

177.4  0.1781212E+06

177.6  0.1788810E+06

177.8  0.1796441E+06

178.0  0.1804107E+06

178.2  0.1811806E+06

178.4  0.1819540E+06

178.6  0.1827309E+06

178.8  0.1835113E+06

179.0  0.1842952E+06

179.2  0.1850826E+06

179.4  0.1858736E+06

179.6  0.1866682E+06

179.8  0.1874664E+06

180.0  0.1882682E+06

180.2  0.1890737E+06

180.4  0.1898829E+06

180.6  0.1906959E+06

180.8  0.1915125E+06

181.0  0.1923330E+06

181.2  0.1931572E+06

181.4  0.1939853E+06

181.6  0.1948172E+06

181.8  0.1956530E+06

182.0  0.1964928E+06

182.2  0.1973365E+06

182.4  0.1981841E+06

182.6  0.1990358E+06

182.8  0.1998915E+06

183.0  0.2007513E+06

183.2  0.2016151E+06

183.4  0.2024831E+06

183.6  0.2033553E+06

183.8  0.2042317E+06

184.0  0.2051123E+06

184.2  0.2059972E+06

184.4  0.2068864E+06

184.6  0.2077799E+06

184.8  0.2086778E+06

185.0  0.2095802E+06

185.2  0.2104869E+06

185.4  0.2113982E+06

185.6  0.2123140E+06

185.8  0.2132344E+06

186.0  0.2141593E+06

186.2  0.2150889E+06

186.4  0.2160232E+06

186.6  0.2169623E+06

186.8  0.2179061E+06

187.0  0.2188547E+06

187.2  0.2198082E+06

187.4  0.2207665E+06

187.6  0.2217299E+06

187.8  0.2226982E+06

188.0  0.2236715E+06

188.2  0.2246500E+06

188.4  0.2256336E+06

188.6  0.2266223E+06

188.8  0.2276163E+06

189.0  0.2286156E+06

189.2  0.2296202E+06

189.4  0.2306302E+06

189.6  0.2316456E+06

189.8  0.2326665E+06

190.0  0.2336930E+06

190.2  0.2347250E+06

190.4  0.2357627E+06

190.6  0.2368061E+06

190.8  0.2378552E+06

191.0  0.2389102E+06

191.2  0.2399710E+06

191.4  0.2410378E+06

191.6  0.2421106E+06

191.8  0.2431894E+06

192.0  0.2442743E+06

192.2  0.2453654E+06

192.4  0.2464628E+06

192.6  0.2475664E+06

192.8  0.2486764E+06

193.0  0.2497928E+06

193.2  0.2509157E+06

193.4  0.2520452E+06

193.6  0.2531812E+06

193.8  0.2543240E+06

194.0  0.2554735E+06

194.2  0.2566298E+06

194.4  0.2577931E+06

194.6  0.2589633E+06

194.8  0.2601405E+06

195.0  0.2613248E+06

195.2  0.2625162E+06

195.4  0.2637150E+06

195.6  0.2649210E+06

195.8  0.2661344E+06

196.0  0.2673552E+06

196.2  0.2685836E+06

196.4  0.2698196E+06

196.6  0.2710633E+06

196.8  0.2723147E+06

197.0  0.2735739E+06

197.2  0.2748410E+06

197.4  0.2761162E+06

197.6  0.2773993E+06

197.8  0.2786906E+06

198.0  0.2799901E+06

198.2  0.2812978E+06

198.4  0.2826139E+06

198.6  0.2839384E+06

198.8  0.2852715E+06

199.0  0.2866131E+06

199.2  0.2879634E+06

199.4  0.2893224E+06

199.6  0.2906902E+06

199.8  0.2920669E+06

200.0  0.2934526E+06

200.2  0.2948473E+06

200.4  0.2962512E+06

200.6  0.2976642E+06

200.8  0.2990865E+06

201.0  0.3005181E+06

201.2  0.3019592E+06

201.4  0.3034097E+06

201.6  0.3048698E+06

201.8  0.3063396E+06

202.0  0.3078190E+06

202.2  0.3093083E+06

202.4  0.3108074E+06

202.6  0.3123164E+06

202.8  0.3138354E+06

203.0  0.3153646E+06

203.2  0.3169038E+06

203.4  0.3184533E+06

203.6  0.3200130E+06

203.8  0.3215831E+06

204.0  0.3231636E+06

204.2  0.3247545E+06

204.4  0.3263560E+06

204.6  0.3279682E+06

204.8  0.3295909E+06

205.0  0.3312244E+06

205.2  0.3328687E+06

205.4  0.3345238E+06

205.6  0.3361899E+06

205.8  0.3378669E+06

206.0  0.3395549E+06

206.2  0.3412539E+06

206.4  0.3429641E+06

206.6  0.3446855E+06

206.8  0.3464180E+06

207.0  0.3481619E+06

207.2  0.3499170E+06

207.4  0.3516835E+06

207.6  0.3534614E+06

207.8  0.3552508E+06

208.0  0.3570516E+06

208.2  0.3588639E+06

208.4  0.3606878E+06

208.6  0.3625232E+06

208.8  0.3643703E+06

209.0  0.3662291E+06

209.2  0.3680995E+06

209.4  0.3699816E+06

209.6  0.3718754E+06

209.8  0.3737810E+06

210.0  0.3756983E+06

210.2  0.3776274E+06

210.4  0.3795684E+06

210.6  0.3815211E+06

210.8  0.3834857E+06

211.0  0.3854621E+06

211.2  0.3874503E+06

211.4  0.3894504E+06

211.6  0.3914623E+06

211.8  0.3934861E+06

212.0  0.3955217E+06

212.2  0.3975692E+06

212.4  0.3996285E+06

212.6  0.4016997E+06

212.8  0.4037826E+06

213.0  0.4058773E+06

213.2  0.4079839E+06

213.4  0.4101022E+06

213.6  0.4122322E+06

213.8  0.4143740E+06

214.0  0.4165274E+06

214.2  0.4186925E+06

214.4  0.4208692E+06

214.6  0.4230576E+06

214.8  0.4252575E+06

215.0  0.4274689E+06

215.2  0.4296918E+06

215.4  0.4319261E+06

215.6  0.4341718E+06

215.8  0.4364289E+06

216.0  0.4386972E+06

216.2  0.4409768E+06

216.4  0.4432676E+06

216.6  0.4455695E+06

216.8  0.4478824E+06

217.0  0.4502063E+06

217.2  0.4525412E+06

217.4  0.4548869E+06

217.6  0.4572434E+06

217.8  0.4596106E+06

218.0  0.4619884E+06

218.2  0.4643768E+06

218.4  0.4667757E+06

218.6  0.4691849E+06

218.8  0.4716045E+06

219.0  0.4740342E+06

219.2  0.4764741E+06

219.4  0.4789240E+06

219.6  0.4813839E+06

219.8  0.4838536E+06

220.0  0.4863330E+06

220.2  0.4888220E+06

220.4  0.4913206E+06

220.6  0.4938286E+06

220.8  0.4963459E+06

221.0  0.4988724E+06

221.2  0.5014080E+06

221.4  0.5039525E+06

221.6  0.5065059E+06

221.8  0.5090681E+06

222.0  0.5116388E+06

222.2  0.5142181E+06

222.4  0.5168057E+06

222.6  0.5194015E+06

222.8  0.5220054E+06

223.0  0.5246173E+06

223.2  0.5272371E+06

223.4  0.5298645E+06

223.6  0.5324995E+06

223.8  0.5351420E+06

224.0  0.5377917E+06

224.2  0.5404486E+06

224.4  0.5431124E+06

224.6  0.5457832E+06

224.8  0.5484606E+06

225.0  0.5511446E+06

225.2  0.5538351E+06

225.4  0.5565318E+06

225.6  0.5592346E+06

225.8  0.5619433E+06

226.0  0.5646579E+06

226.2  0.5673781E+06

226.4  0.5701038E+06

226.6  0.5728348E+06

226.8  0.5755710E+06

227.0  0.5783122E+06

227.2  0.5810583E+06

227.4  0.5838090E+06

227.6  0.5865643E+06

227.8  0.5893239E+06

228.0  0.5920878E+06

228.2  0.5948556E+06

228.4  0.5976274E+06

228.6  0.6004028E+06

228.8  0.6031817E+06

229.0  0.6059640E+06

229.2  0.6087495E+06

229.4  0.6115380E+06

229.6  0.6143293E+06

229.8  0.6171234E+06

230.0  0.6199199E+06

230.2  0.6227187E+06

230.4  0.6255198E+06

230.6  0.6283228E+06

230.8  0.6311276E+06

231.0  0.6339340E+06

231.2  0.6367420E+06

231.4  0.6395512E+06

231.6  0.6423615E+06

231.8  0.6451728E+06

232.0  0.6479849E+06

232.2  0.6507976E+06

232.4  0.6536107E+06

232.6  0.6564240E+06

232.8  0.6592374E+06

233.0  0.6620508E+06

233.2  0.6648638E+06

233.4  0.6676765E+06

233.6  0.6704885E+06

233.8  0.6732997E+06

234.0  0.6761100E+06

234.2  0.6789192E+06

234.4  0.6817270E+06

234.6  0.6845334E+06

234.8  0.6873381E+06

235.0  0.6901411E+06

235.2  0.6929421E+06

235.4  0.6957409E+06

235.6  0.6985374E+06

235.8  0.7013314E+06

236.0  0.7041228E+06

236.2  0.7069114E+06

236.4  0.7096970E+06

236.6  0.7124794E+06

236.8  0.7152586E+06

237.0  0.7180343E+06

237.2  0.7208063E+06

237.4  0.7235746E+06

237.6  0.7263389E+06

237.8  0.7290992E+06

238.0  0.7318551E+06

238.2  0.7346067E+06

238.4  0.7373536E+06

238.6  0.7400959E+06

238.8  0.7428332E+06

239.0  0.7455655E+06

239.2  0.7482926E+06

239.4  0.7510144E+06

239.6  0.7537307E+06

239.8  0.7564414E+06

240.0  0.7591463E+06

240.2  0.7618452E+06

240.4  0.7645381E+06

240.6  0.7672248E+06

240.8  0.7699051E+06

241.0  0.7725789E+06

241.2  0.7752461E+06

241.4  0.7779065E+06

241.6  0.7805600E+06

241.8  0.7832065E+06

242.0  0.7858458E+06

242.2  0.7884777E+06

242.4  0.7911023E+06

242.6  0.7937192E+06

242.8  0.7963285E+06

243.0  0.7989300E+06

243.2  0.8015235E+06

243.4  0.8041089E+06

243.6  0.8066861E+06

243.8  0.8092551E+06

244.0  0.8118156E+06

244.2  0.8143675E+06

244.4  0.8169108E+06

244.6  0.8194453E+06

244.8  0.8219709E+06

245.0  0.8244875E+06

245.2  0.8269950E+06

245.4  0.8294933E+06

245.6  0.8319823E+06

245.8  0.8344618E+06

246.0  0.8369318E+06

246.2  0.8393921E+06

246.4  0.8418427E+06

246.6  0.8442835E+06

246.8  0.8467144E+06

247.0  0.8491352E+06

247.2  0.8515459E+06

247.4  0.8539464E+06

247.6  0.8563365E+06

247.8  0.8587163E+06

248.0  0.8610856E+06

248.2  0.8634444E+06

248.4  0.8657925E+06

248.6  0.8681298E+06

248.8  0.8704564E+06

249.0  0.8727721E+06

249.2  0.8750767E+06

249.4  0.8773704E+06

249.6  0.8796529E+06

249.8  0.8819242E+06

250.0  0.8841843E+06

250.2  0.8864330E+06

250.4  0.8886704E+06

250.6  0.8908962E+06

250.8  0.8931105E+06

251.0  0.8953133E+06

251.2  0.8975043E+06

251.4  0.8996837E+06

251.6  0.9018512E+06

251.8  0.9040070E+06

252.0  0.9061508E+06

252.2  0.9082827E+06

252.4  0.9104026E+06

252.6  0.9125104E+06

252.8  0.9146062E+06

253.0  0.9166898E+06

253.2  0.9187612E+06

253.4  0.9208204E+06

253.6  0.9228672E+06

253.8  0.9249018E+06

254.0  0.9269240E+06

254.2  0.9289338E+06

254.4  0.9309311E+06

254.6  0.9329160E+06

254.8  0.9348883E+06

255.0  0.9368481E+06

255.2  0.9387953E+06

255.4  0.9407299E+06

255.6  0.9426519E+06

255.8  0.9445612E+06

256.0  0.9464578E+06

256.2  0.9483417E+06

256.4  0.9502128E+06

256.6  0.9520712E+06

256.8  0.9539167E+06

257.0  0.9557495E+06

257.2  0.9575695E+06

257.4  0.9593765E+06

257.6  0.9611708E+06

257.8  0.9629521E+06

258.0  0.9647206E+06

258.2  0.9664762E+06

258.4  0.9682188E+06

258.6  0.9699485E+06

258.8  0.9716653E+06

259.0  0.9733692E+06

259.2  0.9750601E+06

259.4  0.9767380E+06

259.6  0.9784030E+06

259.8  0.9800550E+06

260.0  0.9816941E+06

260.2  0.9833202E+06

260.4  0.9849334E+06

260.6  0.9865335E+06

260.8  0.9881208E+06

261.0  0.9896950E+06

261.2  0.9912563E+06

261.4  0.9928047E+06

261.6  0.9943401E+06

261.8  0.9958626E+06

262.0  0.9973722E+06

262.2  0.9988689E+06

262.4  0.1000353E+07

262.6  0.1001824E+07

262.8  0.1003282E+07

263.0  0.1004727E+07

263.2  0.1006159E+07

263.4  0.1007578E+07

263.6  0.1008985E+07

263.8  0.1010379E+07

264.0  0.1011760E+07

264.2  0.1013128E+07

264.4  0.1014484E+07

264.6  0.1015826E+07

264.8  0.1017156E+07

265.0  0.1018474E+07

265.2  0.1019779E+07

265.4  0.1021071E+07

265.6  0.1022350E+07

265.8  0.1023617E+07

266.0  0.1024872E+07

266.2  0.1026113E+07

266.4  0.1027343E+07

266.6  0.1028559E+07

266.8  0.1029764E+07

267.0  0.1030956E+07

267.2  0.1032135E+07

267.4  0.1033303E+07

267.6  0.1034457E+07

267.8  0.1035600E+07

268.0  0.1036730E+07

268.2  0.1037848E+07

268.4  0.1038954E+07

268.6  0.1040048E+07

268.8  0.1041130E+07

269.0  0.1042199E+07

269.2  0.1043257E+07

269.4  0.1044302E+07

269.6  0.1045335E+07

269.8  0.1046357E+07

270.0  0.1047366E+07

270.2  0.1048364E+07

270.4  0.1049350E+07

270.6  0.1050324E+07

270.8  0.1051286E+07

271.0  0.1052237E+07

271.2  0.1053176E+07

271.4  0.1054103E+07

271.6  0.1055019E+07

271.8  0.1055923E+07

272.0  0.1056816E+07

272.2  0.1057697E+07

272.4  0.1058567E+07

272.6  0.1059426E+07

272.8  0.1060273E+07

273.0  0.1061109E+07

273.2  0.1061933E+07

273.4  0.1062747E+07

273.6  0.1063549E+07

273.8  0.1064340E+07

274.0  0.1065120E+07

274.2  0.1065890E+07

274.4  0.1066648E+07

274.6  0.1067395E+07

274.8  0.1068131E+07

275.0  0.1068857E+07

275.2  0.1069572E+07

275.4  0.1070276E+07

275.6  0.1070969E+07

275.8  0.1071652E+07

276.0  0.1072324E+07

276.2  0.1072986E+07

276.4  0.1073637E+07

276.6  0.1074278E+07

276.8  0.1074909E+07

277.0  0.1075529E+07

277.2  0.1076138E+07

277.4  0.1076738E+07

277.6  0.1077327E+07

277.8  0.1077907E+07

278.0  0.1078476E+07

278.2  0.1079035E+07

278.4  0.1079584E+07

278.6  0.1080123E+07

278.8  0.1080653E+07

279.0  0.1081172E+07

279.2  0.1081682E+07

279.4  0.1082182E+07

279.6  0.1082673E+07

279.8  0.1083153E+07

280.0  0.1083625E+07

280.2  0.1084086E+07

280.4  0.1084539E+07

280.6  0.1084981E+07

280.8  0.1085415E+07

281.0  0.1085839E+07

281.2  0.1086254E+07

281.4  0.1086660E+07

281.6  0.1087056E+07

281.8  0.1087444E+07

282.0  0.1087822E+07

282.2  0.1088192E+07

282.4  0.1088552E+07

282.6  0.1088904E+07

282.8  0.1089246E+07

283.0  0.1089580E+07

283.2  0.1089906E+07

283.4  0.1090222E+07

283.6  0.1090530E+07

283.8  0.1090829E+07

284.0  0.1091120E+07

284.2  0.1091402E+07

284.4  0.1091676E+07

284.6  0.1091942E+07

284.8  0.1092199E+07

285.0  0.1092448E+07

285.2  0.1092689E+07

285.4  0.1092921E+07

285.6  0.1093146E+07

285.8  0.1093362E+07

286.0  0.1093570E+07

286.2  0.1093771E+07

286.4  0.1093963E+07

286.6  0.1094148E+07

286.8  0.1094325E+07

287.0  0.1094494E+07

287.2  0.1094655E+07

287.4  0.1094809E+07

287.6  0.1094955E+07

287.8  0.1095094E+07

288.0  0.1095225E+07

288.2  0.1095348E+07

288.4  0.1095464E+07

288.6  0.1095573E+07

288.8  0.1095675E+07

289.0  0.1095769E+07

289.2  0.1095856E+07

289.4  0.1095936E+07

289.6  0.1096009E+07

289.8  0.1096075E+07

290.0  0.1096133E+07

290.2  0.1096185E+07

290.4  0.1096230E+07

290.6  0.1096268E+07

290.8  0.1096299E+07

291.0  0.1096324E+07

291.2  0.1096341E+07

291.4  0.1096352E+07

291.6  0.1096357E+07

291.8  0.1096355E+07

292.0  0.1096346E+07

292.2  0.1096331E+07

292.4  0.1096309E+07

292.6  0.1096281E+07

292.8  0.1096247E+07

293.0  0.1096206E+07

293.2  0.1096160E+07

293.4  0.1096107E+07

293.6  0.1096047E+07

293.8  0.1095982E+07

294.0  0.1095911E+07

294.2  0.1095833E+07

294.4  0.1095750E+07

294.6  0.1095661E+07

294.8  0.1095566E+07

295.0  0.1095465E+07

295.2  0.1095358E+07

295.4  0.1095245E+07

295.6  0.1095127E+07

295.8  0.1095003E+07

296.0  0.1094874E+07

296.2  0.1094739E+07

296.4  0.1094598E+07

296.6  0.1094452E+07

296.8  0.1094301E+07

297.0  0.1094144E+07

297.2  0.1093982E+07

297.4  0.1093814E+07

297.6  0.1093641E+07

297.8  0.1093463E+07

298.0  0.1093280E+07

298.2  0.1093092E+07

298.4  0.1092898E+07

298.6  0.1092700E+07

298.8  0.1092496E+07

299.0  0.1092288E+07

299.2  0.1092074E+07

299.4  0.1091856E+07

299.6  0.1091632E+07

299.8  0.1091404E+07

300.0  0.1091172E+07

300.2  0.1090934E+07

300.4  0.1090692E+07

300.6  0.1090445E+07

300.8  0.1090193E+07

301.0  0.1089937E+07

301.2  0.1089677E+07

301.4  0.1089411E+07

301.6  0.1089142E+07

301.8  0.1088868E+07

302.0  0.1088589E+07

302.2  0.1088306E+07

302.4  0.1088019E+07

302.6  0.1087728E+07

302.8  0.1087432E+07

303.0  0.1087132E+07

303.2  0.1086828E+07

303.4  0.1086520E+07

303.6  0.1086208E+07

303.8  0.1085892E+07

304.0  0.1085571E+07

304.2  0.1085247E+07

304.4  0.1084919E+07

304.6  0.1084587E+07

304.8  0.1084251E+07

305.0  0.1083911E+07

305.2  0.1083567E+07

305.4  0.1083220E+07

305.6  0.1082868E+07

305.8  0.1082513E+07

306.0  0.1082155E+07

306.2  0.1081792E+07

306.4  0.1081427E+07

306.6  0.1081057E+07

306.8  0.1080684E+07

307.0  0.1080308E+07

307.2  0.1079928E+07

307.4  0.1079544E+07

307.6  0.1079157E+07

307.8  0.1078767E+07

308.0  0.1078373E+07

308.2  0.1077976E+07

308.4  0.1077576E+07

308.6  0.1077173E+07

308.8  0.1076766E+07

309.0  0.1076356E+07

309.2  0.1075943E+07

309.4  0.1075527E+07

309.6  0.1075107E+07

309.8  0.1074685E+07

310.0  0.1074259E+07

310.2  0.1073831E+07

310.4  0.1073400E+07

310.6  0.1072965E+07

310.8  0.1072528E+07

311.0  0.1072087E+07

311.2  0.1071644E+07

311.4  0.1071198E+07

311.6  0.1070750E+07

311.8  0.1070298E+07

312.0  0.1069844E+07

312.2  0.1069386E+07

312.4  0.1068927E+07

312.6  0.1068464E+07

312.8  0.1067999E+07

313.0  0.1067531E+07

313.2  0.1067061E+07

313.4  0.1066588E+07

313.6  0.1066112E+07

313.8  0.1065634E+07

314.0  0.1065154E+07

314.2  0.1064671E+07

314.4  0.1064185E+07

314.6  0.1063698E+07

314.8  0.1063207E+07

315.0  0.1062715E+07

315.2  0.1062220E+07

315.4  0.1061722E+07

315.6  0.1061223E+07

315.8  0.1060721E+07

316.0  0.1060217E+07

316.2  0.1059711E+07

316.4  0.1059202E+07

316.6  0.1058691E+07

316.8  0.1058178E+07

317.0  0.1057663E+07

317.2  0.1057146E+07

317.4  0.1056627E+07

317.6  0.1056106E+07

317.8  0.1055582E+07

318.0  0.1055057E+07

318.2  0.1054530E+07

318.4  0.1054000E+07

318.6  0.1053469E+07

318.8  0.1052936E+07

319.0  0.1052401E+07

319.2  0.1051864E+07

319.4  0.1051325E+07

319.6  0.1050784E+07

319.8  0.1050242E+07

320.0  0.1049698E+07

320.2  0.1049151E+07

320.4  0.1048604E+07

320.6  0.1048054E+07

320.8  0.1047503E+07

321.0  0.1046950E+07

321.2  0.1046395E+07

321.4  0.1045838E+07

321.6  0.1045280E+07

321.8  0.1044721E+07

322.0  0.1044159E+07

322.2  0.1043597E+07

322.4  0.1043032E+07

322.6  0.1042466E+07

322.8  0.1041899E+07

323.0  0.1041330E+07

323.2  0.1040759E+07

323.4  0.1040187E+07

323.6  0.1039614E+07

323.8  0.1039039E+07

324.0  0.1038462E+07

324.2  0.1037885E+07

324.4  0.1037305E+07

324.6  0.1036725E+07

324.8  0.1036143E+07

325.0  0.1035560E+07

325.2  0.1034975E+07

325.4  0.1034390E+07

325.6  0.1033803E+07

325.8  0.1033214E+07

326.0  0.1032625E+07

326.2  0.1032034E+07

326.4  0.1031442E+07

326.6  0.1030848E+07

326.8  0.1030254E+07

327.0  0.1029658E+07

327.2  0.1029061E+07

327.4  0.1028463E+07

327.6  0.1027864E+07

327.8  0.1027264E+07

328.0  0.1026663E+07

328.2  0.1026060E+07

328.4  0.1025457E+07

328.6  0.1024852E+07

328.8  0.1024247E+07

329.0  0.1023640E+07

329.2  0.1023033E+07

329.4  0.1022424E+07

329.6  0.1021815E+07

329.8  0.1021204E+07

330.0  0.1020593E+07

330.2  0.1019980E+07

330.4  0.1019367E+07

330.6  0.1018753E+07

330.8  0.1018137E+07

331.0  0.1017521E+07

331.2  0.1016904E+07

331.4  0.1016287E+07

331.6  0.1015668E+07

331.8  0.1015049E+07

332.0  0.1014428E+07

332.2  0.1013807E+07

332.4  0.1013185E+07

332.6  0.1012563E+07

332.8  0.1011939E+07

333.0  0.1011315E+07

333.2  0.1010690E+07

333.4  0.1010064E+07

333.6  0.1009438E+07

333.8  0.1008811E+07

334.0  0.1008183E+07

334.2  0.1007554E+07

334.4  0.1006925E+07

334.6  0.1006295E+07

334.8  0.1005665E+07

335.0  0.1005033E+07

335.2  0.1004402E+07

335.4  0.1003769E+07

335.6  0.1003136E+07

335.8  0.1002503E+07

336.0  0.1001868E+07

336.2  0.1001233E+07

336.4  0.1000598E+07

336.6  0.9999621E+06

336.8  0.9993256E+06

337.0  0.9986885E+06

337.2  0.9980510E+06

337.4  0.9974129E+06

337.6  0.9967743E+06

337.8  0.9961352E+06

338.0  0.9954956E+06

338.2  0.9948555E+06

338.4  0.9942150E+06

338.6  0.9935740E+06

338.8  0.9929325E+06

339.0  0.9922906E+06

339.2  0.9916483E+06

339.4  0.9910056E+06

339.6  0.9903624E+06

339.8  0.9897188E+06

340.0  0.9890749E+06

340.2  0.9884305E+06

340.4  0.9877858E+06

340.6  0.9871407E+06

340.8  0.9864952E+06

341.0  0.9858494E+06

341.2  0.9852033E+06

341.4  0.9845568E+06

341.6  0.9839100E+06

341.8  0.9832628E+06

342.0  0.9826154E+06

342.2  0.9819676E+06

342.4  0.9813196E+06

342.6  0.9806712E+06

342.8  0.9800226E+06

343.0  0.9793737E+06

343.2  0.9787246E+06

343.4  0.9780751E+06

343.6  0.9774255E+06

343.8  0.9767756E+06

344.0  0.9761254E+06

344.2  0.9754751E+06

344.4  0.9748245E+06

344.6  0.9741737E+06

344.8  0.9735227E+06

345.0  0.9728715E+06

345.2  0.9722201E+06

345.4  0.9715685E+06

345.6  0.9709168E+06

345.8  0.9702648E+06

346.0  0.9696128E+06

346.2  0.9689605E+06

346.4  0.9683081E+06

346.6  0.9676556E+06

346.8  0.9670029E+06

347.0  0.9663501E+06

347.2  0.9656972E+06

347.4  0.9650441E+06

347.6  0.9643909E+06

347.8  0.9637377E+06

348.0  0.9630843E+06

348.2  0.9624308E+06

348.4  0.9617773E+06

348.6  0.9611236E+06

348.8  0.9604699E+06

349.0  0.9598161E+06

349.2  0.9591623E+06

349.4  0.9585084E+06

349.6  0.9578544E+06

349.8  0.9572004E+06

350.0  0.9565464E+06

350.2  0.9558923E+06

350.4  0.9552382E+06

350.6  0.9545840E+06

350.8  0.9539299E+06

351.0  0.9532757E+06

351.2  0.9526215E+06

351.4  0.9519673E+06

351.6  0.9513131E+06

351.8  0.9506589E+06

352.0  0.9500047E+06

352.2  0.9493506E+06

352.4  0.9486964E+06

352.6  0.9480423E+06

352.8  0.9473882E+06

353.0  0.9467342E+06

353.2  0.9460802E+06

353.4  0.9454262E+06

353.6  0.9447723E+06

353.8  0.9441184E+06

354.0  0.9434646E+06

354.2  0.9428109E+06

354.4  0.9421572E+06

354.6  0.9415036E+06

354.8  0.9408501E+06

355.0  0.9401966E+06

355.2  0.9395433E+06

355.4  0.9388900E+06

355.6  0.9382368E+06

355.8  0.9375837E+06

356.0  0.9369307E+06

356.2  0.9362778E+06

356.4  0.9356251E+06

356.6  0.9349724E+06

356.8  0.9343199E+06

357.0  0.9336674E+06

357.2  0.9330152E+06

357.4  0.9323630E+06

357.6  0.9317109E+06

357.8  0.9310591E+06

358.0  0.9304073E+06

358.2  0.9297557E+06

358.4  0.9291042E+06

358.6  0.9284529E+06

358.8  0.9278017E+06

359.0  0.9271507E+06

359.2  0.9264999E+06

359.4  0.9258492E+06

359.6  0.9251987E+06

359.8  0.9245483E+06

360.0  0.9238982E+06

360.2  0.9232482E+06

360.4  0.9225984E+06

360.6  0.9219487E+06

360.8  0.9212993E+06

361.0  0.9206501E+06

361.2  0.9200010E+06

361.4  0.9193522E+06

361.6  0.9187035E+06

361.8  0.9180551E+06

362.0  0.9174068E+06

362.2  0.9167588E+06

362.4  0.9161109E+06

362.6  0.9154633E+06

362.8  0.9148159E+06

363.0  0.9141688E+06

363.2  0.9135218E+06

363.4  0.9128751E+06

363.6  0.9122286E+06

363.8  0.9115823E+06

364.0  0.9109363E+06

364.2  0.9102905E+06

364.4  0.9096450E+06

364.6  0.9089996E+06

364.8  0.9083546E+06

365.0  0.9077098E+06

365.2  0.9070652E+06

365.4  0.9064209E+06

365.6  0.9057768E+06

365.8  0.9051330E+06

366.0  0.9044894E+06

366.2  0.9038462E+06

366.4  0.9032031E+06

366.6  0.9025604E+06

366.8  0.9019179E+06

367.0  0.9012757E+06

367.2  0.9006337E+06

367.4  0.8999921E+06

367.6  0.8993507E+06

367.8  0.8987095E+06

368.0  0.8980687E+06

368.2  0.8974282E+06

368.4  0.8967879E+06

368.6  0.8961479E+06

368.8  0.8955082E+06

369.0  0.8948688E+06

369.2  0.8942297E+06

369.4  0.8935909E+06

369.6  0.8929524E+06

369.8  0.8923142E+06

370.0  0.8916763E+06

370.2  0.8910387E+06

370.4  0.8904014E+06

370.6  0.8897644E+06

370.8  0.8891277E+06

371.0  0.8884914E+06

371.2  0.8878553E+06

371.4  0.8872196E+06

371.6  0.8865841E+06

371.8  0.8859490E+06

372.0  0.8853142E+06

372.2  0.8846798E+06

372.4  0.8840456E+06

372.6  0.8834118E+06

372.8  0.8827783E+06

373.0  0.8821451E+06

373.2  0.8815123E+06

373.4  0.8808798E+06

373.6  0.8802476E+06

373.8  0.8796157E+06

374.0  0.8789842E+06

374.2  0.8783530E+06

374.4  0.8777222E+06

374.6  0.8770917E+06

374.8  0.8764615E+06

375.0  0.8758317E+06

375.2  0.8752022E+06

375.4  0.8745731E+06

375.6  0.8739443E+06

375.8  0.8733159E+06

376.0  0.8726878E+06

376.2  0.8720600E+06

376.4  0.8714326E+06

376.6  0.8708056E+06

376.8  0.8701789E+06

377.0  0.8695526E+06

377.2  0.8689266E+06

377.4  0.8683010E+06

377.6  0.8676757E+06

377.8  0.8670508E+06

378.0  0.8664263E+06

378.2  0.8658021E+06

378.4  0.8651783E+06

378.6  0.8645548E+06

378.8  0.8639317E+06

379.0  0.8633090E+06

379.2  0.8626867E+06

379.4  0.8620647E+06

379.6  0.8614430E+06

379.8  0.8608218E+06

380.0  0.8602009E+06

380.2  0.8595804E+06

380.4  0.8589603E+06

380.6  0.8583405E+06

380.8  0.8577211E+06

381.0  0.8571021E+06

381.2  0.8564835E+06

381.4  0.8558652E+06

381.6  0.8552473E+06

381.8  0.8546298E+06

382.0  0.8540127E+06

382.2  0.8533960E+06

382.4  0.8527796E+06

382.6  0.8521637E+06

382.8  0.8515481E+06

383.0  0.8509329E+06

383.2  0.8503180E+06

383.4  0.8497036E+06

383.6  0.8490895E+06

383.8  0.8484759E+06

384.0  0.8478626E+06

384.2  0.8472497E+06

384.4  0.8466372E+06

384.6  0.8460251E+06

384.8  0.8454134E+06

385.0  0.8448020E+06

385.2  0.8441911E+06

385.4  0.8435806E+06

385.6  0.8429704E+06

385.8  0.8423606E+06

386.0  0.8417513E+06

386.2  0.8411423E+06

386.4  0.8405337E+06

386.6  0.8399256E+06

386.8  0.8393178E+06

387.0  0.8387104E+06

387.2  0.8381034E+06

387.4  0.8374968E+06

387.6  0.8368906E+06

387.8  0.8362848E+06

388.0  0.8356794E+06

388.2  0.8350744E+06

388.4  0.8344699E+06

388.6  0.8338657E+06

388.8  0.8332619E+06

389.0  0.8326585E+06

389.2  0.8320555E+06

389.4  0.8314529E+06

389.6  0.8308508E+06

389.8  0.8302490E+06

390.0  0.8296476E+06

390.2  0.8290467E+06

390.4  0.8284461E+06

390.6  0.8278459E+06

390.8  0.8272462E+06

391.0  0.8266469E+06

391.2  0.8260479E+06

391.4  0.8254494E+06

391.6  0.8248513E+06

391.8  0.8242536E+06

392.0  0.8236563E+06

392.2  0.8230594E+06

392.4  0.8224629E+06

392.6  0.8218668E+06

392.8  0.8212711E+06

393.0  0.8206759E+06

393.2  0.8200810E+06

393.4  0.8194866E+06

393.6  0.8188926E+06

393.8  0.8182989E+06

394.0  0.8177057E+06

394.2  0.8171129E+06

394.4  0.8165206E+06

394.6  0.8159286E+06

394.8  0.8153370E+06

395.0  0.8147459E+06

395.2  0.8141552E+06

395.4  0.8135648E+06

395.6  0.8129749E+06

395.8  0.8123854E+06

396.0  0.8117964E+06

396.2  0.8112077E+06

396.4  0.8106194E+06

396.6  0.8100316E+06

396.8  0.8094442E+06

397.0  0.8088572E+06

397.2  0.8082706E+06

397.4  0.8076844E+06

397.6  0.8070986E+06

397.8  0.8065132E+06

398.0  0.8059283E+06

398.2  0.8053438E+06

398.4  0.8047597E+06

398.6  0.8041760E+06

398.8  0.8035927E+06

399.0  0.8030098E+06

399.2  0.8024274E+06

399.4  0.8018454E+06

399.6  0.8012638E+06

399.8  0.8006826E+06

400.0  0.8001018E+06

400.2  0.7995214E+06

400.4  0.7989415E+06

400.6  0.7983619E+06

400.8  0.7977828E+06

401.0  0.7972041E+06

401.2  0.7966258E+06

401.4  0.7960479E+06

401.6  0.7954705E+06

401.8  0.7948935E+06

402.0  0.7943168E+06

402.2  0.7937406E+06

402.4  0.7931649E+06

402.6  0.7925895E+06

402.8  0.7920145E+06

403.0  0.7914400E+06

403.2  0.7908659E+06

403.4  0.7902922E+06

403.6  0.7897189E+06

403.8  0.7891460E+06

404.0  0.7885736E+06

404.2  0.7880015E+06

404.4  0.7874299E+06

404.6  0.7868587E+06

404.8  0.7862879E+06

405.0  0.7857176E+06

405.2  0.7851476E+06

405.4  0.7845781E+06

405.6  0.7840090E+06

405.8  0.7834403E+06

406.0  0.7828720E+06

406.2  0.7823041E+06

406.4  0.7817367E+06

406.6  0.7811696E+06

406.8  0.7806030E+06

407.0  0.7800368E+06

407.2  0.7794710E+06

407.4  0.7789056E+06

407.6  0.7783407E+06

407.8  0.7777761E+06

408.0  0.7772120E+06

408.2  0.7766483E+06

408.4  0.7760850E+06

408.6  0.7755221E+06

408.8  0.7749597E+06

409.0  0.7743976E+06

409.2  0.7738360E+06

409.4  0.7732748E+06

409.6  0.7727140E+06

409.8  0.7721536E+06

410.0  0.7715936E+06

410.2  0.7710341E+06

410.4  0.7704749E+06

410.6  0.7699162E+06

410.8  0.7693579E+06

411.0  0.7688000E+06

411.2  0.7682425E+06

411.4  0.7676854E+06

411.6  0.7671288E+06

411.8  0.7665725E+06

412.0  0.7660167E+06

412.2  0.7654613E+06

412.4  0.7649063E+06

412.6  0.7643517E+06

412.8  0.7637975E+06

413.0  0.7632437E+06

413.2  0.7626904E+06

413.4  0.7621374E+06

413.6  0.7615849E+06

413.8  0.7610328E+06

414.0  0.7604811E+06

414.2  0.7599298E+06

414.4  0.7593789E+06

414.6  0.7588285E+06

414.8  0.7582784E+06

415.0  0.7577288E+06

415.2  0.7571795E+06

415.4  0.7566307E+06

415.6  0.7560823E+06

415.8  0.7555343E+06

416.0  0.7549867E+06

416.2  0.7544395E+06

416.4  0.7538927E+06

416.6  0.7533464E+06

416.8  0.7528004E+06

417.0  0.7522549E+06

417.2  0.7517097E+06

417.4  0.7511650E+06

417.6  0.7506207E+06

417.8  0.7500768E+06

418.0  0.7495333E+06

418.2  0.7489902E+06

418.4  0.7484475E+06

418.6  0.7479052E+06

418.8  0.7473634E+06

419.0  0.7468219E+06

419.2  0.7462808E+06

419.4  0.7457402E+06

419.6  0.7451999E+06

419.8  0.7446601E+06

420.0  0.7441207E+06

420.2  0.7435817E+06

420.4  0.7430430E+06

420.6  0.7425048E+06

420.8  0.7419670E+06

421.0  0.7414296E+06

421.2  0.7408926E+06

421.4  0.7403560E+06

421.6  0.7398198E+06

421.8  0.7392840E+06

422.0  0.7387487E+06

422.2  0.7382137E+06

422.4  0.7376791E+06

422.6  0.7371449E+06

422.8  0.7366112E+06

423.0  0.7360778E+06

423.2  0.7355448E+06

423.4  0.7350123E+06

423.6  0.7344801E+06

423.8  0.7339484E+06

424.0  0.7334170E+06

424.2  0.7328861E+06

424.4  0.7323555E+06

424.6  0.7318254E+06

424.8  0.7312956E+06

425.0  0.7307662E+06

425.2  0.7302373E+06

425.4  0.7297087E+06

425.6  0.7291806E+06

425.8  0.7286528E+06

426.0  0.7281255E+06

426.2  0.7275985E+06

426.4  0.7270720E+06

426.6  0.7265458E+06

426.8  0.7260200E+06

427.0  0.7254947E+06

427.2  0.7249697E+06

427.4  0.7244451E+06

427.6  0.7239210E+06

427.8  0.7233972E+06

428.0  0.7228738E+06

428.2  0.7223508E+06

428.4  0.7218282E+06

428.6  0.7213060E+06

428.8  0.7207843E+06

429.0  0.7202628E+06

429.2  0.7197418E+06

429.4  0.7192212E+06

429.6  0.7187010E+06

429.8  0.7181812E+06

430.0  0.7176617E+06

430.2  0.7171427E+06

430.4  0.7166241E+06

430.6  0.7161058E+06

430.8  0.7155879E+06

431.0  0.7150705E+06

431.2  0.7145534E+06

431.4  0.7140367E+06

431.6  0.7135204E+06

431.8  0.7130045E+06

432.0  0.7124890E+06

432.2  0.7119739E+06

432.4  0.7114592E+06

432.6  0.7109448E+06

432.8  0.7104309E+06

433.0  0.7099173E+06

433.2  0.7094041E+06

433.4  0.7088913E+06

433.6  0.7083789E+06

433.8  0.7078669E+06

434.0  0.7073553E+06

434.2  0.7068441E+06

434.4  0.7063332E+06

434.6  0.7058228E+06

434.8  0.7053127E+06

435.0  0.7048030E+06

435.2  0.7042937E+06

435.4  0.7037848E+06

435.6  0.7032763E+06

435.8  0.7027681E+06

436.0  0.7022604E+06

436.2  0.7017530E+06

436.4  0.7012460E+06

436.6  0.7007394E+06

436.8  0.7002332E+06

437.0  0.6997274E+06

437.2  0.6992219E+06

437.4  0.6987168E+06

437.6  0.6982122E+06

437.8  0.6977079E+06

438.0  0.6972039E+06

438.2  0.6967004E+06

438.4  0.6961972E+06

438.6  0.6956944E+06

438.8  0.6951921E+06

439.0  0.6946900E+06

439.2  0.6941884E+06

439.4  0.6936871E+06

439.6  0.6931863E+06

439.8  0.6926858E+06

440.0  0.6921856E+06

440.2  0.6916859E+06

440.4  0.6911865E+06

440.6  0.6906876E+06

440.8  0.6901890E+06

441.0  0.6896907E+06

441.2  0.6891929E+06

441.4  0.6886954E+06

441.6  0.6881983E+06

441.8  0.6877016E+06

442.0  0.6872052E+06

442.2  0.6867093E+06

442.4  0.6862137E+06

442.6  0.6857185E+06

442.8  0.6852236E+06

443.0  0.6847291E+06

443.2  0.6842351E+06

443.4  0.6837413E+06

443.6  0.6832480E+06

443.8  0.6827550E+06

444.0  0.6822624E+06

444.2  0.6817702E+06

444.4  0.6812783E+06

444.6  0.6807869E+06

444.8  0.6802957E+06

445.0  0.6798050E+06

445.2  0.6793146E+06

445.4  0.6788246E+06

445.6  0.6783350E+06

445.8  0.6778458E+06

446.0  0.6773569E+06

446.2  0.6768684E+06

446.4  0.6763802E+06

446.6  0.6758924E+06

446.8  0.6754050E+06

447.0  0.6749180E+06

447.2  0.6744313E+06

447.4  0.6739450E+06

447.6  0.6734591E+06

447.8  0.6729735E+06

448.0  0.6724883E+06

448.2  0.6720035E+06

448.4  0.6715190E+06

448.6  0.6710349E+06

448.8  0.6705511E+06

449.0  0.6700678E+06

449.2  0.6695848E+06

449.4  0.6691021E+06

449.6  0.6686198E+06

449.8  0.6681379E+06

450.0  0.6676564E+06

450.2  0.6671752E+06

450.4  0.6666944E+06

450.6  0.6662139E+06

450.8  0.6657338E+06

451.0  0.6652541E+06

451.2  0.6647747E+06

451.4  0.6642957E+06

451.6  0.6638171E+06

451.8  0.6633388E+06

452.0  0.6628609E+06

452.2  0.6623833E+06

452.4  0.6619061E+06

452.6  0.6614292E+06

452.8  0.6609527E+06

453.0  0.6604766E+06

453.2  0.6600009E+06

453.4  0.6595254E+06

453.6  0.6590504E+06

453.8  0.6585757E+06

454.0  0.6581014E+06

454.2  0.6576274E+06

454.4  0.6571538E+06

454.6  0.6566805E+06

454.8  0.6562076E+06

455.0  0.6557351E+06

455.2  0.6552629E+06

455.4  0.6547910E+06

455.6  0.6543196E+06

455.8  0.6538484E+06

456.0  0.6533777E+06

456.2  0.6529072E+06

456.4  0.6524372E+06

456.6  0.6519675E+06

456.8  0.6514981E+06

457.0  0.6510291E+06

457.2  0.6505605E+06

457.4  0.6500922E+06

457.6  0.6496242E+06

457.8  0.6491567E+06

458.0  0.6486894E+06

458.2  0.6482225E+06

458.4  0.6477560E+06

458.6  0.6472898E+06

458.8  0.6468240E+06

459.0  0.6463585E+06

459.2  0.6458934E+06

459.4  0.6454286E+06

459.6  0.6449641E+06

459.8  0.6445001E+06

460.0  0.6440363E+06

460.2  0.6435729E+06

460.4  0.6431099E+06

460.6  0.6426472E+06

460.8  0.6421849E+06

461.0  0.6417229E+06

461.2  0.6412612E+06

461.4  0.6407999E+06

461.6  0.6403390E+06

461.8  0.6398784E+06

462.0  0.6394181E+06

462.2  0.6389582E+06

462.4  0.6384986E+06

462.6  0.6380394E+06

462.8  0.6375805E+06

463.0  0.6371220E+06

463.2  0.6366638E+06

463.4  0.6362059E+06

463.6  0.6357484E+06

463.8  0.6352912E+06

464.0  0.6348344E+06

464.2  0.6343779E+06

464.4  0.6339218E+06

464.6  0.6334660E+06

464.8  0.6330106E+06

465.0  0.6325555E+06

465.2  0.6321007E+06

465.4  0.6316463E+06

465.6  0.6311922E+06

465.8  0.6307384E+06

466.0  0.6302850E+06

466.2  0.6298320E+06

466.4  0.6293792E+06

466.6  0.6289268E+06

466.8  0.6284748E+06

467.0  0.6280231E+06

467.2  0.6275717E+06

467.4  0.6271207E+06

467.6  0.6266700E+06

467.8  0.6262196E+06

468.0  0.6257696E+06

468.2  0.6253199E+06

468.4  0.6248706E+06

468.6  0.6244216E+06

468.8  0.6239729E+06

469.0  0.6235246E+06

469.2  0.6230766E+06

469.4  0.6226289E+06

469.6  0.6221815E+06

469.8  0.6217345E+06

470.0  0.6212879E+06

470.2  0.6208416E+06

470.4  0.6203956E+06

470.6  0.6199499E+06

470.8  0.6195046E+06

471.0  0.6190596E+06

471.2  0.6186149E+06

471.4  0.6181706E+06

471.6  0.6177266E+06

471.8  0.6172829E+06

472.0  0.6168396E+06

472.2  0.6163965E+06

472.4  0.6159539E+06

472.6  0.6155115E+06

472.8  0.6150695E+06

473.0  0.6146278E+06

473.2  0.6141865E+06

473.4  0.6137454E+06

473.6  0.6133047E+06

473.8  0.6128644E+06

474.0  0.6124243E+06

474.2  0.6119846E+06

474.4  0.6115452E+06

474.6  0.6111062E+06

474.8  0.6106675E+06

475.0  0.6102291E+06

475.2  0.6097910E+06

475.4  0.6093532E+06

475.6  0.6089158E+06

475.8  0.6084787E+06

476.0  0.6080420E+06

476.2  0.6076055E+06

476.4  0.6071694E+06

476.6  0.6067336E+06

476.8  0.6062981E+06

477.0  0.6058630E+06

477.2  0.6054282E+06

477.4  0.6049937E+06

477.6  0.6045595E+06

477.8  0.6041257E+06

478.0  0.6036921E+06

478.2  0.6032589E+06

478.4  0.6028261E+06

478.6  0.6023935E+06

478.8  0.6019613E+06

479.0  0.6015293E+06

479.2  0.6010977E+06

479.4  0.6006665E+06

479.6  0.6002355E+06

479.8  0.5998049E+06

480.0  0.5993746E+06

480.2  0.5989446E+06

480.4  0.5985149E+06

480.6  0.5980856E+06

480.8  0.5976565E+06

481.0  0.5972278E+06

481.2  0.5967994E+06

481.4  0.5963714E+06

481.6  0.5959436E+06

481.8  0.5955162E+06

482.0  0.5950890E+06

482.2  0.5946622E+06

482.4  0.5942357E+06

482.6  0.5938096E+06

482.8  0.5933837E+06

483.0  0.5929582E+06

483.2  0.5925330E+06

483.4  0.5921080E+06

483.6  0.5916835E+06

483.8  0.5912592E+06

484.0  0.5908352E+06

484.2  0.5904116E+06

484.4  0.5899882E+06

484.6  0.5895652E+06

484.8  0.5891425E+06

485.0  0.5887201E+06

485.2  0.5882980E+06

485.4  0.5878763E+06

485.6  0.5874548E+06

485.8  0.5870337E+06

486.0  0.5866129E+06

486.2  0.5861923E+06

486.4  0.5857721E+06

486.6  0.5853522E+06

486.8  0.5849327E+06

487.0  0.5845134E+06

487.2  0.5840944E+06

487.4  0.5836758E+06

487.6  0.5832574E+06

487.8  0.5828394E+06

488.0  0.5824217E+06

488.2  0.5820043E+06

488.4  0.5815872E+06

488.6  0.5811704E+06

488.8  0.5807539E+06

489.0  0.5803377E+06

489.2  0.5799219E+06

489.4  0.5795063E+06

489.6  0.5790910E+06

489.8  0.5786761E+06

490.0  0.5782615E+06

490.2  0.5778471E+06

490.4  0.5774331E+06

490.6  0.5770194E+06

490.8  0.5766060E+06

491.0  0.5761929E+06

491.2  0.5757801E+06

491.4  0.5753676E+06

491.6  0.5749554E+06

491.8  0.5745435E+06

492.0  0.5741319E+06

492.2  0.5737206E+06

492.4  0.5733097E+06

492.6  0.5728990E+06

492.8  0.5724886E+06

493.0  0.5720786E+06

493.2  0.5716688E+06

493.4  0.5712593E+06

493.6  0.5708502E+06

493.8  0.5704413E+06

494.0  0.5700328E+06

494.2  0.5696245E+06

494.4  0.5692166E+06

494.6  0.5688089E+06

494.8  0.5684016E+06

495.0  0.5679945E+06

495.2  0.5675878E+06

495.4  0.5671813E+06

495.6  0.5667752E+06

495.8  0.5663693E+06

496.0  0.5659638E+06

496.2  0.5655585E+06

496.4  0.5651536E+06

496.6  0.5647489E+06

496.8  0.5643446E+06

497.0  0.5639405E+06

497.2  0.5635368E+06

497.4  0.5631333E+06

497.6  0.5627302E+06

497.8  0.5623273E+06

498.0  0.5619247E+06

498.2  0.5615225E+06

498.4  0.5611205E+06

498.6  0.5607188E+06

498.8  0.5603174E+06

499.0  0.5599163E+06

499.2  0.5595155E+06

499.4  0.5591150E+06

499.6  0.5587148E+06

499.8  0.5583149E+06

500.0  0.5579153E+06

