100  0.2014157E+04

100.2  0.2242480E+04

100.4  0.2481706E+04

100.6  0.2731340E+04

100.8  0.2990873E+04

101.0  0.3259796E+04

101.2  0.3537599E+04

101.4  0.3823779E+04

101.6  0.4117839E+04

101.8  0.4419296E+04

102.0  0.4727677E+04

102.2  0.5042526E+04

102.4  0.5363403E+04

102.6  0.5689884E+04

102.8  0.6021561E+04

103.0  0.6358045E+04

103.2  0.6698965E+04

103.4  0.7043966E+04

103.6  0.7392713E+04

103.8  0.7744886E+04

104.0  0.8100182E+04

104.2  0.8458314E+04

104.4  0.8819012E+04

104.6  0.9182020E+04

104.8  0.9547098E+04

105.0  0.9914019E+04

105.2  0.1028257E+05

105.4  0.1065255E+05

105.6  0.1102377E+05

105.8  0.1139606E+05

106.0  0.1176925E+05

106.2  0.1214318E+05

106.4  0.1251771E+05

106.6  0.1289272E+05

106.8  0.1326806E+05

107.0  0.1364363E+05

107.2  0.1401931E+05

107.4  0.1439501E+05

107.6  0.1477062E+05

107.8  0.1514607E+05

108.0  0.1552128E+05

108.2  0.1589616E+05

108.4  0.1627065E+05

108.6  0.1664469E+05

108.8  0.1701821E+05

109.0  0.1739117E+05

109.2  0.1776351E+05

109.4  0.1813520E+05

109.6  0.1850619E+05

109.8  0.1887644E+05

110.0  0.1924592E+05

110.2  0.1961460E+05

110.4  0.1998246E+05

110.6  0.2034947E+05

110.8  0.2071560E+05

111.0  0.2108085E+05

111.2  0.2144519E+05

111.4  0.2180861E+05

111.6  0.2217111E+05

111.8  0.2253266E+05

112.0  0.2289327E+05

112.2  0.2325292E+05

112.4  0.2361161E+05

112.6  0.2396935E+05

112.8  0.2432612E+05

113.0  0.2468193E+05

113.2  0.2503678E+05

113.4  0.2539067E+05

113.6  0.2574361E+05

113.8  0.2609560E+05

114.0  0.2644665E+05

114.2  0.2679675E+05

114.4  0.2714593E+05

114.6  0.2749419E+05

114.8  0.2784153E+05

115.0  0.2818797E+05

115.2  0.2853352E+05

115.4  0.2887818E+05

115.6  0.2922197E+05

115.8  0.2956491E+05

116.0  0.2990699E+05

116.2  0.3024824E+05

116.4  0.3058867E+05

116.6  0.3092829E+05

116.8  0.3126712E+05

117.0  0.3160516E+05

117.2  0.3194244E+05

117.4  0.3227896E+05

117.6  0.3261475E+05

117.8  0.3294982E+05

118.0  0.3328417E+05

118.2  0.3361784E+05

118.4  0.3395082E+05

118.6  0.3428315E+05

118.8  0.3461483E+05

119.0  0.3494588E+05

119.2  0.3527632E+05

119.4  0.3560615E+05

119.6  0.3593541E+05

119.8  0.3626409E+05

120.0  0.3659223E+05

120.2  0.3691983E+05

120.4  0.3724692E+05

120.6  0.3757350E+05

120.8  0.3789959E+05

121.0  0.3822522E+05

121.2  0.3855039E+05

121.4  0.3887512E+05

121.6  0.3919943E+05

121.8  0.3952333E+05

122.0  0.3984685E+05

122.2  0.4016998E+05

122.4  0.4049276E+05

122.6  0.4081520E+05

122.8  0.4113731E+05

123.0  0.4145911E+05

123.2  0.4178061E+05

123.4  0.4210184E+05

123.6  0.4242280E+05

123.8  0.4274350E+05

124.0  0.4306398E+05

124.2  0.4338424E+05

124.4  0.4370429E+05

124.6  0.4402416E+05

124.8  0.4434385E+05

125.0  0.4466338E+05

125.2  0.4498278E+05

125.4  0.4530204E+05

125.6  0.4562119E+05

125.8  0.4594024E+05

126.0  0.4625921E+05

126.2  0.4657810E+05

126.4  0.4689694E+05

126.6  0.4721575E+05

126.8  0.4753452E+05

127.0  0.4785328E+05

127.2  0.4817205E+05

127.4  0.4849083E+05

127.6  0.4880963E+05

127.8  0.4912849E+05

128.0  0.4944740E+05

128.2  0.4976638E+05

128.4  0.5008544E+05

128.6  0.5040461E+05

128.8  0.5072388E+05

129.0  0.5104328E+05

129.2  0.5136282E+05

129.4  0.5168251E+05

129.6  0.5200237E+05

129.8  0.5232240E+05

130.0  0.5264262E+05

130.2  0.5296305E+05

130.4  0.5328369E+05

130.6  0.5360457E+05

130.8  0.5392568E+05

131.0  0.5424705E+05

131.2  0.5456869E+05

131.4  0.5489061E+05

131.6  0.5521281E+05

131.8  0.5553533E+05

132.0  0.5585816E+05

132.2  0.5618131E+05

132.4  0.5650481E+05

132.6  0.5682867E+05

132.8  0.5715288E+05

133.0  0.5747748E+05

133.2  0.5780246E+05

133.4  0.5812785E+05

133.6  0.5845364E+05

133.8  0.5877986E+05

134.0  0.5910652E+05

134.2  0.5943362E+05

134.4  0.5976119E+05

134.6  0.6008922E+05

134.8  0.6041774E+05

135.0  0.6074674E+05

135.2  0.6107626E+05

135.4  0.6140629E+05

135.6  0.6173684E+05

135.8  0.6206794E+05

136.0  0.6239958E+05

136.2  0.6273178E+05

136.4  0.6306456E+05

136.6  0.6339792E+05

136.8  0.6373187E+05

137.0  0.6406642E+05

137.2  0.6440159E+05

137.4  0.6473739E+05

137.6  0.6507382E+05

137.8  0.6541090E+05

138.0  0.6574863E+05

138.2  0.6608704E+05

138.4  0.6642612E+05

138.6  0.6676590E+05

138.8  0.6710637E+05

139.0  0.6744755E+05

139.2  0.6778946E+05

139.4  0.6813210E+05

139.6  0.6847548E+05

139.8  0.6881961E+05

140.0  0.6916450E+05

140.2  0.6951017E+05

140.4  0.6985662E+05

140.6  0.7020386E+05

140.8  0.7055190E+05

141.0  0.7090076E+05

141.2  0.7125045E+05

141.4  0.7160097E+05

141.6  0.7195233E+05

141.8  0.7230454E+05

142.0  0.7265762E+05

142.2  0.7301157E+05

142.4  0.7336641E+05

142.6  0.7372214E+05

142.8  0.7407878E+05

143.0  0.7443633E+05

143.2  0.7479480E+05

143.4  0.7515421E+05

143.6  0.7551456E+05

143.8  0.7587586E+05

144.0  0.7623813E+05

144.2  0.7660137E+05

144.4  0.7696559E+05

144.6  0.7733080E+05

144.8  0.7769702E+05

145.0  0.7806425E+05

145.2  0.7843251E+05

145.4  0.7880179E+05

145.6  0.7917212E+05

145.8  0.7954349E+05

146.0  0.7991593E+05

146.2  0.8028944E+05

146.4  0.8066403E+05

146.6  0.8103971E+05

146.8  0.8141649E+05

147.0  0.8179437E+05

147.2  0.8217338E+05

147.4  0.8255352E+05

147.6  0.8293479E+05

147.8  0.8331721E+05

148.0  0.8370079E+05

148.2  0.8408554E+05

148.4  0.8447147E+05

148.6  0.8485858E+05

148.8  0.8524689E+05

149.0  0.8563640E+05

149.2  0.8602713E+05

149.4  0.8641908E+05

149.6  0.8681227E+05

149.8  0.8720671E+05

150.0  0.8760240E+05

150.2  0.8799935E+05

150.4  0.8839758E+05

150.6  0.8879709E+05

150.8  0.8919789E+05

151.0  0.8959999E+05

151.2  0.9000341E+05

151.4  0.9040815E+05

151.6  0.9081422E+05

151.8  0.9122164E+05

152.0  0.9163040E+05

152.2  0.9204053E+05

152.4  0.9245202E+05

152.6  0.9286490E+05

152.8  0.9327917E+05

153.0  0.9369483E+05

153.2  0.9411191E+05

153.4  0.9453040E+05

153.6  0.9495033E+05

153.8  0.9537169E+05

154.0  0.9579451E+05

154.2  0.9621878E+05

154.4  0.9664452E+05

154.6  0.9707174E+05

154.8  0.9750045E+05

155.0  0.9793066E+05

155.2  0.9836237E+05

155.4  0.9879561E+05

155.6  0.9923037E+05

155.8  0.9966667E+05

156.0  0.1001045E+06

156.2  0.1005439E+06

156.4  0.1009849E+06

156.6  0.1014275E+06

156.8  0.1018716E+06

157.0  0.1023174E+06

157.2  0.1027647E+06

157.4  0.1032137E+06

157.6  0.1036643E+06

157.8  0.1041165E+06

158.0  0.1045704E+06

158.2  0.1050260E+06

158.4  0.1054832E+06

158.6  0.1059421E+06

158.8  0.1064027E+06

159.0  0.1068650E+06

159.2  0.1073290E+06

159.4  0.1077947E+06

159.6  0.1082622E+06

159.8  0.1087314E+06

160.0  0.1092024E+06

160.2  0.1096751E+06

160.4  0.1101496E+06

160.6  0.1106259E+06

160.8  0.1111040E+06

161.0  0.1115839E+06

161.2  0.1120656E+06

161.4  0.1125491E+06

161.6  0.1130345E+06

161.8  0.1135217E+06

162.0  0.1140108E+06

162.2  0.1145018E+06

162.4  0.1149946E+06

162.6  0.1154894E+06

162.8  0.1159861E+06

163.0  0.1164846E+06

163.2  0.1169851E+06

163.4  0.1174876E+06

163.6  0.1179920E+06

163.8  0.1184983E+06

164.0  0.1190066E+06

164.2  0.1195170E+06

164.4  0.1200293E+06

164.6  0.1205436E+06

164.8  0.1210599E+06

165.0  0.1215783E+06

165.2  0.1220987E+06

165.4  0.1226212E+06

165.6  0.1231457E+06

165.8  0.1236723E+06

166.0  0.1242010E+06

166.2  0.1247318E+06

166.4  0.1252648E+06

166.6  0.1257998E+06

166.8  0.1263370E+06

167.0  0.1268763E+06

167.2  0.1274178E+06

167.4  0.1279615E+06

167.6  0.1285074E+06

167.8  0.1290555E+06

168.0  0.1296057E+06

168.2  0.1301583E+06

168.4  0.1307130E+06

168.6  0.1312700E+06

168.8  0.1318293E+06

169.0  0.1323908E+06

169.2  0.1329546E+06

169.4  0.1335208E+06

169.6  0.1340892E+06

169.8  0.1346600E+06

170.0  0.1352331E+06

170.2  0.1358086E+06

170.4  0.1363865E+06

170.6  0.1369667E+06

170.8  0.1375494E+06

171.0  0.1381344E+06

171.2  0.1387219E+06

171.4  0.1393118E+06

171.6  0.1399041E+06

171.8  0.1404990E+06

172.0  0.1410963E+06

172.2  0.1416961E+06

172.4  0.1422984E+06

172.6  0.1429033E+06

172.8  0.1435107E+06

173.0  0.1441206E+06

173.2  0.1447331E+06

173.4  0.1453482E+06

173.6  0.1459659E+06

173.8  0.1465862E+06

174.0  0.1472091E+06

174.2  0.1478347E+06

174.4  0.1484630E+06

174.6  0.1490939E+06

174.8  0.1497275E+06

175.0  0.1503639E+06

175.2  0.1510029E+06

175.4  0.1516447E+06

175.6  0.1522893E+06

175.8  0.1529366E+06

176.0  0.1535867E+06

176.2  0.1542396E+06

176.4  0.1548954E+06

176.6  0.1555540E+06

176.8  0.1562155E+06

177.0  0.1568798E+06

177.2  0.1575471E+06

177.4  0.1582172E+06

177.6  0.1588903E+06

177.8  0.1595663E+06

178.0  0.1602454E+06

178.2  0.1609274E+06

178.4  0.1616124E+06

178.6  0.1623004E+06

178.8  0.1629915E+06

179.0  0.1636856E+06

179.2  0.1643829E+06

179.4  0.1650832E+06

179.6  0.1657867E+06

179.8  0.1664933E+06

180.0  0.1672031E+06

180.2  0.1679161E+06

180.4  0.1686323E+06

180.6  0.1693517E+06

180.8  0.1700744E+06

181.0  0.1708003E+06

181.2  0.1715296E+06

181.4  0.1722622E+06

181.6  0.1729981E+06

181.8  0.1737374E+06

182.0  0.1744801E+06

182.2  0.1752262E+06

182.4  0.1759757E+06

182.6  0.1767288E+06

182.8  0.1774853E+06

183.0  0.1782453E+06

183.2  0.1790089E+06

183.4  0.1797760E+06

183.6  0.1805468E+06

183.8  0.1813211E+06

184.0  0.1820991E+06

184.2  0.1828808E+06

184.4  0.1836662E+06

184.6  0.1844554E+06

184.8  0.1852483E+06

185.0  0.1860450E+06

185.2  0.1868455E+06

185.4  0.1876499E+06

185.6  0.1884582E+06

185.8  0.1892704E+06

186.0  0.1900865E+06

186.2  0.1909066E+06

186.4  0.1917308E+06

186.6  0.1925590E+06

186.8  0.1933912E+06

187.0  0.1942276E+06

187.2  0.1950682E+06

187.4  0.1959129E+06

187.6  0.1967619E+06

187.8  0.1976151E+06

188.0  0.1984726E+06

188.2  0.1993344E+06

188.4  0.2002007E+06

188.6  0.2010713E+06

188.8  0.2019464E+06

189.0  0.2028260E+06

189.2  0.2037101E+06

189.4  0.2045988E+06

189.6  0.2054922E+06

189.8  0.2063901E+06

190.0  0.2072928E+06

190.2  0.2082002E+06

190.4  0.2091125E+06

190.6  0.2100295E+06

190.8  0.2109515E+06

191.0  0.2118784E+06

191.2  0.2128102E+06

191.4  0.2137471E+06

191.6  0.2146890E+06

191.8  0.2156361E+06

192.0  0.2165884E+06

192.2  0.2175458E+06

192.4  0.2185086E+06

192.6  0.2194766E+06

192.8  0.2204501E+06

193.0  0.2214290E+06

193.2  0.2224133E+06

193.4  0.2234032E+06

193.6  0.2243987E+06

193.8  0.2253999E+06

194.0  0.2264068E+06

194.2  0.2274194E+06

194.4  0.2284378E+06

194.6  0.2294621E+06

194.8  0.2304924E+06

195.0  0.2315287E+06

195.2  0.2325710E+06

195.4  0.2336194E+06

195.6  0.2346740E+06

195.8  0.2357349E+06

196.0  0.2368020E+06

196.2  0.2378756E+06

196.4  0.2389555E+06

196.6  0.2400420E+06

196.8  0.2411350E+06

197.0  0.2422346E+06

197.2  0.2433410E+06

197.4  0.2444540E+06

197.6  0.2455739E+06

197.8  0.2467007E+06

198.0  0.2478345E+06

198.2  0.2489752E+06

198.4  0.2501231E+06

198.6  0.2512781E+06

198.8  0.2524404E+06

199.0  0.2536099E+06

199.2  0.2547868E+06

199.4  0.2559711E+06

199.6  0.2571630E+06

199.8  0.2583624E+06

200.0  0.2595695E+06

200.2  0.2607842E+06

200.4  0.2620068E+06

200.6  0.2632372E+06

200.8  0.2644756E+06

201.0  0.2657219E+06

201.2  0.2669763E+06

201.4  0.2682388E+06

201.6  0.2695096E+06

201.8  0.2707886E+06

202.0  0.2720759E+06

202.2  0.2733717E+06

202.4  0.2746760E+06

202.6  0.2759888E+06

202.8  0.2773102E+06

203.0  0.2786404E+06

203.2  0.2799792E+06

203.4  0.2813270E+06

203.6  0.2826836E+06

203.8  0.2840491E+06

204.0  0.2854238E+06

204.2  0.2868075E+06

204.4  0.2882003E+06

204.6  0.2896024E+06

204.8  0.2910138E+06

205.0  0.2924345E+06

205.2  0.2938647E+06

205.4  0.2953043E+06

205.6  0.2967535E+06

205.8  0.2982122E+06

206.0  0.2996806E+06

206.2  0.3011588E+06

206.4  0.3026467E+06

206.6  0.3041445E+06

206.8  0.3056521E+06

207.0  0.3071697E+06

207.2  0.3086973E+06

207.4  0.3102349E+06

207.6  0.3117826E+06

207.8  0.3133405E+06

208.0  0.3149086E+06

208.2  0.3164869E+06

208.4  0.3180755E+06

208.6  0.3196745E+06

208.8  0.3212838E+06

209.0  0.3229035E+06

209.2  0.3245337E+06

209.4  0.3261745E+06

209.6  0.3278257E+06

209.8  0.3294875E+06

210.0  0.3311599E+06

210.2  0.3328430E+06

210.4  0.3345367E+06

210.6  0.3362411E+06

210.8  0.3379563E+06

211.0  0.3396822E+06

211.2  0.3414188E+06

211.4  0.3431663E+06

211.6  0.3449245E+06

211.8  0.3466936E+06

212.0  0.3484736E+06

212.2  0.3502644E+06

212.4  0.3520661E+06

212.6  0.3538786E+06

212.8  0.3557021E+06

213.0  0.3575364E+06

213.2  0.3593816E+06

213.4  0.3612378E+06

213.6  0.3631048E+06

213.8  0.3649827E+06

214.0  0.3668716E+06

214.2  0.3687713E+06

214.4  0.3706818E+06

214.6  0.3726033E+06

214.8  0.3745356E+06

215.0  0.3764787E+06

215.2  0.3784326E+06

215.4  0.3803974E+06

215.6  0.3823729E+06

215.8  0.3843591E+06

216.0  0.3863561E+06

216.2  0.3883637E+06

216.4  0.3903820E+06

216.6  0.3924110E+06

216.8  0.3944505E+06

217.0  0.3965006E+06

217.2  0.3985611E+06

217.4  0.4006322E+06

217.6  0.4027136E+06

217.8  0.4048054E+06

218.0  0.4069075E+06

218.2  0.4090199E+06

218.4  0.4111425E+06

218.6  0.4132753E+06

218.8  0.4154181E+06

219.0  0.4175710E+06

219.2  0.4197338E+06

219.4  0.4219065E+06

219.6  0.4240891E+06

219.8  0.4262814E+06

220.0  0.4284834E+06

220.2  0.4306950E+06

220.4  0.4329161E+06

220.6  0.4351467E+06

220.8  0.4373867E+06

221.0  0.4396359E+06

221.2  0.4418943E+06

221.4  0.4441618E+06

221.6  0.4464384E+06

221.8  0.4487239E+06

222.0  0.4510182E+06

222.2  0.4533212E+06

222.4  0.4556329E+06

222.6  0.4579530E+06

222.8  0.4602817E+06

223.0  0.4626186E+06

223.2  0.4649638E+06

223.4  0.4673170E+06

223.6  0.4696783E+06

223.8  0.4720474E+06

224.0  0.4744244E+06

224.2  0.4768089E+06

224.4  0.4792010E+06

224.6  0.4816005E+06

224.8  0.4840073E+06

225.0  0.4864213E+06

225.2  0.4888424E+06

225.4  0.4912703E+06

225.6  0.4937050E+06

225.8  0.4961465E+06

226.0  0.4985944E+06

226.2  0.5010487E+06

226.4  0.5035093E+06

226.6  0.5059761E+06

226.8  0.5084488E+06

227.0  0.5109274E+06

227.2  0.5134117E+06

227.4  0.5159016E+06

227.6  0.5183969E+06

227.8  0.5208975E+06

228.0  0.5234033E+06

228.2  0.5259140E+06

228.4  0.5284297E+06

228.6  0.5309500E+06

228.8  0.5334749E+06

229.0  0.5360042E+06

229.2  0.5385378E+06

229.4  0.5410755E+06

229.6  0.5436172E+06

229.8  0.5461627E+06

230.0  0.5487118E+06

230.2  0.5512645E+06

230.4  0.5538205E+06

230.6  0.5563797E+06

230.8  0.5589419E+06

231.0  0.5615070E+06

231.2  0.5640749E+06

231.4  0.5666453E+06

231.6  0.5692182E+06

231.8  0.5717933E+06

232.0  0.5743705E+06

232.2  0.5769496E+06

232.4  0.5795305E+06

232.6  0.5821131E+06

232.8  0.5846971E+06

233.0  0.5872824E+06

233.2  0.5898689E+06

233.4  0.5924563E+06

233.6  0.5950446E+06

233.8  0.5976335E+06

234.0  0.6002229E+06

234.2  0.6028127E+06

234.4  0.6054027E+06

234.6  0.6079927E+06

234.8  0.6105826E+06

235.0  0.6131722E+06

235.2  0.6157613E+06

235.4  0.6183499E+06

235.6  0.6209376E+06

235.8  0.6235245E+06

236.0  0.6261102E+06

236.2  0.6286948E+06

236.4  0.6312779E+06

236.6  0.6338595E+06

236.8  0.6364394E+06

237.0  0.6390174E+06

237.2  0.6415934E+06

237.4  0.6441673E+06

237.6  0.6467388E+06

237.8  0.6493078E+06

238.0  0.6518742E+06

238.2  0.6544379E+06

238.4  0.6569986E+06

238.6  0.6595562E+06

238.8  0.6621106E+06

239.0  0.6646617E+06

239.2  0.6672092E+06

239.4  0.6697530E+06

239.6  0.6722931E+06

239.8  0.6748291E+06

240.0  0.6773611E+06

240.2  0.6798888E+06

240.4  0.6824121E+06

240.6  0.6849309E+06

240.8  0.6874451E+06

241.0  0.6899544E+06

241.2  0.6924588E+06

241.4  0.6949581E+06

241.6  0.6974522E+06

241.8  0.6999409E+06

242.0  0.7024242E+06

242.2  0.7049018E+06

242.4  0.7073737E+06

242.6  0.7098397E+06

242.8  0.7122997E+06

243.0  0.7147535E+06

243.2  0.7172011E+06

243.4  0.7196423E+06

243.6  0.7220771E+06

243.8  0.7245051E+06

244.0  0.7269265E+06

244.2  0.7293409E+06

244.4  0.7317484E+06

244.6  0.7341488E+06

244.8  0.7365419E+06

245.0  0.7389277E+06

245.2  0.7413060E+06

245.4  0.7436768E+06

245.6  0.7460400E+06

245.8  0.7483953E+06

246.0  0.7507427E+06

246.2  0.7530822E+06

246.4  0.7554136E+06

246.6  0.7577367E+06

246.8  0.7600516E+06

247.0  0.7623580E+06

247.2  0.7646560E+06

247.4  0.7669453E+06

247.6  0.7692259E+06

247.8  0.7714978E+06

248.0  0.7737608E+06

248.2  0.7760148E+06

248.4  0.7782597E+06

248.6  0.7804955E+06

248.8  0.7827220E+06

249.0  0.7849392E+06

249.2  0.7871470E+06

249.4  0.7893453E+06

249.6  0.7915340E+06

249.8  0.7937131E+06

250.0  0.7958824E+06

250.2  0.7980420E+06

250.4  0.8001916E+06

250.6  0.8023313E+06

250.8  0.8044609E+06

251.0  0.8065804E+06

251.2  0.8086898E+06

251.4  0.8107889E+06

251.6  0.8128777E+06

251.8  0.8149562E+06

252.0  0.8170242E+06

252.2  0.8190817E+06

252.4  0.8211286E+06

252.6  0.8231649E+06

252.8  0.8251906E+06

253.0  0.8272055E+06

253.2  0.8292096E+06

253.4  0.8312028E+06

253.6  0.8331852E+06

253.8  0.8351566E+06

254.0  0.8371171E+06

254.2  0.8390664E+06

254.4  0.8410047E+06

254.6  0.8429319E+06

254.8  0.8448479E+06

255.0  0.8467526E+06

255.2  0.8486461E+06

255.4  0.8505283E+06

255.6  0.8523991E+06

255.8  0.8542586E+06

256.0  0.8561066E+06

256.2  0.8579432E+06

256.4  0.8597683E+06

256.6  0.8615819E+06

256.8  0.8633839E+06

257.0  0.8651744E+06

257.2  0.8669533E+06

257.4  0.8687205E+06

257.6  0.8704761E+06

257.8  0.8722200E+06

258.0  0.8739522E+06

258.2  0.8756727E+06

258.4  0.8773814E+06

258.6  0.8790783E+06

258.8  0.8807635E+06

259.0  0.8824369E+06

259.2  0.8840984E+06

259.4  0.8857482E+06

259.6  0.8873860E+06

259.8  0.8890121E+06

260.0  0.8906262E+06

260.2  0.8922285E+06

260.4  0.8938189E+06

260.6  0.8953974E+06

260.8  0.8969640E+06

261.0  0.8985187E+06

261.2  0.9000614E+06

261.4  0.9015923E+06

261.6  0.9031112E+06

261.8  0.9046182E+06

262.0  0.9061133E+06

262.2  0.9075965E+06

262.4  0.9090677E+06

262.6  0.9105271E+06

262.8  0.9119745E+06

263.0  0.9134100E+06

263.2  0.9148336E+06

263.4  0.9162453E+06

263.6  0.9176451E+06

263.8  0.9190331E+06

264.0  0.9204091E+06

264.2  0.9217733E+06

264.4  0.9231257E+06

264.6  0.9244662E+06

264.8  0.9257949E+06

265.0  0.9271117E+06

265.2  0.9284168E+06

265.4  0.9297100E+06

265.6  0.9309915E+06

265.8  0.9322613E+06

266.0  0.9335193E+06

266.2  0.9347656E+06

266.4  0.9360002E+06

266.6  0.9372231E+06

266.8  0.9384343E+06

267.0  0.9396339E+06

267.2  0.9408219E+06

267.4  0.9419983E+06

267.6  0.9431631E+06

267.8  0.9443164E+06

268.0  0.9454581E+06

268.2  0.9465884E+06

268.4  0.9477072E+06

268.6  0.9488145E+06

268.8  0.9499104E+06

269.0  0.9509949E+06

269.2  0.9520681E+06

269.4  0.9531299E+06

269.6  0.9541804E+06

269.8  0.9552197E+06

270.0  0.9562477E+06

270.2  0.9572645E+06

270.4  0.9582701E+06

270.6  0.9592645E+06

270.8  0.9602479E+06

271.0  0.9612201E+06

271.2  0.9621813E+06

271.4  0.9631315E+06

271.6  0.9640707E+06

271.8  0.9649990E+06

272.0  0.9659164E+06

272.2  0.9668228E+06

272.4  0.9677185E+06

272.6  0.9686033E+06

272.8  0.9694774E+06

273.0  0.9703408E+06

273.2  0.9711935E+06

273.4  0.9720355E+06

273.6  0.9728669E+06

273.8  0.9736877E+06

274.0  0.9744981E+06

274.2  0.9752979E+06

274.4  0.9760873E+06

274.6  0.9768662E+06

274.8  0.9776348E+06

275.0  0.9783931E+06

275.2  0.9791411E+06

275.4  0.9798788E+06

275.6  0.9806064E+06

275.8  0.9813237E+06

276.0  0.9820310E+06

276.2  0.9827282E+06

276.4  0.9834153E+06

276.6  0.9840925E+06

276.8  0.9847598E+06

277.0  0.9854171E+06

277.2  0.9860646E+06

277.4  0.9867022E+06

277.6  0.9873301E+06

277.8  0.9879483E+06

278.0  0.9885568E+06

278.2  0.9891557E+06

278.4  0.9897450E+06

278.6  0.9903247E+06

278.8  0.9908950E+06

279.0  0.9914558E+06

279.2  0.9920072E+06

279.4  0.9925493E+06

279.6  0.9930820E+06

279.8  0.9936055E+06

280.0  0.9941198E+06

280.2  0.9946249E+06

280.4  0.9951208E+06

280.6  0.9956077E+06

280.8  0.9960856E+06

281.0  0.9965545E+06

281.2  0.9970144E+06

281.4  0.9974655E+06

281.6  0.9979077E+06

281.8  0.9983412E+06

282.0  0.9987658E+06

282.2  0.9991818E+06

282.4  0.9995892E+06

282.6  0.9999879E+06

282.8  0.1000378E+07

283.0  0.1000760E+07

283.2  0.1001133E+07

283.4  0.1001498E+07

283.6  0.1001854E+07

283.8  0.1002202E+07

284.0  0.1002542E+07

284.2  0.1002874E+07

284.4  0.1003197E+07

284.6  0.1003513E+07

284.8  0.1003820E+07

285.0  0.1004119E+07

285.2  0.1004410E+07

285.4  0.1004694E+07

285.6  0.1004969E+07

285.8  0.1005237E+07

286.0  0.1005497E+07

286.2  0.1005749E+07

286.4  0.1005993E+07

286.6  0.1006230E+07

286.8  0.1006459E+07

287.0  0.1006680E+07

287.2  0.1006894E+07

287.4  0.1007101E+07

287.6  0.1007300E+07

287.8  0.1007492E+07

288.0  0.1007677E+07

288.2  0.1007854E+07

288.4  0.1008024E+07

288.6  0.1008187E+07

288.8  0.1008342E+07

289.0  0.1008491E+07

289.2  0.1008633E+07

289.4  0.1008767E+07

289.6  0.1008895E+07

289.8  0.1009016E+07

290.0  0.1009129E+07

290.2  0.1009237E+07

290.4  0.1009337E+07

290.6  0.1009431E+07

290.8  0.1009517E+07

291.0  0.1009598E+07

291.2  0.1009672E+07

291.4  0.1009739E+07

291.6  0.1009799E+07

291.8  0.1009854E+07

292.0  0.1009902E+07

292.2  0.1009943E+07

292.4  0.1009978E+07

292.6  0.1010007E+07

292.8  0.1010030E+07

293.0  0.1010047E+07

293.2  0.1010057E+07

293.4  0.1010062E+07

293.6  0.1010060E+07

293.8  0.1010052E+07

294.0  0.1010039E+07

294.2  0.1010019E+07

294.4  0.1009994E+07

294.6  0.1009962E+07

294.8  0.1009925E+07

295.0  0.1009882E+07

295.2  0.1009834E+07

295.4  0.1009780E+07

295.6  0.1009720E+07

295.8  0.1009655E+07

296.0  0.1009584E+07

296.2  0.1009508E+07

296.4  0.1009426E+07

296.6  0.1009339E+07

296.8  0.1009246E+07

297.0  0.1009148E+07

297.2  0.1009045E+07

297.4  0.1008937E+07

297.6  0.1008823E+07

297.8  0.1008704E+07

298.0  0.1008580E+07

298.2  0.1008451E+07

298.4  0.1008317E+07

298.6  0.1008178E+07

298.8  0.1008034E+07

299.0  0.1007886E+07

299.2  0.1007732E+07

299.4  0.1007573E+07

299.6  0.1007410E+07

299.8  0.1007242E+07

300.0  0.1007069E+07

300.2  0.1006891E+07

300.4  0.1006709E+07

300.6  0.1006522E+07

300.8  0.1006330E+07

301.0  0.1006134E+07

301.2  0.1005934E+07

301.4  0.1005729E+07

301.6  0.1005520E+07

301.8  0.1005306E+07

302.0  0.1005088E+07

302.2  0.1004865E+07

302.4  0.1004638E+07

302.6  0.1004407E+07

302.8  0.1004172E+07

303.0  0.1003933E+07

303.2  0.1003689E+07

303.4  0.1003441E+07

303.6  0.1003190E+07

303.8  0.1002934E+07

304.0  0.1002674E+07

304.2  0.1002411E+07

304.4  0.1002143E+07

304.6  0.1001871E+07

304.8  0.1001596E+07

305.0  0.1001317E+07

305.2  0.1001033E+07

305.4  0.1000747E+07

305.6  0.1000456E+07

305.8  0.1000162E+07

306.0  0.9998639E+06

306.2  0.9995623E+06

306.4  0.9992571E+06

306.6  0.9989484E+06

306.8  0.9986361E+06

307.0  0.9983203E+06

307.2  0.9980010E+06

307.4  0.9976782E+06

307.6  0.9973521E+06

307.8  0.9970226E+06

308.0  0.9966897E+06

308.2  0.9963535E+06

308.4  0.9960140E+06

308.6  0.9956712E+06

308.8  0.9953253E+06

309.0  0.9949761E+06

309.2  0.9946237E+06

309.4  0.9942682E+06

309.6  0.9939096E+06

309.8  0.9935478E+06

310.0  0.9931831E+06

310.2  0.9928153E+06

310.4  0.9924445E+06

310.6  0.9920707E+06

310.8  0.9916940E+06

311.0  0.9913144E+06

311.2  0.9909319E+06

311.4  0.9905465E+06

311.6  0.9901583E+06

311.8  0.9897673E+06

312.0  0.9893735E+06

312.2  0.9889769E+06

312.4  0.9885777E+06

312.6  0.9881757E+06

312.8  0.9877711E+06

313.0  0.9873638E+06

313.2  0.9869539E+06

313.4  0.9865414E+06

313.6  0.9861263E+06

313.8  0.9857087E+06

314.0  0.9852885E+06

314.2  0.9848659E+06

314.4  0.9844408E+06

314.6  0.9840133E+06

314.8  0.9835833E+06

315.0  0.9831510E+06

315.2  0.9827162E+06

315.4  0.9822792E+06

315.6  0.9818398E+06

315.8  0.9813981E+06

316.0  0.9809541E+06

316.2  0.9805079E+06

316.4  0.9800594E+06

316.6  0.9796088E+06

316.8  0.9791559E+06

317.0  0.9787009E+06

317.2  0.9782438E+06

317.4  0.9777845E+06

317.6  0.9773232E+06

317.8  0.9768597E+06

318.0  0.9763943E+06

318.2  0.9759268E+06

318.4  0.9754573E+06

318.6  0.9749858E+06

318.8  0.9745123E+06

319.0  0.9740369E+06

319.2  0.9735596E+06

319.4  0.9730804E+06

319.6  0.9725993E+06

319.8  0.9721163E+06

320.0  0.9716315E+06

320.2  0.9711449E+06

320.4  0.9706565E+06

320.6  0.9701663E+06

320.8  0.9696744E+06

321.0  0.9691807E+06

321.2  0.9686853E+06

321.4  0.9681882E+06

321.6  0.9676894E+06

321.8  0.9671889E+06

322.0  0.9666868E+06

322.2  0.9661831E+06

322.4  0.9656777E+06

322.6  0.9651708E+06

322.8  0.9646623E+06

323.0  0.9641523E+06

323.2  0.9636407E+06

323.4  0.9631276E+06

323.6  0.9626130E+06

323.8  0.9620969E+06

324.0  0.9615794E+06

324.2  0.9610604E+06

324.4  0.9605400E+06

324.6  0.9600182E+06

324.8  0.9594950E+06

325.0  0.9589704E+06

325.2  0.9584444E+06

325.4  0.9579171E+06

325.6  0.9573885E+06

325.8  0.9568585E+06

326.0  0.9563273E+06

326.2  0.9557948E+06

326.4  0.9552610E+06

326.6  0.9547259E+06

326.8  0.9541897E+06

327.0  0.9536522E+06

327.2  0.9531135E+06

327.4  0.9525736E+06

327.6  0.9520326E+06

327.8  0.9514904E+06

328.0  0.9509470E+06

328.2  0.9504026E+06

328.4  0.9498570E+06

328.6  0.9493103E+06

328.8  0.9487626E+06

329.0  0.9482137E+06

329.2  0.9476638E+06

329.4  0.9471129E+06

329.6  0.9465609E+06

329.8  0.9460080E+06

330.0  0.9454540E+06

330.2  0.9448990E+06

330.4  0.9443431E+06

330.6  0.9437862E+06

330.8  0.9432284E+06

331.0  0.9426696E+06

331.2  0.9421099E+06

331.4  0.9415494E+06

331.6  0.9409879E+06

331.8  0.9404255E+06

332.0  0.9398623E+06

332.2  0.9392982E+06

332.4  0.9387332E+06

332.6  0.9381675E+06

332.8  0.9376009E+06

333.0  0.9370335E+06

333.2  0.9364653E+06

333.4  0.9358963E+06

333.6  0.9353266E+06

333.8  0.9347561E+06

334.0  0.9341848E+06

334.2  0.9336128E+06

334.4  0.9330401E+06

334.6  0.9324667E+06

334.8  0.9318925E+06

335.0  0.9313177E+06

335.2  0.9307422E+06

335.4  0.9301660E+06

335.6  0.9295892E+06

335.8  0.9290117E+06

336.0  0.9284336E+06

336.2  0.9278548E+06

336.4  0.9272755E+06

336.6  0.9266955E+06

336.8  0.9261149E+06

337.0  0.9255338E+06

337.2  0.9249520E+06

337.4  0.9243697E+06

337.6  0.9237869E+06

337.8  0.9232035E+06

338.0  0.9226195E+06

338.2  0.9220351E+06

338.4  0.9214501E+06

338.6  0.9208646E+06

338.8  0.9202786E+06

339.0  0.9196921E+06

339.2  0.9191052E+06

339.4  0.9185177E+06

339.6  0.9179298E+06

339.8  0.9173415E+06

340.0  0.9167527E+06

340.2  0.9161635E+06

340.4  0.9155738E+06

340.6  0.9149838E+06

340.8  0.9143933E+06

341.0  0.9138024E+06

341.2  0.9132111E+06

341.4  0.9126195E+06

341.6  0.9120274E+06

341.8  0.9114350E+06

342.0  0.9108423E+06

342.2  0.9102492E+06

342.4  0.9096557E+06

342.6  0.9090619E+06

342.8  0.9084678E+06

343.0  0.9078734E+06

343.2  0.9072786E+06

343.4  0.9066836E+06

343.6  0.9060882E+06

343.8  0.9054926E+06

344.0  0.9048966E+06

344.2  0.9043004E+06

344.4  0.9037040E+06

344.6  0.9031072E+06

344.8  0.9025103E+06

345.0  0.9019130E+06

345.2  0.9013156E+06

345.4  0.9007179E+06

345.6  0.9001200E+06

345.8  0.8995218E+06

346.0  0.8989235E+06

346.2  0.8983249E+06

346.4  0.8977261E+06

346.6  0.8971272E+06

346.8  0.8965281E+06

347.0  0.8959287E+06

347.2  0.8953293E+06

347.4  0.8947296E+06

347.6  0.8941298E+06

347.8  0.8935298E+06

348.0  0.8929297E+06

348.2  0.8923295E+06

348.4  0.8917291E+06

348.6  0.8911285E+06

348.8  0.8905279E+06

349.0  0.8899271E+06

349.2  0.8893263E+06

349.4  0.8887253E+06

349.6  0.8881242E+06

349.8  0.8875230E+06

350.0  0.8869218E+06

350.2  0.8863204E+06

350.4  0.8857190E+06

350.6  0.8851175E+06

350.8  0.8845159E+06

351.0  0.8839143E+06

351.2  0.8833126E+06

351.4  0.8827109E+06

351.6  0.8821091E+06

351.8  0.8815072E+06

352.0  0.8809054E+06

352.2  0.8803035E+06

352.4  0.8797016E+06

352.6  0.8790996E+06

352.8  0.8784977E+06

353.0  0.8778957E+06

353.2  0.8772937E+06

353.4  0.8766917E+06

353.6  0.8760897E+06

353.8  0.8754878E+06

354.0  0.8748858E+06

354.2  0.8742839E+06

354.4  0.8736819E+06

354.6  0.8730800E+06

354.8  0.8724782E+06

355.0  0.8718763E+06

355.2  0.8712745E+06

355.4  0.8706728E+06

355.6  0.8700711E+06

355.8  0.8694694E+06

356.0  0.8688678E+06

356.2  0.8682663E+06

356.4  0.8676648E+06

356.6  0.8670634E+06

356.8  0.8664620E+06

357.0  0.8658607E+06

357.2  0.8652596E+06

357.4  0.8646584E+06

357.6  0.8640574E+06

357.8  0.8634565E+06

358.0  0.8628557E+06

358.2  0.8622549E+06

358.4  0.8616543E+06

358.6  0.8610537E+06

358.8  0.8604533E+06

359.0  0.8598530E+06

359.2  0.8592528E+06

359.4  0.8586527E+06

359.6  0.8580528E+06

359.8  0.8574530E+06

360.0  0.8568533E+06

360.2  0.8562537E+06

360.4  0.8556543E+06

360.6  0.8550550E+06

360.8  0.8544558E+06

361.0  0.8538568E+06

361.2  0.8532580E+06

361.4  0.8526593E+06

361.6  0.8520607E+06

361.8  0.8514623E+06

362.0  0.8508641E+06

362.2  0.8502660E+06

362.4  0.8496681E+06

362.6  0.8490704E+06

362.8  0.8484728E+06

363.0  0.8478755E+06

363.2  0.8472783E+06

363.4  0.8466812E+06

363.6  0.8460844E+06

363.8  0.8454878E+06

364.0  0.8448913E+06

364.2  0.8442950E+06

364.4  0.8436990E+06

364.6  0.8431031E+06

364.8  0.8425074E+06

365.0  0.8419120E+06

365.2  0.8413167E+06

365.4  0.8407217E+06

365.6  0.8401268E+06

365.8  0.8395322E+06

366.0  0.8389378E+06

366.2  0.8383436E+06

366.4  0.8377496E+06

366.6  0.8371558E+06

366.8  0.8365623E+06

367.0  0.8359690E+06

367.2  0.8353759E+06

367.4  0.8347831E+06

367.6  0.8341905E+06

367.8  0.8335981E+06

368.0  0.8330060E+06

368.2  0.8324141E+06

368.4  0.8318224E+06

368.6  0.8312310E+06

368.8  0.8306399E+06

369.0  0.8300489E+06

369.2  0.8294583E+06

369.4  0.8288679E+06

369.6  0.8282777E+06

369.8  0.8276878E+06

370.0  0.8270982E+06

370.2  0.8265088E+06

370.4  0.8259197E+06

370.6  0.8253309E+06

370.8  0.8247423E+06

371.0  0.8241540E+06

371.2  0.8235659E+06

371.4  0.8229781E+06

371.6  0.8223906E+06

371.8  0.8218034E+06

372.0  0.8212165E+06

372.2  0.8206298E+06

372.4  0.8200434E+06

372.6  0.8194573E+06

372.8  0.8188715E+06

373.0  0.8182859E+06

373.2  0.8177007E+06

373.4  0.8171157E+06

373.6  0.8165311E+06

373.8  0.8159467E+06

374.0  0.8153626E+06

374.2  0.8147788E+06

374.4  0.8141953E+06

374.6  0.8136121E+06

374.8  0.8130292E+06

375.0  0.8124466E+06

375.2  0.8118643E+06

375.4  0.8112823E+06

375.6  0.8107006E+06

375.8  0.8101192E+06

376.0  0.8095381E+06

376.2  0.8089574E+06

376.4  0.8083769E+06

376.6  0.8077968E+06

376.8  0.8072169E+06

377.0  0.8066374E+06

377.2  0.8060582E+06

377.4  0.8054793E+06

377.6  0.8049007E+06

377.8  0.8043225E+06

378.0  0.8037445E+06

378.2  0.8031669E+06

378.4  0.8025896E+06

378.6  0.8020127E+06

378.8  0.8014360E+06

379.0  0.8008597E+06

379.2  0.8002837E+06

379.4  0.7997080E+06

379.6  0.7991327E+06

379.8  0.7985577E+06

380.0  0.7979830E+06

380.2  0.7974087E+06

380.4  0.7968347E+06

380.6  0.7962610E+06

380.8  0.7956876E+06

381.0  0.7951146E+06

381.2  0.7945420E+06

381.4  0.7939696E+06

381.6  0.7933976E+06

381.8  0.7928260E+06

382.0  0.7922547E+06

382.2  0.7916837E+06

382.4  0.7911131E+06

382.6  0.7905428E+06

382.8  0.7899728E+06

383.0  0.7894032E+06

383.2  0.7888340E+06

383.4  0.7882651E+06

383.6  0.7876965E+06

383.8  0.7871283E+06

384.0  0.7865604E+06

384.2  0.7859929E+06

384.4  0.7854257E+06

384.6  0.7848589E+06

384.8  0.7842924E+06

385.0  0.7837263E+06

385.2  0.7831606E+06

385.4  0.7825952E+06

385.6  0.7820301E+06

385.8  0.7814654E+06

386.0  0.7809011E+06

386.2  0.7803371E+06

386.4  0.7797735E+06

386.6  0.7792102E+06

386.8  0.7786473E+06

387.0  0.7780847E+06

387.2  0.7775225E+06

387.4  0.7769607E+06

387.6  0.7763992E+06

387.8  0.7758381E+06

388.0  0.7752774E+06

388.2  0.7747170E+06

388.4  0.7741570E+06

388.6  0.7735973E+06

388.8  0.7730380E+06

389.0  0.7724791E+06

389.2  0.7719205E+06

389.4  0.7713623E+06

389.6  0.7708045E+06

389.8  0.7702470E+06

390.0  0.7696899E+06

390.2  0.7691332E+06

390.4  0.7685768E+06

390.6  0.7680208E+06

390.8  0.7674652E+06

391.0  0.7669099E+06

391.2  0.7663550E+06

391.4  0.7658005E+06

391.6  0.7652463E+06

391.8  0.7646925E+06

392.0  0.7641391E+06

392.2  0.7635861E+06

392.4  0.7630334E+06

392.6  0.7624811E+06

392.8  0.7619292E+06

393.0  0.7613777E+06

393.2  0.7608265E+06

393.4  0.7602757E+06

393.6  0.7597252E+06

393.8  0.7591752E+06

394.0  0.7586255E+06

394.2  0.7580762E+06

394.4  0.7575273E+06

394.6  0.7569787E+06

394.8  0.7564305E+06

395.0  0.7558827E+06

395.2  0.7553353E+06

395.4  0.7547882E+06

395.6  0.7542416E+06

395.8  0.7536953E+06

396.0  0.7531493E+06

396.2  0.7526038E+06

396.4  0.7520586E+06

396.6  0.7515138E+06

396.8  0.7509694E+06

397.0  0.7504254E+06

397.2  0.7498817E+06

397.4  0.7493385E+06

397.6  0.7487956E+06

397.8  0.7482530E+06

398.0  0.7477109E+06

398.2  0.7471691E+06

398.4  0.7466278E+06

398.6  0.7460868E+06

398.8  0.7455462E+06

399.0  0.7450059E+06

399.2  0.7444661E+06

399.4  0.7439266E+06

399.6  0.7433875E+06

399.8  0.7428488E+06

400.0  0.7423104E+06

400.2  0.7417725E+06

400.4  0.7412349E+06

400.6  0.7406977E+06

400.8  0.7401609E+06

401.0  0.7396245E+06

401.2  0.7390884E+06

401.4  0.7385527E+06

401.6  0.7380174E+06

401.8  0.7374825E+06

402.0  0.7369480E+06

402.2  0.7364139E+06

402.4  0.7358801E+06

402.6  0.7353467E+06

402.8  0.7348137E+06

403.0  0.7342811E+06

403.2  0.7337489E+06

403.4  0.7332171E+06

403.6  0.7326856E+06

403.8  0.7321545E+06

404.0  0.7316238E+06

404.2  0.7310935E+06

404.4  0.7305635E+06

404.6  0.7300340E+06

404.8  0.7295048E+06

405.0  0.7289760E+06

405.2  0.7284476E+06

405.4  0.7279196E+06

405.6  0.7273919E+06

405.8  0.7268647E+06

406.0  0.7263378E+06

406.2  0.7258113E+06

406.4  0.7252852E+06

406.6  0.7247595E+06

406.8  0.7242341E+06

407.0  0.7237092E+06

407.2  0.7231846E+06

407.4  0.7226604E+06

407.6  0.7221366E+06

407.8  0.7216131E+06

408.0  0.7210901E+06

408.2  0.7205674E+06

408.4  0.7200451E+06

408.6  0.7195232E+06

408.8  0.7190017E+06

409.0  0.7184805E+06

409.2  0.7179598E+06

409.4  0.7174394E+06

409.6  0.7169194E+06

409.8  0.7163998E+06

410.0  0.7158805E+06

410.2  0.7153617E+06

410.4  0.7148432E+06

410.6  0.7143251E+06

410.8  0.7138074E+06

411.0  0.7132901E+06

411.2  0.7127731E+06

411.4  0.7122566E+06

411.6  0.7117404E+06

411.8  0.7112246E+06

412.0  0.7107091E+06

412.2  0.7101941E+06

412.4  0.7096794E+06

412.6  0.7091651E+06

412.8  0.7086512E+06

413.0  0.7081377E+06

413.2  0.7076246E+06

413.4  0.7071118E+06

413.6  0.7065994E+06

413.8  0.7060874E+06

414.0  0.7055758E+06

414.2  0.7050646E+06

414.4  0.7045537E+06

414.6  0.7040432E+06

414.8  0.7035331E+06

415.0  0.7030234E+06

415.2  0.7025140E+06

415.4  0.7020051E+06

415.6  0.7014965E+06

415.8  0.7009883E+06

416.0  0.7004804E+06

416.2  0.6999730E+06

416.4  0.6994659E+06

416.6  0.6989592E+06

416.8  0.6984529E+06

417.0  0.6979469E+06

417.2  0.6974413E+06

417.4  0.6969361E+06

417.6  0.6964313E+06

417.8  0.6959269E+06

418.0  0.6954228E+06

418.2  0.6949191E+06

418.4  0.6944158E+06

418.6  0.6939129E+06

418.8  0.6934103E+06

419.0  0.6929082E+06

419.2  0.6924064E+06

419.4  0.6919049E+06

419.6  0.6914039E+06

419.8  0.6909032E+06

420.0  0.6904029E+06

420.2  0.6899030E+06

420.4  0.6894034E+06

420.6  0.6889042E+06

420.8  0.6884054E+06

421.0  0.6879070E+06

421.2  0.6874089E+06

421.4  0.6869112E+06

421.6  0.6864139E+06

421.8  0.6859170E+06

422.0  0.6854204E+06

422.2  0.6849242E+06

422.4  0.6844284E+06

422.6  0.6839329E+06

422.8  0.6834379E+06

423.0  0.6829432E+06

423.2  0.6824488E+06

423.4  0.6819549E+06

423.6  0.6814613E+06

423.8  0.6809680E+06

424.0  0.6804752E+06

424.2  0.6799827E+06

424.4  0.6794906E+06

424.6  0.6789989E+06

424.8  0.6785075E+06

425.0  0.6780165E+06

425.2  0.6775259E+06

425.4  0.6770356E+06

425.6  0.6765457E+06

425.8  0.6760562E+06

426.0  0.6755670E+06

426.2  0.6750783E+06

426.4  0.6745898E+06

426.6  0.6741018E+06

426.8  0.6736141E+06

427.0  0.6731268E+06

427.2  0.6726398E+06

427.4  0.6721533E+06

427.6  0.6716670E+06

427.8  0.6711812E+06

428.0  0.6706957E+06

428.2  0.6702106E+06

428.4  0.6697259E+06

428.6  0.6692415E+06

428.8  0.6687575E+06

429.0  0.6682738E+06

429.2  0.6677905E+06

429.4  0.6673076E+06

429.6  0.6668250E+06

429.8  0.6663428E+06

430.0  0.6658610E+06

430.2  0.6653795E+06

430.4  0.6648984E+06

430.6  0.6644177E+06

430.8  0.6639373E+06

431.0  0.6634573E+06

431.2  0.6629777E+06

431.4  0.6624984E+06

431.6  0.6620194E+06

431.8  0.6615409E+06

432.0  0.6610627E+06

432.2  0.6605848E+06

432.4  0.6601073E+06

432.6  0.6596302E+06

432.8  0.6591535E+06

433.0  0.6586771E+06

433.2  0.6582010E+06

433.4  0.6577253E+06

433.6  0.6572500E+06

433.8  0.6567751E+06

434.0  0.6563004E+06

434.2  0.6558262E+06

434.4  0.6553523E+06

434.6  0.6548788E+06

434.8  0.6544056E+06

435.0  0.6539328E+06

435.2  0.6534603E+06

435.4  0.6529882E+06

435.6  0.6525165E+06

435.8  0.6520451E+06

436.0  0.6515741E+06

436.2  0.6511034E+06

436.4  0.6506331E+06

436.6  0.6501631E+06

436.8  0.6496935E+06

437.0  0.6492243E+06

437.2  0.6487554E+06

437.4  0.6482868E+06

437.6  0.6478186E+06

437.8  0.6473508E+06

438.0  0.6468833E+06

438.2  0.6464162E+06

438.4  0.6459494E+06

438.6  0.6454830E+06

438.8  0.6450169E+06

439.0  0.6445512E+06

439.2  0.6440859E+06

439.4  0.6436208E+06

439.6  0.6431562E+06

439.8  0.6426919E+06

440.0  0.6422279E+06

440.2  0.6417643E+06

440.4  0.6413010E+06

440.6  0.6408381E+06

440.8  0.6403756E+06

441.0  0.6399134E+06

441.2  0.6394515E+06

441.4  0.6389900E+06

441.6  0.6385288E+06

441.8  0.6380680E+06

442.0  0.6376076E+06

442.2  0.6371474E+06

442.4  0.6366877E+06

442.6  0.6362283E+06

442.8  0.6357692E+06

443.0  0.6353105E+06

443.2  0.6348521E+06

443.4  0.6343940E+06

443.6  0.6339364E+06

443.8  0.6334790E+06

444.0  0.6330220E+06

444.2  0.6325654E+06

444.4  0.6321091E+06

444.6  0.6316531E+06

444.8  0.6311975E+06

445.0  0.6307422E+06

445.2  0.6302873E+06

445.4  0.6298327E+06

445.6  0.6293785E+06

445.8  0.6289246E+06

446.0  0.6284710E+06

446.2  0.6280178E+06

446.4  0.6275649E+06

446.6  0.6271124E+06

446.8  0.6266602E+06

447.0  0.6262083E+06

447.2  0.6257568E+06

447.4  0.6253057E+06

447.6  0.6248549E+06

447.8  0.6244044E+06

448.0  0.6239542E+06

448.2  0.6235044E+06

448.4  0.6230550E+06

448.6  0.6226058E+06

448.8  0.6221570E+06

449.0  0.6217086E+06

449.2  0.6212605E+06

449.4  0.6208127E+06

449.6  0.6203653E+06

449.8  0.6199182E+06

450.0  0.6194714E+06

450.2  0.6190250E+06

450.4  0.6185789E+06

450.6  0.6181332E+06

450.8  0.6176878E+06

451.0  0.6172427E+06

451.2  0.6167979E+06

451.4  0.6163535E+06

451.6  0.6159095E+06

451.8  0.6154657E+06

452.0  0.6150223E+06

452.2  0.6145793E+06

452.4  0.6141365E+06

452.6  0.6136941E+06

452.8  0.6132521E+06

453.0  0.6128103E+06

453.2  0.6123689E+06

453.4  0.6119279E+06

453.6  0.6114871E+06

453.8  0.6110467E+06

454.0  0.6106067E+06

454.2  0.6101669E+06

454.4  0.6097275E+06

454.6  0.6092884E+06

454.8  0.6088497E+06

455.0  0.6084113E+06

455.2  0.6079732E+06

455.4  0.6075354E+06

455.6  0.6070980E+06

455.8  0.6066609E+06

456.0  0.6062241E+06

456.2  0.6057877E+06

456.4  0.6053516E+06

456.6  0.6049158E+06

456.8  0.6044803E+06

457.0  0.6040452E+06

457.2  0.6036104E+06

457.4  0.6031759E+06

457.6  0.6027418E+06

457.8  0.6023080E+06

458.0  0.6018745E+06

458.2  0.6014413E+06

458.4  0.6010084E+06

458.6  0.6005759E+06

458.8  0.6001437E+06

459.0  0.5997119E+06

459.2  0.5992803E+06

459.4  0.5988491E+06

459.6  0.5984182E+06

459.8  0.5979876E+06

460.0  0.5975574E+06

460.2  0.5971275E+06

460.4  0.5966979E+06

460.6  0.5962686E+06

460.8  0.5958396E+06

461.0  0.5954110E+06

461.2  0.5949827E+06

461.4  0.5945547E+06

461.6  0.5941270E+06

461.8  0.5936997E+06

462.0  0.5932726E+06

462.2  0.5928459E+06

462.4  0.5924195E+06

462.6  0.5919935E+06

462.8  0.5915677E+06

463.0  0.5911423E+06

463.2  0.5907172E+06

463.4  0.5902924E+06

463.6  0.5898679E+06

463.8  0.5894438E+06

464.0  0.5890199E+06

464.2  0.5885964E+06

464.4  0.5881732E+06

464.6  0.5877503E+06

464.8  0.5873278E+06

465.0  0.5869055E+06

465.2  0.5864836E+06

465.4  0.5860620E+06

465.6  0.5856407E+06

465.8  0.5852197E+06

466.0  0.5847990E+06

466.2  0.5843786E+06

466.4  0.5839586E+06

466.6  0.5835389E+06

466.8  0.5831195E+06

467.0  0.5827004E+06

467.2  0.5822816E+06

467.4  0.5818631E+06

467.6  0.5814449E+06

467.8  0.5810271E+06

468.0  0.5806096E+06

468.2  0.5801924E+06

468.4  0.5797754E+06

468.6  0.5793588E+06

468.8  0.5789426E+06

469.0  0.5785266E+06

469.2  0.5781109E+06

469.4  0.5776956E+06

469.6  0.5772805E+06

469.8  0.5768658E+06

470.0  0.5764514E+06

470.2  0.5760373E+06

470.4  0.5756235E+06

470.6  0.5752100E+06

470.8  0.5747968E+06

471.0  0.5743839E+06

471.2  0.5739714E+06

471.4  0.5735591E+06

471.6  0.5731472E+06

471.8  0.5727355E+06

472.0  0.5723242E+06

472.2  0.5719132E+06

472.4  0.5715024E+06

472.6  0.5710920E+06

472.8  0.5706819E+06

473.0  0.5702721E+06

473.2  0.5698626E+06

473.4  0.5694534E+06

473.6  0.5690445E+06

473.8  0.5686360E+06

474.0  0.5682277E+06

474.2  0.5678197E+06

474.4  0.5674120E+06

474.6  0.5670047E+06

474.8  0.5665976E+06

475.0  0.5661909E+06

475.2  0.5657844E+06

475.4  0.5653783E+06

475.6  0.5649724E+06

475.8  0.5645669E+06

476.0  0.5641616E+06

476.2  0.5637567E+06

476.4  0.5633521E+06

476.6  0.5629477E+06

476.8  0.5625437E+06

477.0  0.5621400E+06

477.2  0.5617365E+06

477.4  0.5613334E+06

477.6  0.5609306E+06

477.8  0.5605280E+06

478.0  0.5601258E+06

478.2  0.5597238E+06

478.4  0.5593222E+06

478.6  0.5589209E+06

478.8  0.5585198E+06

479.0  0.5581191E+06

479.2  0.5577187E+06

479.4  0.5573185E+06

479.6  0.5569187E+06

479.8  0.5565191E+06

480.0  0.5561199E+06

480.2  0.5557209E+06

480.4  0.5553223E+06

480.6  0.5549239E+06

480.8  0.5545258E+06

481.0  0.5541281E+06

481.2  0.5537306E+06

481.4  0.5533334E+06

481.6  0.5529365E+06

481.8  0.5525399E+06

482.0  0.5521436E+06

482.2  0.5517476E+06

482.4  0.5513519E+06

482.6  0.5509565E+06

482.8  0.5505614E+06

483.0  0.5501666E+06

483.2  0.5497720E+06

483.4  0.5493778E+06

483.6  0.5489839E+06

483.8  0.5485902E+06

484.0  0.5481968E+06

484.2  0.5478038E+06

484.4  0.5474110E+06

484.6  0.5470185E+06

484.8  0.5466263E+06

485.0  0.5462344E+06

485.2  0.5458428E+06

485.4  0.5454515E+06

485.6  0.5450604E+06

485.8  0.5446697E+06

486.0  0.5442792E+06

486.2  0.5438891E+06

486.4  0.5434992E+06

486.6  0.5431096E+06

486.8  0.5427203E+06

487.0  0.5423313E+06

487.2  0.5419426E+06

487.4  0.5415541E+06

487.6  0.5411660E+06

487.8  0.5407781E+06

488.0  0.5403905E+06

488.2  0.5400033E+06

488.4  0.5396163E+06

488.6  0.5392295E+06

488.8  0.5388431E+06

489.0  0.5384570E+06

489.2  0.5380711E+06

489.4  0.5376856E+06

489.6  0.5373003E+06

489.8  0.5369153E+06

490.0  0.5365306E+06

490.2  0.5361461E+06

490.4  0.5357620E+06

490.6  0.5353781E+06

490.8  0.5349945E+06

491.0  0.5346113E+06

491.2  0.5342282E+06

491.4  0.5338455E+06

491.6  0.5334631E+06

491.8  0.5330809E+06

492.0  0.5326990E+06

492.2  0.5323174E+06

492.4  0.5319361E+06

492.6  0.5315551E+06

492.8  0.5311743E+06

493.0  0.5307939E+06

493.2  0.5304137E+06

493.4  0.5300338E+06

493.6  0.5296541E+06

493.8  0.5292748E+06

494.0  0.5288957E+06

494.2  0.5285169E+06

494.4  0.5281384E+06

494.6  0.5277602E+06

494.8  0.5273822E+06

495.0  0.5270046E+06

495.2  0.5266272E+06

495.4  0.5262501E+06

495.6  0.5258732E+06

495.8  0.5254967E+06

496.0  0.5251204E+06

496.2  0.5247444E+06

496.4  0.5243687E+06

496.6  0.5239932E+06

496.8  0.5236180E+06

497.0  0.5232431E+06

497.2  0.5228685E+06

497.4  0.5224942E+06

497.6  0.5221201E+06

497.8  0.5217463E+06

498.0  0.5213728E+06

498.2  0.5209996E+06

498.4  0.5206266E+06

498.6  0.5202539E+06

498.8  0.5198815E+06

499.0  0.5195094E+06

499.2  0.5191375E+06

499.4  0.5187659E+06

499.6  0.5183946E+06

499.8  0.5180235E+06

500.0  0.5176528E+06

