100  0.1752729E+04

100.2  0.1949901E+04

100.4  0.2156305E+04

100.6  0.2371503E+04

100.8  0.2595052E+04

101.0  0.2826504E+04

101.2  0.3065418E+04

101.4  0.3311355E+04

101.6  0.3563887E+04

101.8  0.3822594E+04

102.0  0.4087071E+04

102.2  0.4356925E+04

102.4  0.4631777E+04

102.6  0.4911264E+04

102.8  0.5195038E+04

103.0  0.5482767E+04

103.2  0.5774134E+04

103.4  0.6068837E+04

103.6  0.6366592E+04

103.8  0.6667125E+04

104.0  0.6970183E+04

104.2  0.7275520E+04

104.4  0.7582910E+04

104.6  0.7892137E+04

104.8  0.8202998E+04

105.0  0.8515302E+04

105.2  0.8828870E+04

105.4  0.9143534E+04

105.6  0.9459136E+04

105.8  0.9775531E+04

106.0  0.1009258E+05

106.2  0.1041015E+05

106.4  0.1072813E+05

106.6  0.1104640E+05

106.8  0.1136486E+05

107.0  0.1168341E+05

107.2  0.1200196E+05

107.4  0.1232043E+05

107.6  0.1263874E+05

107.8  0.1295682E+05

108.0  0.1327460E+05

108.2  0.1359203E+05

108.4  0.1390904E+05

108.6  0.1422558E+05

108.8  0.1454161E+05

109.0  0.1485709E+05

109.2  0.1517197E+05

109.4  0.1548621E+05

109.6  0.1579980E+05

109.8  0.1611269E+05

110.0  0.1642486E+05

110.2  0.1673629E+05

110.4  0.1704695E+05

110.6  0.1735683E+05

110.8  0.1766591E+05

111.0  0.1797418E+05

111.2  0.1828162E+05

111.4  0.1858823E+05

111.6  0.1889400E+05

111.8  0.1919891E+05

112.0  0.1950297E+05

112.2  0.1980617E+05

112.4  0.2010850E+05

112.6  0.2040998E+05

112.8  0.2071059E+05

113.0  0.2101034E+05

113.2  0.2130923E+05

113.4  0.2160727E+05

113.6  0.2190445E+05

113.8  0.2220079E+05

114.0  0.2249628E+05

114.2  0.2279094E+05

114.4  0.2308477E+05

114.6  0.2337778E+05

114.8  0.2366998E+05

115.0  0.2396138E+05

115.2  0.2425198E+05

115.4  0.2454180E+05

115.6  0.2483085E+05

115.8  0.2511913E+05

116.0  0.2540666E+05

116.2  0.2569345E+05

116.4  0.2597951E+05

116.6  0.2626485E+05

116.8  0.2654949E+05

117.0  0.2683344E+05

117.2  0.2711670E+05

117.4  0.2739930E+05

117.6  0.2768124E+05

117.8  0.2796254E+05

118.0  0.2824321E+05

118.2  0.2852327E+05

118.4  0.2880272E+05

118.6  0.2908159E+05

118.8  0.2935988E+05

119.0  0.2963761E+05

119.2  0.2991480E+05

119.4  0.3019145E+05

119.6  0.3046758E+05

119.8  0.3074321E+05

120.0  0.3101834E+05

120.2  0.3129300E+05

120.4  0.3156719E+05

120.6  0.3184093E+05

120.8  0.3211423E+05

121.0  0.3238711E+05

121.2  0.3265958E+05

121.4  0.3293166E+05

121.6  0.3320335E+05

121.8  0.3347468E+05

122.0  0.3374565E+05

122.2  0.3401629E+05

122.4  0.3428659E+05

122.6  0.3455658E+05

122.8  0.3482627E+05

123.0  0.3509568E+05

123.2  0.3536481E+05

123.4  0.3563368E+05

123.6  0.3590231E+05

123.8  0.3617070E+05

124.0  0.3643887E+05

124.2  0.3670683E+05

124.4  0.3697460E+05

124.6  0.3724219E+05

124.8  0.3750960E+05

125.0  0.3777687E+05

125.2  0.3804398E+05

125.4  0.3831097E+05

125.6  0.3857784E+05

125.8  0.3884460E+05

126.0  0.3911127E+05

126.2  0.3937786E+05

126.4  0.3964438E+05

126.6  0.3991084E+05

126.8  0.4017726E+05

127.0  0.4044365E+05

127.2  0.4071001E+05

127.4  0.4097637E+05

127.6  0.4124272E+05

127.8  0.4150910E+05

128.0  0.4177549E+05

128.2  0.4204193E+05

128.4  0.4230842E+05

128.6  0.4257496E+05

128.8  0.4284158E+05

129.0  0.4310828E+05

129.2  0.4337507E+05

129.4  0.4364198E+05

129.6  0.4390899E+05

129.8  0.4417614E+05

130.0  0.4444342E+05

130.2  0.4471085E+05

130.4  0.4497844E+05

130.6  0.4524621E+05

130.8  0.4551415E+05

131.0  0.4578229E+05

131.2  0.4605063E+05

131.4  0.4631918E+05

131.6  0.4658796E+05

131.8  0.4685697E+05

132.0  0.4712622E+05

132.2  0.4739573E+05

132.4  0.4766550E+05

132.6  0.4793555E+05

132.8  0.4820588E+05

133.0  0.4847650E+05

133.2  0.4874743E+05

133.4  0.4901868E+05

133.6  0.4929025E+05

133.8  0.4956215E+05

134.0  0.4983439E+05

134.2  0.5010699E+05

134.4  0.5037996E+05

134.6  0.5065329E+05

134.8  0.5092701E+05

135.0  0.5120112E+05

135.2  0.5147563E+05

135.4  0.5175055E+05

135.6  0.5202589E+05

135.8  0.5230165E+05

136.0  0.5257786E+05

136.2  0.5285452E+05

136.4  0.5313163E+05

136.6  0.5340920E+05

136.8  0.5368725E+05

137.0  0.5396579E+05

137.2  0.5424481E+05

137.4  0.5452434E+05

137.6  0.5480438E+05

137.8  0.5508494E+05

138.0  0.5536603E+05

138.2  0.5564765E+05

138.4  0.5592982E+05

138.6  0.5621255E+05

138.8  0.5649584E+05

139.0  0.5677970E+05

139.2  0.5706414E+05

139.4  0.5734917E+05

139.6  0.5763479E+05

139.8  0.5792103E+05

140.0  0.5820788E+05

140.2  0.5849535E+05

140.4  0.5878346E+05

140.6  0.5907220E+05

140.8  0.5936159E+05

141.0  0.5965165E+05

141.2  0.5994236E+05

141.4  0.6023375E+05

141.6  0.6052582E+05

141.8  0.6081859E+05

142.0  0.6111205E+05

142.2  0.6140622E+05

142.4  0.6170110E+05

142.6  0.6199671E+05

142.8  0.6229305E+05

143.0  0.6259012E+05

143.2  0.6288795E+05

143.4  0.6318653E+05

143.6  0.6348588E+05

143.8  0.6378600E+05

144.0  0.6408690E+05

144.2  0.6438858E+05

144.4  0.6469107E+05

144.6  0.6499436E+05

144.8  0.6529846E+05

145.0  0.6560338E+05

145.2  0.6590913E+05

145.4  0.6621571E+05

145.6  0.6652314E+05

145.8  0.6683143E+05

146.0  0.6714057E+05

146.2  0.6745058E+05

146.4  0.6776147E+05

146.6  0.6807325E+05

146.8  0.6838591E+05

147.0  0.6869948E+05

147.2  0.6901395E+05

147.4  0.6932934E+05

147.6  0.6964565E+05

147.8  0.6996289E+05

148.0  0.7028108E+05

148.2  0.7060021E+05

148.4  0.7092030E+05

148.6  0.7124135E+05

148.8  0.7156337E+05

149.0  0.7188637E+05

149.2  0.7221035E+05

149.4  0.7253533E+05

149.6  0.7286132E+05

149.8  0.7318831E+05

150.0  0.7351632E+05

150.2  0.7384536E+05

150.4  0.7417543E+05

150.6  0.7450654E+05

150.8  0.7483871E+05

151.0  0.7517193E+05

151.2  0.7550621E+05

151.4  0.7584157E+05

151.6  0.7617801E+05

151.8  0.7651554E+05

152.0  0.7685417E+05

152.2  0.7719390E+05

152.4  0.7753474E+05

152.6  0.7787671E+05

152.8  0.7821980E+05

153.0  0.7856403E+05

153.2  0.7890940E+05

153.4  0.7925593E+05

153.6  0.7960361E+05

153.8  0.7995247E+05

154.0  0.8030249E+05

154.2  0.8065371E+05

154.4  0.8100611E+05

154.6  0.8135972E+05

154.8  0.8171453E+05

155.0  0.8207056E+05

155.2  0.8242782E+05

155.4  0.8278630E+05

155.6  0.8314603E+05

155.8  0.8350700E+05

156.0  0.8386923E+05

156.2  0.8423272E+05

156.4  0.8459749E+05

156.6  0.8496354E+05

156.8  0.8533087E+05

157.0  0.8569950E+05

157.2  0.8606944E+05

157.4  0.8644069E+05

157.6  0.8681326E+05

157.8  0.8718717E+05

158.0  0.8756240E+05

158.2  0.8793899E+05

158.4  0.8831693E+05

158.6  0.8869623E+05

158.8  0.8907690E+05

159.0  0.8945895E+05

159.2  0.8984239E+05

159.4  0.9022723E+05

159.6  0.9061347E+05

159.8  0.9100112E+05

160.0  0.9139019E+05

160.2  0.9178070E+05

160.4  0.9217264E+05

160.6  0.9256603E+05

160.8  0.9296087E+05

161.0  0.9335718E+05

161.2  0.9375496E+05

161.4  0.9415422E+05

161.6  0.9455497E+05

161.8  0.9495722E+05

162.0  0.9536097E+05

162.2  0.9576624E+05

162.4  0.9617304E+05

162.6  0.9658137E+05

162.8  0.9699124E+05

163.0  0.9740266E+05

163.2  0.9781564E+05

163.4  0.9823019E+05

163.6  0.9864632E+05

163.8  0.9906403E+05

164.0  0.9948334E+05

164.2  0.9990426E+05

164.4  0.1003268E+06

164.6  0.1007509E+06

164.8  0.1011767E+06

165.0  0.1016041E+06

165.2  0.1020332E+06

165.4  0.1024640E+06

165.6  0.1028964E+06

165.8  0.1033304E+06

166.0  0.1037662E+06

166.2  0.1042037E+06

166.4  0.1046429E+06

166.6  0.1050837E+06

166.8  0.1055264E+06

167.0  0.1059707E+06

167.2  0.1064168E+06

167.4  0.1068647E+06

167.6  0.1073143E+06

167.8  0.1077657E+06

168.0  0.1082188E+06

168.2  0.1086738E+06

168.4  0.1091306E+06

168.6  0.1095892E+06

168.8  0.1100496E+06

169.0  0.1105118E+06

169.2  0.1109759E+06

169.4  0.1114418E+06

169.6  0.1119096E+06

169.8  0.1123793E+06

170.0  0.1128509E+06

170.2  0.1133243E+06

170.4  0.1137997E+06

170.6  0.1142770E+06

170.8  0.1147562E+06

171.0  0.1152373E+06

171.2  0.1157204E+06

171.4  0.1162055E+06

171.6  0.1166925E+06

171.8  0.1171815E+06

172.0  0.1176725E+06

172.2  0.1181655E+06

172.4  0.1186605E+06

172.6  0.1191575E+06

172.8  0.1196566E+06

173.0  0.1201577E+06

173.2  0.1206609E+06

173.4  0.1211662E+06

173.6  0.1216735E+06

173.8  0.1221829E+06

174.0  0.1226944E+06

174.2  0.1232081E+06

174.4  0.1237239E+06

174.6  0.1242418E+06

174.8  0.1247618E+06

175.0  0.1252841E+06

175.2  0.1258085E+06

175.4  0.1263351E+06

175.6  0.1268639E+06

175.8  0.1273949E+06

176.0  0.1279282E+06

176.2  0.1284636E+06

176.4  0.1290014E+06

176.6  0.1295414E+06

176.8  0.1300837E+06

177.0  0.1306282E+06

177.2  0.1311751E+06

177.4  0.1317243E+06

177.6  0.1322758E+06

177.8  0.1328297E+06

178.0  0.1333859E+06

178.2  0.1339445E+06

178.4  0.1345055E+06

178.6  0.1350689E+06

178.8  0.1356347E+06

179.0  0.1362030E+06

179.2  0.1367736E+06

179.4  0.1373468E+06

179.6  0.1379224E+06

179.8  0.1385005E+06

180.0  0.1390811E+06

180.2  0.1396642E+06

180.4  0.1402499E+06

180.6  0.1408381E+06

180.8  0.1414289E+06

181.0  0.1420222E+06

181.2  0.1426182E+06

181.4  0.1432167E+06

181.6  0.1438179E+06

181.8  0.1444218E+06

182.0  0.1450283E+06

182.2  0.1456375E+06

182.4  0.1462494E+06

182.6  0.1468640E+06

182.8  0.1474813E+06

183.0  0.1481014E+06

183.2  0.1487243E+06

183.4  0.1493499E+06

183.6  0.1499784E+06

183.8  0.1506096E+06

184.0  0.1512438E+06

184.2  0.1518808E+06

184.4  0.1525206E+06

184.6  0.1531634E+06

184.8  0.1538091E+06

185.0  0.1544578E+06

185.2  0.1551094E+06

185.4  0.1557640E+06

185.6  0.1564216E+06

185.8  0.1570822E+06

186.0  0.1577459E+06

186.2  0.1584127E+06

186.4  0.1590825E+06

186.6  0.1597555E+06

186.8  0.1604316E+06

187.0  0.1611109E+06

187.2  0.1617934E+06

187.4  0.1624791E+06

187.6  0.1631680E+06

187.8  0.1638602E+06

188.0  0.1645557E+06

188.2  0.1652545E+06

188.4  0.1659567E+06

188.6  0.1666622E+06

188.8  0.1673711E+06

189.0  0.1680834E+06

189.2  0.1687992E+06

189.4  0.1695185E+06

189.6  0.1702412E+06

189.8  0.1709675E+06

190.0  0.1716974E+06

190.2  0.1724309E+06

190.4  0.1731680E+06

190.6  0.1739087E+06

190.8  0.1746532E+06

191.0  0.1754013E+06

191.2  0.1761533E+06

191.4  0.1769090E+06

191.6  0.1776685E+06

191.8  0.1784319E+06

192.0  0.1791992E+06

192.2  0.1799704E+06

192.4  0.1807456E+06

192.6  0.1815247E+06

192.8  0.1823079E+06

193.0  0.1830952E+06

193.2  0.1838865E+06

193.4  0.1846821E+06

193.6  0.1854818E+06

193.8  0.1862857E+06

194.0  0.1870939E+06

194.2  0.1879064E+06

194.4  0.1887232E+06

194.6  0.1895445E+06

194.8  0.1903701E+06

195.0  0.1912003E+06

195.2  0.1920349E+06

195.4  0.1928741E+06

195.6  0.1937179E+06

195.8  0.1945664E+06

196.0  0.1954195E+06

196.2  0.1962774E+06

196.4  0.1971401E+06

196.6  0.1980076E+06

196.8  0.1988800E+06

197.0  0.1997573E+06

197.2  0.2006396E+06

197.4  0.2015269E+06

197.6  0.2024193E+06

197.8  0.2033169E+06

198.0  0.2042196E+06

198.2  0.2051275E+06

198.4  0.2060407E+06

198.6  0.2069593E+06

198.8  0.2078832E+06

199.0  0.2088126E+06

199.2  0.2097474E+06

199.4  0.2106878E+06

199.6  0.2116338E+06

199.8  0.2125855E+06

200.0  0.2135429E+06

200.2  0.2145060E+06

200.4  0.2154750E+06

200.6  0.2164498E+06

200.8  0.2174306E+06

201.0  0.2184173E+06

201.2  0.2194101E+06

201.4  0.2204091E+06

201.6  0.2214142E+06

201.8  0.2224255E+06

202.0  0.2234431E+06

202.2  0.2244670E+06

202.4  0.2254973E+06

202.6  0.2265341E+06

202.8  0.2275774E+06

203.0  0.2286273E+06

203.2  0.2296838E+06

203.4  0.2307470E+06

203.6  0.2318169E+06

203.8  0.2328937E+06

204.0  0.2339773E+06

204.2  0.2350679E+06

204.4  0.2361655E+06

204.6  0.2372701E+06

204.8  0.2383818E+06

205.0  0.2395007E+06

205.2  0.2406268E+06

205.4  0.2417602E+06

205.6  0.2429010E+06

205.8  0.2440491E+06

206.0  0.2452047E+06

206.2  0.2463678E+06

206.4  0.2475385E+06

206.6  0.2487168E+06

206.8  0.2499028E+06

207.0  0.2510966E+06

207.2  0.2522981E+06

207.4  0.2535075E+06

207.6  0.2547248E+06

207.8  0.2559501E+06

208.0  0.2571834E+06

208.2  0.2584247E+06

208.4  0.2596742E+06

208.6  0.2609318E+06

208.8  0.2621977E+06

209.0  0.2634718E+06

209.2  0.2647543E+06

209.4  0.2660451E+06

209.6  0.2673443E+06

209.8  0.2686520E+06

210.0  0.2699681E+06

210.2  0.2712929E+06

210.4  0.2726262E+06

210.6  0.2739682E+06

210.8  0.2753188E+06

211.0  0.2766781E+06

211.2  0.2780462E+06

211.4  0.2794231E+06

211.6  0.2808088E+06

211.8  0.2822034E+06

212.0  0.2836069E+06

212.2  0.2850193E+06

212.4  0.2864407E+06

212.6  0.2878711E+06

212.8  0.2893105E+06

213.0  0.2907589E+06

213.2  0.2922164E+06

213.4  0.2936830E+06

213.6  0.2951588E+06

213.8  0.2966436E+06

214.0  0.2981377E+06

214.2  0.2996409E+06

214.4  0.3011533E+06

214.6  0.3026749E+06

214.8  0.3042058E+06

215.0  0.3057459E+06

215.2  0.3072952E+06

215.4  0.3088539E+06

215.6  0.3104217E+06

215.8  0.3119989E+06

216.0  0.3135853E+06

216.2  0.3151810E+06

216.4  0.3167859E+06

216.6  0.3184002E+06

216.8  0.3200237E+06

217.0  0.3216564E+06

217.2  0.3232985E+06

217.4  0.3249497E+06

217.6  0.3266102E+06

217.8  0.3282800E+06

218.0  0.3299589E+06

218.2  0.3316470E+06

218.4  0.3333443E+06

218.6  0.3350507E+06

218.8  0.3367663E+06

219.0  0.3384910E+06

219.2  0.3402247E+06

219.4  0.3419675E+06

219.6  0.3437193E+06

219.8  0.3454801E+06

220.0  0.3472499E+06

220.2  0.3490285E+06

220.4  0.3508160E+06

220.6  0.3526124E+06

220.8  0.3544175E+06

221.0  0.3562314E+06

221.2  0.3580540E+06

221.4  0.3598853E+06

221.6  0.3617251E+06

221.8  0.3635735E+06

222.0  0.3654304E+06

222.2  0.3672958E+06

222.4  0.3691695E+06

222.6  0.3710515E+06

222.8  0.3729418E+06

223.0  0.3748403E+06

223.2  0.3767470E+06

223.4  0.3786616E+06

223.6  0.3805843E+06

223.8  0.3825149E+06

224.0  0.3844534E+06

224.2  0.3863996E+06

224.4  0.3883536E+06

224.6  0.3903151E+06

224.8  0.3922842E+06

225.0  0.3942608E+06

225.2  0.3962447E+06

225.4  0.3982359E+06

225.6  0.4002344E+06

225.8  0.4022399E+06

226.0  0.4042525E+06

226.2  0.4062720E+06

226.4  0.4082983E+06

226.6  0.4103314E+06

226.8  0.4123711E+06

227.0  0.4144174E+06

227.2  0.4164701E+06

227.4  0.4185292E+06

227.6  0.4205946E+06

227.8  0.4226660E+06

228.0  0.4247436E+06

228.2  0.4268270E+06

228.4  0.4289163E+06

228.6  0.4310113E+06

228.8  0.4331118E+06

229.0  0.4352179E+06

229.2  0.4373294E+06

229.4  0.4394461E+06

229.6  0.4415680E+06

229.8  0.4436949E+06

230.0  0.4458267E+06

230.2  0.4479633E+06

230.4  0.4501046E+06

230.6  0.4522505E+06

230.8  0.4544008E+06

231.0  0.4565554E+06

231.2  0.4587142E+06

231.4  0.4608770E+06

231.6  0.4630438E+06

231.8  0.4652144E+06

232.0  0.4673887E+06

232.2  0.4695666E+06

232.4  0.4717479E+06

232.6  0.4739325E+06

232.8  0.4761202E+06

233.0  0.4783110E+06

233.2  0.4805047E+06

233.4  0.4827012E+06

233.6  0.4849004E+06

233.8  0.4871020E+06

234.0  0.4893061E+06

234.2  0.4915124E+06

234.4  0.4937208E+06

234.6  0.4959312E+06

234.8  0.4981434E+06

235.0  0.5003574E+06

235.2  0.5025729E+06

235.4  0.5047899E+06

235.6  0.5070082E+06

235.8  0.5092276E+06

236.0  0.5114481E+06

236.2  0.5136695E+06

236.4  0.5158917E+06

236.6  0.5181145E+06

236.8  0.5203378E+06

237.0  0.5225614E+06

237.2  0.5247853E+06

237.4  0.5270092E+06

237.6  0.5292332E+06

237.8  0.5314569E+06

238.0  0.5336803E+06

238.2  0.5359033E+06

238.4  0.5381256E+06

238.6  0.5403473E+06

238.8  0.5425681E+06

239.0  0.5447879E+06

239.2  0.5470066E+06

239.4  0.5492240E+06

239.6  0.5514400E+06

239.8  0.5536546E+06

240.0  0.5558674E+06

240.2  0.5580785E+06

240.4  0.5602877E+06

240.6  0.5624948E+06

240.8  0.5646997E+06

241.0  0.5669024E+06

241.2  0.5691026E+06

241.4  0.5713003E+06

241.6  0.5734952E+06

241.8  0.5756874E+06

242.0  0.5778766E+06

242.2  0.5800627E+06

242.4  0.5822457E+06

242.6  0.5844253E+06

242.8  0.5866015E+06

243.0  0.5887742E+06

243.2  0.5909432E+06

243.4  0.5931083E+06

243.6  0.5952696E+06

243.8  0.5974268E+06

244.0  0.5995798E+06

244.2  0.6017286E+06

244.4  0.6038730E+06

244.6  0.6060129E+06

244.8  0.6081481E+06

245.0  0.6102787E+06

245.2  0.6124044E+06

245.4  0.6145251E+06

245.6  0.6166408E+06

245.8  0.6187513E+06

246.0  0.6208565E+06

246.2  0.6229563E+06

246.4  0.6250506E+06

246.6  0.6271393E+06

246.8  0.6292223E+06

247.0  0.6312995E+06

247.2  0.6333708E+06

247.4  0.6354361E+06

247.6  0.6374953E+06

247.8  0.6395482E+06

248.0  0.6415949E+06

248.2  0.6436351E+06

248.4  0.6456689E+06

248.6  0.6476961E+06

248.8  0.6497166E+06

249.0  0.6517303E+06

249.2  0.6537371E+06

249.4  0.6557370E+06

249.6  0.6577299E+06

249.8  0.6597156E+06

250.0  0.6616941E+06

250.2  0.6636653E+06

250.4  0.6656291E+06

250.6  0.6675855E+06

250.8  0.6695344E+06

251.0  0.6714756E+06

251.2  0.6734091E+06

251.4  0.6753348E+06

251.6  0.6772527E+06

251.8  0.6791627E+06

252.0  0.6810646E+06

252.2  0.6829585E+06

252.4  0.6848443E+06

252.6  0.6867218E+06

252.8  0.6885911E+06

253.0  0.6904520E+06

253.2  0.6923045E+06

253.4  0.6941486E+06

253.6  0.6959841E+06

253.8  0.6978110E+06

254.0  0.6996292E+06

254.2  0.7014387E+06

254.4  0.7032395E+06

254.6  0.7050314E+06

254.8  0.7068144E+06

255.0  0.7085885E+06

255.2  0.7103536E+06

255.4  0.7121096E+06

255.6  0.7138566E+06

255.8  0.7155944E+06

256.0  0.7173230E+06

256.2  0.7190423E+06

256.4  0.7207524E+06

256.6  0.7224532E+06

256.8  0.7241445E+06

257.0  0.7258265E+06

257.2  0.7274989E+06

257.4  0.7291619E+06

257.6  0.7308154E+06

257.8  0.7324592E+06

258.0  0.7340935E+06

258.2  0.7357181E+06

258.4  0.7373330E+06

258.6  0.7389383E+06

258.8  0.7405337E+06

259.0  0.7421194E+06

259.2  0.7436953E+06

259.4  0.7452614E+06

259.6  0.7468176E+06

259.8  0.7483639E+06

260.0  0.7499003E+06

260.2  0.7514267E+06

260.4  0.7529432E+06

260.6  0.7544498E+06

260.8  0.7559463E+06

261.0  0.7574328E+06

261.2  0.7589092E+06

261.4  0.7603756E+06

261.6  0.7618320E+06

261.8  0.7632782E+06

262.0  0.7647143E+06

262.2  0.7661403E+06

262.4  0.7675562E+06

262.6  0.7689619E+06

262.8  0.7703575E+06

263.0  0.7717429E+06

263.2  0.7731182E+06

263.4  0.7744833E+06

263.6  0.7758381E+06

263.8  0.7771828E+06

264.0  0.7785173E+06

264.2  0.7798416E+06

264.4  0.7811557E+06

264.6  0.7824596E+06

264.8  0.7837533E+06

265.0  0.7850367E+06

265.2  0.7863100E+06

265.4  0.7875730E+06

265.6  0.7888259E+06

265.8  0.7900685E+06

266.0  0.7913009E+06

266.2  0.7925232E+06

266.4  0.7937352E+06

266.6  0.7949371E+06

266.8  0.7961288E+06

267.0  0.7973103E+06

267.2  0.7984817E+06

267.4  0.7996429E+06

267.6  0.8007939E+06

267.8  0.8019348E+06

268.0  0.8030657E+06

268.2  0.8041864E+06

268.4  0.8052970E+06

268.6  0.8063975E+06

268.8  0.8074879E+06

269.0  0.8085683E+06

269.2  0.8096387E+06

269.4  0.8106990E+06

269.6  0.8117493E+06

269.8  0.8127897E+06

270.0  0.8138200E+06

270.2  0.8148404E+06

270.4  0.8158509E+06

270.6  0.8168515E+06

270.8  0.8178421E+06

271.0  0.8188229E+06

271.2  0.8197939E+06

271.4  0.8207550E+06

271.6  0.8217063E+06

271.8  0.8226478E+06

272.0  0.8235795E+06

272.2  0.8245015E+06

272.4  0.8254138E+06

272.6  0.8263164E+06

272.8  0.8272094E+06

273.0  0.8280927E+06

273.2  0.8289664E+06

273.4  0.8298305E+06

273.6  0.8306851E+06

273.8  0.8315301E+06

274.0  0.8323656E+06

274.2  0.8331917E+06

274.4  0.8340083E+06

274.6  0.8348155E+06

274.8  0.8356133E+06

275.0  0.8364018E+06

275.2  0.8371810E+06

275.4  0.8379508E+06

275.6  0.8387114E+06

275.8  0.8394628E+06

276.0  0.8402050E+06

276.2  0.8409380E+06

276.4  0.8416618E+06

276.6  0.8423766E+06

276.8  0.8430823E+06

277.0  0.8437790E+06

277.2  0.8444667E+06

277.4  0.8451454E+06

277.6  0.8458152E+06

277.8  0.8464761E+06

278.0  0.8471282E+06

278.2  0.8477714E+06

278.4  0.8484059E+06

278.6  0.8490315E+06

278.8  0.8496485E+06

279.0  0.8502568E+06

279.2  0.8508565E+06

279.4  0.8514475E+06

279.6  0.8520300E+06

279.8  0.8526040E+06

280.0  0.8531694E+06

280.2  0.8537264E+06

280.4  0.8542750E+06

280.6  0.8548152E+06

280.8  0.8553471E+06

281.0  0.8558706E+06

281.2  0.8563859E+06

281.4  0.8568930E+06

281.6  0.8573919E+06

281.8  0.8578826E+06

282.0  0.8583653E+06

282.2  0.8588398E+06

282.4  0.8593064E+06

282.6  0.8597649E+06

282.8  0.8602155E+06

283.0  0.8606582E+06

283.2  0.8610930E+06

283.4  0.8615199E+06

283.6  0.8619391E+06

283.8  0.8623506E+06

284.0  0.8627543E+06

284.2  0.8631503E+06

284.4  0.8635387E+06

284.6  0.8639196E+06

284.8  0.8642928E+06

285.0  0.8646586E+06

285.2  0.8650169E+06

285.4  0.8653678E+06

285.6  0.8657112E+06

285.8  0.8660474E+06

286.0  0.8663762E+06

286.2  0.8666978E+06

286.4  0.8670121E+06

286.6  0.8673193E+06

286.8  0.8676193E+06

287.0  0.8679122E+06

287.2  0.8681980E+06

287.4  0.8684768E+06

287.6  0.8687487E+06

287.8  0.8690136E+06

288.0  0.8692716E+06

288.2  0.8695227E+06

288.4  0.8697671E+06

288.6  0.8700046E+06

288.8  0.8702354E+06

289.0  0.8704595E+06

289.2  0.8706770E+06

289.4  0.8708879E+06

289.6  0.8710921E+06

289.8  0.8712899E+06

290.0  0.8714811E+06

290.2  0.8716659E+06

290.4  0.8718443E+06

290.6  0.8720163E+06

290.8  0.8721820E+06

291.0  0.8723414E+06

291.2  0.8724946E+06

291.4  0.8726415E+06

291.6  0.8727823E+06

291.8  0.8729169E+06

292.0  0.8730454E+06

292.2  0.8731679E+06

292.4  0.8732844E+06

292.6  0.8733949E+06

292.8  0.8734995E+06

293.0  0.8735981E+06

293.2  0.8736910E+06

293.4  0.8737780E+06

293.6  0.8738592E+06

293.8  0.8739347E+06

294.0  0.8740045E+06

294.2  0.8740686E+06

294.4  0.8741272E+06

294.6  0.8741801E+06

294.8  0.8742275E+06

295.0  0.8742694E+06

295.2  0.8743058E+06

295.4  0.8743368E+06

295.6  0.8743624E+06

295.8  0.8743827E+06

296.0  0.8743976E+06

296.2  0.8744073E+06

296.4  0.8744117E+06

296.6  0.8744110E+06

296.8  0.8744050E+06

297.0  0.8743939E+06

297.2  0.8743778E+06

297.4  0.8743566E+06

297.6  0.8743304E+06

297.8  0.8742992E+06

298.0  0.8742630E+06

298.2  0.8742220E+06

298.4  0.8741760E+06

298.6  0.8741253E+06

298.8  0.8740697E+06

299.0  0.8740094E+06

299.2  0.8739444E+06

299.4  0.8738746E+06

299.6  0.8738002E+06

299.8  0.8737212E+06

300.0  0.8736376E+06

300.2  0.8735495E+06

300.4  0.8734568E+06

300.6  0.8733597E+06

300.8  0.8732581E+06

301.0  0.8731521E+06

301.2  0.8730417E+06

301.4  0.8729270E+06

301.6  0.8728080E+06

301.8  0.8726847E+06

302.0  0.8725571E+06

302.2  0.8724254E+06

302.4  0.8722894E+06

302.6  0.8721493E+06

302.8  0.8720052E+06

303.0  0.8718569E+06

303.2  0.8717046E+06

303.4  0.8715483E+06

303.6  0.8713880E+06

303.8  0.8712237E+06

304.0  0.8710556E+06

304.2  0.8708835E+06

304.4  0.8707076E+06

304.6  0.8705279E+06

304.8  0.8703444E+06

305.0  0.8701572E+06

305.2  0.8699662E+06

305.4  0.8697715E+06

305.6  0.8695732E+06

305.8  0.8693712E+06

306.0  0.8691656E+06

306.2  0.8689564E+06

306.4  0.8687437E+06

306.6  0.8685275E+06

306.8  0.8683078E+06

307.0  0.8680847E+06

307.2  0.8678581E+06

307.4  0.8676282E+06

307.6  0.8673948E+06

307.8  0.8671581E+06

308.0  0.8669182E+06

308.2  0.8666749E+06

308.4  0.8664284E+06

308.6  0.8661787E+06

308.8  0.8659257E+06

309.0  0.8656696E+06

309.2  0.8654104E+06

309.4  0.8651481E+06

309.6  0.8648826E+06

309.8  0.8646142E+06

310.0  0.8643426E+06

310.2  0.8640681E+06

310.4  0.8637906E+06

310.6  0.8635102E+06

310.8  0.8632268E+06

311.0  0.8629406E+06

311.2  0.8626514E+06

311.4  0.8623595E+06

311.6  0.8620647E+06

311.8  0.8617671E+06

312.0  0.8614667E+06

312.2  0.8611636E+06

312.4  0.8608578E+06

312.6  0.8605493E+06

312.8  0.8602382E+06

313.0  0.8599244E+06

313.2  0.8596079E+06

313.4  0.8592889E+06

313.6  0.8589673E+06

313.8  0.8586432E+06

314.0  0.8583166E+06

314.2  0.8579874E+06

314.4  0.8576558E+06

314.6  0.8573217E+06

314.8  0.8569852E+06

315.0  0.8566463E+06

315.2  0.8563051E+06

315.4  0.8559614E+06

315.6  0.8556155E+06

315.8  0.8552672E+06

316.0  0.8549166E+06

316.2  0.8545638E+06

316.4  0.8542087E+06

316.6  0.8538514E+06

316.8  0.8534919E+06

317.0  0.8531303E+06

317.2  0.8527664E+06

317.4  0.8524005E+06

317.6  0.8520324E+06

317.8  0.8516622E+06

318.0  0.8512900E+06

318.2  0.8509157E+06

318.4  0.8505393E+06

318.6  0.8501610E+06

318.8  0.8497807E+06

319.0  0.8493984E+06

319.2  0.8490141E+06

319.4  0.8486279E+06

319.6  0.8482398E+06

319.8  0.8478498E+06

320.0  0.8474580E+06

320.2  0.8470643E+06

320.4  0.8466688E+06

320.6  0.8462714E+06

320.8  0.8458723E+06

321.0  0.8454713E+06

321.2  0.8450687E+06

321.4  0.8446643E+06

321.6  0.8442581E+06

321.8  0.8438503E+06

322.0  0.8434408E+06

322.2  0.8430296E+06

322.4  0.8426168E+06

322.6  0.8422023E+06

322.8  0.8417862E+06

323.0  0.8413686E+06

323.2  0.8409493E+06

323.4  0.8405285E+06

323.6  0.8401062E+06

323.8  0.8396823E+06

324.0  0.8392570E+06

324.2  0.8388301E+06

324.4  0.8384017E+06

324.6  0.8379719E+06

324.8  0.8375407E+06

325.0  0.8371080E+06

325.2  0.8366740E+06

325.4  0.8362385E+06

325.6  0.8358016E+06

325.8  0.8353634E+06

326.0  0.8349239E+06

326.2  0.8344830E+06

326.4  0.8340408E+06

326.6  0.8335972E+06

326.8  0.8331525E+06

327.0  0.8327064E+06

327.2  0.8322591E+06

327.4  0.8318105E+06

327.6  0.8313607E+06

327.8  0.8309097E+06

328.0  0.8304575E+06

328.2  0.8300042E+06

328.4  0.8295496E+06

328.6  0.8290939E+06

328.8  0.8286371E+06

329.0  0.8281791E+06

329.2  0.8277200E+06

329.4  0.8272599E+06

329.6  0.8267986E+06

329.8  0.8263363E+06

330.0  0.8258729E+06

330.2  0.8254084E+06

330.4  0.8249430E+06

330.6  0.8244765E+06

330.8  0.8240090E+06

331.0  0.8235405E+06

331.2  0.8230710E+06

331.4  0.8226006E+06

331.6  0.8221292E+06

331.8  0.8216569E+06

332.0  0.8211836E+06

332.2  0.8207094E+06

332.4  0.8202343E+06

332.6  0.8197583E+06

332.8  0.8192815E+06

333.0  0.8188037E+06

333.2  0.8183251E+06

333.4  0.8178457E+06

333.6  0.8173654E+06

333.8  0.8168843E+06

334.0  0.8164024E+06

334.2  0.8159197E+06

334.4  0.8154362E+06

334.6  0.8149519E+06

334.8  0.8144668E+06

335.0  0.8139810E+06

335.2  0.8134945E+06

335.4  0.8130072E+06

335.6  0.8125192E+06

335.8  0.8120304E+06

336.0  0.8115410E+06

336.2  0.8110509E+06

336.4  0.8105600E+06

336.6  0.8100685E+06

336.8  0.8095764E+06

337.0  0.8090836E+06

337.2  0.8085901E+06

337.4  0.8080960E+06

337.6  0.8076013E+06

337.8  0.8071060E+06

338.0  0.8066101E+06

338.2  0.8061136E+06

338.4  0.8056165E+06

338.6  0.8051188E+06

338.8  0.8046205E+06

339.0  0.8041217E+06

339.2  0.8036223E+06

339.4  0.8031224E+06

339.6  0.8026220E+06

339.8  0.8021210E+06

340.0  0.8016196E+06

340.2  0.8011176E+06

340.4  0.8006151E+06

340.6  0.8001122E+06

340.8  0.7996087E+06

341.0  0.7991048E+06

341.2  0.7986005E+06

341.4  0.7980956E+06

341.6  0.7975904E+06

341.8  0.7970847E+06

342.0  0.7965785E+06

342.2  0.7960720E+06

342.4  0.7955650E+06

342.6  0.7950576E+06

342.8  0.7945498E+06

343.0  0.7940417E+06

343.2  0.7935331E+06

343.4  0.7930242E+06

343.6  0.7925149E+06

343.8  0.7920053E+06

344.0  0.7914952E+06

344.2  0.7909849E+06

344.4  0.7904742E+06

344.6  0.7899632E+06

344.8  0.7894518E+06

345.0  0.7889402E+06

345.2  0.7884282E+06

345.4  0.7879159E+06

345.6  0.7874033E+06

345.8  0.7868905E+06

346.0  0.7863773E+06

346.2  0.7858639E+06

346.4  0.7853502E+06

346.6  0.7848362E+06

346.8  0.7843220E+06

347.0  0.7838076E+06

347.2  0.7832928E+06

347.4  0.7827779E+06

347.6  0.7822627E+06

347.8  0.7817473E+06

348.0  0.7812317E+06

348.2  0.7807159E+06

348.4  0.7801998E+06

348.6  0.7796836E+06

348.8  0.7791671E+06

349.0  0.7786505E+06

349.2  0.7781337E+06

349.4  0.7776167E+06

349.6  0.7770995E+06

349.8  0.7765822E+06

350.0  0.7760647E+06

350.2  0.7755470E+06

350.4  0.7750293E+06

350.6  0.7745113E+06

350.8  0.7739932E+06

351.0  0.7734750E+06

351.2  0.7729567E+06

351.4  0.7724382E+06

351.6  0.7719196E+06

351.8  0.7714009E+06

352.0  0.7708821E+06

352.2  0.7703632E+06

352.4  0.7698442E+06

352.6  0.7693251E+06

352.8  0.7688059E+06

353.0  0.7682866E+06

353.2  0.7677673E+06

353.4  0.7672479E+06

353.6  0.7667284E+06

353.8  0.7662088E+06

354.0  0.7656892E+06

354.2  0.7651695E+06

354.4  0.7646498E+06

354.6  0.7641300E+06

354.8  0.7636102E+06

355.0  0.7630903E+06

355.2  0.7625705E+06

355.4  0.7620506E+06

355.6  0.7615306E+06

355.8  0.7610107E+06

356.0  0.7604907E+06

356.2  0.7599707E+06

356.4  0.7594507E+06

356.6  0.7589307E+06

356.8  0.7584107E+06

357.0  0.7578907E+06

357.2  0.7573707E+06

357.4  0.7568508E+06

357.6  0.7563308E+06

357.8  0.7558109E+06

358.0  0.7552909E+06

358.2  0.7547711E+06

358.4  0.7542512E+06

358.6  0.7537314E+06

358.8  0.7532116E+06

359.0  0.7526919E+06

359.2  0.7521722E+06

359.4  0.7516525E+06

359.6  0.7511329E+06

359.8  0.7506134E+06

360.0  0.7500939E+06

360.2  0.7495745E+06

360.4  0.7490551E+06

360.6  0.7485358E+06

360.8  0.7480166E+06

361.0  0.7474975E+06

361.2  0.7469785E+06

361.4  0.7464595E+06

361.6  0.7459406E+06

361.8  0.7454218E+06

362.0  0.7449031E+06

362.2  0.7443845E+06

362.4  0.7438660E+06

362.6  0.7433475E+06

362.8  0.7428292E+06

363.0  0.7423110E+06

363.2  0.7417929E+06

363.4  0.7412750E+06

363.6  0.7407571E+06

363.8  0.7402393E+06

364.0  0.7397217E+06

364.2  0.7392042E+06

364.4  0.7386868E+06

364.6  0.7381696E+06

364.8  0.7376525E+06

365.0  0.7371355E+06

365.2  0.7366186E+06

365.4  0.7361019E+06

365.6  0.7355854E+06

365.8  0.7350690E+06

366.0  0.7345527E+06

366.2  0.7340366E+06

366.4  0.7335206E+06

366.6  0.7330048E+06

366.8  0.7324891E+06

367.0  0.7319736E+06

367.2  0.7314583E+06

367.4  0.7309431E+06

367.6  0.7304281E+06

367.8  0.7299133E+06

368.0  0.7293986E+06

368.2  0.7288841E+06

368.4  0.7283698E+06

368.6  0.7278556E+06

368.8  0.7273417E+06

369.0  0.7268279E+06

369.2  0.7263143E+06

369.4  0.7258009E+06

369.6  0.7252876E+06

369.8  0.7247746E+06

370.0  0.7242617E+06

370.2  0.7237491E+06

370.4  0.7232366E+06

370.6  0.7227244E+06

370.8  0.7222123E+06

371.0  0.7217005E+06

371.2  0.7211888E+06

371.4  0.7206774E+06

371.6  0.7201661E+06

371.8  0.7196551E+06

372.0  0.7191443E+06

372.2  0.7186337E+06

372.4  0.7181233E+06

372.6  0.7176131E+06

372.8  0.7171031E+06

373.0  0.7165934E+06

373.2  0.7160839E+06

373.4  0.7155746E+06

373.6  0.7150655E+06

373.8  0.7145566E+06

374.0  0.7140480E+06

374.2  0.7135396E+06

374.4  0.7130315E+06

374.6  0.7125235E+06

374.8  0.7120158E+06

375.0  0.7115084E+06

375.2  0.7110012E+06

375.4  0.7104942E+06

375.6  0.7099874E+06

375.8  0.7094809E+06

376.0  0.7089747E+06

376.2  0.7084686E+06

376.4  0.7079629E+06

376.6  0.7074573E+06

376.8  0.7069521E+06

377.0  0.7064470E+06

377.2  0.7059423E+06

377.4  0.7054377E+06

377.6  0.7049335E+06

377.8  0.7044295E+06

378.0  0.7039257E+06

378.2  0.7034222E+06

378.4  0.7029189E+06

378.6  0.7024159E+06

378.8  0.7019132E+06

379.0  0.7014108E+06

379.2  0.7009086E+06

379.4  0.7004066E+06

379.6  0.6999049E+06

379.8  0.6994035E+06

380.0  0.6989024E+06

380.2  0.6984015E+06

380.4  0.6979009E+06

380.6  0.6974006E+06

380.8  0.6969005E+06

381.0  0.6964008E+06

381.2  0.6959012E+06

381.4  0.6954020E+06

381.6  0.6949031E+06

381.8  0.6944044E+06

382.0  0.6939060E+06

382.2  0.6934078E+06

382.4  0.6929100E+06

382.6  0.6924124E+06

382.8  0.6919151E+06

383.0  0.6914181E+06

383.2  0.6909214E+06

383.4  0.6904250E+06

383.6  0.6899288E+06

383.8  0.6894330E+06

384.0  0.6889374E+06

384.2  0.6884421E+06

384.4  0.6879471E+06

384.6  0.6874524E+06

384.8  0.6869580E+06

385.0  0.6864638E+06

385.2  0.6859700E+06

385.4  0.6854764E+06

385.6  0.6849832E+06

385.8  0.6844902E+06

386.0  0.6839976E+06

386.2  0.6835052E+06

386.4  0.6830131E+06

386.6  0.6825214E+06

386.8  0.6820299E+06

387.0  0.6815387E+06

387.2  0.6810478E+06

387.4  0.6805572E+06

387.6  0.6800669E+06

387.8  0.6795770E+06

388.0  0.6790873E+06

388.2  0.6785979E+06

388.4  0.6781088E+06

388.6  0.6776201E+06

388.8  0.6771316E+06

389.0  0.6766434E+06

389.2  0.6761556E+06

389.4  0.6756680E+06

389.6  0.6751808E+06

389.8  0.6746938E+06

390.0  0.6742072E+06

390.2  0.6737209E+06

390.4  0.6732349E+06

390.6  0.6727491E+06

390.8  0.6722637E+06

391.0  0.6717787E+06

391.2  0.6712939E+06

391.4  0.6708094E+06

391.6  0.6703253E+06

391.8  0.6698414E+06

392.0  0.6693579E+06

392.2  0.6688747E+06

392.4  0.6683918E+06

392.6  0.6679092E+06

392.8  0.6674269E+06

393.0  0.6669449E+06

393.2  0.6664633E+06

393.4  0.6659819E+06

393.6  0.6655009E+06

393.8  0.6650202E+06

394.0  0.6645398E+06

394.2  0.6640598E+06

394.4  0.6635800E+06

394.6  0.6631006E+06

394.8  0.6626214E+06

395.0  0.6621426E+06

395.2  0.6616642E+06

395.4  0.6611860E+06

395.6  0.6607082E+06

395.8  0.6602306E+06

396.0  0.6597534E+06

396.2  0.6592765E+06

396.4  0.6588000E+06

396.6  0.6583237E+06

396.8  0.6578478E+06

397.0  0.6573722E+06

397.2  0.6568969E+06

397.4  0.6564220E+06

397.6  0.6559473E+06

397.8  0.6554730E+06

398.0  0.6549990E+06

398.2  0.6545254E+06

398.4  0.6540520E+06

398.6  0.6535790E+06

398.8  0.6531063E+06

399.0  0.6526339E+06

399.2  0.6521619E+06

399.4  0.6516902E+06

399.6  0.6512188E+06

399.8  0.6507477E+06

400.0  0.6502769E+06

400.2  0.6498065E+06

400.4  0.6493364E+06

400.6  0.6488666E+06

400.8  0.6483972E+06

401.0  0.6479281E+06

401.2  0.6474593E+06

401.4  0.6469908E+06

401.6  0.6465226E+06

401.8  0.6460548E+06

402.0  0.6455873E+06

402.2  0.6451201E+06

402.4  0.6446533E+06

402.6  0.6441868E+06

402.8  0.6437206E+06

403.0  0.6432547E+06

403.2  0.6427892E+06

403.4  0.6423240E+06

403.6  0.6418591E+06

403.8  0.6413946E+06

404.0  0.6409303E+06

404.2  0.6404664E+06

404.4  0.6400029E+06

404.6  0.6395396E+06

404.8  0.6390767E+06

405.0  0.6386141E+06

405.2  0.6381519E+06

405.4  0.6376900E+06

405.6  0.6372284E+06

405.8  0.6367671E+06

406.0  0.6363061E+06

406.2  0.6358455E+06

406.4  0.6353852E+06

406.6  0.6349253E+06

406.8  0.6344657E+06

407.0  0.6340064E+06

407.2  0.6335474E+06

407.4  0.6330887E+06

407.6  0.6326304E+06

407.8  0.6321724E+06

408.0  0.6317148E+06

408.2  0.6312575E+06

408.4  0.6308005E+06

408.6  0.6303438E+06

408.8  0.6298874E+06

409.0  0.6294314E+06

409.2  0.6289758E+06

409.4  0.6285204E+06

409.6  0.6280654E+06

409.8  0.6276107E+06

410.0  0.6271563E+06

410.2  0.6267023E+06

410.4  0.6262486E+06

410.6  0.6257952E+06

410.8  0.6253421E+06

411.0  0.6248894E+06

411.2  0.6244370E+06

411.4  0.6239849E+06

411.6  0.6235332E+06

411.8  0.6230818E+06

412.0  0.6226307E+06

412.2  0.6221799E+06

412.4  0.6217295E+06

412.6  0.6212794E+06

412.8  0.6208297E+06

413.0  0.6203802E+06

413.2  0.6199311E+06

413.4  0.6194823E+06

413.6  0.6190339E+06

413.8  0.6185857E+06

414.0  0.6181379E+06

414.2  0.6176905E+06

414.4  0.6172433E+06

414.6  0.6167965E+06

414.8  0.6163500E+06

415.0  0.6159039E+06

415.2  0.6154580E+06

415.4  0.6150125E+06

415.6  0.6145673E+06

415.8  0.6141225E+06

416.0  0.6136780E+06

416.2  0.6132338E+06

416.4  0.6127899E+06

416.6  0.6123464E+06

416.8  0.6119031E+06

417.0  0.6114603E+06

417.2  0.6110177E+06

417.4  0.6105755E+06

417.6  0.6101336E+06

417.8  0.6096920E+06

418.0  0.6092507E+06

418.2  0.6088098E+06

418.4  0.6083692E+06

418.6  0.6079289E+06

418.8  0.6074889E+06

419.0  0.6070493E+06

419.2  0.6066100E+06

419.4  0.6061710E+06

419.6  0.6057324E+06

419.8  0.6052941E+06

420.0  0.6048561E+06

420.2  0.6044184E+06

420.4  0.6039810E+06

420.6  0.6035440E+06

420.8  0.6031073E+06

421.0  0.6026709E+06

421.2  0.6022349E+06

421.4  0.6017991E+06

421.6  0.6013637E+06

421.8  0.6009286E+06

422.0  0.6004939E+06

422.2  0.6000595E+06

422.4  0.5996253E+06

422.6  0.5991915E+06

422.8  0.5987581E+06

423.0  0.5983249E+06

423.2  0.5978921E+06

423.4  0.5974596E+06

423.6  0.5970274E+06

423.8  0.5965956E+06

424.0  0.5961641E+06

424.2  0.5957328E+06

424.4  0.5953020E+06

424.6  0.5948714E+06

424.8  0.5944412E+06

425.0  0.5940112E+06

425.2  0.5935816E+06

425.4  0.5931523E+06

425.6  0.5927234E+06

425.8  0.5922947E+06

426.0  0.5918664E+06

426.2  0.5914384E+06

426.4  0.5910107E+06

426.6  0.5905834E+06

426.8  0.5901563E+06

427.0  0.5897296E+06

427.2  0.5893032E+06

427.4  0.5888771E+06

427.6  0.5884514E+06

427.8  0.5880259E+06

428.0  0.5876008E+06

428.2  0.5871760E+06

428.4  0.5867515E+06

428.6  0.5863273E+06

428.8  0.5859035E+06

429.0  0.5854800E+06

429.2  0.5850567E+06

429.4  0.5846338E+06

429.6  0.5842112E+06

429.8  0.5837890E+06

430.0  0.5833670E+06

430.2  0.5829454E+06

430.4  0.5825241E+06

430.6  0.5821031E+06

430.8  0.5816824E+06

431.0  0.5812620E+06

431.2  0.5808420E+06

431.4  0.5804222E+06

431.6  0.5800028E+06

431.8  0.5795837E+06

432.0  0.5791649E+06

432.2  0.5787464E+06

432.4  0.5783283E+06

432.6  0.5779104E+06

432.8  0.5774929E+06

433.0  0.5770757E+06

433.2  0.5766588E+06

433.4  0.5762422E+06

433.6  0.5758259E+06

433.8  0.5754099E+06

434.0  0.5749943E+06

434.2  0.5745789E+06

434.4  0.5741639E+06

434.6  0.5737492E+06

434.8  0.5733347E+06

435.0  0.5729207E+06

435.2  0.5725069E+06

435.4  0.5720934E+06

435.6  0.5716802E+06

435.8  0.5712674E+06

436.0  0.5708548E+06

436.2  0.5704426E+06

436.4  0.5700307E+06

436.6  0.5696191E+06

436.8  0.5692078E+06

437.0  0.5687968E+06

437.2  0.5683861E+06

437.4  0.5679757E+06

437.6  0.5675657E+06

437.8  0.5671559E+06

438.0  0.5667465E+06

438.2  0.5663373E+06

438.4  0.5659285E+06

438.6  0.5655200E+06

438.8  0.5651118E+06

439.0  0.5647039E+06

439.2  0.5642962E+06

439.4  0.5638890E+06

439.6  0.5634820E+06

439.8  0.5630753E+06

440.0  0.5626689E+06

440.2  0.5622628E+06

440.4  0.5618571E+06

440.6  0.5614516E+06

440.8  0.5610465E+06

441.0  0.5606416E+06

441.2  0.5602371E+06

441.4  0.5598328E+06

441.6  0.5594289E+06

441.8  0.5590253E+06

442.0  0.5586220E+06

442.2  0.5582189E+06

442.4  0.5578162E+06

442.6  0.5574138E+06

442.8  0.5570117E+06

443.0  0.5566099E+06

443.2  0.5562084E+06

443.4  0.5558072E+06

443.6  0.5554063E+06

443.8  0.5550057E+06

444.0  0.5546054E+06

444.2  0.5542054E+06

444.4  0.5538057E+06

444.6  0.5534063E+06

444.8  0.5530072E+06

445.0  0.5526084E+06

445.2  0.5522099E+06

445.4  0.5518117E+06

445.6  0.5514138E+06

445.8  0.5510162E+06

446.0  0.5506190E+06

446.2  0.5502220E+06

446.4  0.5498253E+06

446.6  0.5494289E+06

446.8  0.5490328E+06

447.0  0.5486370E+06

447.2  0.5482415E+06

447.4  0.5478463E+06

447.6  0.5474514E+06

447.8  0.5470567E+06

448.0  0.5466624E+06

448.2  0.5462684E+06

448.4  0.5458747E+06

448.6  0.5454813E+06

448.8  0.5450882E+06

449.0  0.5446953E+06

449.2  0.5443028E+06

449.4  0.5439105E+06

449.6  0.5435186E+06

449.8  0.5431270E+06

450.0  0.5427356E+06

450.2  0.5423445E+06

450.4  0.5419538E+06

450.6  0.5415633E+06

450.8  0.5411731E+06

451.0  0.5407832E+06

451.2  0.5403936E+06

451.4  0.5400043E+06

451.6  0.5396153E+06

451.8  0.5392266E+06

452.0  0.5388382E+06

452.2  0.5384501E+06

452.4  0.5380622E+06

452.6  0.5376747E+06

452.8  0.5372874E+06

453.0  0.5369005E+06

453.2  0.5365138E+06

453.4  0.5361274E+06

453.6  0.5357413E+06

453.8  0.5353555E+06

454.0  0.5349700E+06

454.2  0.5345848E+06

454.4  0.5341999E+06

454.6  0.5338152E+06

454.8  0.5334309E+06

455.0  0.5330468E+06

455.2  0.5326631E+06

455.4  0.5322796E+06

455.6  0.5318964E+06

455.8  0.5315135E+06

456.0  0.5311308E+06

456.2  0.5307485E+06

456.4  0.5303665E+06

456.6  0.5299847E+06

456.8  0.5296032E+06

457.0  0.5292220E+06

457.2  0.5288411E+06

457.4  0.5284605E+06

457.6  0.5280802E+06

457.8  0.5277001E+06

458.0  0.5273204E+06

458.2  0.5269409E+06

458.4  0.5265617E+06

458.6  0.5261828E+06

458.8  0.5258042E+06

459.0  0.5254259E+06

459.2  0.5250478E+06

459.4  0.5246700E+06

459.6  0.5242925E+06

459.8  0.5239153E+06

460.0  0.5235384E+06

460.2  0.5231618E+06

460.4  0.5227854E+06

460.6  0.5224094E+06

460.8  0.5220336E+06

461.0  0.5216581E+06

461.2  0.5212828E+06

461.4  0.5209079E+06

461.6  0.5205332E+06

461.8  0.5201588E+06

462.0  0.5197847E+06

462.2  0.5194109E+06

462.4  0.5190374E+06

462.6  0.5186641E+06

462.8  0.5182911E+06

463.0  0.5179184E+06

463.2  0.5175460E+06

463.4  0.5171739E+06

463.6  0.5168020E+06

463.8  0.5164304E+06

464.0  0.5160591E+06

464.2  0.5156881E+06

464.4  0.5153173E+06

464.6  0.5149468E+06

464.8  0.5145766E+06

465.0  0.5142067E+06

465.2  0.5138371E+06

465.4  0.5134677E+06

465.6  0.5130986E+06

465.8  0.5127298E+06

466.0  0.5123613E+06

466.2  0.5119930E+06

466.4  0.5116250E+06

466.6  0.5112573E+06

466.8  0.5108899E+06

467.0  0.5105227E+06

467.2  0.5101558E+06

467.4  0.5097892E+06

467.6  0.5094228E+06

467.8  0.5090568E+06

468.0  0.5086910E+06

468.2  0.5083255E+06

468.4  0.5079602E+06

468.6  0.5075952E+06

468.8  0.5072305E+06

469.0  0.5068661E+06

469.2  0.5065020E+06

469.4  0.5061381E+06

469.6  0.5057745E+06

469.8  0.5054111E+06

470.0  0.5050481E+06

470.2  0.5046853E+06

470.4  0.5043227E+06

470.6  0.5039605E+06

470.8  0.5035985E+06

471.0  0.5032368E+06

471.2  0.5028753E+06

471.4  0.5025142E+06

471.6  0.5021532E+06

471.8  0.5017926E+06

472.0  0.5014322E+06

472.2  0.5010721E+06

472.4  0.5007123E+06

472.6  0.5003527E+06

472.8  0.4999935E+06

473.0  0.4996344E+06

473.2  0.4992757E+06

473.4  0.4989172E+06

473.6  0.4985590E+06

473.8  0.4982010E+06

474.0  0.4978433E+06

474.2  0.4974859E+06

474.4  0.4971287E+06

474.6  0.4967718E+06

474.8  0.4964152E+06

475.0  0.4960588E+06

475.2  0.4957028E+06

475.4  0.4953469E+06

475.6  0.4949914E+06

475.8  0.4946361E+06

476.0  0.4942810E+06

476.2  0.4939263E+06

476.4  0.4935718E+06

476.6  0.4932175E+06

476.8  0.4928635E+06

477.0  0.4925098E+06

477.2  0.4921564E+06

477.4  0.4918032E+06

477.6  0.4914503E+06

477.8  0.4910976E+06

478.0  0.4907452E+06

478.2  0.4903930E+06

478.4  0.4900412E+06

478.6  0.4896896E+06

478.8  0.4893382E+06

479.0  0.4889871E+06

479.2  0.4886363E+06

479.4  0.4882857E+06

479.6  0.4879354E+06

479.8  0.4875853E+06

480.0  0.4872356E+06

480.2  0.4868860E+06

480.4  0.4865368E+06

480.6  0.4861877E+06

480.8  0.4858390E+06

481.0  0.4854905E+06

481.2  0.4851423E+06

481.4  0.4847943E+06

481.6  0.4844466E+06

481.8  0.4840991E+06

482.0  0.4837519E+06

482.2  0.4834050E+06

482.4  0.4830583E+06

482.6  0.4827119E+06

482.8  0.4823657E+06

483.0  0.4820198E+06

483.2  0.4816741E+06

483.4  0.4813287E+06

483.6  0.4809836E+06

483.8  0.4806387E+06

484.0  0.4802941E+06

484.2  0.4799497E+06

484.4  0.4796056E+06

484.6  0.4792617E+06

484.8  0.4789181E+06

485.0  0.4785747E+06

485.2  0.4782316E+06

485.4  0.4778888E+06

485.6  0.4775462E+06

485.8  0.4772038E+06

486.0  0.4768618E+06

486.2  0.4765199E+06

486.4  0.4761783E+06

486.6  0.4758370E+06

486.8  0.4754959E+06

487.0  0.4751551E+06

487.2  0.4748145E+06

487.4  0.4744742E+06

487.6  0.4741342E+06

487.8  0.4737944E+06

488.0  0.4734548E+06

488.2  0.4731155E+06

488.4  0.4727764E+06

488.6  0.4724376E+06

488.8  0.4720991E+06

489.0  0.4717607E+06

489.2  0.4714227E+06

489.4  0.4710849E+06

489.6  0.4707473E+06

489.8  0.4704100E+06

490.0  0.4700730E+06

490.2  0.4697361E+06

490.4  0.4693996E+06

490.6  0.4690633E+06

490.8  0.4687272E+06

491.0  0.4683914E+06

491.2  0.4680558E+06

491.4  0.4677205E+06

491.6  0.4673854E+06

491.8  0.4670506E+06

492.0  0.4667160E+06

492.2  0.4663817E+06

492.4  0.4660476E+06

492.6  0.4657138E+06

492.8  0.4653802E+06

493.0  0.4650469E+06

493.2  0.4647138E+06

493.4  0.4643809E+06

493.6  0.4640483E+06

493.8  0.4637160E+06

494.0  0.4633839E+06

494.2  0.4630520E+06

494.4  0.4627204E+06

494.6  0.4623890E+06

494.8  0.4620579E+06

495.0  0.4617270E+06

495.2  0.4613963E+06

495.4  0.4610659E+06

495.6  0.4607358E+06

495.8  0.4604058E+06

496.0  0.4600762E+06

496.2  0.4597467E+06

496.4  0.4594176E+06

496.6  0.4590886E+06

496.8  0.4587599E+06

497.0  0.4584315E+06

497.2  0.4581032E+06

497.4  0.4577753E+06

497.6  0.4574475E+06

497.8  0.4571200E+06

498.0  0.4567928E+06

498.2  0.4564658E+06

498.4  0.4561390E+06

498.6  0.4558125E+06

498.8  0.4554862E+06

499.0  0.4551602E+06

499.2  0.4548344E+06

499.4  0.4545088E+06

499.6  0.4541835E+06

499.8  0.4538584E+06

500.0  0.4535335E+06

