100  0.1877009E+04

100.2  0.2091525E+04

100.4  0.2316503E+04

100.6  0.2551488E+04

100.8  0.2796010E+04

101.0  0.3049597E+04

101.2  0.3311776E+04

101.4  0.3582076E+04

101.6  0.3860034E+04

101.8  0.4145195E+04

102.0  0.4437117E+04

102.2  0.4735369E+04

102.4  0.5039534E+04

102.6  0.5349211E+04

102.8  0.5664015E+04

103.0  0.5983576E+04

103.2  0.6307539E+04

103.4  0.6635568E+04

103.6  0.6967341E+04

103.8  0.7302552E+04

104.0  0.7640912E+04

104.2  0.7982144E+04

104.4  0.8325990E+04

104.6  0.8672203E+04

104.8  0.9020551E+04

105.0  0.9370814E+04

105.2  0.9722787E+04

105.4  0.1007628E+05

105.6  0.1043110E+05

105.8  0.1078708E+05

106.0  0.1114407E+05

106.2  0.1150190E+05

106.4  0.1186045E+05

106.6  0.1221957E+05

106.8  0.1257915E+05

107.0  0.1293907E+05

107.2  0.1329922E+05

107.4  0.1365950E+05

107.6  0.1401983E+05

107.8  0.1438011E+05

108.0  0.1474026E+05

108.2  0.1510021E+05

108.4  0.1545990E+05

108.6  0.1581925E+05

108.8  0.1617821E+05

109.0  0.1653673E+05

109.2  0.1689476E+05

109.4  0.1725225E+05

109.6  0.1760916E+05

109.8  0.1796545E+05

110.0  0.1832109E+05

110.2  0.1867605E+05

110.4  0.1903030E+05

110.6  0.1938382E+05

110.8  0.1973658E+05

111.0  0.2008857E+05

111.2  0.2043976E+05

111.4  0.2079015E+05

111.6  0.2113971E+05

111.8  0.2148845E+05

112.0  0.2183634E+05

112.2  0.2218338E+05

112.4  0.2252957E+05

112.6  0.2287491E+05

112.8  0.2321938E+05

113.0  0.2356299E+05

113.2  0.2390574E+05

113.4  0.2424763E+05

113.6  0.2458866E+05

113.8  0.2492884E+05

114.0  0.2526816E+05

114.2  0.2560664E+05

114.4  0.2594428E+05

114.6  0.2628109E+05

114.8  0.2661707E+05

115.0  0.2695223E+05

115.2  0.2728658E+05

115.4  0.2762014E+05

115.6  0.2795290E+05

115.8  0.2828489E+05

116.0  0.2861610E+05

116.2  0.2894656E+05

116.4  0.2927628E+05

116.6  0.2960526E+05

116.8  0.2993352E+05

117.0  0.3026107E+05

117.2  0.3058793E+05

117.4  0.3091411E+05

117.6  0.3123962E+05

117.8  0.3156447E+05

118.0  0.3188868E+05

118.2  0.3221226E+05

118.4  0.3253524E+05

118.6  0.3285761E+05

118.8  0.3317940E+05

119.0  0.3350062E+05

119.2  0.3382129E+05

119.4  0.3414142E+05

119.6  0.3446102E+05

119.8  0.3478012E+05

120.0  0.3509872E+05

120.2  0.3541684E+05

120.4  0.3573449E+05

120.6  0.3605170E+05

120.8  0.3636847E+05

121.0  0.3668483E+05

121.2  0.3700078E+05

121.4  0.3731634E+05

121.6  0.3763153E+05

121.8  0.3794636E+05

122.0  0.3826084E+05

122.2  0.3857500E+05

122.4  0.3888885E+05

122.6  0.3920239E+05

122.8  0.3951566E+05

123.0  0.3982865E+05

123.2  0.4014139E+05

123.4  0.4045390E+05

123.6  0.4076618E+05

123.8  0.4107825E+05

124.0  0.4139012E+05

124.2  0.4170182E+05

124.4  0.4201335E+05

124.6  0.4232473E+05

124.8  0.4263597E+05

125.0  0.4294709E+05

125.2  0.4325811E+05

125.4  0.4356903E+05

125.6  0.4387987E+05

125.8  0.4419064E+05

126.0  0.4450137E+05

126.2  0.4481205E+05

126.4  0.4512272E+05

126.6  0.4543337E+05

126.8  0.4574403E+05

127.0  0.4605470E+05

127.2  0.4636541E+05

127.4  0.4667616E+05

127.6  0.4698697E+05

127.8  0.4729785E+05

128.0  0.4760881E+05

128.2  0.4791988E+05

128.4  0.4823105E+05

128.6  0.4854235E+05

128.8  0.4885379E+05

129.0  0.4916537E+05

129.2  0.4947712E+05

129.4  0.4978905E+05

129.6  0.5010116E+05

129.8  0.5041347E+05

130.0  0.5072600E+05

130.2  0.5103876E+05

130.4  0.5135175E+05

130.6  0.5166499E+05

130.8  0.5197850E+05

131.0  0.5229228E+05

131.2  0.5260635E+05

131.4  0.5292072E+05

131.6  0.5323541E+05

131.8  0.5355041E+05

132.0  0.5386575E+05

132.2  0.5418144E+05

132.4  0.5449749E+05

132.6  0.5481391E+05

132.8  0.5513072E+05

133.0  0.5544791E+05

133.2  0.5576552E+05

133.4  0.5608354E+05

133.6  0.5640199E+05

133.8  0.5672088E+05

134.0  0.5704022E+05

134.2  0.5736003E+05

134.4  0.5768031E+05

134.6  0.5800107E+05

134.8  0.5832234E+05

135.0  0.5864411E+05

135.2  0.5896640E+05

135.4  0.5928922E+05

135.6  0.5961258E+05

135.8  0.5993649E+05

136.0  0.6026096E+05

136.2  0.6058601E+05

136.4  0.6091164E+05

136.6  0.6123787E+05

136.8  0.6156470E+05

137.0  0.6189215E+05

137.2  0.6222023E+05

137.4  0.6254894E+05

137.6  0.6287830E+05

137.8  0.6320832E+05

138.0  0.6353901E+05

138.2  0.6387038E+05

138.4  0.6420244E+05

138.6  0.6453520E+05

138.8  0.6486867E+05

139.0  0.6520286E+05

139.2  0.6553778E+05

139.4  0.6587345E+05

139.6  0.6620986E+05

139.8  0.6654704E+05

140.0  0.6688499E+05

140.2  0.6722372E+05

140.4  0.6756324E+05

140.6  0.6790357E+05

140.8  0.6824470E+05

141.0  0.6858666E+05

141.2  0.6892946E+05

141.4  0.6927309E+05

141.6  0.6961758E+05

141.8  0.6996293E+05

142.0  0.7030915E+05

142.2  0.7065625E+05

142.4  0.7100425E+05

142.6  0.7135314E+05

142.8  0.7170295E+05

143.0  0.7205368E+05

143.2  0.7240534E+05

143.4  0.7275794E+05

143.6  0.7311150E+05

143.8  0.7346601E+05

144.0  0.7382149E+05

144.2  0.7417796E+05

144.4  0.7453541E+05

144.6  0.7489386E+05

144.8  0.7525332E+05

145.0  0.7561380E+05

145.2  0.7597531E+05

145.4  0.7633786E+05

145.6  0.7670146E+05

145.8  0.7706611E+05

146.0  0.7743183E+05

146.2  0.7779862E+05

146.4  0.7816651E+05

146.6  0.7853549E+05

146.8  0.7890557E+05

147.0  0.7927677E+05

147.2  0.7964910E+05

147.4  0.8002256E+05

147.6  0.8039716E+05

147.8  0.8077292E+05

148.0  0.8114984E+05

148.2  0.8152793E+05

148.4  0.8190721E+05

148.6  0.8228767E+05

148.8  0.8266935E+05

149.0  0.8305223E+05

149.2  0.8343633E+05

149.4  0.8382166E+05

149.6  0.8420824E+05

149.8  0.8459606E+05

150.0  0.8498514E+05

150.2  0.8537550E+05

150.4  0.8576713E+05

150.6  0.8616005E+05

150.8  0.8655427E+05

151.0  0.8694979E+05

151.2  0.8734663E+05

151.4  0.8774481E+05

151.6  0.8814431E+05

151.8  0.8854517E+05

152.0  0.8894738E+05

152.2  0.8935095E+05

152.4  0.8975591E+05

152.6  0.9016224E+05

152.8  0.9056998E+05

153.0  0.9097912E+05

153.2  0.9138967E+05

153.4  0.9180165E+05

153.6  0.9221506E+05

153.8  0.9262992E+05

154.0  0.9304623E+05

154.2  0.9346401E+05

154.4  0.9388326E+05

154.6  0.9430399E+05

154.8  0.9472622E+05

155.0  0.9514995E+05

155.2  0.9557519E+05

155.4  0.9600196E+05

155.6  0.9643027E+05

155.8  0.9686011E+05

156.0  0.9729152E+05

156.2  0.9772448E+05

156.4  0.9815902E+05

156.6  0.9859514E+05

156.8  0.9903286E+05

157.0  0.9947218E+05

157.2  0.9991312E+05

157.4  0.1003557E+06

157.6  0.1007999E+06

157.8  0.1012457E+06

158.0  0.1016932E+06

158.2  0.1021424E+06

158.4  0.1025932E+06

158.6  0.1030458E+06

158.8  0.1035000E+06

159.0  0.1039559E+06

159.2  0.1044136E+06

159.4  0.1048730E+06

159.6  0.1053341E+06

159.8  0.1057970E+06

160.0  0.1062616E+06

160.2  0.1067280E+06

160.4  0.1071962E+06

160.6  0.1076662E+06

160.8  0.1081379E+06

161.0  0.1086115E+06

161.2  0.1090870E+06

161.4  0.1095642E+06

161.6  0.1100433E+06

161.8  0.1105243E+06

162.0  0.1110071E+06

162.2  0.1114918E+06

162.4  0.1119785E+06

162.6  0.1124670E+06

162.8  0.1129574E+06

163.0  0.1134497E+06

163.2  0.1139440E+06

163.4  0.1144403E+06

163.6  0.1149384E+06

163.8  0.1154386E+06

164.0  0.1159408E+06

164.2  0.1164449E+06

164.4  0.1169510E+06

164.6  0.1174592E+06

164.8  0.1179694E+06

165.0  0.1184816E+06

165.2  0.1189959E+06

165.4  0.1195122E+06

165.6  0.1200307E+06

165.8  0.1205512E+06

166.0  0.1210738E+06

166.2  0.1215985E+06

166.4  0.1221253E+06

166.6  0.1226543E+06

166.8  0.1231855E+06

167.0  0.1237188E+06

167.2  0.1242542E+06

167.4  0.1247919E+06

167.6  0.1253317E+06

167.8  0.1258738E+06

168.0  0.1264181E+06

168.2  0.1269646E+06

168.4  0.1275134E+06

168.6  0.1280644E+06

168.8  0.1286177E+06

169.0  0.1291733E+06

169.2  0.1297312E+06

169.4  0.1302914E+06

169.6  0.1308540E+06

169.8  0.1314189E+06

170.0  0.1319861E+06

170.2  0.1325557E+06

170.4  0.1331277E+06

170.6  0.1337021E+06

170.8  0.1342789E+06

171.0  0.1348581E+06

171.2  0.1354398E+06

171.4  0.1360239E+06

171.6  0.1366105E+06

171.8  0.1371995E+06

172.0  0.1377911E+06

172.2  0.1383852E+06

172.4  0.1389818E+06

172.6  0.1395809E+06

172.8  0.1401826E+06

173.0  0.1407868E+06

173.2  0.1413937E+06

173.4  0.1420031E+06

173.6  0.1426152E+06

173.8  0.1432298E+06

174.0  0.1438472E+06

174.2  0.1444672E+06

174.4  0.1450898E+06

174.6  0.1457152E+06

174.8  0.1463432E+06

175.0  0.1469740E+06

175.2  0.1476076E+06

175.4  0.1482439E+06

175.6  0.1488829E+06

175.8  0.1495248E+06

176.0  0.1501695E+06

176.2  0.1508170E+06

176.4  0.1514673E+06

176.6  0.1521205E+06

176.8  0.1527766E+06

177.0  0.1534356E+06

177.2  0.1540975E+06

177.4  0.1547623E+06

177.6  0.1554301E+06

177.8  0.1561008E+06

178.0  0.1567746E+06

178.2  0.1574513E+06

178.4  0.1581311E+06

178.6  0.1588139E+06

178.8  0.1594998E+06

179.0  0.1601888E+06

179.2  0.1608808E+06

179.4  0.1615761E+06

179.6  0.1622744E+06

179.8  0.1629759E+06

180.0  0.1636807E+06

180.2  0.1643886E+06

180.4  0.1650997E+06

180.6  0.1658142E+06

180.8  0.1665318E+06

181.0  0.1672528E+06

181.2  0.1679771E+06

181.4  0.1687048E+06

181.6  0.1694358E+06

181.8  0.1701703E+06

182.0  0.1709081E+06

182.2  0.1716494E+06

182.4  0.1723941E+06

182.6  0.1731424E+06

182.8  0.1738941E+06

183.0  0.1746494E+06

183.2  0.1754083E+06

183.4  0.1761707E+06

183.6  0.1769368E+06

183.8  0.1777065E+06

184.0  0.1784800E+06

184.2  0.1792571E+06

184.4  0.1800379E+06

184.6  0.1808225E+06

184.8  0.1816109E+06

185.0  0.1824032E+06

185.2  0.1831993E+06

185.4  0.1839992E+06

185.6  0.1848031E+06

185.8  0.1856109E+06

186.0  0.1864227E+06

186.2  0.1872386E+06

186.4  0.1880584E+06

186.6  0.1888824E+06

186.8  0.1897104E+06

187.0  0.1905426E+06

187.2  0.1913790E+06

187.4  0.1922196E+06

187.6  0.1930645E+06

187.8  0.1939137E+06

188.0  0.1947671E+06

188.2  0.1956250E+06

188.4  0.1964873E+06

188.6  0.1973540E+06

188.8  0.1982252E+06

189.0  0.1991009E+06

189.2  0.1999812E+06

189.4  0.2008662E+06

189.6  0.2017557E+06

189.8  0.2026500E+06

190.0  0.2035490E+06

190.2  0.2044528E+06

190.4  0.2053614E+06

190.6  0.2062749E+06

190.8  0.2071934E+06

191.0  0.2081168E+06

191.2  0.2090452E+06

191.4  0.2099787E+06

191.6  0.2109173E+06

191.8  0.2118611E+06

192.0  0.2128100E+06

192.2  0.2137643E+06

192.4  0.2147239E+06

192.6  0.2156888E+06

192.8  0.2166592E+06

193.0  0.2176351E+06

193.2  0.2186164E+06

193.4  0.2196034E+06

193.6  0.2205961E+06

193.8  0.2215944E+06

194.0  0.2225985E+06

194.2  0.2236084E+06

194.4  0.2246242E+06

194.6  0.2256459E+06

194.8  0.2266736E+06

195.0  0.2277074E+06

195.2  0.2287473E+06

195.4  0.2297933E+06

195.6  0.2308457E+06

195.8  0.2319043E+06

196.0  0.2329693E+06

196.2  0.2340407E+06

196.4  0.2351186E+06

196.6  0.2362031E+06

196.8  0.2372942E+06

197.0  0.2383920E+06

197.2  0.2394966E+06

197.4  0.2406080E+06

197.6  0.2417263E+06

197.8  0.2428516E+06

198.0  0.2439839E+06

198.2  0.2451233E+06

198.4  0.2462699E+06

198.6  0.2474237E+06

198.8  0.2485848E+06

199.0  0.2497533E+06

199.2  0.2509293E+06

199.4  0.2521128E+06

199.6  0.2533039E+06

199.8  0.2545027E+06

200.0  0.2557092E+06

200.2  0.2569235E+06

200.4  0.2581457E+06

200.6  0.2593759E+06

200.8  0.2606141E+06

201.0  0.2618604E+06

201.2  0.2631149E+06

201.4  0.2643776E+06

201.6  0.2656486E+06

201.8  0.2669280E+06

202.0  0.2682159E+06

202.2  0.2695124E+06

202.4  0.2708174E+06

202.6  0.2721311E+06

202.8  0.2734536E+06

203.0  0.2747849E+06

203.2  0.2761250E+06

203.4  0.2774742E+06

203.6  0.2788323E+06

203.8  0.2801996E+06

204.0  0.2815761E+06

204.2  0.2829617E+06

204.4  0.2843567E+06

204.6  0.2857611E+06

204.8  0.2871749E+06

205.0  0.2885982E+06

205.2  0.2900311E+06

205.4  0.2914736E+06

205.6  0.2929258E+06

205.8  0.2943878E+06

206.0  0.2958596E+06

206.2  0.2973413E+06

206.4  0.2988329E+06

206.6  0.3003345E+06

206.8  0.3018462E+06

207.0  0.3033680E+06

207.2  0.3049000E+06

207.4  0.3064423E+06

207.6  0.3079948E+06

207.8  0.3095576E+06

208.0  0.3111308E+06

208.2  0.3127145E+06

208.4  0.3143087E+06

208.6  0.3159134E+06

208.8  0.3175286E+06

209.0  0.3191545E+06

209.2  0.3207910E+06

209.4  0.3224383E+06

209.6  0.3240963E+06

209.8  0.3257651E+06

210.0  0.3274447E+06

210.2  0.3291351E+06

210.4  0.3308364E+06

210.6  0.3325487E+06

210.8  0.3342719E+06

211.0  0.3360060E+06

211.2  0.3377512E+06

211.4  0.3395074E+06

211.6  0.3412746E+06

211.8  0.3430528E+06

212.0  0.3448422E+06

212.2  0.3466427E+06

212.4  0.3484542E+06

212.6  0.3502769E+06

212.8  0.3521107E+06

213.0  0.3539556E+06

213.2  0.3558117E+06

213.4  0.3576789E+06

213.6  0.3595573E+06

213.8  0.3614468E+06

214.0  0.3633475E+06

214.2  0.3652593E+06

214.4  0.3671822E+06

214.6  0.3691162E+06

214.8  0.3710614E+06

215.0  0.3730176E+06

215.2  0.3749849E+06

215.4  0.3769632E+06

215.6  0.3789526E+06

215.8  0.3809530E+06

216.0  0.3829643E+06

216.2  0.3849866E+06

216.4  0.3870199E+06

216.6  0.3890640E+06

216.8  0.3911189E+06

217.0  0.3931847E+06

217.2  0.3952613E+06

217.4  0.3973485E+06

217.6  0.3994465E+06

217.8  0.4015550E+06

218.0  0.4036742E+06

218.2  0.4058039E+06

218.4  0.4079441E+06

218.6  0.4100946E+06

218.8  0.4122556E+06

219.0  0.4144268E+06

219.2  0.4166083E+06

219.4  0.4187999E+06

219.6  0.4210016E+06

219.8  0.4232133E+06

220.0  0.4254350E+06

220.2  0.4276666E+06

220.4  0.4299079E+06

220.6  0.4321590E+06

220.8  0.4344197E+06

221.0  0.4366899E+06

221.2  0.4389696E+06

221.4  0.4412587E+06

221.6  0.4435570E+06

221.8  0.4458645E+06

222.0  0.4481811E+06

222.2  0.4505067E+06

222.4  0.4528412E+06

222.6  0.4551844E+06

222.8  0.4575364E+06

223.0  0.4598969E+06

223.2  0.4622659E+06

223.4  0.4646432E+06

223.6  0.4670287E+06

223.8  0.4694224E+06

224.0  0.4718241E+06

224.2  0.4742337E+06

224.4  0.4766511E+06

224.6  0.4790761E+06

224.8  0.4815087E+06

225.0  0.4839487E+06

225.2  0.4863959E+06

225.4  0.4888503E+06

225.6  0.4913117E+06

225.8  0.4937800E+06

226.0  0.4962550E+06

226.2  0.4987367E+06

226.4  0.5012248E+06

226.6  0.5037193E+06

226.8  0.5062200E+06

227.0  0.5087268E+06

227.2  0.5112395E+06

227.4  0.5137579E+06

227.6  0.5162820E+06

227.8  0.5188117E+06

228.0  0.5213466E+06

228.2  0.5238868E+06

228.4  0.5264320E+06

228.6  0.5289821E+06

228.8  0.5315369E+06

229.0  0.5340964E+06

229.2  0.5366603E+06

229.4  0.5392285E+06

229.6  0.5418008E+06

229.8  0.5443771E+06

230.0  0.5469572E+06

230.2  0.5495410E+06

230.4  0.5521284E+06

230.6  0.5547190E+06

230.8  0.5573129E+06

231.0  0.5599098E+06

231.2  0.5625096E+06

231.4  0.5651121E+06

231.6  0.5677171E+06

231.8  0.5703246E+06

232.0  0.5729343E+06

232.2  0.5755460E+06

232.4  0.5781597E+06

232.6  0.5807751E+06

232.8  0.5833921E+06

233.0  0.5860105E+06

233.2  0.5886302E+06

233.4  0.5912510E+06

233.6  0.5938727E+06

233.8  0.5964952E+06

234.0  0.5991182E+06

234.2  0.6017418E+06

234.4  0.6043656E+06

234.6  0.6069895E+06

234.8  0.6096134E+06

235.0  0.6122371E+06

235.2  0.6148604E+06

235.4  0.6174831E+06

235.6  0.6201052E+06

235.8  0.6227265E+06

236.0  0.6253467E+06

236.2  0.6279657E+06

236.4  0.6305834E+06

236.6  0.6331996E+06

236.8  0.6358142E+06

237.0  0.6384269E+06

237.2  0.6410377E+06

237.4  0.6436464E+06

237.6  0.6462527E+06

237.8  0.6488567E+06

238.0  0.6514580E+06

238.2  0.6540566E+06

238.4  0.6566522E+06

238.6  0.6592448E+06

238.8  0.6618343E+06

239.0  0.6644203E+06

239.2  0.6670028E+06

239.4  0.6695817E+06

239.6  0.6721568E+06

239.8  0.6747279E+06

240.0  0.6772949E+06

240.2  0.6798576E+06

240.4  0.6824160E+06

240.6  0.6849698E+06

240.8  0.6875189E+06

241.0  0.6900632E+06

241.2  0.6926025E+06

241.4  0.6951367E+06

241.6  0.6976657E+06

241.8  0.7001893E+06

242.0  0.7027074E+06

242.2  0.7052198E+06

242.4  0.7077265E+06

242.6  0.7102272E+06

242.8  0.7127219E+06

243.0  0.7152103E+06

243.2  0.7176925E+06

243.4  0.7201682E+06

243.6  0.7226374E+06

243.8  0.7250999E+06

244.0  0.7275556E+06

244.2  0.7300043E+06

244.4  0.7324460E+06

244.6  0.7348805E+06

244.8  0.7373077E+06

245.0  0.7397274E+06

245.2  0.7421397E+06

245.4  0.7445443E+06

245.6  0.7469412E+06

245.8  0.7493302E+06

246.0  0.7517112E+06

246.2  0.7540841E+06

246.4  0.7564489E+06

246.6  0.7588054E+06

246.8  0.7611534E+06

247.0  0.7634930E+06

247.2  0.7658239E+06

247.4  0.7681461E+06

247.6  0.7704596E+06

247.8  0.7727641E+06

248.0  0.7750597E+06

248.2  0.7773461E+06

248.4  0.7796234E+06

248.6  0.7818914E+06

248.8  0.7841501E+06

249.0  0.7863993E+06

249.2  0.7886390E+06

249.4  0.7908690E+06

249.6  0.7930894E+06

249.8  0.7953000E+06

250.0  0.7975007E+06

250.2  0.7996914E+06

250.4  0.8018722E+06

250.6  0.8040429E+06

250.8  0.8062033E+06

251.0  0.8083536E+06

251.2  0.8104935E+06

251.4  0.8126231E+06

251.6  0.8147422E+06

251.8  0.8168508E+06

252.0  0.8189488E+06

252.2  0.8210362E+06

252.4  0.8231129E+06

252.6  0.8251787E+06

252.8  0.8272338E+06

253.0  0.8292780E+06

253.2  0.8313112E+06

253.4  0.8333335E+06

253.6  0.8353447E+06

253.8  0.8373448E+06

254.0  0.8393338E+06

254.2  0.8413115E+06

254.4  0.8432780E+06

254.6  0.8452332E+06

254.8  0.8471771E+06

255.0  0.8491096E+06

255.2  0.8510306E+06

255.4  0.8529402E+06

255.6  0.8548383E+06

255.8  0.8567249E+06

256.0  0.8585999E+06

256.2  0.8604632E+06

256.4  0.8623149E+06

256.6  0.8641550E+06

256.8  0.8659833E+06

257.0  0.8677999E+06

257.2  0.8696047E+06

257.4  0.8713977E+06

257.6  0.8731789E+06

257.8  0.8749482E+06

258.0  0.8767057E+06

258.2  0.8784513E+06

258.4  0.8801849E+06

258.6  0.8819066E+06

258.8  0.8836164E+06

259.0  0.8853142E+06

259.2  0.8870000E+06

259.4  0.8886738E+06

259.6  0.8903356E+06

259.8  0.8919854E+06

260.0  0.8936231E+06

260.2  0.8952488E+06

260.4  0.8968625E+06

260.6  0.8984640E+06

260.8  0.9000535E+06

261.0  0.9016309E+06

261.2  0.9031962E+06

261.4  0.9047495E+06

261.6  0.9062906E+06

261.8  0.9078197E+06

262.0  0.9093366E+06

262.2  0.9108415E+06

262.4  0.9123343E+06

262.6  0.9138149E+06

262.8  0.9152835E+06

263.0  0.9167401E+06

263.2  0.9181845E+06

263.4  0.9196169E+06

263.6  0.9210372E+06

263.8  0.9224455E+06

264.0  0.9238417E+06

264.2  0.9252259E+06

264.4  0.9265981E+06

264.6  0.9279582E+06

264.8  0.9293064E+06

265.0  0.9306426E+06

265.2  0.9319668E+06

265.4  0.9332790E+06

265.6  0.9345793E+06

265.8  0.9358677E+06

266.0  0.9371442E+06

266.2  0.9384088E+06

266.4  0.9396616E+06

266.6  0.9409025E+06

266.8  0.9421315E+06

267.0  0.9433488E+06

267.2  0.9445543E+06

267.4  0.9457480E+06

267.6  0.9469300E+06

267.8  0.9481003E+06

268.0  0.9492589E+06

268.2  0.9504058E+06

268.4  0.9515411E+06

268.6  0.9526648E+06

268.8  0.9537770E+06

269.0  0.9548775E+06

269.2  0.9559666E+06

269.4  0.9570441E+06

269.6  0.9581102E+06

269.8  0.9591649E+06

270.0  0.9602082E+06

270.2  0.9612401E+06

270.4  0.9622606E+06

270.6  0.9632699E+06

270.8  0.9642679E+06

271.0  0.9652547E+06

271.2  0.9662302E+06

271.4  0.9671946E+06

271.6  0.9681479E+06

271.8  0.9690901E+06

272.0  0.9700212E+06

272.2  0.9709413E+06

272.4  0.9718504E+06

272.6  0.9727485E+06

272.8  0.9736358E+06

273.0  0.9745122E+06

273.2  0.9753777E+06

273.4  0.9762325E+06

273.6  0.9770765E+06

273.8  0.9779098E+06

274.0  0.9787324E+06

274.2  0.9795444E+06

274.4  0.9803458E+06

274.6  0.9811366E+06

274.8  0.9819170E+06

275.0  0.9826869E+06

275.2  0.9834463E+06

275.4  0.9841954E+06

275.6  0.9849341E+06

275.8  0.9856626E+06

276.0  0.9863808E+06

276.2  0.9870888E+06

276.4  0.9877866E+06

276.6  0.9884743E+06

276.8  0.9891520E+06

277.0  0.9898196E+06

277.2  0.9904772E+06

277.4  0.9911249E+06

277.6  0.9917627E+06

277.8  0.9923907E+06

278.0  0.9930088E+06

278.2  0.9936173E+06

278.4  0.9942159E+06

278.6  0.9948050E+06

278.8  0.9953844E+06

279.0  0.9959542E+06

279.2  0.9965146E+06

279.4  0.9970654E+06

279.6  0.9976068E+06

279.8  0.9981389E+06

280.0  0.9986616E+06

280.2  0.9991750E+06

280.4  0.9996792E+06

280.6  0.1000174E+07

280.8  0.1000660E+07

281.0  0.1001137E+07

281.2  0.1001605E+07

281.4  0.1002063E+07

281.6  0.1002513E+07

281.8  0.1002954E+07

282.0  0.1003386E+07

282.2  0.1003809E+07

282.4  0.1004224E+07

282.6  0.1004629E+07

282.8  0.1005026E+07

283.0  0.1005415E+07

283.2  0.1005795E+07

283.4  0.1006166E+07

283.6  0.1006529E+07

283.8  0.1006883E+07

284.0  0.1007230E+07

284.2  0.1007567E+07

284.4  0.1007897E+07

284.6  0.1008218E+07

284.8  0.1008531E+07

285.0  0.1008836E+07

285.2  0.1009133E+07

285.4  0.1009422E+07

285.6  0.1009703E+07

285.8  0.1009976E+07

286.0  0.1010241E+07

286.2  0.1010499E+07

286.4  0.1010748E+07

286.6  0.1010990E+07

286.8  0.1011224E+07

287.0  0.1011450E+07

287.2  0.1011669E+07

287.4  0.1011881E+07

287.6  0.1012084E+07

287.8  0.1012281E+07

288.0  0.1012470E+07

288.2  0.1012651E+07

288.4  0.1012825E+07

288.6  0.1012992E+07

288.8  0.1013152E+07

289.0  0.1013305E+07

289.2  0.1013450E+07

289.4  0.1013589E+07

289.6  0.1013720E+07

289.8  0.1013845E+07

290.0  0.1013962E+07

290.2  0.1014073E+07

290.4  0.1014177E+07

290.6  0.1014274E+07

290.8  0.1014364E+07

291.0  0.1014447E+07

291.2  0.1014524E+07

291.4  0.1014595E+07

291.6  0.1014658E+07

291.8  0.1014716E+07

292.0  0.1014766E+07

292.2  0.1014811E+07

292.4  0.1014849E+07

292.6  0.1014880E+07

292.8  0.1014906E+07

293.0  0.1014925E+07

293.2  0.1014938E+07

293.4  0.1014944E+07

293.6  0.1014945E+07

293.8  0.1014939E+07

294.0  0.1014928E+07

294.2  0.1014911E+07

294.4  0.1014887E+07

294.6  0.1014858E+07

294.8  0.1014823E+07

295.0  0.1014782E+07

295.2  0.1014735E+07

295.4  0.1014683E+07

295.6  0.1014625E+07

295.8  0.1014561E+07

296.0  0.1014492E+07

296.2  0.1014417E+07

296.4  0.1014337E+07

296.6  0.1014251E+07

296.8  0.1014160E+07

297.0  0.1014063E+07

297.2  0.1013961E+07

297.4  0.1013854E+07

297.6  0.1013742E+07

297.8  0.1013624E+07

298.0  0.1013501E+07

298.2  0.1013373E+07

298.4  0.1013240E+07

298.6  0.1013102E+07

298.8  0.1012959E+07

299.0  0.1012810E+07

299.2  0.1012657E+07

299.4  0.1012499E+07

299.6  0.1012337E+07

299.8  0.1012169E+07

300.0  0.1011997E+07

300.2  0.1011819E+07

300.4  0.1011638E+07

300.6  0.1011451E+07

300.8  0.1011260E+07

301.0  0.1011064E+07

301.2  0.1010864E+07

301.4  0.1010659E+07

301.6  0.1010450E+07

301.8  0.1010236E+07

302.0  0.1010018E+07

302.2  0.1009796E+07

302.4  0.1009569E+07

302.6  0.1009338E+07

302.8  0.1009102E+07

303.0  0.1008863E+07

303.2  0.1008619E+07

303.4  0.1008371E+07

303.6  0.1008119E+07

303.8  0.1007863E+07

304.0  0.1007603E+07

304.2  0.1007339E+07

304.4  0.1007071E+07

304.6  0.1006799E+07

304.8  0.1006523E+07

305.0  0.1006243E+07

305.2  0.1005960E+07

305.4  0.1005672E+07

305.6  0.1005381E+07

305.8  0.1005086E+07

306.0  0.1004787E+07

306.2  0.1004485E+07

306.4  0.1004179E+07

306.6  0.1003869E+07

306.8  0.1003556E+07

307.0  0.1003240E+07

307.2  0.1002919E+07

307.4  0.1002596E+07

307.6  0.1002269E+07

307.8  0.1001938E+07

308.0  0.1001604E+07

308.2  0.1001267E+07

308.4  0.1000926E+07

308.6  0.1000583E+07

308.8  0.1000235E+07

309.0  0.9998850E+06

309.2  0.9995314E+06

309.4  0.9991747E+06

309.6  0.9988148E+06

309.8  0.9984518E+06

310.0  0.9980857E+06

310.2  0.9977166E+06

310.4  0.9973444E+06

310.6  0.9969692E+06

310.8  0.9965911E+06

311.0  0.9962100E+06

311.2  0.9958260E+06

311.4  0.9954391E+06

311.6  0.9950494E+06

311.8  0.9946568E+06

312.0  0.9942615E+06

312.2  0.9938633E+06

312.4  0.9934624E+06

312.6  0.9930588E+06

312.8  0.9926525E+06

313.0  0.9922435E+06

313.2  0.9918319E+06

313.4  0.9914177E+06

313.6  0.9910008E+06

313.8  0.9905814E+06

314.0  0.9901595E+06

314.2  0.9897351E+06

314.4  0.9893081E+06

314.6  0.9888787E+06

314.8  0.9884469E+06

315.0  0.9880126E+06

315.2  0.9875760E+06

315.4  0.9871370E+06

315.6  0.9866956E+06

315.8  0.9862519E+06

316.0  0.9858059E+06

316.2  0.9853577E+06

316.4  0.9849072E+06

316.6  0.9844545E+06

316.8  0.9839996E+06

317.0  0.9835425E+06

317.2  0.9830832E+06

317.4  0.9826219E+06

317.6  0.9821584E+06

317.8  0.9816928E+06

318.0  0.9812252E+06

318.2  0.9807555E+06

318.4  0.9802838E+06

318.6  0.9798100E+06

318.8  0.9793343E+06

319.0  0.9788567E+06

319.2  0.9783771E+06

319.4  0.9778956E+06

319.6  0.9774122E+06

319.8  0.9769269E+06

320.0  0.9764398E+06

320.2  0.9759509E+06

320.4  0.9754601E+06

320.6  0.9749675E+06

320.8  0.9744732E+06

321.0  0.9739771E+06

321.2  0.9734793E+06

321.4  0.9729798E+06

321.6  0.9724785E+06

321.8  0.9719756E+06

322.0  0.9714711E+06

322.2  0.9709649E+06

322.4  0.9704570E+06

322.6  0.9699476E+06

322.8  0.9694366E+06

323.0  0.9689240E+06

323.2  0.9684099E+06

323.4  0.9678943E+06

323.6  0.9673772E+06

323.8  0.9668585E+06

324.0  0.9663384E+06

324.2  0.9658168E+06

324.4  0.9652938E+06

324.6  0.9647694E+06

324.8  0.9642436E+06

325.0  0.9637163E+06

325.2  0.9631877E+06

325.4  0.9626578E+06

325.6  0.9621265E+06

325.8  0.9615939E+06

326.0  0.9610600E+06

326.2  0.9605248E+06

326.4  0.9599883E+06

326.6  0.9594506E+06

326.8  0.9589116E+06

327.0  0.9583714E+06

327.2  0.9578300E+06

327.4  0.9572874E+06

327.6  0.9567436E+06

327.8  0.9561986E+06

328.0  0.9556525E+06

328.2  0.9551053E+06

328.4  0.9545569E+06

328.6  0.9540075E+06

328.8  0.9534569E+06

329.0  0.9529053E+06

329.2  0.9523526E+06

329.4  0.9517989E+06

329.6  0.9512441E+06

329.8  0.9506883E+06

330.0  0.9501315E+06

330.2  0.9495737E+06

330.4  0.9490149E+06

330.6  0.9484552E+06

330.8  0.9478945E+06

331.0  0.9473329E+06

331.2  0.9467703E+06

331.4  0.9462068E+06

331.6  0.9456425E+06

331.8  0.9450772E+06

332.0  0.9445111E+06

332.2  0.9439441E+06

332.4  0.9433763E+06

332.6  0.9428076E+06

332.8  0.9422381E+06

333.0  0.9416678E+06

333.2  0.9410967E+06

333.4  0.9405248E+06

333.6  0.9399521E+06

333.8  0.9393786E+06

334.0  0.9388044E+06

334.2  0.9382295E+06

334.4  0.9376538E+06

334.6  0.9370774E+06

334.8  0.9365003E+06

335.0  0.9359226E+06

335.2  0.9353441E+06

335.4  0.9347649E+06

335.6  0.9341851E+06

335.8  0.9336047E+06

336.0  0.9330236E+06

336.2  0.9324418E+06

336.4  0.9318595E+06

336.6  0.9312765E+06

336.8  0.9306929E+06

337.0  0.9301088E+06

337.2  0.9295240E+06

337.4  0.9289387E+06

337.6  0.9283529E+06

337.8  0.9277664E+06

338.0  0.9271795E+06

338.2  0.9265920E+06

338.4  0.9260040E+06

338.6  0.9254155E+06

338.8  0.9248265E+06

339.0  0.9242369E+06

339.2  0.9236470E+06

339.4  0.9230565E+06

339.6  0.9224656E+06

339.8  0.9218742E+06

340.0  0.9212823E+06

340.2  0.9206901E+06

340.4  0.9200974E+06

340.6  0.9195042E+06

340.8  0.9189107E+06

341.0  0.9183168E+06

341.2  0.9177224E+06

341.4  0.9171277E+06

341.6  0.9165326E+06

341.8  0.9159372E+06

342.0  0.9153414E+06

342.2  0.9147452E+06

342.4  0.9141487E+06

342.6  0.9135518E+06

342.8  0.9129546E+06

343.0  0.9123571E+06

343.2  0.9117593E+06

343.4  0.9111612E+06

343.6  0.9105627E+06

343.8  0.9099640E+06

344.0  0.9093650E+06

344.2  0.9087657E+06

344.4  0.9081662E+06

344.6  0.9075664E+06

344.8  0.9069663E+06

345.0  0.9063660E+06

345.2  0.9057655E+06

345.4  0.9051647E+06

345.6  0.9045637E+06

345.8  0.9039624E+06

346.0  0.9033610E+06

346.2  0.9027594E+06

346.4  0.9021575E+06

346.6  0.9015555E+06

346.8  0.9009532E+06

347.0  0.9003508E+06

347.2  0.8997483E+06

347.4  0.8991455E+06

347.6  0.8985426E+06

347.8  0.8979396E+06

348.0  0.8973364E+06

348.2  0.8967330E+06

348.4  0.8961295E+06

348.6  0.8955259E+06

348.8  0.8949222E+06

349.0  0.8943183E+06

349.2  0.8937144E+06

349.4  0.8931103E+06

349.6  0.8925061E+06

349.8  0.8919018E+06

350.0  0.8912975E+06

350.2  0.8906930E+06

350.4  0.8900885E+06

350.6  0.8894839E+06

350.8  0.8888793E+06

351.0  0.8882745E+06

351.2  0.8876698E+06

351.4  0.8870649E+06

351.6  0.8864601E+06

351.8  0.8858551E+06

352.0  0.8852502E+06

352.2  0.8846452E+06

352.4  0.8840402E+06

352.6  0.8834351E+06

352.8  0.8828301E+06

353.0  0.8822250E+06

353.2  0.8816200E+06

353.4  0.8810149E+06

353.6  0.8804098E+06

353.8  0.8798048E+06

354.0  0.8791997E+06

354.2  0.8785947E+06

354.4  0.8779897E+06

354.6  0.8773847E+06

354.8  0.8767797E+06

355.0  0.8761748E+06

355.2  0.8755699E+06

355.4  0.8749651E+06

355.6  0.8743603E+06

355.8  0.8737556E+06

356.0  0.8731509E+06

356.2  0.8725463E+06

356.4  0.8719417E+06

356.6  0.8713372E+06

356.8  0.8707328E+06

357.0  0.8701285E+06

357.2  0.8695242E+06

357.4  0.8689200E+06

357.6  0.8683159E+06

357.8  0.8677119E+06

358.0  0.8671080E+06

358.2  0.8665042E+06

358.4  0.8659005E+06

358.6  0.8652969E+06

358.8  0.8646934E+06

359.0  0.8640900E+06

359.2  0.8634868E+06

359.4  0.8628836E+06

359.6  0.8622806E+06

359.8  0.8616777E+06

360.0  0.8610750E+06

360.2  0.8604724E+06

360.4  0.8598699E+06

360.6  0.8592675E+06

360.8  0.8586653E+06

361.0  0.8580633E+06

361.2  0.8574614E+06

361.4  0.8568596E+06

361.6  0.8562580E+06

361.8  0.8556566E+06

362.0  0.8550553E+06

362.2  0.8544542E+06

362.4  0.8538533E+06

362.6  0.8532525E+06

362.8  0.8526519E+06

363.0  0.8520515E+06

363.2  0.8514513E+06

363.4  0.8508512E+06

363.6  0.8502514E+06

363.8  0.8496517E+06

364.0  0.8490522E+06

364.2  0.8484529E+06

364.4  0.8478538E+06

364.6  0.8472549E+06

364.8  0.8466562E+06

365.0  0.8460577E+06

365.2  0.8454594E+06

365.4  0.8448614E+06

365.6  0.8442635E+06

365.8  0.8436659E+06

366.0  0.8430684E+06

366.2  0.8424712E+06

366.4  0.8418742E+06

366.6  0.8412775E+06

366.8  0.8406809E+06

367.0  0.8400846E+06

367.2  0.8394885E+06

367.4  0.8388927E+06

367.6  0.8382971E+06

367.8  0.8377017E+06

368.0  0.8371066E+06

368.2  0.8365117E+06

368.4  0.8359171E+06

368.6  0.8353227E+06

368.8  0.8347285E+06

369.0  0.8341346E+06

369.2  0.8335410E+06

369.4  0.8329476E+06

369.6  0.8323545E+06

369.8  0.8317616E+06

370.0  0.8311690E+06

370.2  0.8305766E+06

370.4  0.8299845E+06

370.6  0.8293927E+06

370.8  0.8288011E+06

371.0  0.8282099E+06

371.2  0.8276189E+06

371.4  0.8270281E+06

371.6  0.8264377E+06

371.8  0.8258475E+06

372.0  0.8252576E+06

372.2  0.8246679E+06

372.4  0.8240786E+06

372.6  0.8234895E+06

372.8  0.8229007E+06

373.0  0.8223123E+06

373.2  0.8217241E+06

373.4  0.8211362E+06

373.6  0.8205485E+06

373.8  0.8199612E+06

374.0  0.8193742E+06

374.2  0.8187875E+06

374.4  0.8182010E+06

374.6  0.8176149E+06

374.8  0.8170290E+06

375.0  0.8164435E+06

375.2  0.8158583E+06

375.4  0.8152734E+06

375.6  0.8146887E+06

375.8  0.8141044E+06

376.0  0.8135204E+06

376.2  0.8129368E+06

376.4  0.8123534E+06

376.6  0.8117703E+06

376.8  0.8111876E+06

377.0  0.8106051E+06

377.2  0.8100230E+06

377.4  0.8094412E+06

377.6  0.8088597E+06

377.8  0.8082786E+06

378.0  0.8076977E+06

378.2  0.8071172E+06

378.4  0.8065370E+06

378.6  0.8059572E+06

378.8  0.8053776E+06

379.0  0.8047984E+06

379.2  0.8042196E+06

379.4  0.8036410E+06

379.6  0.8030628E+06

379.8  0.8024849E+06

380.0  0.8019073E+06

380.2  0.8013301E+06

380.4  0.8007532E+06

380.6  0.8001767E+06

380.8  0.7996005E+06

381.0  0.7990246E+06

381.2  0.7984490E+06

381.4  0.7978738E+06

381.6  0.7972990E+06

381.8  0.7967245E+06

382.0  0.7961503E+06

382.2  0.7955765E+06

382.4  0.7950030E+06

382.6  0.7944298E+06

382.8  0.7938570E+06

383.0  0.7932846E+06

383.2  0.7927125E+06

383.4  0.7921407E+06

383.6  0.7915693E+06

383.8  0.7909983E+06

384.0  0.7904276E+06

384.2  0.7898572E+06

384.4  0.7892872E+06

384.6  0.7887176E+06

384.8  0.7881483E+06

385.0  0.7875793E+06

385.2  0.7870107E+06

385.4  0.7864425E+06

385.6  0.7858746E+06

385.8  0.7853071E+06

386.0  0.7847400E+06

386.2  0.7841732E+06

386.4  0.7836067E+06

386.6  0.7830407E+06

386.8  0.7824749E+06

387.0  0.7819096E+06

387.2  0.7813446E+06

387.4  0.7807799E+06

387.6  0.7802157E+06

387.8  0.7796518E+06

388.0  0.7790882E+06

388.2  0.7785250E+06

388.4  0.7779622E+06

388.6  0.7773998E+06

388.8  0.7768377E+06

389.0  0.7762760E+06

389.2  0.7757146E+06

389.4  0.7751536E+06

389.6  0.7745930E+06

389.8  0.7740328E+06

390.0  0.7734729E+06

390.2  0.7729134E+06

390.4  0.7723542E+06

390.6  0.7717955E+06

390.8  0.7712371E+06

391.0  0.7706790E+06

391.2  0.7701214E+06

391.4  0.7695641E+06

391.6  0.7690072E+06

391.8  0.7684507E+06

392.0  0.7678945E+06

392.2  0.7673387E+06

392.4  0.7667833E+06

392.6  0.7662282E+06

392.8  0.7656736E+06

393.0  0.7651193E+06

393.2  0.7645654E+06

393.4  0.7640118E+06

393.6  0.7634586E+06

393.8  0.7629059E+06

394.0  0.7623534E+06

394.2  0.7618014E+06

394.4  0.7612497E+06

394.6  0.7606985E+06

394.8  0.7601476E+06

395.0  0.7595970E+06

395.2  0.7590469E+06

395.4  0.7584971E+06

395.6  0.7579477E+06

395.8  0.7573987E+06

396.0  0.7568501E+06

396.2  0.7563018E+06

396.4  0.7557539E+06

396.6  0.7552064E+06

396.8  0.7546593E+06

397.0  0.7541126E+06

397.2  0.7535662E+06

397.4  0.7530203E+06

397.6  0.7524747E+06

397.8  0.7519295E+06

398.0  0.7513846E+06

398.2  0.7508402E+06

398.4  0.7502961E+06

398.6  0.7497524E+06

398.8  0.7492091E+06

399.0  0.7486662E+06

399.2  0.7481237E+06

399.4  0.7475815E+06

399.6  0.7470398E+06

399.8  0.7464984E+06

400.0  0.7459574E+06

400.2  0.7454167E+06

400.4  0.7448765E+06

400.6  0.7443367E+06

400.8  0.7437972E+06

401.0  0.7432581E+06

401.2  0.7427194E+06

401.4  0.7421811E+06

401.6  0.7416431E+06

401.8  0.7411056E+06

402.0  0.7405684E+06

402.2  0.7400316E+06

402.4  0.7394952E+06

402.6  0.7389592E+06

402.8  0.7384235E+06

403.0  0.7378883E+06

403.2  0.7373534E+06

403.4  0.7368189E+06

403.6  0.7362848E+06

403.8  0.7357511E+06

404.0  0.7352178E+06

404.2  0.7346849E+06

404.4  0.7341523E+06

404.6  0.7336201E+06

404.8  0.7330883E+06

405.0  0.7325569E+06

405.2  0.7320259E+06

405.4  0.7314953E+06

405.6  0.7309650E+06

405.8  0.7304351E+06

406.0  0.7299057E+06

406.2  0.7293766E+06

406.4  0.7288478E+06

406.6  0.7283195E+06

406.8  0.7277916E+06

407.0  0.7272640E+06

407.2  0.7267368E+06

407.4  0.7262100E+06

407.6  0.7256836E+06

407.8  0.7251576E+06

408.0  0.7246320E+06

408.2  0.7241067E+06

408.4  0.7235818E+06

408.6  0.7230573E+06

408.8  0.7225332E+06

409.0  0.7220095E+06

409.2  0.7214862E+06

409.4  0.7209632E+06

409.6  0.7204406E+06

409.8  0.7199185E+06

410.0  0.7193967E+06

410.2  0.7188752E+06

410.4  0.7183542E+06

410.6  0.7178336E+06

410.8  0.7173133E+06

411.0  0.7167934E+06

411.2  0.7162739E+06

411.4  0.7157548E+06

411.6  0.7152360E+06

411.8  0.7147177E+06

412.0  0.7141997E+06

412.2  0.7136821E+06

412.4  0.7131649E+06

412.6  0.7126481E+06

412.8  0.7121317E+06

413.0  0.7116156E+06

413.2  0.7110999E+06

413.4  0.7105846E+06

413.6  0.7100697E+06

413.8  0.7095552E+06

414.0  0.7090410E+06

414.2  0.7085273E+06

414.4  0.7080139E+06

414.6  0.7075009E+06

414.8  0.7069883E+06

415.0  0.7064760E+06

415.2  0.7059642E+06

415.4  0.7054527E+06

415.6  0.7049416E+06

415.8  0.7044309E+06

416.0  0.7039205E+06

416.2  0.7034106E+06

416.4  0.7029010E+06

416.6  0.7023918E+06

416.8  0.7018829E+06

417.0  0.7013745E+06

417.2  0.7008664E+06

417.4  0.7003588E+06

417.6  0.6998514E+06

417.8  0.6993445E+06

418.0  0.6988380E+06

418.2  0.6983318E+06

418.4  0.6978260E+06

418.6  0.6973206E+06

418.8  0.6968156E+06

419.0  0.6963109E+06

419.2  0.6958066E+06

419.4  0.6953027E+06

419.6  0.6947992E+06

419.8  0.6942960E+06

420.0  0.6937933E+06

420.2  0.6932909E+06

420.4  0.6927889E+06

420.6  0.6922872E+06

420.8  0.6917859E+06

421.0  0.6912851E+06

421.2  0.6907845E+06

421.4  0.6902844E+06

421.6  0.6897846E+06

421.8  0.6892852E+06

422.0  0.6887862E+06

422.2  0.6882876E+06

422.4  0.6877893E+06

422.6  0.6872914E+06

422.8  0.6867939E+06

423.0  0.6862968E+06

423.2  0.6858000E+06

423.4  0.6853036E+06

423.6  0.6848076E+06

423.8  0.6843119E+06

424.0  0.6838166E+06

424.2  0.6833217E+06

424.4  0.6828272E+06

424.6  0.6823330E+06

424.8  0.6818393E+06

425.0  0.6813458E+06

425.2  0.6808528E+06

425.4  0.6803601E+06

425.6  0.6798678E+06

425.8  0.6793759E+06

426.0  0.6788843E+06

426.2  0.6783931E+06

426.4  0.6779023E+06

426.6  0.6774118E+06

426.8  0.6769218E+06

427.0  0.6764320E+06

427.2  0.6759427E+06

427.4  0.6754537E+06

427.6  0.6749651E+06

427.8  0.6744769E+06

428.0  0.6739890E+06

428.2  0.6735015E+06

428.4  0.6730144E+06

428.6  0.6725276E+06

428.8  0.6720412E+06

429.0  0.6715552E+06

429.2  0.6710695E+06

429.4  0.6705842E+06

429.6  0.6700993E+06

429.8  0.6696147E+06

430.0  0.6691305E+06

430.2  0.6686467E+06

430.4  0.6681632E+06

430.6  0.6676801E+06

430.8  0.6671973E+06

431.0  0.6667150E+06

431.2  0.6662329E+06

431.4  0.6657513E+06

431.6  0.6652700E+06

431.8  0.6647891E+06

432.0  0.6643085E+06

432.2  0.6638283E+06

432.4  0.6633485E+06

432.6  0.6628690E+06

432.8  0.6623899E+06

433.0  0.6619112E+06

433.2  0.6614328E+06

433.4  0.6609548E+06

433.6  0.6604771E+06

433.8  0.6599998E+06

434.0  0.6595229E+06

434.2  0.6590463E+06

434.4  0.6585701E+06

434.6  0.6580942E+06

434.8  0.6576187E+06

435.0  0.6571436E+06

435.2  0.6566688E+06

435.4  0.6561944E+06

435.6  0.6557203E+06

435.8  0.6552466E+06

436.0  0.6547733E+06

436.2  0.6543003E+06

436.4  0.6538276E+06

436.6  0.6533554E+06

436.8  0.6528834E+06

437.0  0.6524119E+06

437.2  0.6519407E+06

437.4  0.6514698E+06

437.6  0.6509993E+06

437.8  0.6505292E+06

438.0  0.6500594E+06

438.2  0.6495900E+06

438.4  0.6491209E+06

438.6  0.6486522E+06

438.8  0.6481839E+06

439.0  0.6477158E+06

439.2  0.6472482E+06

439.4  0.6467809E+06

439.6  0.6463140E+06

439.8  0.6458474E+06

440.0  0.6453811E+06

440.2  0.6449152E+06

440.4  0.6444497E+06

440.6  0.6439845E+06

440.8  0.6435197E+06

441.0  0.6430552E+06

441.2  0.6425911E+06

441.4  0.6421273E+06

441.6  0.6416639E+06

441.8  0.6412008E+06

442.0  0.6407380E+06

442.2  0.6402757E+06

442.4  0.6398136E+06

442.6  0.6393520E+06

442.8  0.6388906E+06

443.0  0.6384296E+06

443.2  0.6379690E+06

443.4  0.6375087E+06

443.6  0.6370488E+06

443.8  0.6365892E+06

444.0  0.6361300E+06

444.2  0.6356711E+06

444.4  0.6352125E+06

444.6  0.6347543E+06

444.8  0.6342965E+06

445.0  0.6338389E+06

445.2  0.6333818E+06

445.4  0.6329250E+06

445.6  0.6324685E+06

445.8  0.6320123E+06

446.0  0.6315566E+06

446.2  0.6311011E+06

446.4  0.6306460E+06

446.6  0.6301913E+06

446.8  0.6297369E+06

447.0  0.6292828E+06

447.2  0.6288291E+06

447.4  0.6283757E+06

447.6  0.6279226E+06

447.8  0.6274699E+06

448.0  0.6270176E+06

448.2  0.6265656E+06

448.4  0.6261139E+06

448.6  0.6256626E+06

448.8  0.6252116E+06

449.0  0.6247609E+06

449.2  0.6243106E+06

449.4  0.6238606E+06

449.6  0.6234110E+06

449.8  0.6229617E+06

450.0  0.6225128E+06

450.2  0.6220641E+06

450.4  0.6216159E+06

450.6  0.6211679E+06

450.8  0.6207203E+06

451.0  0.6202731E+06

451.2  0.6198261E+06

451.4  0.6193796E+06

451.6  0.6189333E+06

451.8  0.6184874E+06

452.0  0.6180418E+06

452.2  0.6175966E+06

452.4  0.6171516E+06

452.6  0.6167071E+06

452.8  0.6162628E+06

453.0  0.6158189E+06

453.2  0.6153754E+06

453.4  0.6149321E+06

453.6  0.6144892E+06

453.8  0.6140467E+06

454.0  0.6136044E+06

454.2  0.6131625E+06

454.4  0.6127210E+06

454.6  0.6122797E+06

454.8  0.6118388E+06

455.0  0.6113982E+06

455.2  0.6109580E+06

455.4  0.6105181E+06

455.6  0.6100785E+06

455.8  0.6096393E+06

456.0  0.6092004E+06

456.2  0.6087618E+06

456.4  0.6083235E+06

456.6  0.6078856E+06

456.8  0.6074480E+06

457.0  0.6070107E+06

457.2  0.6065738E+06

457.4  0.6061372E+06

457.6  0.6057009E+06

457.8  0.6052650E+06

458.0  0.6048293E+06

458.2  0.6043940E+06

458.4  0.6039591E+06

458.6  0.6035244E+06

458.8  0.6030901E+06

459.0  0.6026561E+06

459.2  0.6022224E+06

459.4  0.6017891E+06

459.6  0.6013561E+06

459.8  0.6009234E+06

460.0  0.6004910E+06

460.2  0.6000590E+06

460.4  0.5996273E+06

460.6  0.5991959E+06

460.8  0.5987648E+06

461.0  0.5983341E+06

461.2  0.5979037E+06

461.4  0.5974736E+06

461.6  0.5970438E+06

461.8  0.5966144E+06

462.0  0.5961852E+06

462.2  0.5957564E+06

462.4  0.5953280E+06

462.6  0.5948998E+06

462.8  0.5944720E+06

463.0  0.5940444E+06

463.2  0.5936172E+06

463.4  0.5931904E+06

463.6  0.5927638E+06

463.8  0.5923376E+06

464.0  0.5919117E+06

464.2  0.5914861E+06

464.4  0.5910608E+06

464.6  0.5906358E+06

464.8  0.5902112E+06

465.0  0.5897868E+06

465.2  0.5893628E+06

465.4  0.5889392E+06

465.6  0.5885158E+06

465.8  0.5880927E+06

466.0  0.5876700E+06

466.2  0.5872476E+06

466.4  0.5868255E+06

466.6  0.5864037E+06

466.8  0.5859822E+06

467.0  0.5855611E+06

467.2  0.5851402E+06

467.4  0.5847197E+06

467.6  0.5842995E+06

467.8  0.5838796E+06

468.0  0.5834600E+06

468.2  0.5830407E+06

468.4  0.5826218E+06

468.6  0.5822031E+06

468.8  0.5817848E+06

469.0  0.5813668E+06

469.2  0.5809491E+06

469.4  0.5805317E+06

469.6  0.5801146E+06

469.8  0.5796978E+06

470.0  0.5792814E+06

470.2  0.5788652E+06

470.4  0.5784494E+06

470.6  0.5780339E+06

470.8  0.5776187E+06

471.0  0.5772038E+06

471.2  0.5767892E+06

471.4  0.5763749E+06

471.6  0.5759609E+06

471.8  0.5755473E+06

472.0  0.5751339E+06

472.2  0.5747209E+06

472.4  0.5743081E+06

472.6  0.5738957E+06

472.8  0.5734836E+06

473.0  0.5730718E+06

473.2  0.5726603E+06

473.4  0.5722491E+06

473.6  0.5718382E+06

473.8  0.5714276E+06

474.0  0.5710173E+06

474.2  0.5706073E+06

474.4  0.5701977E+06

474.6  0.5697883E+06

474.8  0.5693792E+06

475.0  0.5689705E+06

475.2  0.5685620E+06

475.4  0.5681539E+06

475.6  0.5677461E+06

475.8  0.5673385E+06

476.0  0.5669313E+06

476.2  0.5665244E+06

476.4  0.5661177E+06

476.6  0.5657114E+06

476.8  0.5653054E+06

477.0  0.5648997E+06

477.2  0.5644943E+06

477.4  0.5640891E+06

477.6  0.5636843E+06

477.8  0.5632798E+06

478.0  0.5628756E+06

478.2  0.5624717E+06

478.4  0.5620681E+06

478.6  0.5616648E+06

478.8  0.5612618E+06

479.0  0.5608591E+06

479.2  0.5604567E+06

479.4  0.5600546E+06

479.6  0.5596528E+06

479.8  0.5592512E+06

480.0  0.5588500E+06

480.2  0.5584491E+06

480.4  0.5580485E+06

480.6  0.5576482E+06

480.8  0.5572482E+06

481.0  0.5568484E+06

481.2  0.5564490E+06

481.4  0.5560499E+06

481.6  0.5556511E+06

481.8  0.5552525E+06

482.0  0.5548543E+06

482.2  0.5544563E+06

482.4  0.5540587E+06

482.6  0.5536613E+06

482.8  0.5532643E+06

483.0  0.5528675E+06

483.2  0.5524710E+06

483.4  0.5520749E+06

483.6  0.5516790E+06

483.8  0.5512834E+06

484.0  0.5508881E+06

484.2  0.5504931E+06

484.4  0.5500984E+06

484.6  0.5497040E+06

484.8  0.5493099E+06

485.0  0.5489160E+06

485.2  0.5485225E+06

485.4  0.5481292E+06

485.6  0.5477363E+06

485.8  0.5473436E+06

486.0  0.5469512E+06

486.2  0.5465592E+06

486.4  0.5461674E+06

486.6  0.5457759E+06

486.8  0.5453847E+06

487.0  0.5449937E+06

487.2  0.5446031E+06

487.4  0.5442128E+06

487.6  0.5438227E+06

487.8  0.5434330E+06

488.0  0.5430435E+06

488.2  0.5426543E+06

488.4  0.5422654E+06

488.6  0.5418768E+06

488.8  0.5414885E+06

489.0  0.5411004E+06

489.2  0.5407127E+06

489.4  0.5403252E+06

489.6  0.5399380E+06

489.8  0.5395511E+06

490.0  0.5391645E+06

490.2  0.5387782E+06

490.4  0.5383922E+06

490.6  0.5380065E+06

490.8  0.5376210E+06

491.0  0.5372358E+06

491.2  0.5368509E+06

491.4  0.5364663E+06

491.6  0.5360820E+06

491.8  0.5356980E+06

492.0  0.5353142E+06

492.2  0.5349307E+06

492.4  0.5345475E+06

492.6  0.5341646E+06

492.8  0.5337820E+06

493.0  0.5333997E+06

493.2  0.5330176E+06

493.4  0.5326359E+06

493.6  0.5322544E+06

493.8  0.5318732E+06

494.0  0.5314922E+06

494.2  0.5311116E+06

494.4  0.5307312E+06

494.6  0.5303511E+06

494.8  0.5299713E+06

495.0  0.5295918E+06

495.2  0.5292125E+06

495.4  0.5288336E+06

495.6  0.5284549E+06

495.8  0.5280765E+06

496.0  0.5276984E+06

496.2  0.5273205E+06

496.4  0.5269429E+06

496.6  0.5265657E+06

496.8  0.5261886E+06

497.0  0.5258119E+06

497.2  0.5254354E+06

497.4  0.5250593E+06

497.6  0.5246834E+06

497.8  0.5243077E+06

498.0  0.5239324E+06

498.2  0.5235573E+06

498.4  0.5231825E+06

498.6  0.5228080E+06

498.8  0.5224337E+06

499.0  0.5220598E+06

499.2  0.5216861E+06

499.4  0.5213127E+06

499.6  0.5209395E+06

499.8  0.5205667E+06

500.0  0.5201941E+06

