100  0.1844315E+04

100.2  0.2054225E+04

100.4  0.2274263E+04

100.6  0.2503978E+04

100.8  0.2742908E+04

101.0  0.2990586E+04

101.2  0.3246547E+04

101.4  0.3510329E+04

101.6  0.3781477E+04

101.8  0.4059546E+04

102.0  0.4344102E+04

102.2  0.4634725E+04

102.4  0.4931009E+04

102.6  0.5232562E+04

102.8  0.5539008E+04

103.0  0.5849988E+04

103.2  0.6165157E+04

103.4  0.6484189E+04

103.6  0.6806770E+04

103.8  0.7132605E+04

104.0  0.7461412E+04

104.2  0.7792926E+04

104.4  0.8126894E+04

104.6  0.8463079E+04

104.8  0.8801256E+04

105.0  0.9141215E+04

105.2  0.9482757E+04

105.4  0.9825694E+04

105.6  0.1016985E+05

105.8  0.1051506E+05

106.0  0.1086118E+05

106.2  0.1120805E+05

106.4  0.1155554E+05

106.6  0.1190352E+05

106.8  0.1225188E+05

107.0  0.1260051E+05

107.2  0.1294931E+05

107.4  0.1329817E+05

107.6  0.1364701E+05

107.8  0.1399575E+05

108.0  0.1434432E+05

108.2  0.1469263E+05

108.4  0.1504064E+05

108.6  0.1538827E+05

108.8  0.1573547E+05

109.0  0.1608219E+05

109.2  0.1642839E+05

109.4  0.1677402E+05

109.6  0.1711905E+05

109.8  0.1746343E+05

110.0  0.1780714E+05

110.2  0.1815014E+05

110.4  0.1849242E+05

110.6  0.1883395E+05

110.8  0.1917470E+05

111.0  0.1951467E+05

111.2  0.1985383E+05

111.4  0.2019217E+05

111.6  0.2052968E+05

111.8  0.2086635E+05

112.0  0.2120217E+05

112.2  0.2153714E+05

112.4  0.2187125E+05

112.6  0.2220449E+05

112.8  0.2253688E+05

113.0  0.2286839E+05

113.2  0.2319905E+05

113.4  0.2352884E+05

113.6  0.2385777E+05

113.8  0.2418584E+05

114.0  0.2451307E+05

114.2  0.2483944E+05

114.4  0.2516498E+05

114.6  0.2548969E+05

114.8  0.2581357E+05

115.0  0.2613664E+05

115.2  0.2645889E+05

115.4  0.2678036E+05

115.6  0.2710103E+05

115.8  0.2742092E+05

116.0  0.2774005E+05

116.2  0.2805843E+05

116.4  0.2837606E+05

116.6  0.2869296E+05

116.8  0.2900914E+05

117.0  0.2932461E+05

117.2  0.2963939E+05

117.4  0.2995349E+05

117.6  0.3026692E+05

117.8  0.3057970E+05

118.0  0.3089184E+05

118.2  0.3120336E+05

118.4  0.3151426E+05

118.6  0.3182457E+05

118.8  0.3213429E+05

119.0  0.3244344E+05

119.2  0.3275204E+05

119.4  0.3306010E+05

119.6  0.3336763E+05

119.8  0.3367466E+05

120.0  0.3398118E+05

120.2  0.3428723E+05

120.4  0.3459281E+05

120.6  0.3489794E+05

120.8  0.3520263E+05

121.0  0.3550690E+05

121.2  0.3581076E+05

121.4  0.3611423E+05

121.6  0.3641732E+05

121.8  0.3672005E+05

122.0  0.3702243E+05

122.2  0.3732448E+05

122.4  0.3762621E+05

122.6  0.3792764E+05

122.8  0.3822877E+05

123.0  0.3852963E+05

123.2  0.3883023E+05

123.4  0.3913058E+05

123.6  0.3943070E+05

123.8  0.3973061E+05

124.0  0.4003031E+05

124.2  0.4032982E+05

124.4  0.4062915E+05

124.6  0.4092832E+05

124.8  0.4122735E+05

125.0  0.4152625E+05

125.2  0.4182502E+05

125.4  0.4212369E+05

125.6  0.4242226E+05

125.8  0.4272076E+05

126.0  0.4301920E+05

126.2  0.4331758E+05

126.4  0.4361592E+05

126.6  0.4391424E+05

126.8  0.4421255E+05

127.0  0.4451086E+05

127.2  0.4480919E+05

127.4  0.4510754E+05

127.6  0.4540594E+05

127.8  0.4570439E+05

128.0  0.4600290E+05

128.2  0.4630150E+05

128.4  0.4660019E+05

128.6  0.4689898E+05

128.8  0.4719789E+05

129.0  0.4749693E+05

129.2  0.4779611E+05

129.4  0.4809545E+05

129.6  0.4839496E+05

129.8  0.4869464E+05

130.0  0.4899451E+05

130.2  0.4929459E+05

130.4  0.4959488E+05

130.6  0.4989540E+05

130.8  0.5019616E+05

131.0  0.5049717E+05

131.2  0.5079844E+05

131.4  0.5109999E+05

131.6  0.5140182E+05

131.8  0.5170395E+05

132.0  0.5200638E+05

132.2  0.5230914E+05

132.4  0.5261223E+05

132.6  0.5291566E+05

132.8  0.5321944E+05

133.0  0.5352359E+05

133.2  0.5382812E+05

133.4  0.5413303E+05

133.6  0.5443835E+05

133.8  0.5474407E+05

134.0  0.5505021E+05

134.2  0.5535678E+05

134.4  0.5566379E+05

134.6  0.5597126E+05

134.8  0.5627919E+05

135.0  0.5658759E+05

135.2  0.5689648E+05

135.4  0.5720586E+05

135.6  0.5751575E+05

135.8  0.5782615E+05

136.0  0.5813708E+05

136.2  0.5844855E+05

136.4  0.5876056E+05

136.6  0.5907313E+05

136.8  0.5938627E+05

137.0  0.5969999E+05

137.2  0.6001429E+05

137.4  0.6032919E+05

137.6  0.6064470E+05

137.8  0.6096083E+05

138.0  0.6127759E+05

138.2  0.6159498E+05

138.4  0.6191302E+05

138.6  0.6223172E+05

138.8  0.6255109E+05

139.0  0.6287114E+05

139.2  0.6319187E+05

139.4  0.6351330E+05

139.6  0.6383544E+05

139.8  0.6415829E+05

140.0  0.6448187E+05

140.2  0.6480619E+05

140.4  0.6513125E+05

140.6  0.6545706E+05

140.8  0.6578365E+05

141.0  0.6611100E+05

141.2  0.6643914E+05

141.4  0.6676808E+05

141.6  0.6709781E+05

141.8  0.6742836E+05

142.0  0.6775973E+05

142.2  0.6809193E+05

142.4  0.6842498E+05

142.6  0.6875887E+05

142.8  0.6909362E+05

143.0  0.6942924E+05

143.2  0.6976574E+05

143.4  0.7010313E+05

143.6  0.7044141E+05

143.8  0.7078060E+05

144.0  0.7112071E+05

144.2  0.7146173E+05

144.4  0.7180370E+05

144.6  0.7214660E+05

144.8  0.7249046E+05

145.0  0.7283528E+05

145.2  0.7318107E+05

145.4  0.7352784E+05

145.6  0.7387560E+05

145.8  0.7422436E+05

146.0  0.7457412E+05

146.2  0.7492490E+05

146.4  0.7527671E+05

146.6  0.7562955E+05

146.8  0.7598343E+05

147.0  0.7633837E+05

147.2  0.7669437E+05

147.4  0.7705144E+05

147.6  0.7740959E+05

147.8  0.7776883E+05

148.0  0.7812917E+05

148.2  0.7849062E+05

148.4  0.7885319E+05

148.6  0.7921688E+05

148.8  0.7958170E+05

149.0  0.7994767E+05

149.2  0.8031479E+05

149.4  0.8068308E+05

149.6  0.8105253E+05

149.8  0.8142317E+05

150.0  0.8179500E+05

150.2  0.8216802E+05

150.4  0.8254226E+05

150.6  0.8291771E+05

150.8  0.8329439E+05

151.0  0.8367230E+05

151.2  0.8405145E+05

151.4  0.8443186E+05

151.6  0.8481354E+05

151.8  0.8519648E+05

152.0  0.8558071E+05

152.2  0.8596623E+05

152.4  0.8635305E+05

152.6  0.8674117E+05

152.8  0.8713061E+05

153.0  0.8752139E+05

153.2  0.8791349E+05

153.4  0.8830695E+05

153.6  0.8870176E+05

153.8  0.8909793E+05

154.0  0.8949548E+05

154.2  0.8989441E+05

154.4  0.9029473E+05

154.6  0.9069645E+05

154.8  0.9109959E+05

155.0  0.9150414E+05

155.2  0.9191013E+05

155.4  0.9231756E+05

155.6  0.9272643E+05

155.8  0.9313676E+05

156.0  0.9354856E+05

156.2  0.9396184E+05

156.4  0.9437660E+05

156.6  0.9479286E+05

156.8  0.9521063E+05

157.0  0.9562991E+05

157.2  0.9605071E+05

157.4  0.9647305E+05

157.6  0.9689694E+05

157.8  0.9732238E+05

158.0  0.9774938E+05

158.2  0.9817796E+05

158.4  0.9860812E+05

158.6  0.9903987E+05

158.8  0.9947322E+05

159.0  0.9990819E+05

159.2  0.1003448E+06

159.4  0.1007830E+06

159.6  0.1012229E+06

159.8  0.1016644E+06

160.0  0.1021076E+06

160.2  0.1025524E+06

160.4  0.1029990E+06

160.6  0.1034472E+06

160.8  0.1038971E+06

161.0  0.1043488E+06

161.2  0.1048021E+06

161.4  0.1052572E+06

161.6  0.1057141E+06

161.8  0.1061727E+06

162.0  0.1066330E+06

162.2  0.1070951E+06

162.4  0.1075591E+06

162.6  0.1080248E+06

162.8  0.1084923E+06

163.0  0.1089616E+06

163.2  0.1094328E+06

163.4  0.1099058E+06

163.6  0.1103807E+06

163.8  0.1108574E+06

164.0  0.1113359E+06

164.2  0.1118164E+06

164.4  0.1122987E+06

164.6  0.1127830E+06

164.8  0.1132692E+06

165.0  0.1137573E+06

165.2  0.1142473E+06

165.4  0.1147393E+06

165.6  0.1152332E+06

165.8  0.1157291E+06

166.0  0.1162270E+06

166.2  0.1167268E+06

166.4  0.1172287E+06

166.6  0.1177326E+06

166.8  0.1182385E+06

167.0  0.1187465E+06

167.2  0.1192565E+06

167.4  0.1197685E+06

167.6  0.1202826E+06

167.8  0.1207989E+06

168.0  0.1213172E+06

168.2  0.1218376E+06

168.4  0.1223601E+06

168.6  0.1228848E+06

168.8  0.1234116E+06

169.0  0.1239406E+06

169.2  0.1244717E+06

169.4  0.1250050E+06

169.6  0.1255405E+06

169.8  0.1260783E+06

170.0  0.1266182E+06

170.2  0.1271604E+06

170.4  0.1277048E+06

170.6  0.1282514E+06

170.8  0.1288004E+06

171.0  0.1293516E+06

171.2  0.1299051E+06

171.4  0.1304609E+06

171.6  0.1310190E+06

171.8  0.1315795E+06

172.0  0.1321423E+06

172.2  0.1327075E+06

172.4  0.1332751E+06

172.6  0.1338450E+06

172.8  0.1344174E+06

173.0  0.1349921E+06

173.2  0.1355693E+06

173.4  0.1361490E+06

173.6  0.1367311E+06

173.8  0.1373156E+06

174.0  0.1379027E+06

174.2  0.1384922E+06

174.4  0.1390843E+06

174.6  0.1396789E+06

174.8  0.1402761E+06

175.0  0.1408758E+06

175.2  0.1414781E+06

175.4  0.1420830E+06

175.6  0.1426905E+06

175.8  0.1433006E+06

176.0  0.1439133E+06

176.2  0.1445287E+06

176.4  0.1451468E+06

176.6  0.1457676E+06

176.8  0.1463910E+06

177.0  0.1470172E+06

177.2  0.1476461E+06

177.4  0.1482778E+06

177.6  0.1489122E+06

177.8  0.1495494E+06

178.0  0.1501895E+06

178.2  0.1508323E+06

178.4  0.1514780E+06

178.6  0.1521265E+06

178.8  0.1527779E+06

179.0  0.1534322E+06

179.2  0.1540895E+06

179.4  0.1547496E+06

179.6  0.1554127E+06

179.8  0.1560788E+06

180.0  0.1567478E+06

180.2  0.1574199E+06

180.4  0.1580950E+06

180.6  0.1587731E+06

180.8  0.1594543E+06

181.0  0.1601386E+06

181.2  0.1608259E+06

181.4  0.1615165E+06

181.6  0.1622101E+06

181.8  0.1629070E+06

182.0  0.1636070E+06

182.2  0.1643102E+06

182.4  0.1650167E+06

182.6  0.1657265E+06

182.8  0.1664395E+06

183.0  0.1671558E+06

183.2  0.1678755E+06

183.4  0.1685985E+06

183.6  0.1693249E+06

183.8  0.1700547E+06

184.0  0.1707879E+06

184.2  0.1715246E+06

184.4  0.1722648E+06

184.6  0.1730084E+06

184.8  0.1737556E+06

185.0  0.1745064E+06

185.2  0.1752607E+06

185.4  0.1760187E+06

185.6  0.1767803E+06

185.8  0.1775456E+06

186.0  0.1783146E+06

186.2  0.1790873E+06

186.4  0.1798637E+06

186.6  0.1806440E+06

186.8  0.1814281E+06

187.0  0.1822160E+06

187.2  0.1830078E+06

187.4  0.1838036E+06

187.6  0.1846032E+06

187.8  0.1854069E+06

188.0  0.1862146E+06

188.2  0.1870263E+06

188.4  0.1878422E+06

188.6  0.1886621E+06

188.8  0.1894862E+06

189.0  0.1903145E+06

189.2  0.1911471E+06

189.4  0.1919839E+06

189.6  0.1928250E+06

189.8  0.1936704E+06

190.0  0.1945203E+06

190.2  0.1953746E+06

190.4  0.1962333E+06

190.6  0.1970965E+06

190.8  0.1979643E+06

191.0  0.1988367E+06

191.2  0.1997138E+06

191.4  0.2005955E+06

191.6  0.2014819E+06

191.8  0.2023731E+06

192.0  0.2032692E+06

192.2  0.2041700E+06

192.4  0.2050758E+06

192.6  0.2059866E+06

192.8  0.2069023E+06

193.0  0.2078231E+06

193.2  0.2087491E+06

193.4  0.2096801E+06

193.6  0.2106164E+06

193.8  0.2115579E+06

194.0  0.2125048E+06

194.2  0.2134570E+06

194.4  0.2144146E+06

194.6  0.2153777E+06

194.8  0.2163463E+06

195.0  0.2173204E+06

195.2  0.2183003E+06

195.4  0.2192858E+06

195.6  0.2202770E+06

195.8  0.2212741E+06

196.0  0.2222770E+06

196.2  0.2232859E+06

196.4  0.2243007E+06

196.6  0.2253216E+06

196.8  0.2263485E+06

197.0  0.2273817E+06

197.2  0.2284211E+06

197.4  0.2294667E+06

197.6  0.2305187E+06

197.8  0.2315771E+06

198.0  0.2326420E+06

198.2  0.2337135E+06

198.4  0.2347915E+06

198.6  0.2358763E+06

198.8  0.2369677E+06

199.0  0.2380660E+06

199.2  0.2391711E+06

199.4  0.2402832E+06

199.6  0.2414022E+06

199.8  0.2425284E+06

200.0  0.2436616E+06

200.2  0.2448021E+06

200.4  0.2459498E+06

200.6  0.2471049E+06

200.8  0.2482674E+06

201.0  0.2494374E+06

201.2  0.2506149E+06

201.4  0.2518000E+06

201.6  0.2529928E+06

201.8  0.2541933E+06

202.0  0.2554017E+06

202.2  0.2566180E+06

202.4  0.2578422E+06

202.6  0.2590744E+06

202.8  0.2603147E+06

203.0  0.2615632E+06

203.2  0.2628199E+06

203.4  0.2640849E+06

203.6  0.2653583E+06

203.8  0.2666400E+06

204.0  0.2679303E+06

204.2  0.2692292E+06

204.4  0.2705367E+06

204.6  0.2718528E+06

204.8  0.2731778E+06

205.0  0.2745115E+06

205.2  0.2758542E+06

205.4  0.2772058E+06

205.6  0.2785664E+06

205.8  0.2799361E+06

206.0  0.2813149E+06

206.2  0.2827029E+06

206.4  0.2841002E+06

206.6  0.2855068E+06

206.8  0.2869228E+06

207.0  0.2883482E+06

207.2  0.2897831E+06

207.4  0.2912275E+06

207.6  0.2926816E+06

207.8  0.2941452E+06

208.0  0.2956187E+06

208.2  0.2971018E+06

208.4  0.2985948E+06

208.6  0.3000976E+06

208.8  0.3016103E+06

209.0  0.3031330E+06

209.2  0.3046657E+06

209.4  0.3062084E+06

209.6  0.3077612E+06

209.8  0.3093241E+06

210.0  0.3108972E+06

210.2  0.3124805E+06

210.4  0.3140740E+06

210.6  0.3156778E+06

210.8  0.3172919E+06

211.0  0.3189163E+06

211.2  0.3205511E+06

211.4  0.3221963E+06

211.6  0.3238519E+06

211.8  0.3255180E+06

212.0  0.3271945E+06

212.2  0.3288816E+06

212.4  0.3305791E+06

212.6  0.3322872E+06

212.8  0.3340058E+06

213.0  0.3357350E+06

213.2  0.3374747E+06

213.4  0.3392250E+06

213.6  0.3409860E+06

213.8  0.3427575E+06

214.0  0.3445396E+06

214.2  0.3463323E+06

214.4  0.3481356E+06

214.6  0.3499495E+06

214.8  0.3517741E+06

215.0  0.3536092E+06

215.2  0.3554548E+06

215.4  0.3573111E+06

215.6  0.3591779E+06

215.8  0.3610552E+06

216.0  0.3629431E+06

216.2  0.3648415E+06

216.4  0.3667503E+06

216.6  0.3686697E+06

216.8  0.3705994E+06

217.0  0.3725396E+06

217.2  0.3744901E+06

217.4  0.3764510E+06

217.6  0.3784222E+06

217.8  0.3804036E+06

218.0  0.3823953E+06

218.2  0.3843972E+06

218.4  0.3864092E+06

218.6  0.3884313E+06

218.8  0.3904634E+06

219.0  0.3925056E+06

219.2  0.3945577E+06

219.4  0.3966196E+06

219.6  0.3986915E+06

219.8  0.4007730E+06

220.0  0.4028643E+06

220.2  0.4049653E+06

220.4  0.4070758E+06

220.6  0.4091958E+06

220.8  0.4113252E+06

221.0  0.4134641E+06

221.2  0.4156122E+06

221.4  0.4177695E+06

221.6  0.4199360E+06

221.8  0.4221115E+06

222.0  0.4242959E+06

222.2  0.4264893E+06

222.4  0.4286914E+06

222.6  0.4309023E+06

222.8  0.4331217E+06

223.0  0.4353497E+06

223.2  0.4375861E+06

223.4  0.4398308E+06

223.6  0.4420837E+06

223.8  0.4443448E+06

224.0  0.4466139E+06

224.2  0.4488908E+06

224.4  0.4511756E+06

224.6  0.4534681E+06

224.8  0.4557682E+06

225.0  0.4580757E+06

225.2  0.4603906E+06

225.4  0.4627128E+06

225.6  0.4650420E+06

225.8  0.4673783E+06

226.0  0.4697214E+06

226.2  0.4720714E+06

226.4  0.4744279E+06

226.6  0.4767910E+06

226.8  0.4791604E+06

227.0  0.4815361E+06

227.2  0.4839179E+06

227.4  0.4863058E+06

227.6  0.4886994E+06

227.8  0.4910989E+06

228.0  0.4935039E+06

228.2  0.4959143E+06

228.4  0.4983301E+06

228.6  0.5007511E+06

228.8  0.5031771E+06

229.0  0.5056080E+06

229.2  0.5080437E+06

229.4  0.5104840E+06

229.6  0.5129288E+06

229.8  0.5153779E+06

230.0  0.5178312E+06

230.2  0.5202885E+06

230.4  0.5227497E+06

230.6  0.5252147E+06

230.8  0.5276832E+06

231.0  0.5301552E+06

231.2  0.5326305E+06

231.4  0.5351090E+06

231.6  0.5375904E+06

231.8  0.5400747E+06

232.0  0.5425617E+06

232.2  0.5450512E+06

232.4  0.5475431E+06

232.6  0.5500372E+06

232.8  0.5525334E+06

233.0  0.5550316E+06

233.2  0.5575315E+06

233.4  0.5600330E+06

233.6  0.5625360E+06

233.8  0.5650403E+06

234.0  0.5675457E+06

234.2  0.5700522E+06

234.4  0.5725594E+06

234.6  0.5750674E+06

234.8  0.5775759E+06

235.0  0.5800848E+06

235.2  0.5825939E+06

235.4  0.5851031E+06

235.6  0.5876121E+06

235.8  0.5901210E+06

236.0  0.5926294E+06

236.2  0.5951373E+06

236.4  0.5976445E+06

236.6  0.6001508E+06

236.8  0.6026561E+06

237.0  0.6051603E+06

237.2  0.6076631E+06

237.4  0.6101645E+06

237.6  0.6126642E+06

237.8  0.6151622E+06

238.0  0.6176583E+06

238.2  0.6201522E+06

238.4  0.6226440E+06

238.6  0.6251334E+06

238.8  0.6276203E+06

239.0  0.6301045E+06

239.2  0.6325860E+06

239.4  0.6350644E+06

239.6  0.6375398E+06

239.8  0.6400119E+06

240.0  0.6424807E+06

240.2  0.6449459E+06

240.4  0.6474074E+06

240.6  0.6498652E+06

240.8  0.6523190E+06

241.0  0.6547687E+06

241.2  0.6572141E+06

241.4  0.6596552E+06

241.6  0.6620918E+06

241.8  0.6645238E+06

242.0  0.6669510E+06

242.2  0.6693733E+06

242.4  0.6717906E+06

242.6  0.6742026E+06

242.8  0.6766095E+06

243.0  0.6790108E+06

243.2  0.6814067E+06

243.4  0.6837968E+06

243.6  0.6861812E+06

243.8  0.6885596E+06

244.0  0.6909320E+06

244.2  0.6932982E+06

244.4  0.6956581E+06

244.6  0.6980117E+06

244.8  0.7003586E+06

245.0  0.7026990E+06

245.2  0.7050326E+06

245.4  0.7073593E+06

245.6  0.7096791E+06

245.8  0.7119917E+06

246.0  0.7142971E+06

246.2  0.7165953E+06

246.4  0.7188860E+06

246.6  0.7211692E+06

246.8  0.7234447E+06

247.0  0.7257125E+06

247.2  0.7279725E+06

247.4  0.7302246E+06

247.6  0.7324686E+06

247.8  0.7347045E+06

248.0  0.7369321E+06

248.2  0.7391514E+06

248.4  0.7413623E+06

248.6  0.7435648E+06

248.8  0.7457586E+06

249.0  0.7479437E+06

249.2  0.7501200E+06

249.4  0.7522875E+06

249.6  0.7544460E+06

249.8  0.7565955E+06

250.0  0.7587359E+06

250.2  0.7608671E+06

250.4  0.7629891E+06

250.6  0.7651016E+06

250.8  0.7672048E+06

251.0  0.7692985E+06

251.2  0.7713825E+06

251.4  0.7734570E+06

251.6  0.7755217E+06

251.8  0.7775766E+06

252.0  0.7796217E+06

252.2  0.7816569E+06

252.4  0.7836820E+06

252.6  0.7856972E+06

252.8  0.7877022E+06

253.0  0.7896970E+06

253.2  0.7916817E+06

253.4  0.7936560E+06

253.6  0.7956200E+06

253.8  0.7975736E+06

254.0  0.7995167E+06

254.2  0.8014494E+06

254.4  0.8033715E+06

254.6  0.8052829E+06

254.8  0.8071838E+06

255.0  0.8090739E+06

255.2  0.8109533E+06

255.4  0.8128219E+06

255.6  0.8146796E+06

255.8  0.8165265E+06

256.0  0.8183625E+06

256.2  0.8201875E+06

256.4  0.8220016E+06

256.6  0.8238046E+06

256.8  0.8255965E+06

257.0  0.8273774E+06

257.2  0.8291471E+06

257.4  0.8309057E+06

257.6  0.8326531E+06

257.8  0.8343893E+06

258.0  0.8361142E+06

258.2  0.8378279E+06

258.4  0.8395303E+06

258.6  0.8412213E+06

258.8  0.8429011E+06

259.0  0.8445694E+06

259.2  0.8462264E+06

259.4  0.8478720E+06

259.6  0.8495061E+06

259.8  0.8511289E+06

260.0  0.8527401E+06

260.2  0.8543400E+06

260.4  0.8559283E+06

260.6  0.8575052E+06

260.8  0.8590705E+06

261.0  0.8606244E+06

261.2  0.8621667E+06

261.4  0.8636975E+06

261.6  0.8652168E+06

261.8  0.8667245E+06

262.0  0.8682207E+06

262.2  0.8697053E+06

262.4  0.8711784E+06

262.6  0.8726400E+06

262.8  0.8740900E+06

263.0  0.8755284E+06

263.2  0.8769553E+06

263.4  0.8783706E+06

263.6  0.8797744E+06

263.8  0.8811667E+06

264.0  0.8825474E+06

264.2  0.8839166E+06

264.4  0.8852743E+06

264.6  0.8866205E+06

264.8  0.8879552E+06

265.0  0.8892783E+06

265.2  0.8905900E+06

265.4  0.8918902E+06

265.6  0.8931790E+06

265.8  0.8944563E+06

266.0  0.8957221E+06

266.2  0.8969766E+06

266.4  0.8982196E+06

266.6  0.8994513E+06

266.8  0.9006716E+06

267.0  0.9018805E+06

267.2  0.9030781E+06

267.4  0.9042644E+06

267.6  0.9054393E+06

267.8  0.9066030E+06

268.0  0.9077555E+06

268.2  0.9088967E+06

268.4  0.9100267E+06

268.6  0.9111455E+06

268.8  0.9122532E+06

269.0  0.9133497E+06

269.2  0.9144351E+06

269.4  0.9155094E+06

269.6  0.9165726E+06

269.8  0.9176248E+06

270.0  0.9186660E+06

270.2  0.9196962E+06

270.4  0.9207155E+06

270.6  0.9217238E+06

270.8  0.9227213E+06

271.0  0.9237079E+06

271.2  0.9246836E+06

271.4  0.9256486E+06

271.6  0.9266027E+06

271.8  0.9275462E+06

272.0  0.9284789E+06

272.2  0.9294010E+06

272.4  0.9303124E+06

272.6  0.9312133E+06

272.8  0.9321035E+06

273.0  0.9329833E+06

273.2  0.9338525E+06

273.4  0.9347113E+06

273.6  0.9355596E+06

273.8  0.9363976E+06

274.0  0.9372252E+06

274.2  0.9380424E+06

274.4  0.9388494E+06

274.6  0.9396462E+06

274.8  0.9404328E+06

275.0  0.9412092E+06

275.2  0.9419755E+06

275.4  0.9427317E+06

275.6  0.9434778E+06

275.8  0.9442140E+06

276.0  0.9449402E+06

276.2  0.9456565E+06

276.4  0.9463628E+06

276.6  0.9470594E+06

276.8  0.9477461E+06

277.0  0.9484231E+06

277.2  0.9490904E+06

277.4  0.9497480E+06

277.6  0.9503960E+06

277.8  0.9510344E+06

278.0  0.9516632E+06

278.2  0.9522826E+06

278.4  0.9528924E+06

278.6  0.9534929E+06

278.8  0.9540840E+06

279.0  0.9546658E+06

279.2  0.9552383E+06

279.4  0.9558015E+06

279.6  0.9563556E+06

279.8  0.9569005E+06

280.0  0.9574362E+06

280.2  0.9579630E+06

280.4  0.9584807E+06

280.6  0.9589895E+06

280.8  0.9594893E+06

281.0  0.9599802E+06

281.2  0.9604623E+06

281.4  0.9609356E+06

281.6  0.9614002E+06

281.8  0.9618561E+06

282.0  0.9623033E+06

282.2  0.9627419E+06

282.4  0.9631720E+06

282.6  0.9635935E+06

282.8  0.9640066E+06

283.0  0.9644113E+06

283.2  0.9648075E+06

283.4  0.9651955E+06

283.6  0.9655751E+06

283.8  0.9659466E+06

284.0  0.9663098E+06

284.2  0.9666649E+06

284.4  0.9670119E+06

284.6  0.9673508E+06

284.8  0.9676817E+06

285.0  0.9680047E+06

285.2  0.9683197E+06

285.4  0.9686269E+06

285.6  0.9689263E+06

285.8  0.9692179E+06

286.0  0.9695017E+06

286.2  0.9697779E+06

286.4  0.9700465E+06

286.6  0.9703074E+06

286.8  0.9705608E+06

287.0  0.9708067E+06

287.2  0.9710452E+06

287.4  0.9712763E+06

287.6  0.9714999E+06

287.8  0.9717163E+06

288.0  0.9719254E+06

288.2  0.9721273E+06

288.4  0.9723221E+06

288.6  0.9725096E+06

288.8  0.9726901E+06

289.0  0.9728636E+06

289.2  0.9730301E+06

289.4  0.9731896E+06

289.6  0.9733422E+06

289.8  0.9734880E+06

290.0  0.9736269E+06

290.2  0.9737591E+06

290.4  0.9738846E+06

290.6  0.9740033E+06

290.8  0.9741155E+06

291.0  0.9742210E+06

291.2  0.9743200E+06

291.4  0.9744125E+06

291.6  0.9744986E+06

291.8  0.9745782E+06

292.0  0.9746515E+06

292.2  0.9747185E+06

292.4  0.9747791E+06

292.6  0.9748336E+06

292.8  0.9748818E+06

293.0  0.9749239E+06

293.2  0.9749599E+06

293.4  0.9749898E+06

293.6  0.9750137E+06

293.8  0.9750316E+06

294.0  0.9750436E+06

294.2  0.9750497E+06

294.4  0.9750499E+06

294.6  0.9750444E+06

294.8  0.9750330E+06

295.0  0.9750160E+06

295.2  0.9749933E+06

295.4  0.9749649E+06

295.6  0.9749309E+06

295.8  0.9748914E+06

296.0  0.9748463E+06

296.2  0.9747958E+06

296.4  0.9747399E+06

296.6  0.9746785E+06

296.8  0.9746118E+06

297.0  0.9745398E+06

297.2  0.9744625E+06

297.4  0.9743800E+06

297.6  0.9742923E+06

297.8  0.9741994E+06

298.0  0.9741014E+06

298.2  0.9739984E+06

298.4  0.9738903E+06

298.6  0.9737772E+06

298.8  0.9736592E+06

299.0  0.9735362E+06

299.2  0.9734084E+06

299.4  0.9732757E+06

299.6  0.9731382E+06

299.8  0.9729960E+06

300.0  0.9728490E+06

300.2  0.9726974E+06

300.4  0.9725410E+06

300.6  0.9723801E+06

300.8  0.9722146E+06

301.0  0.9720446E+06

301.2  0.9718700E+06

301.4  0.9716910E+06

301.6  0.9715075E+06

301.8  0.9713197E+06

302.0  0.9711275E+06

302.2  0.9709310E+06

302.4  0.9707302E+06

302.6  0.9705251E+06

302.8  0.9703158E+06

303.0  0.9701023E+06

303.2  0.9698847E+06

303.4  0.9696630E+06

303.6  0.9694372E+06

303.8  0.9692074E+06

304.0  0.9689735E+06

304.2  0.9687357E+06

304.4  0.9684939E+06

304.6  0.9682482E+06

304.8  0.9679987E+06

305.0  0.9677453E+06

305.2  0.9674881E+06

305.4  0.9672271E+06

305.6  0.9669624E+06

305.8  0.9666940E+06

306.0  0.9664219E+06

306.2  0.9661461E+06

306.4  0.9658667E+06

306.6  0.9655838E+06

306.8  0.9652973E+06

307.0  0.9650073E+06

307.2  0.9647138E+06

307.4  0.9644168E+06

307.6  0.9641164E+06

307.8  0.9638126E+06

308.0  0.9635055E+06

308.2  0.9631950E+06

308.4  0.9628812E+06

308.6  0.9625641E+06

308.8  0.9622438E+06

309.0  0.9619203E+06

309.2  0.9615936E+06

309.4  0.9612637E+06

309.6  0.9609307E+06

309.8  0.9605946E+06

310.0  0.9602554E+06

310.2  0.9599132E+06

310.4  0.9595680E+06

310.6  0.9592198E+06

310.8  0.9588686E+06

311.0  0.9585145E+06

311.2  0.9581575E+06

311.4  0.9577976E+06

311.6  0.9574349E+06

311.8  0.9570693E+06

312.0  0.9567010E+06

312.2  0.9563299E+06

312.4  0.9559560E+06

312.6  0.9555794E+06

312.8  0.9552002E+06

313.0  0.9548182E+06

313.2  0.9544337E+06

313.4  0.9540465E+06

313.6  0.9536568E+06

313.8  0.9532644E+06

314.0  0.9528696E+06

314.2  0.9524722E+06

314.4  0.9520724E+06

314.6  0.9516700E+06

314.8  0.9512653E+06

315.0  0.9508581E+06

315.2  0.9504486E+06

315.4  0.9500366E+06

315.6  0.9496224E+06

315.8  0.9492058E+06

316.0  0.9487869E+06

316.2  0.9483658E+06

316.4  0.9479424E+06

316.6  0.9475168E+06

316.8  0.9470890E+06

317.0  0.9466590E+06

317.2  0.9462268E+06

317.4  0.9457925E+06

317.6  0.9453561E+06

317.8  0.9449176E+06

318.0  0.9444770E+06

318.2  0.9440344E+06

318.4  0.9435898E+06

318.6  0.9431431E+06

318.8  0.9426945E+06

319.0  0.9422439E+06

319.2  0.9417914E+06

319.4  0.9413369E+06

319.6  0.9408806E+06

319.8  0.9404223E+06

320.0  0.9399623E+06

320.2  0.9395003E+06

320.4  0.9390366E+06

320.6  0.9385710E+06

320.8  0.9381037E+06

321.0  0.9376346E+06

321.2  0.9371638E+06

321.4  0.9366912E+06

321.6  0.9362170E+06

321.8  0.9357410E+06

322.0  0.9352634E+06

322.2  0.9347842E+06

322.4  0.9343033E+06

322.6  0.9338208E+06

322.8  0.9333367E+06

323.0  0.9328510E+06

323.2  0.9323638E+06

323.4  0.9318751E+06

323.6  0.9313848E+06

323.8  0.9308931E+06

324.0  0.9303998E+06

324.2  0.9299051E+06

324.4  0.9294089E+06

324.6  0.9289113E+06

324.8  0.9284123E+06

325.0  0.9279119E+06

325.2  0.9274101E+06

325.4  0.9269069E+06

325.6  0.9264024E+06

325.8  0.9258965E+06

326.0  0.9253893E+06

326.2  0.9248809E+06

326.4  0.9243711E+06

326.6  0.9238601E+06

326.8  0.9233478E+06

327.0  0.9228343E+06

327.2  0.9223195E+06

327.4  0.9218035E+06

327.6  0.9212864E+06

327.8  0.9207681E+06

328.0  0.9202486E+06

328.2  0.9197279E+06

328.4  0.9192061E+06

328.6  0.9186833E+06

328.8  0.9181592E+06

329.0  0.9176342E+06

329.2  0.9171080E+06

329.4  0.9165807E+06

329.6  0.9160525E+06

329.8  0.9155231E+06

330.0  0.9149928E+06

330.2  0.9144615E+06

330.4  0.9139291E+06

330.6  0.9133958E+06

330.8  0.9128615E+06

331.0  0.9123262E+06

331.2  0.9117901E+06

331.4  0.9112529E+06

331.6  0.9107149E+06

331.8  0.9101760E+06

332.0  0.9096361E+06

332.2  0.9090954E+06

332.4  0.9085539E+06

332.6  0.9080114E+06

332.8  0.9074682E+06

333.0  0.9069241E+06

333.2  0.9063791E+06

333.4  0.9058334E+06

333.6  0.9052869E+06

333.8  0.9047396E+06

334.0  0.9041916E+06

334.2  0.9036427E+06

334.4  0.9030932E+06

334.6  0.9025428E+06

334.8  0.9019918E+06

335.0  0.9014401E+06

335.2  0.9008876E+06

335.4  0.9003345E+06

335.6  0.8997806E+06

335.8  0.8992262E+06

336.0  0.8986710E+06

336.2  0.8981152E+06

336.4  0.8975588E+06

336.6  0.8970017E+06

336.8  0.8964440E+06

337.0  0.8958857E+06

337.2  0.8953268E+06

337.4  0.8947673E+06

337.6  0.8942072E+06

337.8  0.8936466E+06

338.0  0.8930854E+06

338.2  0.8925237E+06

338.4  0.8919614E+06

338.6  0.8913986E+06

338.8  0.8908353E+06

339.0  0.8902714E+06

339.2  0.8897071E+06

339.4  0.8891423E+06

339.6  0.8885770E+06

339.8  0.8880112E+06

340.0  0.8874449E+06

340.2  0.8868782E+06

340.4  0.8863110E+06

340.6  0.8857434E+06

340.8  0.8851754E+06

341.0  0.8846069E+06

341.2  0.8840381E+06

341.4  0.8834688E+06

341.6  0.8828991E+06

341.8  0.8823291E+06

342.0  0.8817586E+06

342.2  0.8811878E+06

342.4  0.8806166E+06

342.6  0.8800451E+06

342.8  0.8794732E+06

343.0  0.8789010E+06

343.2  0.8783284E+06

343.4  0.8777555E+06

343.6  0.8771823E+06

343.8  0.8766088E+06

344.0  0.8760350E+06

344.2  0.8754609E+06

344.4  0.8748865E+06

344.6  0.8743118E+06

344.8  0.8737368E+06

345.0  0.8731616E+06

345.2  0.8725861E+06

345.4  0.8720104E+06

345.6  0.8714344E+06

345.8  0.8708582E+06

346.0  0.8702817E+06

346.2  0.8697050E+06

346.4  0.8691281E+06

346.6  0.8685510E+06

346.8  0.8679737E+06

347.0  0.8673961E+06

347.2  0.8668184E+06

347.4  0.8662405E+06

347.6  0.8656624E+06

347.8  0.8650842E+06

348.0  0.8645058E+06

348.2  0.8639272E+06

348.4  0.8633484E+06

348.6  0.8627695E+06

348.8  0.8621905E+06

349.0  0.8616113E+06

349.2  0.8610320E+06

349.4  0.8604526E+06

349.6  0.8598730E+06

349.8  0.8592933E+06

350.0  0.8587135E+06

350.2  0.8581337E+06

350.4  0.8575537E+06

350.6  0.8569736E+06

350.8  0.8563934E+06

351.0  0.8558132E+06

351.2  0.8552328E+06

351.4  0.8546524E+06

351.6  0.8540720E+06

351.8  0.8534914E+06

352.0  0.8529109E+06

352.2  0.8523302E+06

352.4  0.8517495E+06

352.6  0.8511688E+06

352.8  0.8505881E+06

353.0  0.8500073E+06

353.2  0.8494264E+06

353.4  0.8488456E+06

353.6  0.8482647E+06

353.8  0.8476839E+06

354.0  0.8471030E+06

354.2  0.8465221E+06

354.4  0.8459412E+06

354.6  0.8453603E+06

354.8  0.8447795E+06

355.0  0.8441986E+06

355.2  0.8436178E+06

355.4  0.8430369E+06

355.6  0.8424562E+06

355.8  0.8418754E+06

356.0  0.8412947E+06

356.2  0.8407140E+06

356.4  0.8401334E+06

356.6  0.8395528E+06

356.8  0.8389722E+06

357.0  0.8383917E+06

357.2  0.8378113E+06

357.4  0.8372310E+06

357.6  0.8366507E+06

357.8  0.8360704E+06

358.0  0.8354903E+06

358.2  0.8349102E+06

358.4  0.8343302E+06

358.6  0.8337503E+06

358.8  0.8331705E+06

359.0  0.8325908E+06

359.2  0.8320112E+06

359.4  0.8314316E+06

359.6  0.8308522E+06

359.8  0.8302729E+06

360.0  0.8296937E+06

360.2  0.8291146E+06

360.4  0.8285356E+06

360.6  0.8279568E+06

360.8  0.8273781E+06

361.0  0.8267995E+06

361.2  0.8262210E+06

361.4  0.8256426E+06

361.6  0.8250644E+06

361.8  0.8244864E+06

362.0  0.8239085E+06

362.2  0.8233307E+06

362.4  0.8227531E+06

362.6  0.8221756E+06

362.8  0.8215983E+06

363.0  0.8210211E+06

363.2  0.8204441E+06

363.4  0.8198673E+06

363.6  0.8192906E+06

363.8  0.8187141E+06

364.0  0.8181377E+06

364.2  0.8175616E+06

364.4  0.8169856E+06

364.6  0.8164098E+06

364.8  0.8158342E+06

365.0  0.8152587E+06

365.2  0.8146835E+06

365.4  0.8141084E+06

365.6  0.8135335E+06

365.8  0.8129589E+06

366.0  0.8123844E+06

366.2  0.8118101E+06

366.4  0.8112360E+06

366.6  0.8106622E+06

366.8  0.8100885E+06

367.0  0.8095151E+06

367.2  0.8089418E+06

367.4  0.8083688E+06

367.6  0.8077960E+06

367.8  0.8072234E+06

368.0  0.8066510E+06

368.2  0.8060788E+06

368.4  0.8055069E+06

368.6  0.8049352E+06

368.8  0.8043637E+06

369.0  0.8037925E+06

369.2  0.8032215E+06

369.4  0.8026507E+06

369.6  0.8020802E+06

369.8  0.8015099E+06

370.0  0.8009398E+06

370.2  0.8003700E+06

370.4  0.7998004E+06

370.6  0.7992311E+06

370.8  0.7986621E+06

371.0  0.7980932E+06

371.2  0.7975247E+06

371.4  0.7969563E+06

371.6  0.7963883E+06

371.8  0.7958205E+06

372.0  0.7952529E+06

372.2  0.7946857E+06

372.4  0.7941186E+06

372.6  0.7935519E+06

372.8  0.7929854E+06

373.0  0.7924192E+06

373.2  0.7918532E+06

373.4  0.7912876E+06

373.6  0.7907221E+06

373.8  0.7901570E+06

374.0  0.7895922E+06

374.2  0.7890276E+06

374.4  0.7884633E+06

374.6  0.7878993E+06

374.8  0.7873355E+06

375.0  0.7867721E+06

375.2  0.7862089E+06

375.4  0.7856460E+06

375.6  0.7850834E+06

375.8  0.7845211E+06

376.0  0.7839591E+06

376.2  0.7833974E+06

376.4  0.7828359E+06

376.6  0.7822748E+06

376.8  0.7817140E+06

377.0  0.7811534E+06

377.2  0.7805932E+06

377.4  0.7800332E+06

377.6  0.7794736E+06

377.8  0.7789142E+06

378.0  0.7783552E+06

378.2  0.7777965E+06

378.4  0.7772380E+06

378.6  0.7766799E+06

378.8  0.7761221E+06

379.0  0.7755646E+06

379.2  0.7750074E+06

379.4  0.7744505E+06

379.6  0.7738939E+06

379.8  0.7733377E+06

380.0  0.7727817E+06

380.2  0.7722261E+06

380.4  0.7716708E+06

380.6  0.7711158E+06

380.8  0.7705611E+06

381.0  0.7700067E+06

381.2  0.7694527E+06

381.4  0.7688990E+06

381.6  0.7683456E+06

381.8  0.7677925E+06

382.0  0.7672398E+06

382.2  0.7666873E+06

382.4  0.7661352E+06

382.6  0.7655835E+06

382.8  0.7650320E+06

383.0  0.7644809E+06

383.2  0.7639301E+06

383.4  0.7633797E+06

383.6  0.7628295E+06

383.8  0.7622797E+06

384.0  0.7617303E+06

384.2  0.7611812E+06

384.4  0.7606324E+06

384.6  0.7600839E+06

384.8  0.7595358E+06

385.0  0.7589880E+06

385.2  0.7584406E+06

385.4  0.7578934E+06

385.6  0.7573467E+06

385.8  0.7568002E+06

386.0  0.7562541E+06

386.2  0.7557084E+06

386.4  0.7551630E+06

386.6  0.7546179E+06

386.8  0.7540732E+06

387.0  0.7535288E+06

387.2  0.7529848E+06

387.4  0.7524411E+06

387.6  0.7518977E+06

387.8  0.7513547E+06

388.0  0.7508121E+06

388.2  0.7502697E+06

388.4  0.7497278E+06

388.6  0.7491862E+06

388.8  0.7486449E+06

389.0  0.7481040E+06

389.2  0.7475634E+06

389.4  0.7470232E+06

389.6  0.7464833E+06

389.8  0.7459438E+06

390.0  0.7454046E+06

390.2  0.7448658E+06

390.4  0.7443274E+06

390.6  0.7437892E+06

390.8  0.7432515E+06

391.0  0.7427141E+06

391.2  0.7421770E+06

391.4  0.7416403E+06

391.6  0.7411040E+06

391.8  0.7405680E+06

392.0  0.7400324E+06

392.2  0.7394971E+06

392.4  0.7389622E+06

392.6  0.7384277E+06

392.8  0.7378935E+06

393.0  0.7373596E+06

393.2  0.7368261E+06

393.4  0.7362930E+06

393.6  0.7357602E+06

393.8  0.7352278E+06

394.0  0.7346958E+06

394.2  0.7341641E+06

394.4  0.7336328E+06

394.6  0.7331018E+06

394.8  0.7325712E+06

395.0  0.7320409E+06

395.2  0.7315111E+06

395.4  0.7309815E+06

395.6  0.7304524E+06

395.8  0.7299236E+06

396.0  0.7293951E+06

396.2  0.7288671E+06

396.4  0.7283394E+06

396.6  0.7278120E+06

396.8  0.7272850E+06

397.0  0.7267584E+06

397.2  0.7262322E+06

397.4  0.7257063E+06

397.6  0.7251807E+06

397.8  0.7246556E+06

398.0  0.7241308E+06

398.2  0.7236063E+06

398.4  0.7230823E+06

398.6  0.7225586E+06

398.8  0.7220352E+06

399.0  0.7215123E+06

399.2  0.7209897E+06

399.4  0.7204674E+06

399.6  0.7199456E+06

399.8  0.7194240E+06

400.0  0.7189029E+06

400.2  0.7183821E+06

400.4  0.7178617E+06

400.6  0.7173417E+06

400.8  0.7168220E+06

401.0  0.7163027E+06

401.2  0.7157838E+06

401.4  0.7152652E+06

401.6  0.7147470E+06

401.8  0.7142291E+06

402.0  0.7137117E+06

402.2  0.7131946E+06

402.4  0.7126778E+06

402.6  0.7121615E+06

402.8  0.7116455E+06

403.0  0.7111298E+06

403.2  0.7106146E+06

403.4  0.7100997E+06

403.6  0.7095852E+06

403.8  0.7090710E+06

404.0  0.7085572E+06

404.2  0.7080438E+06

404.4  0.7075307E+06

404.6  0.7070181E+06

404.8  0.7065057E+06

405.0  0.7059938E+06

405.2  0.7054822E+06

405.4  0.7049710E+06

405.6  0.7044602E+06

405.8  0.7039497E+06

406.0  0.7034396E+06

406.2  0.7029299E+06

406.4  0.7024205E+06

406.6  0.7019115E+06

406.8  0.7014029E+06

407.0  0.7008946E+06

407.2  0.7003867E+06

407.4  0.6998792E+06

407.6  0.6993720E+06

407.8  0.6988653E+06

408.0  0.6983588E+06

408.2  0.6978528E+06

408.4  0.6973471E+06

408.6  0.6968418E+06

408.8  0.6963368E+06

409.0  0.6958323E+06

409.2  0.6953281E+06

409.4  0.6948242E+06

409.6  0.6943208E+06

409.8  0.6938177E+06

410.0  0.6933149E+06

410.2  0.6928126E+06

410.4  0.6923106E+06

410.6  0.6918089E+06

410.8  0.6913077E+06

411.0  0.6908068E+06

411.2  0.6903062E+06

411.4  0.6898061E+06

411.6  0.6893063E+06

411.8  0.6888069E+06

412.0  0.6883078E+06

412.2  0.6878091E+06

412.4  0.6873108E+06

412.6  0.6868128E+06

412.8  0.6863153E+06

413.0  0.6858180E+06

413.2  0.6853212E+06

413.4  0.6848247E+06

413.6  0.6843286E+06

413.8  0.6838328E+06

414.0  0.6833374E+06

414.2  0.6828424E+06

414.4  0.6823477E+06

414.6  0.6818535E+06

414.8  0.6813595E+06

415.0  0.6808660E+06

415.2  0.6803728E+06

415.4  0.6798800E+06

415.6  0.6793875E+06

415.8  0.6788954E+06

416.0  0.6784037E+06

416.2  0.6779123E+06

416.4  0.6774213E+06

416.6  0.6769307E+06

416.8  0.6764404E+06

417.0  0.6759505E+06

417.2  0.6754610E+06

417.4  0.6749718E+06

417.6  0.6744830E+06

417.8  0.6739945E+06

418.0  0.6735064E+06

418.2  0.6730187E+06

418.4  0.6725313E+06

418.6  0.6720443E+06

418.8  0.6715577E+06

419.0  0.6710714E+06

419.2  0.6705855E+06

419.4  0.6701000E+06

419.6  0.6696148E+06

419.8  0.6691300E+06

420.0  0.6686455E+06

420.2  0.6681614E+06

420.4  0.6676777E+06

420.6  0.6671943E+06

420.8  0.6667113E+06

421.0  0.6662287E+06

421.2  0.6657464E+06

421.4  0.6652645E+06

421.6  0.6647829E+06

421.8  0.6643017E+06

422.0  0.6638208E+06

422.2  0.6633403E+06

422.4  0.6628602E+06

422.6  0.6623805E+06

422.8  0.6619010E+06

423.0  0.6614220E+06

423.2  0.6609433E+06

423.4  0.6604650E+06

423.6  0.6599870E+06

423.8  0.6595094E+06

424.0  0.6590321E+06

424.2  0.6585552E+06

424.4  0.6580787E+06

424.6  0.6576025E+06

424.8  0.6571267E+06

425.0  0.6566512E+06

425.2  0.6561761E+06

425.4  0.6557014E+06

425.6  0.6552270E+06

425.8  0.6547530E+06

426.0  0.6542793E+06

426.2  0.6538060E+06

426.4  0.6533330E+06

426.6  0.6528604E+06

426.8  0.6523881E+06

427.0  0.6519162E+06

427.2  0.6514447E+06

427.4  0.6509735E+06

427.6  0.6505026E+06

427.8  0.6500321E+06

428.0  0.6495620E+06

428.2  0.6490922E+06

428.4  0.6486228E+06

428.6  0.6481538E+06

428.8  0.6476850E+06

429.0  0.6472167E+06

429.2  0.6467487E+06

429.4  0.6462810E+06

429.6  0.6458137E+06

429.8  0.6453468E+06

430.0  0.6448802E+06

430.2  0.6444139E+06

430.4  0.6439480E+06

430.6  0.6434825E+06

430.8  0.6430173E+06

431.0  0.6425524E+06

431.2  0.6420879E+06

431.4  0.6416238E+06

431.6  0.6411600E+06

431.8  0.6406966E+06

432.0  0.6402335E+06

432.2  0.6397707E+06

432.4  0.6393083E+06

432.6  0.6388463E+06

432.8  0.6383846E+06

433.0  0.6379232E+06

433.2  0.6374622E+06

433.4  0.6370016E+06

433.6  0.6365413E+06

433.8  0.6360813E+06

434.0  0.6356217E+06

434.2  0.6351624E+06

434.4  0.6347035E+06

434.6  0.6342449E+06

434.8  0.6337867E+06

435.0  0.6333288E+06

435.2  0.6328713E+06

435.4  0.6324141E+06

435.6  0.6319573E+06

435.8  0.6315008E+06

436.0  0.6310446E+06

436.2  0.6305888E+06

436.4  0.6301334E+06

436.6  0.6296782E+06

436.8  0.6292235E+06

437.0  0.6287690E+06

437.2  0.6283149E+06

437.4  0.6278612E+06

437.6  0.6274078E+06

437.8  0.6269547E+06

438.0  0.6265020E+06

438.2  0.6260496E+06

438.4  0.6255976E+06

438.6  0.6251459E+06

438.8  0.6246945E+06

439.0  0.6242435E+06

439.2  0.6237928E+06

439.4  0.6233425E+06

439.6  0.6228925E+06

439.8  0.6224429E+06

440.0  0.6219936E+06

440.2  0.6215446E+06

440.4  0.6210959E+06

440.6  0.6206476E+06

440.8  0.6201997E+06

441.0  0.6197521E+06

441.2  0.6193048E+06

441.4  0.6188578E+06

441.6  0.6184112E+06

441.8  0.6179650E+06

442.0  0.6175190E+06

442.2  0.6170734E+06

442.4  0.6166282E+06

442.6  0.6161833E+06

442.8  0.6157387E+06

443.0  0.6152944E+06

443.2  0.6148505E+06

443.4  0.6144069E+06

443.6  0.6139637E+06

443.8  0.6135208E+06

444.0  0.6130782E+06

444.2  0.6126360E+06

444.4  0.6121941E+06

444.6  0.6117525E+06

444.8  0.6113112E+06

445.0  0.6108703E+06

445.2  0.6104298E+06

445.4  0.6099895E+06

445.6  0.6095496E+06

445.8  0.6091100E+06

446.0  0.6086708E+06

446.2  0.6082319E+06

446.4  0.6077933E+06

446.6  0.6073550E+06

446.8  0.6069171E+06

447.0  0.6064795E+06

447.2  0.6060423E+06

447.4  0.6056053E+06

447.6  0.6051687E+06

447.8  0.6047324E+06

448.0  0.6042965E+06

448.2  0.6038609E+06

448.4  0.6034256E+06

448.6  0.6029906E+06

448.8  0.6025560E+06

449.0  0.6021217E+06

449.2  0.6016877E+06

449.4  0.6012541E+06

449.6  0.6008208E+06

449.8  0.6003878E+06

450.0  0.5999551E+06

450.2  0.5995228E+06

450.4  0.5990907E+06

450.6  0.5986591E+06

450.8  0.5982277E+06

451.0  0.5977967E+06

451.2  0.5973659E+06

451.4  0.5969356E+06

451.6  0.5965055E+06

451.8  0.5960757E+06

452.0  0.5956463E+06

452.2  0.5952172E+06

452.4  0.5947885E+06

452.6  0.5943600E+06

452.8  0.5939319E+06

453.0  0.5935041E+06

453.2  0.5930766E+06

453.4  0.5926494E+06

453.6  0.5922226E+06

453.8  0.5917961E+06

454.0  0.5913699E+06

454.2  0.5909440E+06

454.4  0.5905185E+06

454.6  0.5900932E+06

454.8  0.5896683E+06

455.0  0.5892437E+06

455.2  0.5888195E+06

455.4  0.5883955E+06

455.6  0.5879719E+06

455.8  0.5875486E+06

456.0  0.5871256E+06

456.2  0.5867029E+06

456.4  0.5862805E+06

456.6  0.5858585E+06

456.8  0.5854367E+06

457.0  0.5850153E+06

457.2  0.5845942E+06

457.4  0.5841735E+06

457.6  0.5837530E+06

457.8  0.5833329E+06

458.0  0.5829130E+06

458.2  0.5824935E+06

458.4  0.5820743E+06

458.6  0.5816554E+06

458.8  0.5812369E+06

459.0  0.5808186E+06

459.2  0.5804007E+06

459.4  0.5799830E+06

459.6  0.5795657E+06

459.8  0.5791487E+06

460.0  0.5787321E+06

460.2  0.5783157E+06

460.4  0.5778996E+06

460.6  0.5774839E+06

460.8  0.5770684E+06

461.0  0.5766533E+06

461.2  0.5762385E+06

461.4  0.5758240E+06

461.6  0.5754098E+06

461.8  0.5749959E+06

462.0  0.5745824E+06

462.2  0.5741691E+06

462.4  0.5737562E+06

462.6  0.5733435E+06

462.8  0.5729312E+06

463.0  0.5725192E+06

463.2  0.5721075E+06

463.4  0.5716961E+06

463.6  0.5712850E+06

463.8  0.5708742E+06

464.0  0.5704637E+06

464.2  0.5700535E+06

464.4  0.5696437E+06

464.6  0.5692341E+06

464.8  0.5688249E+06

465.0  0.5684159E+06

465.2  0.5680073E+06

465.4  0.5675990E+06

465.6  0.5671910E+06

465.8  0.5667832E+06

466.0  0.5663758E+06

466.2  0.5659687E+06

466.4  0.5655619E+06

466.6  0.5651554E+06

466.8  0.5647492E+06

467.0  0.5643433E+06

467.2  0.5639377E+06

467.4  0.5635325E+06

467.6  0.5631275E+06

467.8  0.5627228E+06

468.0  0.5623184E+06

468.2  0.5619144E+06

468.4  0.5615106E+06

468.6  0.5611071E+06

468.8  0.5607040E+06

469.0  0.5603011E+06

469.2  0.5598985E+06

469.4  0.5594963E+06

469.6  0.5590943E+06

469.8  0.5586927E+06

470.0  0.5582913E+06

470.2  0.5578902E+06

470.4  0.5574895E+06

470.6  0.5570890E+06

470.8  0.5566889E+06

471.0  0.5562890E+06

471.2  0.5558894E+06

471.4  0.5554902E+06

471.6  0.5550912E+06

471.8  0.5546925E+06

472.0  0.5542942E+06

472.2  0.5538961E+06

472.4  0.5534983E+06

472.6  0.5531008E+06

472.8  0.5527036E+06

473.0  0.5523067E+06

473.2  0.5519102E+06

473.4  0.5515139E+06

473.6  0.5511179E+06

473.8  0.5507222E+06

474.0  0.5503267E+06

474.2  0.5499316E+06

474.4  0.5495368E+06

474.6  0.5491423E+06

474.8  0.5487481E+06

475.0  0.5483541E+06

475.2  0.5479605E+06

475.4  0.5475671E+06

475.6  0.5471741E+06

475.8  0.5467813E+06

476.0  0.5463888E+06

476.2  0.5459966E+06

476.4  0.5456048E+06

476.6  0.5452132E+06

476.8  0.5448219E+06

477.0  0.5444308E+06

477.2  0.5440401E+06

477.4  0.5436497E+06

477.6  0.5432595E+06

477.8  0.5428697E+06

478.0  0.5424801E+06

478.2  0.5420909E+06

478.4  0.5417019E+06

478.6  0.5413132E+06

478.8  0.5409248E+06

479.0  0.5405367E+06

479.2  0.5401489E+06

479.4  0.5397613E+06

479.6  0.5393741E+06

479.8  0.5389871E+06

480.0  0.5386004E+06

480.2  0.5382141E+06

480.4  0.5378280E+06

480.6  0.5374422E+06

480.8  0.5370566E+06

481.0  0.5366714E+06

481.2  0.5362864E+06

481.4  0.5359018E+06

481.6  0.5355174E+06

481.8  0.5351333E+06

482.0  0.5347495E+06

482.2  0.5343660E+06

482.4  0.5339827E+06

482.6  0.5335998E+06

482.8  0.5332171E+06

483.0  0.5328347E+06

483.2  0.5324526E+06

483.4  0.5320708E+06

483.6  0.5316893E+06

483.8  0.5313080E+06

484.0  0.5309270E+06

484.2  0.5305464E+06

484.4  0.5301660E+06

484.6  0.5297858E+06

484.8  0.5294060E+06

485.0  0.5290264E+06

485.2  0.5286472E+06

485.4  0.5282682E+06

485.6  0.5278894E+06

485.8  0.5275110E+06

486.0  0.5271329E+06

486.2  0.5267550E+06

486.4  0.5263774E+06

486.6  0.5260001E+06

486.8  0.5256230E+06

487.0  0.5252463E+06

487.2  0.5248698E+06

487.4  0.5244936E+06

487.6  0.5241177E+06

487.8  0.5237421E+06

488.0  0.5233667E+06

488.2  0.5229916E+06

488.4  0.5226168E+06

488.6  0.5222423E+06

488.8  0.5218680E+06

489.0  0.5214941E+06

489.2  0.5211204E+06

489.4  0.5207469E+06

489.6  0.5203738E+06

489.8  0.5200009E+06

490.0  0.5196283E+06

490.2  0.5192560E+06

490.4  0.5188840E+06

490.6  0.5185122E+06

490.8  0.5181407E+06

491.0  0.5177695E+06

491.2  0.5173985E+06

491.4  0.5170279E+06

491.6  0.5166575E+06

491.8  0.5162874E+06

492.0  0.5159175E+06

492.2  0.5155479E+06

492.4  0.5151786E+06

492.6  0.5148096E+06

492.8  0.5144408E+06

493.0  0.5140724E+06

493.2  0.5137041E+06

493.4  0.5133362E+06

493.6  0.5129685E+06

493.8  0.5126011E+06

494.0  0.5122340E+06

494.2  0.5118672E+06

494.4  0.5115006E+06

494.6  0.5111343E+06

494.8  0.5107682E+06

495.0  0.5104024E+06

495.2  0.5100369E+06

495.4  0.5096717E+06

495.6  0.5093067E+06

495.8  0.5089421E+06

496.0  0.5085776E+06

496.2  0.5082135E+06

496.4  0.5078496E+06

496.6  0.5074860E+06

496.8  0.5071226E+06

497.0  0.5067595E+06

497.2  0.5063967E+06

497.4  0.5060342E+06

497.6  0.5056719E+06

497.8  0.5053099E+06

498.0  0.5049481E+06

498.2  0.5045866E+06

498.4  0.5042254E+06

498.6  0.5038645E+06

498.8  0.5035038E+06

499.0  0.5031434E+06

499.2  0.5027832E+06

499.4  0.5024233E+06

499.6  0.5020637E+06

499.8  0.5017043E+06

500.0  0.5013452E+06

