100  0.1554986E+04

100.2  0.1732452E+04

100.4  0.1918541E+04

100.6  0.2112876E+04

100.8  0.2315067E+04

101.0  0.2524723E+04

101.2  0.2741451E+04

101.4  0.2964862E+04

101.6  0.3194571E+04

101.8  0.3430203E+04

102.0  0.3671390E+04

102.2  0.3917778E+04

102.4  0.4169022E+04

102.6  0.4424789E+04

102.8  0.4684763E+04

103.0  0.4948637E+04

103.2  0.5216118E+04

103.4  0.5486930E+04

103.6  0.5760806E+04

103.8  0.6037495E+04

104.0  0.6316756E+04

104.2  0.6598365E+04

104.4  0.6882105E+04

104.6  0.7167775E+04

104.8  0.7455183E+04

105.0  0.7744149E+04

105.2  0.8034503E+04

105.4  0.8326085E+04

105.6  0.8618746E+04

105.8  0.8912344E+04

106.0  0.9206747E+04

106.2  0.9501832E+04

106.4  0.9797483E+04

106.6  0.1009359E+05

106.8  0.1039006E+05

107.0  0.1068678E+05

107.2  0.1098369E+05

107.4  0.1128068E+05

107.6  0.1157769E+05

107.8  0.1187464E+05

108.0  0.1217148E+05

108.2  0.1246813E+05

108.4  0.1276455E+05

108.6  0.1306068E+05

108.8  0.1335647E+05

109.0  0.1365189E+05

109.2  0.1394688E+05

109.4  0.1424141E+05

109.6  0.1453546E+05

109.8  0.1482898E+05

110.0  0.1512196E+05

110.2  0.1541436E+05

110.4  0.1570616E+05

110.6  0.1599735E+05

110.8  0.1628790E+05

111.0  0.1657780E+05

111.2  0.1686704E+05

111.4  0.1715560E+05

111.6  0.1744347E+05

111.8  0.1773064E+05

112.0  0.1801712E+05

112.2  0.1830288E+05

112.4  0.1858793E+05

112.6  0.1887227E+05

112.8  0.1915589E+05

113.0  0.1943878E+05

113.2  0.1972096E+05

113.4  0.2000242E+05

113.6  0.2028317E+05

113.8  0.2056320E+05

114.0  0.2084252E+05

114.2  0.2112114E+05

114.4  0.2139905E+05

114.6  0.2167628E+05

114.8  0.2195281E+05

115.0  0.2222867E+05

115.2  0.2250384E+05

115.4  0.2277836E+05

115.6  0.2305221E+05

115.8  0.2332542E+05

116.0  0.2359799E+05

116.2  0.2386992E+05

116.4  0.2414124E+05

116.6  0.2441194E+05

116.8  0.2468205E+05

117.0  0.2495156E+05

117.2  0.2522049E+05

117.4  0.2548886E+05

117.6  0.2575667E+05

117.8  0.2602393E+05

118.0  0.2629066E+05

118.2  0.2655687E+05

118.4  0.2682257E+05

118.6  0.2708777E+05

118.8  0.2735248E+05

119.0  0.2761672E+05

119.2  0.2788049E+05

119.4  0.2814382E+05

119.6  0.2840671E+05

119.8  0.2866917E+05

120.0  0.2893122E+05

120.2  0.2919287E+05

120.4  0.2945413E+05

120.6  0.2971502E+05

120.8  0.2997554E+05

121.0  0.3023572E+05

121.2  0.3049555E+05

121.4  0.3075506E+05

121.6  0.3101426E+05

121.8  0.3127316E+05

122.0  0.3153177E+05

122.2  0.3179010E+05

122.4  0.3204818E+05

122.6  0.3230600E+05

122.8  0.3256358E+05

123.0  0.3282093E+05

123.2  0.3307808E+05

123.4  0.3333502E+05

123.6  0.3359177E+05

123.8  0.3384835E+05

124.0  0.3410476E+05

124.2  0.3436101E+05

124.4  0.3461713E+05

124.6  0.3487312E+05

124.8  0.3512899E+05

125.0  0.3538475E+05

125.2  0.3564042E+05

125.4  0.3589601E+05

125.6  0.3615153E+05

125.8  0.3640699E+05

126.0  0.3666241E+05

126.2  0.3691778E+05

126.4  0.3717314E+05

126.6  0.3742848E+05

126.8  0.3768382E+05

127.0  0.3793917E+05

127.2  0.3819454E+05

127.4  0.3844994E+05

127.6  0.3870539E+05

127.8  0.3896089E+05

128.0  0.3921645E+05

128.2  0.3947209E+05

128.4  0.3972782E+05

128.6  0.3998364E+05

128.8  0.4023958E+05

129.0  0.4049563E+05

129.2  0.4075181E+05

129.4  0.4100813E+05

129.6  0.4126460E+05

129.8  0.4152123E+05

130.0  0.4177803E+05

130.2  0.4203502E+05

130.4  0.4229219E+05

130.6  0.4254957E+05

130.8  0.4280716E+05

131.0  0.4306497E+05

131.2  0.4332301E+05

131.4  0.4358130E+05

131.6  0.4383984E+05

131.8  0.4409863E+05

132.0  0.4435770E+05

132.2  0.4461705E+05

132.4  0.4487670E+05

132.6  0.4513664E+05

132.8  0.4539689E+05

133.0  0.4565746E+05

133.2  0.4591836E+05

133.4  0.4617960E+05

133.6  0.4644119E+05

133.8  0.4670313E+05

134.0  0.4696545E+05

134.2  0.4722813E+05

134.4  0.4749121E+05

134.6  0.4775467E+05

134.8  0.4801854E+05

135.0  0.4828283E+05

135.2  0.4854753E+05

135.4  0.4881267E+05

135.6  0.4907824E+05

135.8  0.4934426E+05

136.0  0.4961075E+05

136.2  0.4987769E+05

136.4  0.5014512E+05

136.6  0.5041302E+05

136.8  0.5068142E+05

137.0  0.5095032E+05

137.2  0.5121974E+05

137.4  0.5148967E+05

137.6  0.5176012E+05

137.8  0.5203112E+05

138.0  0.5230266E+05

138.2  0.5257475E+05

138.4  0.5284740E+05

138.6  0.5312063E+05

138.8  0.5339443E+05

139.0  0.5366882E+05

139.2  0.5394381E+05

139.4  0.5421940E+05

139.6  0.5449560E+05

139.8  0.5477242E+05

140.0  0.5504987E+05

140.2  0.5532796E+05

140.4  0.5560670E+05

140.6  0.5588609E+05

140.8  0.5616614E+05

141.0  0.5644686E+05

141.2  0.5672825E+05

141.4  0.5701034E+05

141.6  0.5729312E+05

141.8  0.5757660E+05

142.0  0.5786080E+05

142.2  0.5814571E+05

142.4  0.5843135E+05

142.6  0.5871772E+05

142.8  0.5900484E+05

143.0  0.5929271E+05

143.2  0.5958133E+05

143.4  0.5987073E+05

143.6  0.6016090E+05

143.8  0.6045185E+05

144.0  0.6074360E+05

144.2  0.6103614E+05

144.4  0.6132949E+05

144.6  0.6162365E+05

144.8  0.6191864E+05

145.0  0.6221446E+05

145.2  0.6251111E+05

145.4  0.6280862E+05

145.6  0.6310697E+05

145.8  0.6340619E+05

146.0  0.6370628E+05

146.2  0.6400725E+05

146.4  0.6430910E+05

146.6  0.6461185E+05

146.8  0.6491549E+05

147.0  0.6522005E+05

147.2  0.6552552E+05

147.4  0.6583192E+05

147.6  0.6613925E+05

147.8  0.6644753E+05

148.0  0.6675675E+05

148.2  0.6706692E+05

148.4  0.6737806E+05

148.6  0.6769017E+05

148.8  0.6800327E+05

149.0  0.6831734E+05

149.2  0.6863242E+05

149.4  0.6894850E+05

149.6  0.6926559E+05

149.8  0.6958369E+05

150.0  0.6990283E+05

150.2  0.7022299E+05

150.4  0.7054420E+05

150.6  0.7086646E+05

150.8  0.7118978E+05

151.0  0.7151417E+05

151.2  0.7183962E+05

151.4  0.7216616E+05

151.6  0.7249379E+05

151.8  0.7282252E+05

152.0  0.7315235E+05

152.2  0.7348329E+05

152.4  0.7381536E+05

152.6  0.7414855E+05

152.8  0.7448288E+05

153.0  0.7481836E+05

153.2  0.7515498E+05

153.4  0.7549277E+05

153.6  0.7583173E+05

153.8  0.7617186E+05

154.0  0.7651318E+05

154.2  0.7685569E+05

154.4  0.7719940E+05

154.6  0.7754431E+05

154.8  0.7789045E+05

155.0  0.7823781E+05

155.2  0.7858640E+05

155.4  0.7893623E+05

155.6  0.7928732E+05

155.8  0.7963965E+05

156.0  0.7999326E+05

156.2  0.8034813E+05

156.4  0.8070429E+05

156.6  0.8106174E+05

156.8  0.8142048E+05

157.0  0.8178053E+05

157.2  0.8214190E+05

157.4  0.8250458E+05

157.6  0.8286860E+05

157.8  0.8323396E+05

158.0  0.8360066E+05

158.2  0.8396872E+05

158.4  0.8433814E+05

158.6  0.8470894E+05

158.8  0.8508111E+05

159.0  0.8545468E+05

159.2  0.8582964E+05

159.4  0.8620601E+05

159.6  0.8658379E+05

159.8  0.8696299E+05

160.0  0.8734363E+05

160.2  0.8772571E+05

160.4  0.8810923E+05

160.6  0.8849421E+05

160.8  0.8888066E+05

161.0  0.8926859E+05

161.2  0.8965799E+05

161.4  0.9004889E+05

161.6  0.9044129E+05

161.8  0.9083520E+05

162.0  0.9123062E+05

162.2  0.9162758E+05

162.4  0.9202607E+05

162.6  0.9242610E+05

162.8  0.9282769E+05

163.0  0.9323084E+05

163.2  0.9363557E+05

163.4  0.9404187E+05

163.6  0.9444977E+05

163.8  0.9485926E+05

164.0  0.9527037E+05

164.2  0.9568309E+05

164.4  0.9609743E+05

164.6  0.9651342E+05

164.8  0.9693104E+05

165.0  0.9735033E+05

165.2  0.9777127E+05

165.4  0.9819390E+05

165.6  0.9861820E+05

165.8  0.9904420E+05

166.0  0.9947189E+05

166.2  0.9990130E+05

166.4  0.1003324E+06

166.6  0.1007653E+06

166.8  0.1011999E+06

167.0  0.1016363E+06

167.2  0.1020744E+06

167.4  0.1025142E+06

167.6  0.1029559E+06

167.8  0.1033994E+06

168.0  0.1038446E+06

168.2  0.1042917E+06

168.4  0.1047406E+06

168.6  0.1051913E+06

168.8  0.1056438E+06

169.0  0.1060982E+06

169.2  0.1065545E+06

169.4  0.1070126E+06

169.6  0.1074727E+06

169.8  0.1079346E+06

170.0  0.1083984E+06

170.2  0.1088641E+06

170.4  0.1093318E+06

170.6  0.1098014E+06

170.8  0.1102729E+06

171.0  0.1107464E+06

171.2  0.1112218E+06

171.4  0.1116993E+06

171.6  0.1121787E+06

171.8  0.1126601E+06

172.0  0.1131436E+06

172.2  0.1136290E+06

172.4  0.1141165E+06

172.6  0.1146061E+06

172.8  0.1150977E+06

173.0  0.1155913E+06

173.2  0.1160871E+06

173.4  0.1165849E+06

173.6  0.1170849E+06

173.8  0.1175869E+06

174.0  0.1180911E+06

174.2  0.1185975E+06

174.4  0.1191060E+06

174.6  0.1196166E+06

174.8  0.1201294E+06

175.0  0.1206444E+06

175.2  0.1211616E+06

175.4  0.1216811E+06

175.6  0.1222027E+06

175.8  0.1227266E+06

176.0  0.1232528E+06

176.2  0.1237812E+06

176.4  0.1243119E+06

176.6  0.1248449E+06

176.8  0.1253801E+06

177.0  0.1259178E+06

177.2  0.1264577E+06

177.4  0.1270000E+06

177.6  0.1275446E+06

177.8  0.1280916E+06

178.0  0.1286410E+06

178.2  0.1291928E+06

178.4  0.1297471E+06

178.6  0.1303037E+06

178.8  0.1308628E+06

179.0  0.1314244E+06

179.2  0.1319884E+06

179.4  0.1325549E+06

179.6  0.1331239E+06

179.8  0.1336955E+06

180.0  0.1342696E+06

180.2  0.1348462E+06

180.4  0.1354254E+06

180.6  0.1360072E+06

180.8  0.1365915E+06

181.0  0.1371785E+06

181.2  0.1377682E+06

181.4  0.1383604E+06

181.6  0.1389554E+06

181.8  0.1395530E+06

182.0  0.1401533E+06

182.2  0.1407563E+06

182.4  0.1413621E+06

182.6  0.1419706E+06

182.8  0.1425819E+06

183.0  0.1431960E+06

183.2  0.1438128E+06

183.4  0.1444326E+06

183.6  0.1450551E+06

183.8  0.1456805E+06

184.0  0.1463088E+06

184.2  0.1469400E+06

184.4  0.1475742E+06

184.6  0.1482112E+06

184.8  0.1488513E+06

185.0  0.1494943E+06

185.2  0.1501403E+06

185.4  0.1507894E+06

185.6  0.1514415E+06

185.8  0.1520966E+06

186.0  0.1527549E+06

186.2  0.1534163E+06

186.4  0.1540808E+06

186.6  0.1547485E+06

186.8  0.1554194E+06

187.0  0.1560935E+06

187.2  0.1567708E+06

187.4  0.1574514E+06

187.6  0.1581352E+06

187.8  0.1588224E+06

188.0  0.1595129E+06

188.2  0.1602068E+06

188.4  0.1609041E+06

188.6  0.1616048E+06

188.8  0.1623089E+06

189.0  0.1630165E+06

189.2  0.1637276E+06

189.4  0.1644422E+06

189.6  0.1651604E+06

189.8  0.1658822E+06

190.0  0.1666076E+06

190.2  0.1673367E+06

190.4  0.1680694E+06

190.6  0.1688059E+06

190.8  0.1695461E+06

191.0  0.1702901E+06

191.2  0.1710379E+06

191.4  0.1717895E+06

191.6  0.1725450E+06

191.8  0.1733045E+06

192.0  0.1740678E+06

192.2  0.1748352E+06

192.4  0.1756066E+06

192.6  0.1763821E+06

192.8  0.1771616E+06

193.0  0.1779453E+06

193.2  0.1787332E+06

193.4  0.1795252E+06

193.6  0.1803216E+06

193.8  0.1811222E+06

194.0  0.1819271E+06

194.2  0.1827365E+06

194.4  0.1835502E+06

194.6  0.1843684E+06

194.8  0.1851911E+06

195.0  0.1860184E+06

195.2  0.1868502E+06

195.4  0.1876867E+06

195.6  0.1885279E+06

195.8  0.1893738E+06

196.0  0.1902245E+06

196.2  0.1910800E+06

196.4  0.1919404E+06

196.6  0.1928057E+06

196.8  0.1936759E+06

197.0  0.1945512E+06

197.2  0.1954316E+06

197.4  0.1963170E+06

197.6  0.1972077E+06

197.8  0.1981035E+06

198.0  0.1990047E+06

198.2  0.1999112E+06

198.4  0.2008230E+06

198.6  0.2017403E+06

198.8  0.2026631E+06

199.0  0.2035914E+06

199.2  0.2045253E+06

199.4  0.2054649E+06

199.6  0.2064102E+06

199.8  0.2073613E+06

200.0  0.2083182E+06

200.2  0.2092810E+06

200.4  0.2102497E+06

200.6  0.2112245E+06

200.8  0.2122053E+06

201.0  0.2131922E+06

201.2  0.2141853E+06

201.4  0.2151847E+06

201.6  0.2161903E+06

201.8  0.2172023E+06

202.0  0.2182208E+06

202.2  0.2192457E+06

202.4  0.2202771E+06

202.6  0.2213152E+06

202.8  0.2223600E+06

203.0  0.2234114E+06

203.2  0.2244697E+06

203.4  0.2255348E+06

203.6  0.2266069E+06

203.8  0.2276859E+06

204.0  0.2287719E+06

204.2  0.2298651E+06

204.4  0.2309655E+06

204.6  0.2320730E+06

204.8  0.2331879E+06

205.0  0.2343101E+06

205.2  0.2354397E+06

205.4  0.2365768E+06

205.6  0.2377214E+06

205.8  0.2388737E+06

206.0  0.2400336E+06

206.2  0.2412012E+06

206.4  0.2423766E+06

206.6  0.2435599E+06

206.8  0.2447510E+06

207.0  0.2459501E+06

207.2  0.2471572E+06

207.4  0.2483724E+06

207.6  0.2495958E+06

207.8  0.2508273E+06

208.0  0.2520671E+06

208.2  0.2533152E+06

208.4  0.2545716E+06

208.6  0.2558365E+06

208.8  0.2571098E+06

209.0  0.2583917E+06

209.2  0.2596821E+06

209.4  0.2609811E+06

209.6  0.2622888E+06

209.8  0.2636053E+06

210.0  0.2649305E+06

210.2  0.2662645E+06

210.4  0.2676074E+06

210.6  0.2689593E+06

210.8  0.2703200E+06

211.0  0.2716898E+06

211.2  0.2730686E+06

211.4  0.2744565E+06

211.6  0.2758536E+06

211.8  0.2772598E+06

212.0  0.2786751E+06

212.2  0.2800998E+06

212.4  0.2815336E+06

212.6  0.2829768E+06

212.8  0.2844294E+06

213.0  0.2858913E+06

213.2  0.2873626E+06

213.4  0.2888433E+06

213.6  0.2903334E+06

213.8  0.2918330E+06

214.0  0.2933422E+06

214.2  0.2948608E+06

214.4  0.2963890E+06

214.6  0.2979267E+06

214.8  0.2994740E+06

215.0  0.3010308E+06

215.2  0.3025973E+06

215.4  0.3041734E+06

215.6  0.3057590E+06

215.8  0.3073543E+06

216.0  0.3089593E+06

216.2  0.3105738E+06

216.4  0.3121980E+06

216.6  0.3138319E+06

216.8  0.3154753E+06

217.0  0.3171284E+06

217.2  0.3187911E+06

217.4  0.3204634E+06

217.6  0.3221453E+06

217.8  0.3238369E+06

218.0  0.3255379E+06

218.2  0.3272486E+06

218.4  0.3289688E+06

218.6  0.3306985E+06

218.8  0.3324377E+06

219.0  0.3341864E+06

219.2  0.3359446E+06

219.4  0.3377121E+06

219.6  0.3394891E+06

219.8  0.3412754E+06

220.0  0.3430711E+06

220.2  0.3448760E+06

220.4  0.3466902E+06

220.6  0.3485136E+06

220.8  0.3503462E+06

221.0  0.3521879E+06

221.2  0.3540387E+06

221.4  0.3558986E+06

221.6  0.3577674E+06

221.8  0.3596451E+06

222.0  0.3615317E+06

222.2  0.3634271E+06

222.4  0.3653313E+06

222.6  0.3672442E+06

222.8  0.3691657E+06

223.0  0.3710958E+06

223.2  0.3730344E+06

223.4  0.3749814E+06

223.6  0.3769368E+06

223.8  0.3789005E+06

224.0  0.3808724E+06

224.2  0.3828525E+06

224.4  0.3848406E+06

224.6  0.3868367E+06

224.8  0.3888407E+06

225.0  0.3908525E+06

225.2  0.3928720E+06

225.4  0.3948992E+06

225.6  0.3969340E+06

225.8  0.3989762E+06

226.0  0.4010258E+06

226.2  0.4030827E+06

226.4  0.4051467E+06

226.6  0.4072179E+06

226.8  0.4092960E+06

227.0  0.4113810E+06

227.2  0.4134728E+06

227.4  0.4155713E+06

227.6  0.4176763E+06

227.8  0.4197878E+06

228.0  0.4219057E+06

228.2  0.4240298E+06

228.4  0.4261601E+06

228.6  0.4282964E+06

228.8  0.4304386E+06

229.0  0.4325866E+06

229.2  0.4347402E+06

229.4  0.4368994E+06

229.6  0.4390641E+06

229.8  0.4412341E+06

230.0  0.4434093E+06

230.2  0.4455896E+06

230.4  0.4477748E+06

230.6  0.4499648E+06

230.8  0.4521596E+06

231.0  0.4543589E+06

231.2  0.4565627E+06

231.4  0.4587708E+06

231.6  0.4609831E+06

231.8  0.4631995E+06

232.0  0.4654197E+06

232.2  0.4676438E+06

232.4  0.4698716E+06

232.6  0.4721028E+06

232.8  0.4743375E+06

233.0  0.4765754E+06

233.2  0.4788165E+06

233.4  0.4810605E+06

233.6  0.4833074E+06

233.8  0.4855571E+06

234.0  0.4878093E+06

234.2  0.4900639E+06

234.4  0.4923208E+06

234.6  0.4945799E+06

234.8  0.4968411E+06

235.0  0.4991041E+06

235.2  0.5013688E+06

235.4  0.5036352E+06

235.6  0.5059030E+06

235.8  0.5081722E+06

236.0  0.5104425E+06

236.2  0.5127139E+06

236.4  0.5149862E+06

236.6  0.5172592E+06

236.8  0.5195329E+06

237.0  0.5218070E+06

237.2  0.5240815E+06

237.4  0.5263562E+06

237.6  0.5286310E+06

237.8  0.5309056E+06

238.0  0.5331801E+06

238.2  0.5354541E+06

238.4  0.5377277E+06

238.6  0.5400007E+06

238.8  0.5422728E+06

239.0  0.5445441E+06

239.2  0.5468142E+06

239.4  0.5490832E+06

239.6  0.5513509E+06

239.8  0.5536171E+06

240.0  0.5558817E+06

240.2  0.5581445E+06

240.4  0.5604054E+06

240.6  0.5626644E+06

240.8  0.5649212E+06

241.0  0.5671757E+06

241.2  0.5694278E+06

241.4  0.5716773E+06

241.6  0.5739242E+06

241.8  0.5761683E+06

242.0  0.5784094E+06

242.2  0.5806474E+06

242.4  0.5828822E+06

242.6  0.5851137E+06

242.8  0.5873418E+06

243.0  0.5895663E+06

243.2  0.5917870E+06

243.4  0.5940039E+06

243.6  0.5962169E+06

243.8  0.5984258E+06

244.0  0.6006304E+06

244.2  0.6028308E+06

244.4  0.6050267E+06

244.6  0.6072180E+06

244.8  0.6094047E+06

245.0  0.6115865E+06

245.2  0.6137634E+06

245.4  0.6159353E+06

245.6  0.6181020E+06

245.8  0.6202635E+06

246.0  0.6224196E+06

246.2  0.6245703E+06

246.4  0.6267153E+06

246.6  0.6288546E+06

246.8  0.6309881E+06

247.0  0.6331157E+06

247.2  0.6352373E+06

247.4  0.6373527E+06

247.6  0.6394619E+06

247.8  0.6415648E+06

248.0  0.6436612E+06

248.2  0.6457511E+06

248.4  0.6478344E+06

248.6  0.6499110E+06

248.8  0.6519807E+06

249.0  0.6540435E+06

249.2  0.6560993E+06

249.4  0.6581480E+06

249.6  0.6601895E+06

249.8  0.6622237E+06

250.0  0.6642505E+06

250.2  0.6662699E+06

250.4  0.6682817E+06

250.6  0.6702859E+06

250.8  0.6722824E+06

251.0  0.6742710E+06

251.2  0.6762519E+06

251.4  0.6782247E+06

251.6  0.6801895E+06

251.8  0.6821462E+06

252.0  0.6840948E+06

252.2  0.6860350E+06

252.4  0.6879669E+06

252.6  0.6898905E+06

252.8  0.6918055E+06

253.0  0.6937120E+06

253.2  0.6956099E+06

253.4  0.6974991E+06

253.6  0.6993796E+06

253.8  0.7012512E+06

254.0  0.7031140E+06

254.2  0.7049679E+06

254.4  0.7068128E+06

254.6  0.7086486E+06

254.8  0.7104753E+06

255.0  0.7122929E+06

255.2  0.7141012E+06

255.4  0.7159002E+06

255.6  0.7176900E+06

255.8  0.7194704E+06

256.0  0.7212413E+06

256.2  0.7230028E+06

256.4  0.7247547E+06

256.6  0.7264971E+06

256.8  0.7282299E+06

257.0  0.7299530E+06

257.2  0.7316664E+06

257.4  0.7333701E+06

257.6  0.7350640E+06

257.8  0.7367481E+06

258.0  0.7384223E+06

258.2  0.7400867E+06

258.4  0.7417411E+06

258.6  0.7433856E+06

258.8  0.7450201E+06

259.0  0.7466445E+06

259.2  0.7482589E+06

259.4  0.7498633E+06

259.6  0.7514575E+06

259.8  0.7530416E+06

260.0  0.7546155E+06

260.2  0.7561792E+06

260.4  0.7577327E+06

260.6  0.7592760E+06

260.8  0.7608091E+06

261.0  0.7623318E+06

261.2  0.7638443E+06

261.4  0.7653465E+06

261.6  0.7668383E+06

261.8  0.7683198E+06

262.0  0.7697909E+06

262.2  0.7712517E+06

262.4  0.7727020E+06

262.6  0.7741420E+06

262.8  0.7755716E+06

263.0  0.7769907E+06

263.2  0.7783994E+06

263.4  0.7797977E+06

263.6  0.7811856E+06

263.8  0.7825630E+06

264.0  0.7839299E+06

264.2  0.7852864E+06

264.4  0.7866324E+06

264.6  0.7879680E+06

264.8  0.7892931E+06

265.0  0.7906078E+06

265.2  0.7919119E+06

265.4  0.7932057E+06

265.6  0.7944889E+06

265.8  0.7957617E+06

266.0  0.7970241E+06

266.2  0.7982760E+06

266.4  0.7995174E+06

266.6  0.8007484E+06

266.8  0.8019690E+06

267.0  0.8031792E+06

267.2  0.8043790E+06

267.4  0.8055683E+06

267.6  0.8067473E+06

267.8  0.8079159E+06

268.0  0.8090741E+06

268.2  0.8102220E+06

268.4  0.8113595E+06

268.6  0.8124867E+06

268.8  0.8136036E+06

269.0  0.8147101E+06

269.2  0.8158064E+06

269.4  0.8168925E+06

269.6  0.8179682E+06

269.8  0.8190338E+06

270.0  0.8200891E+06

270.2  0.8211342E+06

270.4  0.8221692E+06

270.6  0.8231940E+06

270.8  0.8242087E+06

271.0  0.8252132E+06

271.2  0.8262077E+06

271.4  0.8271921E+06

271.6  0.8281665E+06

271.8  0.8291308E+06

272.0  0.8300852E+06

272.2  0.8310296E+06

272.4  0.8319640E+06

272.6  0.8328885E+06

272.8  0.8338032E+06

273.0  0.8347079E+06

273.2  0.8356029E+06

273.4  0.8364880E+06

273.6  0.8373633E+06

273.8  0.8382289E+06

274.0  0.8390848E+06

274.2  0.8399310E+06

274.4  0.8407675E+06

274.6  0.8415943E+06

274.8  0.8424116E+06

275.0  0.8432193E+06

275.2  0.8440175E+06

275.4  0.8448062E+06

275.6  0.8455853E+06

275.8  0.8463551E+06

276.0  0.8471154E+06

276.2  0.8478664E+06

276.4  0.8486080E+06

276.6  0.8493403E+06

276.8  0.8500634E+06

277.0  0.8507772E+06

277.2  0.8514818E+06

277.4  0.8521773E+06

277.6  0.8528636E+06

277.8  0.8535408E+06

278.0  0.8542090E+06

278.2  0.8548681E+06

278.4  0.8555183E+06

278.6  0.8561595E+06

278.8  0.8567918E+06

279.0  0.8574152E+06

279.2  0.8580298E+06

279.4  0.8586356E+06

279.6  0.8592326E+06

279.8  0.8598210E+06

280.0  0.8604006E+06

280.2  0.8609716E+06

280.4  0.8615340E+06

280.6  0.8620878E+06

280.8  0.8626332E+06

281.0  0.8631700E+06

281.2  0.8636984E+06

281.4  0.8642183E+06

281.6  0.8647299E+06

281.8  0.8652332E+06

282.0  0.8657282E+06

282.2  0.8662150E+06

282.4  0.8666935E+06

282.6  0.8671639E+06

282.8  0.8676262E+06

283.0  0.8680804E+06

283.2  0.8685265E+06

283.4  0.8689647E+06

283.6  0.8693949E+06

283.8  0.8698172E+06

284.0  0.8702316E+06

284.2  0.8706381E+06

284.4  0.8710369E+06

284.6  0.8714279E+06

284.8  0.8718112E+06

285.0  0.8721869E+06

285.2  0.8725549E+06

285.4  0.8729154E+06

285.6  0.8732683E+06

285.8  0.8736137E+06

286.0  0.8739516E+06

286.2  0.8742821E+06

286.4  0.8746053E+06

286.6  0.8749211E+06

286.8  0.8752296E+06

287.0  0.8755309E+06

287.2  0.8758250E+06

287.4  0.8761119E+06

287.6  0.8763917E+06

287.8  0.8766644E+06

288.0  0.8769300E+06

288.2  0.8771887E+06

288.4  0.8774404E+06

288.6  0.8776852E+06

288.8  0.8779232E+06

289.0  0.8781543E+06

289.2  0.8783786E+06

289.4  0.8785961E+06

289.6  0.8788070E+06

289.8  0.8790112E+06

290.0  0.8792088E+06

290.2  0.8793998E+06

290.4  0.8795843E+06

290.6  0.8797622E+06

290.8  0.8799337E+06

291.0  0.8800988E+06

291.2  0.8802576E+06

291.4  0.8804099E+06

291.6  0.8805561E+06

291.8  0.8806959E+06

292.0  0.8808295E+06

292.2  0.8809570E+06

292.4  0.8810784E+06

292.6  0.8811936E+06

292.8  0.8813028E+06

293.0  0.8814061E+06

293.2  0.8815033E+06

293.4  0.8815946E+06

293.6  0.8816801E+06

293.8  0.8817596E+06

294.0  0.8818334E+06

294.2  0.8819015E+06

294.4  0.8819637E+06

294.6  0.8820204E+06

294.8  0.8820713E+06

295.0  0.8821167E+06

295.2  0.8821565E+06

295.4  0.8821907E+06

295.6  0.8822195E+06

295.8  0.8822428E+06

296.0  0.8822607E+06

296.2  0.8822733E+06

296.4  0.8822805E+06

296.6  0.8822824E+06

296.8  0.8822790E+06

297.0  0.8822704E+06

297.2  0.8822567E+06

297.4  0.8822378E+06

297.6  0.8822138E+06

297.8  0.8821847E+06

298.0  0.8821506E+06

298.2  0.8821115E+06

298.4  0.8820674E+06

298.6  0.8820184E+06

298.8  0.8819646E+06

299.0  0.8819059E+06

299.2  0.8818424E+06

299.4  0.8817741E+06

299.6  0.8817010E+06

299.8  0.8816233E+06

300.0  0.8815409E+06

300.2  0.8814539E+06

300.4  0.8813623E+06

300.6  0.8812661E+06

300.8  0.8811654E+06

301.0  0.8810602E+06

301.2  0.8809506E+06

301.4  0.8808365E+06

301.6  0.8807181E+06

301.8  0.8805953E+06

302.0  0.8804682E+06

302.2  0.8803368E+06

302.4  0.8802011E+06

302.6  0.8800613E+06

302.8  0.8799173E+06

303.0  0.8797691E+06

303.2  0.8796168E+06

303.4  0.8794605E+06

303.6  0.8793001E+06

303.8  0.8791356E+06

304.0  0.8789672E+06

304.2  0.8787949E+06

304.4  0.8786186E+06

304.6  0.8784385E+06

304.8  0.8782545E+06

305.0  0.8780667E+06

305.2  0.8778751E+06

305.4  0.8776797E+06

305.6  0.8774807E+06

305.8  0.8772779E+06

306.0  0.8770715E+06

306.2  0.8768614E+06

306.4  0.8766477E+06

306.6  0.8764305E+06

306.8  0.8762097E+06

307.0  0.8759855E+06

307.2  0.8757577E+06

307.4  0.8755265E+06

307.6  0.8752919E+06

307.8  0.8750539E+06

308.0  0.8748125E+06

308.2  0.8745678E+06

308.4  0.8743198E+06

308.6  0.8740685E+06

308.8  0.8738140E+06

309.0  0.8735562E+06

309.2  0.8732953E+06

309.4  0.8730312E+06

309.6  0.8727640E+06

309.8  0.8724937E+06

310.0  0.8722203E+06

310.2  0.8719438E+06

310.4  0.8716644E+06

310.6  0.8713819E+06

310.8  0.8710965E+06

311.0  0.8708081E+06

311.2  0.8705168E+06

311.4  0.8702227E+06

311.6  0.8699256E+06

311.8  0.8696258E+06

312.0  0.8693231E+06

312.2  0.8690177E+06

312.4  0.8687094E+06

312.6  0.8683985E+06

312.8  0.8680849E+06

313.0  0.8677685E+06

313.2  0.8674496E+06

313.4  0.8671280E+06

313.6  0.8668037E+06

313.8  0.8664770E+06

314.0  0.8661476E+06

314.2  0.8658157E+06

314.4  0.8654813E+06

314.6  0.8651445E+06

314.8  0.8648051E+06

315.0  0.8644634E+06

315.2  0.8641192E+06

315.4  0.8637726E+06

315.6  0.8634237E+06

315.8  0.8630724E+06

316.0  0.8627188E+06

316.2  0.8623629E+06

316.4  0.8620047E+06

316.6  0.8616443E+06

316.8  0.8612816E+06

317.0  0.8609167E+06

317.2  0.8605497E+06

317.4  0.8601805E+06

317.6  0.8598091E+06

317.8  0.8594356E+06

318.0  0.8590600E+06

318.2  0.8586823E+06

318.4  0.8583026E+06

318.6  0.8579209E+06

318.8  0.8575371E+06

319.0  0.8571513E+06

319.2  0.8567636E+06

319.4  0.8563738E+06

319.6  0.8559822E+06

319.8  0.8555886E+06

320.0  0.8551932E+06

320.2  0.8547959E+06

320.4  0.8543967E+06

320.6  0.8539957E+06

320.8  0.8535928E+06

321.0  0.8531882E+06

321.2  0.8527818E+06

321.4  0.8523736E+06

321.6  0.8519637E+06

321.8  0.8515520E+06

322.0  0.8511387E+06

322.2  0.8507236E+06

322.4  0.8503069E+06

322.6  0.8498886E+06

322.8  0.8494686E+06

323.0  0.8490470E+06

323.2  0.8486238E+06

323.4  0.8481990E+06

323.6  0.8477727E+06

323.8  0.8473448E+06

324.0  0.8469154E+06

324.2  0.8464845E+06

324.4  0.8460521E+06

324.6  0.8456182E+06

324.8  0.8451829E+06

325.0  0.8447461E+06

325.2  0.8443079E+06

325.4  0.8438683E+06

325.6  0.8434272E+06

325.8  0.8429848E+06

326.0  0.8425411E+06

326.2  0.8420960E+06

326.4  0.8416495E+06

326.6  0.8412018E+06

326.8  0.8407527E+06

327.0  0.8403024E+06

327.2  0.8398508E+06

327.4  0.8393979E+06

327.6  0.8389438E+06

327.8  0.8384885E+06

328.0  0.8380319E+06

328.2  0.8375742E+06

328.4  0.8371153E+06

328.6  0.8366552E+06

328.8  0.8361939E+06

329.0  0.8357315E+06

329.2  0.8352680E+06

329.4  0.8348034E+06

329.6  0.8343377E+06

329.8  0.8338709E+06

330.0  0.8334030E+06

330.2  0.8329341E+06

330.4  0.8324642E+06

330.6  0.8319932E+06

330.8  0.8315211E+06

331.0  0.8310481E+06

331.2  0.8305741E+06

331.4  0.8300991E+06

331.6  0.8296232E+06

331.8  0.8291463E+06

332.0  0.8286684E+06

332.2  0.8281897E+06

332.4  0.8277100E+06

332.6  0.8272294E+06

332.8  0.8267479E+06

333.0  0.8262655E+06

333.2  0.8257823E+06

333.4  0.8252982E+06

333.6  0.8248133E+06

333.8  0.8243275E+06

334.0  0.8238409E+06

334.2  0.8233535E+06

334.4  0.8228653E+06

334.6  0.8223763E+06

334.8  0.8218866E+06

335.0  0.8213961E+06

335.2  0.8209048E+06

335.4  0.8204128E+06

335.6  0.8199200E+06

335.8  0.8194265E+06

336.0  0.8189324E+06

336.2  0.8184375E+06

336.4  0.8179419E+06

336.6  0.8174456E+06

336.8  0.8169487E+06

337.0  0.8164511E+06

337.2  0.8159529E+06

337.4  0.8154540E+06

337.6  0.8149545E+06

337.8  0.8144544E+06

338.0  0.8139537E+06

338.2  0.8134523E+06

338.4  0.8129504E+06

338.6  0.8124479E+06

338.8  0.8119448E+06

339.0  0.8114412E+06

339.2  0.8109370E+06

339.4  0.8104322E+06

339.6  0.8099270E+06

339.8  0.8094211E+06

340.0  0.8089148E+06

340.2  0.8084080E+06

340.4  0.8079007E+06

340.6  0.8073928E+06

340.8  0.8068845E+06

341.0  0.8063758E+06

341.2  0.8058665E+06

341.4  0.8053568E+06

341.6  0.8048466E+06

341.8  0.8043361E+06

342.0  0.8038250E+06

342.2  0.8033136E+06

342.4  0.8028017E+06

342.6  0.8022894E+06

342.8  0.8017767E+06

343.0  0.8012637E+06

343.2  0.8007502E+06

343.4  0.8002364E+06

343.6  0.7997222E+06

343.8  0.7992076E+06

344.0  0.7986927E+06

344.2  0.7981774E+06

344.4  0.7976618E+06

344.6  0.7971458E+06

344.8  0.7966295E+06

345.0  0.7961130E+06

345.2  0.7955960E+06

345.4  0.7950788E+06

345.6  0.7945613E+06

345.8  0.7940435E+06

346.0  0.7935254E+06

346.2  0.7930071E+06

346.4  0.7924884E+06

346.6  0.7919695E+06

346.8  0.7914504E+06

347.0  0.7909310E+06

347.2  0.7904113E+06

347.4  0.7898914E+06

347.6  0.7893713E+06

347.8  0.7888509E+06

348.0  0.7883303E+06

348.2  0.7878096E+06

348.4  0.7872886E+06

348.6  0.7867674E+06

348.8  0.7862460E+06

349.0  0.7857244E+06

349.2  0.7852026E+06

349.4  0.7846807E+06

349.6  0.7841585E+06

349.8  0.7836362E+06

350.0  0.7831138E+06

350.2  0.7825912E+06

350.4  0.7820684E+06

350.6  0.7815455E+06

350.8  0.7810225E+06

351.0  0.7804993E+06

351.2  0.7799760E+06

351.4  0.7794526E+06

351.6  0.7789291E+06

351.8  0.7784054E+06

352.0  0.7778816E+06

352.2  0.7773578E+06

352.4  0.7768338E+06

352.6  0.7763098E+06

352.8  0.7757856E+06

353.0  0.7752614E+06

353.2  0.7747371E+06

353.4  0.7742127E+06

353.6  0.7736883E+06

353.8  0.7731637E+06

354.0  0.7726392E+06

354.2  0.7721146E+06

354.4  0.7715899E+06

354.6  0.7710652E+06

354.8  0.7705404E+06

355.0  0.7700156E+06

355.2  0.7694908E+06

355.4  0.7689659E+06

355.6  0.7684410E+06

355.8  0.7679161E+06

356.0  0.7673912E+06

356.2  0.7668663E+06

356.4  0.7663414E+06

356.6  0.7658164E+06

356.8  0.7652915E+06

357.0  0.7647666E+06

357.2  0.7642416E+06

357.4  0.7637167E+06

357.6  0.7631919E+06

357.8  0.7626670E+06

358.0  0.7621421E+06

358.2  0.7616173E+06

358.4  0.7610925E+06

358.6  0.7605678E+06

358.8  0.7600431E+06

359.0  0.7595184E+06

359.2  0.7589938E+06

359.4  0.7584693E+06

359.6  0.7579447E+06

359.8  0.7574203E+06

360.0  0.7568959E+06

360.2  0.7563716E+06

360.4  0.7558473E+06

360.6  0.7553231E+06

360.8  0.7547990E+06

361.0  0.7542750E+06

361.2  0.7537510E+06

361.4  0.7532272E+06

361.6  0.7527034E+06

361.8  0.7521797E+06

362.0  0.7516561E+06

362.2  0.7511326E+06

362.4  0.7506092E+06

362.6  0.7500859E+06

362.8  0.7495627E+06

363.0  0.7490396E+06

363.2  0.7485166E+06

363.4  0.7479938E+06

363.6  0.7474710E+06

363.8  0.7469484E+06

364.0  0.7464259E+06

364.2  0.7459036E+06

364.4  0.7453813E+06

364.6  0.7448592E+06

364.8  0.7443372E+06

365.0  0.7438154E+06

365.2  0.7432937E+06

365.4  0.7427721E+06

365.6  0.7422507E+06

365.8  0.7417294E+06

366.0  0.7412083E+06

366.2  0.7406874E+06

366.4  0.7401666E+06

366.6  0.7396459E+06

366.8  0.7391254E+06

367.0  0.7386051E+06

367.2  0.7380849E+06

367.4  0.7375649E+06

367.6  0.7370451E+06

367.8  0.7365254E+06

368.0  0.7360059E+06

368.2  0.7354866E+06

368.4  0.7349675E+06

368.6  0.7344485E+06

368.8  0.7339297E+06

369.0  0.7334112E+06

369.2  0.7328928E+06

369.4  0.7323745E+06

369.6  0.7318565E+06

369.8  0.7313387E+06

370.0  0.7308210E+06

370.2  0.7303036E+06

370.4  0.7297864E+06

370.6  0.7292693E+06

370.8  0.7287525E+06

371.0  0.7282359E+06

371.2  0.7277194E+06

371.4  0.7272032E+06

371.6  0.7266872E+06

371.8  0.7261714E+06

372.0  0.7256558E+06

372.2  0.7251405E+06

372.4  0.7246253E+06

372.6  0.7241104E+06

372.8  0.7235957E+06

373.0  0.7230812E+06

373.2  0.7225669E+06

373.4  0.7220529E+06

373.6  0.7215391E+06

373.8  0.7210255E+06

374.0  0.7205121E+06

374.2  0.7199990E+06

374.4  0.7194861E+06

374.6  0.7189735E+06

374.8  0.7184610E+06

375.0  0.7179489E+06

375.2  0.7174369E+06

375.4  0.7169252E+06

375.6  0.7164138E+06

375.8  0.7159026E+06

376.0  0.7153916E+06

376.2  0.7148809E+06

376.4  0.7143704E+06

376.6  0.7138602E+06

376.8  0.7133502E+06

377.0  0.7128405E+06

377.2  0.7123311E+06

377.4  0.7118219E+06

377.6  0.7113129E+06

377.8  0.7108042E+06

378.0  0.7102958E+06

378.2  0.7097876E+06

378.4  0.7092797E+06

378.6  0.7087721E+06

378.8  0.7082647E+06

379.0  0.7077576E+06

379.2  0.7072507E+06

379.4  0.7067441E+06

379.6  0.7062378E+06

379.8  0.7057318E+06

380.0  0.7052260E+06

380.2  0.7047205E+06

380.4  0.7042153E+06

380.6  0.7037103E+06

380.8  0.7032056E+06

381.0  0.7027012E+06

381.2  0.7021971E+06

381.4  0.7016933E+06

381.6  0.7011897E+06

381.8  0.7006864E+06

382.0  0.7001834E+06

382.2  0.6996807E+06

382.4  0.6991782E+06

382.6  0.6986760E+06

382.8  0.6981742E+06

383.0  0.6976726E+06

383.2  0.6971713E+06

383.4  0.6966703E+06

383.6  0.6961695E+06

383.8  0.6956691E+06

384.0  0.6951690E+06

384.2  0.6946691E+06

384.4  0.6941695E+06

384.6  0.6936703E+06

384.8  0.6931713E+06

385.0  0.6926726E+06

385.2  0.6921742E+06

385.4  0.6916761E+06

385.6  0.6911783E+06

385.8  0.6906808E+06

386.0  0.6901836E+06

386.2  0.6896867E+06

386.4  0.6891901E+06

386.6  0.6886938E+06

386.8  0.6881978E+06

387.0  0.6877021E+06

387.2  0.6872067E+06

387.4  0.6867116E+06

387.6  0.6862168E+06

387.8  0.6857223E+06

388.0  0.6852281E+06

388.2  0.6847343E+06

388.4  0.6842407E+06

388.6  0.6837474E+06

388.8  0.6832545E+06

389.0  0.6827618E+06

389.2  0.6822695E+06

389.4  0.6817775E+06

389.6  0.6812857E+06

389.8  0.6807943E+06

390.0  0.6803032E+06

390.2  0.6798124E+06

390.4  0.6793219E+06

390.6  0.6788318E+06

390.8  0.6783419E+06

391.0  0.6778524E+06

391.2  0.6773632E+06

391.4  0.6768742E+06

391.6  0.6763856E+06

391.8  0.6758974E+06

392.0  0.6754094E+06

392.2  0.6749217E+06

392.4  0.6744344E+06

392.6  0.6739474E+06

392.8  0.6734607E+06

393.0  0.6729743E+06

393.2  0.6724882E+06

393.4  0.6720025E+06

393.6  0.6715171E+06

393.8  0.6710320E+06

394.0  0.6705472E+06

394.2  0.6700627E+06

394.4  0.6695786E+06

394.6  0.6690947E+06

394.8  0.6686112E+06

395.0  0.6681280E+06

395.2  0.6676452E+06

395.4  0.6671626E+06

395.6  0.6666804E+06

395.8  0.6661985E+06

396.0  0.6657170E+06

396.2  0.6652357E+06

396.4  0.6647548E+06

396.6  0.6642742E+06

396.8  0.6637939E+06

397.0  0.6633140E+06

397.2  0.6628343E+06

397.4  0.6623550E+06

397.6  0.6618761E+06

397.8  0.6613974E+06

398.0  0.6609191E+06

398.2  0.6604411E+06

398.4  0.6599634E+06

398.6  0.6594861E+06

398.8  0.6590090E+06

399.0  0.6585324E+06

399.2  0.6580560E+06

399.4  0.6575800E+06

399.6  0.6571042E+06

399.8  0.6566289E+06

400.0  0.6561538E+06

400.2  0.6556791E+06

400.4  0.6552047E+06

400.6  0.6547306E+06

400.8  0.6542569E+06

401.0  0.6537835E+06

401.2  0.6533104E+06

401.4  0.6528377E+06

401.6  0.6523652E+06

401.8  0.6518931E+06

402.0  0.6514214E+06

402.2  0.6509499E+06

402.4  0.6504788E+06

402.6  0.6500081E+06

402.8  0.6495376E+06

403.0  0.6490675E+06

403.2  0.6485977E+06

403.4  0.6481283E+06

403.6  0.6476592E+06

403.8  0.6471904E+06

404.0  0.6467219E+06

404.2  0.6462538E+06

404.4  0.6457860E+06

404.6  0.6453185E+06

404.8  0.6448514E+06

405.0  0.6443846E+06

405.2  0.6439181E+06

405.4  0.6434520E+06

405.6  0.6429862E+06

405.8  0.6425207E+06

406.0  0.6420556E+06

406.2  0.6415908E+06

406.4  0.6411263E+06

406.6  0.6406621E+06

406.8  0.6401983E+06

407.0  0.6397348E+06

407.2  0.6392717E+06

407.4  0.6388089E+06

407.6  0.6383464E+06

407.8  0.6378842E+06

408.0  0.6374224E+06

408.2  0.6369609E+06

408.4  0.6364998E+06

408.6  0.6360389E+06

408.8  0.6355784E+06

409.0  0.6351183E+06

409.2  0.6346584E+06

409.4  0.6341989E+06

409.6  0.6337398E+06

409.8  0.6332809E+06

410.0  0.6328224E+06

410.2  0.6323643E+06

410.4  0.6319064E+06

410.6  0.6314489E+06

410.8  0.6309917E+06

411.0  0.6305349E+06

411.2  0.6300784E+06

411.4  0.6296222E+06

411.6  0.6291664E+06

411.8  0.6287108E+06

412.0  0.6282557E+06

412.2  0.6278008E+06

412.4  0.6273463E+06

412.6  0.6268921E+06

412.8  0.6264382E+06

413.0  0.6259847E+06

413.2  0.6255315E+06

413.4  0.6250787E+06

413.6  0.6246261E+06

413.8  0.6241739E+06

414.0  0.6237221E+06

414.2  0.6232705E+06

414.4  0.6228193E+06

414.6  0.6223684E+06

414.8  0.6219179E+06

415.0  0.6214677E+06

415.2  0.6210178E+06

415.4  0.6205682E+06

415.6  0.6201190E+06

415.8  0.6196701E+06

416.0  0.6192216E+06

416.2  0.6187733E+06

416.4  0.6183254E+06

416.6  0.6178779E+06

416.8  0.6174306E+06

417.0  0.6169837E+06

417.2  0.6165371E+06

417.4  0.6160909E+06

417.6  0.6156450E+06

417.8  0.6151994E+06

418.0  0.6147541E+06

418.2  0.6143092E+06

418.4  0.6138646E+06

418.6  0.6134203E+06

418.8  0.6129763E+06

419.0  0.6125327E+06

419.2  0.6120894E+06

419.4  0.6116465E+06

419.6  0.6112038E+06

419.8  0.6107615E+06

420.0  0.6103196E+06

420.2  0.6098779E+06

420.4  0.6094366E+06

420.6  0.6089956E+06

420.8  0.6085549E+06

421.0  0.6081146E+06

421.2  0.6076746E+06

421.4  0.6072349E+06

421.6  0.6067955E+06

421.8  0.6063565E+06

422.0  0.6059178E+06

422.2  0.6054794E+06

422.4  0.6050414E+06

422.6  0.6046037E+06

422.8  0.6041663E+06

423.0  0.6037292E+06

423.2  0.6032924E+06

423.4  0.6028560E+06

423.6  0.6024199E+06

423.8  0.6019842E+06

424.0  0.6015487E+06

424.2  0.6011136E+06

424.4  0.6006788E+06

424.6  0.6002443E+06

424.8  0.5998102E+06

425.0  0.5993764E+06

425.2  0.5989429E+06

425.4  0.5985097E+06

425.6  0.5980768E+06

425.8  0.5976443E+06

426.0  0.5972121E+06

426.2  0.5967802E+06

426.4  0.5963487E+06

426.6  0.5959174E+06

426.8  0.5954865E+06

427.0  0.5950560E+06

427.2  0.5946257E+06

427.4  0.5941957E+06

427.6  0.5937661E+06

427.8  0.5933368E+06

428.0  0.5929078E+06

428.2  0.5924792E+06

428.4  0.5920509E+06

428.6  0.5916228E+06

428.8  0.5911951E+06

429.0  0.5907678E+06

429.2  0.5903407E+06

429.4  0.5899140E+06

429.6  0.5894876E+06

429.8  0.5890615E+06

430.0  0.5886357E+06

430.2  0.5882103E+06

430.4  0.5877851E+06

430.6  0.5873603E+06

430.8  0.5869358E+06

431.0  0.5865116E+06

431.2  0.5860878E+06

431.4  0.5856642E+06

431.6  0.5852410E+06

431.8  0.5848181E+06

432.0  0.5843955E+06

432.2  0.5839733E+06

432.4  0.5835513E+06

432.6  0.5831297E+06

432.8  0.5827084E+06

433.0  0.5822874E+06

433.2  0.5818667E+06

433.4  0.5814463E+06

433.6  0.5810263E+06

433.8  0.5806065E+06

434.0  0.5801871E+06

434.2  0.5797680E+06

434.4  0.5793492E+06

434.6  0.5789307E+06

434.8  0.5785126E+06

435.0  0.5780947E+06

435.2  0.5776772E+06

435.4  0.5772600E+06

435.6  0.5768431E+06

435.8  0.5764265E+06

436.0  0.5760102E+06

436.2  0.5755943E+06

436.4  0.5751786E+06

436.6  0.5747633E+06

436.8  0.5743483E+06

437.0  0.5739335E+06

437.2  0.5735191E+06

437.4  0.5731051E+06

437.6  0.5726913E+06

437.8  0.5722778E+06

438.0  0.5718647E+06

438.2  0.5714518E+06

438.4  0.5710393E+06

438.6  0.5706271E+06

438.8  0.5702152E+06

439.0  0.5698036E+06

439.2  0.5693923E+06

439.4  0.5689813E+06

439.6  0.5685706E+06

439.8  0.5681603E+06

440.0  0.5677502E+06

440.2  0.5673405E+06

440.4  0.5669310E+06

440.6  0.5665219E+06

440.8  0.5661131E+06

441.0  0.5657046E+06

441.2  0.5652964E+06

441.4  0.5648885E+06

441.6  0.5644809E+06

441.8  0.5640736E+06

442.0  0.5636667E+06

442.2  0.5632600E+06

442.4  0.5628536E+06

442.6  0.5624476E+06

442.8  0.5620418E+06

443.0  0.5616364E+06

443.2  0.5612312E+06

443.4  0.5608264E+06

443.6  0.5604219E+06

443.8  0.5600177E+06

444.0  0.5596137E+06

444.2  0.5592101E+06

444.4  0.5588068E+06

444.6  0.5584038E+06

444.8  0.5580011E+06

445.0  0.5575987E+06

445.2  0.5571966E+06

445.4  0.5567948E+06

445.6  0.5563933E+06

445.8  0.5559922E+06

446.0  0.5555913E+06

446.2  0.5551907E+06

446.4  0.5547904E+06

446.6  0.5543904E+06

446.8  0.5539907E+06

447.0  0.5535914E+06

447.2  0.5531923E+06

447.4  0.5527935E+06

447.6  0.5523950E+06

447.8  0.5519968E+06

448.0  0.5515990E+06

448.2  0.5512014E+06

448.4  0.5508041E+06

448.6  0.5504071E+06

448.8  0.5500105E+06

449.0  0.5496141E+06

449.2  0.5492180E+06

449.4  0.5488222E+06

449.6  0.5484267E+06

449.8  0.5480315E+06

450.0  0.5476366E+06

450.2  0.5472420E+06

450.4  0.5468477E+06

450.6  0.5464537E+06

450.8  0.5460600E+06

451.0  0.5456666E+06

451.2  0.5452735E+06

451.4  0.5448807E+06

451.6  0.5444882E+06

451.8  0.5440959E+06

452.0  0.5437040E+06

452.2  0.5433124E+06

452.4  0.5429210E+06

452.6  0.5425300E+06

452.8  0.5421392E+06

453.0  0.5417488E+06

453.2  0.5413586E+06

453.4  0.5409687E+06

453.6  0.5405792E+06

453.8  0.5401899E+06

454.0  0.5398009E+06

454.2  0.5394122E+06

454.4  0.5390238E+06

454.6  0.5386356E+06

454.8  0.5382478E+06

455.0  0.5378603E+06

455.2  0.5374730E+06

455.4  0.5370861E+06

455.6  0.5366994E+06

455.8  0.5363131E+06

456.0  0.5359270E+06

456.2  0.5355412E+06

456.4  0.5351557E+06

456.6  0.5347705E+06

456.8  0.5343856E+06

457.0  0.5340009E+06

457.2  0.5336166E+06

457.4  0.5332325E+06

457.6  0.5328488E+06

457.8  0.5324653E+06

458.0  0.5320821E+06

458.2  0.5316992E+06

458.4  0.5313166E+06

458.6  0.5309342E+06

458.8  0.5305522E+06

459.0  0.5301704E+06

459.2  0.5297890E+06

459.4  0.5294078E+06

459.6  0.5290269E+06

459.8  0.5286463E+06

460.0  0.5282660E+06

460.2  0.5278859E+06

460.4  0.5275062E+06

460.6  0.5271267E+06

460.8  0.5267475E+06

461.0  0.5263686E+06

461.2  0.5259900E+06

461.4  0.5256117E+06

461.6  0.5252336E+06

461.8  0.5248558E+06

462.0  0.5244784E+06

462.2  0.5241012E+06

462.4  0.5237242E+06

462.6  0.5233476E+06

462.8  0.5229713E+06

463.0  0.5225952E+06

463.2  0.5222194E+06

463.4  0.5218439E+06

463.6  0.5214687E+06

463.8  0.5210937E+06

464.0  0.5207191E+06

464.2  0.5203447E+06

464.4  0.5199706E+06

464.6  0.5195967E+06

464.8  0.5192232E+06

465.0  0.5188499E+06

465.2  0.5184769E+06

465.4  0.5181042E+06

465.6  0.5177318E+06

465.8  0.5173597E+06

466.0  0.5169878E+06

466.2  0.5166162E+06

466.4  0.5162449E+06

466.6  0.5158739E+06

466.8  0.5155031E+06

467.0  0.5151326E+06

467.2  0.5147624E+06

467.4  0.5143925E+06

467.6  0.5140228E+06

467.8  0.5136535E+06

468.0  0.5132844E+06

468.2  0.5129156E+06

468.4  0.5125470E+06

468.6  0.5121787E+06

468.8  0.5118107E+06

469.0  0.5114430E+06

469.2  0.5110756E+06

469.4  0.5107084E+06

469.6  0.5103415E+06

469.8  0.5099749E+06

470.0  0.5096085E+06

470.2  0.5092425E+06

470.4  0.5088767E+06

470.6  0.5085111E+06

470.8  0.5081459E+06

471.0  0.5077809E+06

471.2  0.5074162E+06

471.4  0.5070517E+06

471.6  0.5066876E+06

471.8  0.5063237E+06

472.0  0.5059601E+06

472.2  0.5055967E+06

472.4  0.5052336E+06

472.6  0.5048708E+06

472.8  0.5045083E+06

473.0  0.5041460E+06

473.2  0.5037840E+06

473.4  0.5034223E+06

473.6  0.5030608E+06

473.8  0.5026996E+06

474.0  0.5023387E+06

474.2  0.5019781E+06

474.4  0.5016177E+06

474.6  0.5012576E+06

474.8  0.5008977E+06

475.0  0.5005381E+06

475.2  0.5001788E+06

475.4  0.4998198E+06

475.6  0.4994610E+06

475.8  0.4991025E+06

476.0  0.4987443E+06

476.2  0.4983863E+06

476.4  0.4980286E+06

476.6  0.4976711E+06

476.8  0.4973140E+06

477.0  0.4969570E+06

477.2  0.4966004E+06

477.4  0.4962440E+06

477.6  0.4958879E+06

477.8  0.4955321E+06

478.0  0.4951765E+06

478.2  0.4948212E+06

478.4  0.4944661E+06

478.6  0.4941113E+06

478.8  0.4937568E+06

479.0  0.4934025E+06

479.2  0.4930485E+06

479.4  0.4926948E+06

479.6  0.4923413E+06

479.8  0.4919881E+06

480.0  0.4916352E+06

480.2  0.4912825E+06

480.4  0.4909300E+06

480.6  0.4905779E+06

480.8  0.4902260E+06

481.0  0.4898743E+06

481.2  0.4895230E+06

481.4  0.4891718E+06

481.6  0.4888210E+06

481.8  0.4884704E+06

482.0  0.4881201E+06

482.2  0.4877700E+06

482.4  0.4874202E+06

482.6  0.4870706E+06

482.8  0.4867213E+06

483.0  0.4863723E+06

483.2  0.4860235E+06

483.4  0.4856750E+06

483.6  0.4853267E+06

483.8  0.4849787E+06

484.0  0.4846310E+06

484.2  0.4842835E+06

484.4  0.4839362E+06

484.6  0.4835893E+06

484.8  0.4832426E+06

485.0  0.4828961E+06

485.2  0.4825499E+06

485.4  0.4822040E+06

485.6  0.4818583E+06

485.8  0.4815128E+06

486.0  0.4811677E+06

486.2  0.4808227E+06

486.4  0.4804781E+06

486.6  0.4801337E+06

486.8  0.4797895E+06

487.0  0.4794456E+06

487.2  0.4791020E+06

487.4  0.4787586E+06

487.6  0.4784154E+06

487.8  0.4780726E+06

488.0  0.4777299E+06

488.2  0.4773876E+06

488.4  0.4770454E+06

488.6  0.4767036E+06

488.8  0.4763620E+06

489.0  0.4760206E+06

489.2  0.4756795E+06

489.4  0.4753386E+06

489.6  0.4749980E+06

489.8  0.4746577E+06

490.0  0.4743176E+06

490.2  0.4739777E+06

490.4  0.4736381E+06

490.6  0.4732988E+06

490.8  0.4729597E+06

491.0  0.4726208E+06

491.2  0.4722822E+06

491.4  0.4719439E+06

491.6  0.4716058E+06

491.8  0.4712679E+06

492.0  0.4709303E+06

492.2  0.4705930E+06

492.4  0.4702559E+06

492.6  0.4699190E+06

492.8  0.4695824E+06

493.0  0.4692461E+06

493.2  0.4689100E+06

493.4  0.4685741E+06

493.6  0.4682385E+06

493.8  0.4679032E+06

494.0  0.4675681E+06

494.2  0.4672332E+06

494.4  0.4668986E+06

494.6  0.4665642E+06

494.8  0.4662301E+06

495.0  0.4658962E+06

495.2  0.4655626E+06

495.4  0.4652292E+06

495.6  0.4648960E+06

495.8  0.4645632E+06

496.0  0.4642305E+06

496.2  0.4638981E+06

496.4  0.4635659E+06

496.6  0.4632340E+06

496.8  0.4629024E+06

497.0  0.4625709E+06

497.2  0.4622398E+06

497.4  0.4619088E+06

497.6  0.4615781E+06

497.8  0.4612477E+06

498.0  0.4609175E+06

498.2  0.4605875E+06

498.4  0.4602578E+06

498.6  0.4599283E+06

498.8  0.4595991E+06

499.0  0.4592701E+06

499.2  0.4589414E+06

499.4  0.4586128E+06

499.6  0.4582846E+06

499.8  0.4579566E+06

500.0  0.4576288E+06

