100  0.1976559E+04

100.2  0.2199656E+04

100.4  0.2433289E+04

100.6  0.2676967E+04

100.8  0.2930192E+04

101.0  0.3192460E+04

101.2  0.3463272E+04

101.4  0.3742133E+04

101.6  0.4028560E+04

101.8  0.4322077E+04

102.0  0.4622226E+04

102.2  0.4928560E+04

102.4  0.5240651E+04

102.6  0.5558086E+04

102.8  0.5880469E+04

103.0  0.6207423E+04

103.2  0.6538588E+04

103.4  0.6873619E+04

103.6  0.7212191E+04

103.8  0.7553995E+04

104.0  0.7898739E+04

104.2  0.8246146E+04

104.4  0.8595954E+04

104.6  0.8947917E+04

104.8  0.9301803E+04

105.0  0.9657394E+04

105.2  0.1001448E+05

105.4  0.1037288E+05

105.6  0.1073241E+05

105.8  0.1109289E+05

106.0  0.1145417E+05

106.2  0.1181611E+05

106.4  0.1217855E+05

106.6  0.1254139E+05

106.8  0.1290448E+05

107.0  0.1326773E+05

107.2  0.1363103E+05

107.4  0.1399428E+05

107.6  0.1435740E+05

107.8  0.1472029E+05

108.0  0.1508289E+05

108.2  0.1544512E+05

108.4  0.1580692E+05

108.6  0.1616823E+05

108.8  0.1652899E+05

109.0  0.1688916E+05

109.2  0.1724868E+05

109.4  0.1760752E+05

109.6  0.1796564E+05

109.8  0.1832300E+05

110.0  0.1867957E+05

110.2  0.1903533E+05

110.4  0.1939024E+05

110.6  0.1974430E+05

110.8  0.2009747E+05

111.0  0.2044974E+05

111.2  0.2080110E+05

111.4  0.2115154E+05

111.6  0.2150104E+05

111.8  0.2184959E+05

112.0  0.2219720E+05

112.2  0.2254385E+05

112.4  0.2288954E+05

112.6  0.2323428E+05

112.8  0.2357805E+05

113.0  0.2392086E+05

113.2  0.2426271E+05

113.4  0.2460361E+05

113.6  0.2494356E+05

113.8  0.2528256E+05

114.0  0.2562062E+05

114.2  0.2595775E+05

114.4  0.2629396E+05

114.6  0.2662925E+05

114.8  0.2696363E+05

115.0  0.2729711E+05

115.2  0.2762971E+05

115.4  0.2796143E+05

115.6  0.2829228E+05

115.8  0.2862228E+05

116.0  0.2895144E+05

116.2  0.2927977E+05

116.4  0.2960728E+05

116.6  0.2993399E+05

116.8  0.3025991E+05

117.0  0.3058506E+05

117.2  0.3090945E+05

117.4  0.3123308E+05

117.6  0.3155599E+05

117.8  0.3187818E+05

118.0  0.3219966E+05

118.2  0.3252046E+05

118.4  0.3284059E+05

118.6  0.3316005E+05

118.8  0.3347888E+05

119.0  0.3379708E+05

119.2  0.3411466E+05

119.4  0.3443165E+05

119.6  0.3474807E+05

119.8  0.3506391E+05

120.0  0.3537921E+05

120.2  0.3569397E+05

120.4  0.3600822E+05

120.6  0.3632196E+05

120.8  0.3663522E+05

121.0  0.3694801E+05

121.2  0.3726034E+05

121.4  0.3757224E+05

121.6  0.3788371E+05

121.8  0.3819477E+05

122.0  0.3850544E+05

122.2  0.3881573E+05

122.4  0.3912566E+05

122.6  0.3943524E+05

122.8  0.3974450E+05

123.0  0.4005343E+05

123.2  0.4036207E+05

123.4  0.4067042E+05

123.6  0.4097850E+05

123.8  0.4128632E+05

124.0  0.4159391E+05

124.2  0.4190127E+05

124.4  0.4220841E+05

124.6  0.4251536E+05

124.8  0.4282213E+05

125.0  0.4312873E+05

125.2  0.4343518E+05

125.4  0.4374149E+05

125.6  0.4404768E+05

125.8  0.4435375E+05

126.0  0.4465973E+05

126.2  0.4496563E+05

126.4  0.4527146E+05

126.6  0.4557724E+05

126.8  0.4588298E+05

127.0  0.4618869E+05

127.2  0.4649438E+05

127.4  0.4680008E+05

127.6  0.4710579E+05

127.8  0.4741153E+05

128.0  0.4771731E+05

128.2  0.4802315E+05

128.4  0.4832905E+05

128.6  0.4863503E+05

128.8  0.4894110E+05

129.0  0.4924728E+05

129.2  0.4955358E+05

129.4  0.4986001E+05

129.6  0.5016659E+05

129.8  0.5047332E+05

130.0  0.5078022E+05

130.2  0.5108730E+05

130.4  0.5139458E+05

130.6  0.5170206E+05

130.8  0.5200977E+05

131.0  0.5231770E+05

131.2  0.5262587E+05

131.4  0.5293430E+05

131.6  0.5324300E+05

131.8  0.5355198E+05

132.0  0.5386124E+05

132.2  0.5417081E+05

132.4  0.5448069E+05

132.6  0.5479090E+05

132.8  0.5510144E+05

133.0  0.5541233E+05

133.2  0.5572359E+05

133.4  0.5603521E+05

133.6  0.5634721E+05

133.8  0.5665961E+05

134.0  0.5697242E+05

134.2  0.5728564E+05

134.4  0.5759928E+05

134.6  0.5791337E+05

134.8  0.5822790E+05

135.0  0.5854289E+05

135.2  0.5885835E+05

135.4  0.5917430E+05

135.6  0.5949073E+05

135.8  0.5980767E+05

136.0  0.6012512E+05

136.2  0.6044310E+05

136.4  0.6076161E+05

136.6  0.6108067E+05

136.8  0.6140028E+05

137.0  0.6172045E+05

137.2  0.6204121E+05

137.4  0.6236255E+05

137.6  0.6268448E+05

137.8  0.6300702E+05

138.0  0.6333018E+05

138.2  0.6365397E+05

138.4  0.6397840E+05

138.6  0.6430347E+05

138.8  0.6462920E+05

139.0  0.6495560E+05

139.2  0.6528267E+05

139.4  0.6561043E+05

139.6  0.6593889E+05

139.8  0.6626806E+05

140.0  0.6659794E+05

140.2  0.6692855E+05

140.4  0.6725990E+05

140.6  0.6759199E+05

140.8  0.6792484E+05

141.0  0.6825846E+05

141.2  0.6859285E+05

141.4  0.6892802E+05

141.6  0.6926399E+05

141.8  0.6960077E+05

142.0  0.6993835E+05

142.2  0.7027677E+05

142.4  0.7061601E+05

142.6  0.7095610E+05

142.8  0.7129703E+05

143.0  0.7163883E+05

143.2  0.7198150E+05

143.4  0.7232505E+05

143.6  0.7266949E+05

143.8  0.7301483E+05

144.0  0.7336108E+05

144.2  0.7370824E+05

144.4  0.7405633E+05

144.6  0.7440536E+05

144.8  0.7475533E+05

145.0  0.7510626E+05

145.2  0.7545815E+05

145.4  0.7581102E+05

145.6  0.7616486E+05

145.8  0.7651970E+05

146.0  0.7687554E+05

146.2  0.7723239E+05

146.4  0.7759026E+05

146.6  0.7794916E+05

146.8  0.7830909E+05

147.0  0.7867008E+05

147.2  0.7903212E+05

147.4  0.7939522E+05

147.6  0.7975940E+05

147.8  0.8012466E+05

148.0  0.8049102E+05

148.2  0.8085847E+05

148.4  0.8122704E+05

148.6  0.8159673E+05

148.8  0.8196755E+05

149.0  0.8233950E+05

149.2  0.8271261E+05

149.4  0.8308687E+05

149.6  0.8346229E+05

149.8  0.8383889E+05

150.0  0.8421668E+05

150.2  0.8459566E+05

150.4  0.8497584E+05

150.6  0.8535723E+05

150.8  0.8573985E+05

151.0  0.8612369E+05

151.2  0.8650877E+05

151.4  0.8689510E+05

151.6  0.8728269E+05

151.8  0.8767155E+05

152.0  0.8806168E+05

152.2  0.8845309E+05

152.4  0.8884580E+05

152.6  0.8923982E+05

152.8  0.8963514E+05

153.0  0.9003179E+05

153.2  0.9042977E+05

153.4  0.9082909E+05

153.6  0.9122976E+05

153.8  0.9163179E+05

154.0  0.9203519E+05

154.2  0.9243996E+05

154.4  0.9284612E+05

154.6  0.9325368E+05

154.8  0.9366264E+05

155.0  0.9407302E+05

155.2  0.9448482E+05

155.4  0.9489805E+05

155.6  0.9531273E+05

155.8  0.9572886E+05

156.0  0.9614646E+05

156.2  0.9656552E+05

156.4  0.9698607E+05

156.6  0.9740810E+05

156.8  0.9783164E+05

157.0  0.9825668E+05

157.2  0.9868325E+05

157.4  0.9911134E+05

157.6  0.9954097E+05

157.8  0.9997215E+05

158.0  0.1004049E+06

158.2  0.1008392E+06

158.4  0.1012751E+06

158.6  0.1017125E+06

158.8  0.1021516E+06

159.0  0.1025923E+06

159.2  0.1030346E+06

159.4  0.1034785E+06

159.6  0.1039240E+06

159.8  0.1043712E+06

160.0  0.1048201E+06

160.2  0.1052706E+06

160.4  0.1057228E+06

160.6  0.1061766E+06

160.8  0.1066322E+06

161.0  0.1070895E+06

161.2  0.1075485E+06

161.4  0.1080092E+06

161.6  0.1084717E+06

161.8  0.1089359E+06

162.0  0.1094018E+06

162.2  0.1098695E+06

162.4  0.1103390E+06

162.6  0.1108103E+06

162.8  0.1112834E+06

163.0  0.1117583E+06

163.2  0.1122350E+06

163.4  0.1127136E+06

163.6  0.1131940E+06

163.8  0.1136762E+06

164.0  0.1141603E+06

164.2  0.1146463E+06

164.4  0.1151341E+06

164.6  0.1156239E+06

164.8  0.1161155E+06

165.0  0.1166091E+06

165.2  0.1171046E+06

165.4  0.1176020E+06

165.6  0.1181014E+06

165.8  0.1186027E+06

166.0  0.1191060E+06

166.2  0.1196113E+06

166.4  0.1201186E+06

166.6  0.1206279E+06

166.8  0.1211392E+06

167.0  0.1216525E+06

167.2  0.1221679E+06

167.4  0.1226853E+06

167.6  0.1232048E+06

167.8  0.1237264E+06

168.0  0.1242500E+06

168.2  0.1247757E+06

168.4  0.1253036E+06

168.6  0.1258336E+06

168.8  0.1263657E+06

169.0  0.1268999E+06

169.2  0.1274363E+06

169.4  0.1279749E+06

169.6  0.1285156E+06

169.8  0.1290586E+06

170.0  0.1296037E+06

170.2  0.1301511E+06

170.4  0.1307007E+06

170.6  0.1312526E+06

170.8  0.1318067E+06

171.0  0.1323630E+06

171.2  0.1329217E+06

171.4  0.1334826E+06

171.6  0.1340459E+06

171.8  0.1346115E+06

172.0  0.1351794E+06

172.2  0.1357497E+06

172.4  0.1363223E+06

172.6  0.1368973E+06

172.8  0.1374747E+06

173.0  0.1380545E+06

173.2  0.1386367E+06

173.4  0.1392213E+06

173.6  0.1398084E+06

173.8  0.1403979E+06

174.0  0.1409899E+06

174.2  0.1415844E+06

174.4  0.1421814E+06

174.6  0.1427810E+06

174.8  0.1433830E+06

175.0  0.1439876E+06

175.2  0.1445947E+06

175.4  0.1452045E+06

175.6  0.1458168E+06

175.8  0.1464317E+06

176.0  0.1470493E+06

176.2  0.1476694E+06

176.4  0.1482923E+06

176.6  0.1489178E+06

176.8  0.1495460E+06

177.0  0.1501769E+06

177.2  0.1508105E+06

177.4  0.1514468E+06

177.6  0.1520859E+06

177.8  0.1527278E+06

178.0  0.1533724E+06

178.2  0.1540199E+06

178.4  0.1546701E+06

178.6  0.1553232E+06

178.8  0.1559792E+06

179.0  0.1566380E+06

179.2  0.1572998E+06

179.4  0.1579644E+06

179.6  0.1586320E+06

179.8  0.1593025E+06

180.0  0.1599760E+06

180.2  0.1606524E+06

180.4  0.1613319E+06

180.6  0.1620144E+06

180.8  0.1626999E+06

181.0  0.1633885E+06

181.2  0.1640802E+06

181.4  0.1647750E+06

181.6  0.1654729E+06

181.8  0.1661740E+06

182.0  0.1668783E+06

182.2  0.1675857E+06

182.4  0.1682963E+06

182.6  0.1690102E+06

182.8  0.1697274E+06

183.0  0.1704478E+06

183.2  0.1711716E+06

183.4  0.1718986E+06

183.6  0.1726291E+06

183.8  0.1733629E+06

184.0  0.1741001E+06

184.2  0.1748407E+06

184.4  0.1755848E+06

184.6  0.1763324E+06

184.8  0.1770834E+06

185.0  0.1778381E+06

185.2  0.1785962E+06

185.4  0.1793580E+06

185.6  0.1801234E+06

185.8  0.1808924E+06

186.0  0.1816651E+06

186.2  0.1824415E+06

186.4  0.1832216E+06

186.6  0.1840055E+06

186.8  0.1847932E+06

187.0  0.1855847E+06

187.2  0.1863801E+06

187.4  0.1871793E+06

187.6  0.1879825E+06

187.8  0.1887896E+06

188.0  0.1896007E+06

188.2  0.1904159E+06

188.4  0.1912351E+06

188.6  0.1920583E+06

188.8  0.1928857E+06

189.0  0.1937173E+06

189.2  0.1945531E+06

189.4  0.1953931E+06

189.6  0.1962374E+06

189.8  0.1970859E+06

190.0  0.1979389E+06

190.2  0.1987962E+06

190.4  0.1996580E+06

190.6  0.2005242E+06

190.8  0.2013950E+06

191.0  0.2022703E+06

191.2  0.2031502E+06

191.4  0.2040347E+06

191.6  0.2049240E+06

191.8  0.2058179E+06

192.0  0.2067167E+06

192.2  0.2076202E+06

192.4  0.2085286E+06

192.6  0.2094420E+06

192.8  0.2103603E+06

193.0  0.2112836E+06

193.2  0.2122119E+06

193.4  0.2131454E+06

193.6  0.2140840E+06

193.8  0.2150279E+06

194.0  0.2159770E+06

194.2  0.2169314E+06

194.4  0.2178912E+06

194.6  0.2188564E+06

194.8  0.2198270E+06

195.0  0.2208032E+06

195.2  0.2217850E+06

195.4  0.2227724E+06

195.6  0.2237655E+06

195.8  0.2247643E+06

196.0  0.2257690E+06

196.2  0.2267795E+06

196.4  0.2277959E+06

196.6  0.2288184E+06

196.8  0.2298468E+06

197.0  0.2308814E+06

197.2  0.2319221E+06

197.4  0.2329690E+06

197.6  0.2340223E+06

197.8  0.2350818E+06

198.0  0.2361478E+06

198.2  0.2372202E+06

198.4  0.2382992E+06

198.6  0.2393848E+06

198.8  0.2404770E+06

199.0  0.2415760E+06

199.2  0.2426817E+06

199.4  0.2437943E+06

199.6  0.2449139E+06

199.8  0.2460404E+06

200.0  0.2471739E+06

200.2  0.2483146E+06

200.4  0.2494624E+06

200.6  0.2506175E+06

200.8  0.2517799E+06

201.0  0.2529497E+06

201.2  0.2541270E+06

201.4  0.2553117E+06

201.6  0.2565041E+06

201.8  0.2577040E+06

202.0  0.2589117E+06

202.2  0.2601272E+06

202.4  0.2613505E+06

202.6  0.2625818E+06

202.8  0.2638210E+06

203.0  0.2650682E+06

203.2  0.2663236E+06

203.4  0.2675871E+06

203.6  0.2688589E+06

203.8  0.2701390E+06

204.0  0.2714275E+06

204.2  0.2727244E+06

204.4  0.2740298E+06

204.6  0.2753438E+06

204.8  0.2766664E+06

205.0  0.2779977E+06

205.2  0.2793377E+06

205.4  0.2806866E+06

205.6  0.2820443E+06

205.8  0.2834110E+06

206.0  0.2847866E+06

206.2  0.2861713E+06

206.4  0.2875651E+06

206.6  0.2889681E+06

206.8  0.2903803E+06

207.0  0.2918018E+06

207.2  0.2932326E+06

207.4  0.2946728E+06

207.6  0.2961224E+06

207.8  0.2975815E+06

208.0  0.2990502E+06

208.2  0.3005284E+06

208.4  0.3020163E+06

208.6  0.3035139E+06

208.8  0.3050212E+06

209.0  0.3065382E+06

209.2  0.3080651E+06

209.4  0.3096019E+06

209.6  0.3111485E+06

209.8  0.3127051E+06

210.0  0.3142716E+06

210.2  0.3158482E+06

210.4  0.3174348E+06

210.6  0.3190315E+06

210.8  0.3206383E+06

211.0  0.3222552E+06

211.2  0.3238823E+06

211.4  0.3255196E+06

211.6  0.3271671E+06

211.8  0.3288248E+06

212.0  0.3304929E+06

212.2  0.3321712E+06

212.4  0.3338598E+06

212.6  0.3355587E+06

212.8  0.3372679E+06

213.0  0.3389875E+06

213.2  0.3407175E+06

213.4  0.3424578E+06

213.6  0.3442084E+06

213.8  0.3459695E+06

214.0  0.3477409E+06

214.2  0.3495227E+06

214.4  0.3513149E+06

214.6  0.3531175E+06

214.8  0.3549304E+06

215.0  0.3567537E+06

215.2  0.3585873E+06

215.4  0.3604313E+06

215.6  0.3622856E+06

215.8  0.3641502E+06

216.0  0.3660250E+06

216.2  0.3679102E+06

216.4  0.3698056E+06

216.6  0.3717112E+06

216.8  0.3736271E+06

217.0  0.3755530E+06

217.2  0.3774892E+06

217.4  0.3794354E+06

217.6  0.3813917E+06

217.8  0.3833580E+06

218.0  0.3853343E+06

218.2  0.3873206E+06

218.4  0.3893167E+06

218.6  0.3913227E+06

218.8  0.3933385E+06

219.0  0.3953641E+06

219.2  0.3973994E+06

219.4  0.3994443E+06

219.6  0.4014988E+06

219.8  0.4035629E+06

220.0  0.4056364E+06

220.2  0.4077193E+06

220.4  0.4098115E+06

220.6  0.4119130E+06

220.8  0.4140237E+06

221.0  0.4161436E+06

221.2  0.4182725E+06

221.4  0.4204103E+06

221.6  0.4225571E+06

221.8  0.4247126E+06

222.0  0.4268769E+06

222.2  0.4290499E+06

222.4  0.4312314E+06

222.6  0.4334214E+06

222.8  0.4356197E+06

223.0  0.4378263E+06

223.2  0.4400412E+06

223.4  0.4422641E+06

223.6  0.4444950E+06

223.8  0.4467338E+06

224.0  0.4489804E+06

224.2  0.4512347E+06

224.4  0.4534966E+06

224.6  0.4557660E+06

224.8  0.4580427E+06

225.0  0.4603266E+06

225.2  0.4626178E+06

225.4  0.4649159E+06

225.6  0.4672210E+06

225.8  0.4695328E+06

226.0  0.4718514E+06

226.2  0.4741765E+06

226.4  0.4765080E+06

226.6  0.4788458E+06

226.8  0.4811898E+06

227.0  0.4835399E+06

227.2  0.4858959E+06

227.4  0.4882578E+06

227.6  0.4906252E+06

227.8  0.4929983E+06

228.0  0.4953767E+06

228.2  0.4977604E+06

228.4  0.5001493E+06

228.6  0.5025432E+06

228.8  0.5049419E+06

229.0  0.5073454E+06

229.2  0.5097534E+06

229.4  0.5121660E+06

229.6  0.5145828E+06

229.8  0.5170038E+06

230.0  0.5194288E+06

230.2  0.5218577E+06

230.4  0.5242903E+06

230.6  0.5267265E+06

230.8  0.5291662E+06

231.0  0.5316092E+06

231.2  0.5340553E+06

231.4  0.5365045E+06

231.6  0.5389565E+06

231.8  0.5414112E+06

232.0  0.5438685E+06

232.2  0.5463282E+06

232.4  0.5487901E+06

232.6  0.5512542E+06

232.8  0.5537202E+06

233.0  0.5561880E+06

233.2  0.5586575E+06

233.4  0.5611285E+06

233.6  0.5636009E+06

233.8  0.5660745E+06

234.0  0.5685491E+06

234.2  0.5710246E+06

234.4  0.5735009E+06

234.6  0.5759777E+06

234.8  0.5784550E+06

235.0  0.5809326E+06

235.2  0.5834104E+06

235.4  0.5858881E+06

235.6  0.5883657E+06

235.8  0.5908430E+06

236.0  0.5933198E+06

236.2  0.5957959E+06

236.4  0.5982714E+06

236.6  0.6007459E+06

236.8  0.6032193E+06

237.0  0.6056915E+06

237.2  0.6081624E+06

237.4  0.6106317E+06

237.6  0.6130994E+06

237.8  0.6155653E+06

238.0  0.6180292E+06

238.2  0.6204911E+06

238.4  0.6229507E+06

238.6  0.6254078E+06

238.8  0.6278625E+06

239.0  0.6303145E+06

239.2  0.6327636E+06

239.4  0.6352098E+06

239.6  0.6376529E+06

239.8  0.6400927E+06

240.0  0.6425291E+06

240.2  0.6449620E+06

240.4  0.6473912E+06

240.6  0.6498167E+06

240.8  0.6522382E+06

241.0  0.6546556E+06

241.2  0.6570687E+06

241.4  0.6594776E+06

241.6  0.6618819E+06

241.8  0.6642817E+06

242.0  0.6666767E+06

242.2  0.6690668E+06

242.4  0.6714520E+06

242.6  0.6738319E+06

242.8  0.6762067E+06

243.0  0.6785760E+06

243.2  0.6809399E+06

243.4  0.6832981E+06

243.6  0.6856505E+06

243.8  0.6879971E+06

244.0  0.6903377E+06

244.2  0.6926722E+06

244.4  0.6950004E+06

244.6  0.6973223E+06

244.8  0.6996377E+06

245.0  0.7019466E+06

245.2  0.7042487E+06

245.4  0.7065441E+06

245.6  0.7088325E+06

245.8  0.7111139E+06

246.0  0.7133882E+06

246.2  0.7156553E+06

246.4  0.7179150E+06

246.6  0.7201672E+06

246.8  0.7224120E+06

247.0  0.7246490E+06

247.2  0.7268784E+06

247.4  0.7290998E+06

247.6  0.7313134E+06

247.8  0.7335189E+06

248.0  0.7357162E+06

248.2  0.7379054E+06

248.4  0.7400862E+06

248.6  0.7422586E+06

248.8  0.7444226E+06

249.0  0.7465779E+06

249.2  0.7487246E+06

249.4  0.7508625E+06

249.6  0.7529916E+06

249.8  0.7551118E+06

250.0  0.7572229E+06

250.2  0.7593250E+06

250.4  0.7614180E+06

250.6  0.7635017E+06

250.8  0.7655761E+06

251.0  0.7676411E+06

251.2  0.7696967E+06

251.4  0.7717427E+06

251.6  0.7737792E+06

251.8  0.7758060E+06

252.0  0.7778231E+06

252.2  0.7798304E+06

252.4  0.7818278E+06

252.6  0.7838153E+06

252.8  0.7857929E+06

253.0  0.7877604E+06

253.2  0.7897178E+06

253.4  0.7916651E+06

253.6  0.7936022E+06

253.8  0.7955290E+06

254.0  0.7974455E+06

254.2  0.7993516E+06

254.4  0.8012473E+06

254.6  0.8031326E+06

254.8  0.8050073E+06

255.0  0.8068715E+06

255.2  0.8087251E+06

255.4  0.8105680E+06

255.6  0.8124003E+06

255.8  0.8142218E+06

256.0  0.8160326E+06

256.2  0.8178326E+06

256.4  0.8196217E+06

256.6  0.8214000E+06

256.8  0.8231673E+06

257.0  0.8249238E+06

257.2  0.8266692E+06

257.4  0.8284036E+06

257.6  0.8301270E+06

257.8  0.8318394E+06

258.0  0.8335406E+06

258.2  0.8352307E+06

258.4  0.8369097E+06

258.6  0.8385776E+06

258.8  0.8402342E+06

259.0  0.8418797E+06

259.2  0.8435139E+06

259.4  0.8451369E+06

259.6  0.8467486E+06

259.8  0.8483491E+06

260.0  0.8499382E+06

260.2  0.8515161E+06

260.4  0.8530826E+06

260.6  0.8546378E+06

260.8  0.8561816E+06

261.0  0.8577141E+06

261.2  0.8592353E+06

261.4  0.8607451E+06

261.6  0.8622435E+06

261.8  0.8637305E+06

262.0  0.8652061E+06

262.2  0.8666704E+06

262.4  0.8681232E+06

262.6  0.8695647E+06

262.8  0.8709948E+06

263.0  0.8724135E+06

263.2  0.8738207E+06

263.4  0.8752166E+06

263.6  0.8766012E+06

263.8  0.8779743E+06

264.0  0.8793361E+06

264.2  0.8806864E+06

264.4  0.8820255E+06

264.6  0.8833531E+06

264.8  0.8846694E+06

265.0  0.8859744E+06

265.2  0.8872681E+06

265.4  0.8885504E+06

265.6  0.8898214E+06

265.8  0.8910811E+06

266.0  0.8923296E+06

266.2  0.8935668E+06

266.4  0.8947927E+06

266.6  0.8960074E+06

266.8  0.8972109E+06

267.0  0.8984031E+06

267.2  0.8995842E+06

267.4  0.9007542E+06

267.6  0.9019129E+06

267.8  0.9030606E+06

268.0  0.9041971E+06

268.2  0.9053226E+06

268.4  0.9064370E+06

268.6  0.9075403E+06

268.8  0.9086327E+06

269.0  0.9097140E+06

269.2  0.9107844E+06

269.4  0.9118439E+06

269.6  0.9128924E+06

269.8  0.9139300E+06

270.0  0.9149568E+06

270.2  0.9159727E+06

270.4  0.9169778E+06

270.6  0.9179722E+06

270.8  0.9189558E+06

271.0  0.9199287E+06

271.2  0.9208908E+06

271.4  0.9218424E+06

271.6  0.9227833E+06

271.8  0.9237136E+06

272.0  0.9246333E+06

272.2  0.9255425E+06

272.4  0.9264412E+06

272.6  0.9273294E+06

272.8  0.9282072E+06

273.0  0.9290746E+06

273.2  0.9299317E+06

273.4  0.9307784E+06

273.6  0.9316148E+06

273.8  0.9324410E+06

274.0  0.9332569E+06

274.2  0.9340627E+06

274.4  0.9348583E+06

274.6  0.9356438E+06

274.8  0.9364192E+06

275.0  0.9371846E+06

275.2  0.9379400E+06

275.4  0.9386855E+06

275.6  0.9394210E+06

275.8  0.9401467E+06

276.0  0.9408625E+06

276.2  0.9415685E+06

276.4  0.9422648E+06

276.6  0.9429513E+06

276.8  0.9436282E+06

277.0  0.9442954E+06

277.2  0.9449530E+06

277.4  0.9456011E+06

277.6  0.9462397E+06

277.8  0.9468688E+06

278.0  0.9474885E+06

278.2  0.9480988E+06

278.4  0.9486997E+06

278.6  0.9492914E+06

278.8  0.9498738E+06

279.0  0.9504469E+06

279.2  0.9510109E+06

279.4  0.9515658E+06

279.6  0.9521116E+06

279.8  0.9526484E+06

280.0  0.9531761E+06

280.2  0.9536950E+06

280.4  0.9542049E+06

280.6  0.9547059E+06

280.8  0.9551981E+06

281.0  0.9556816E+06

281.2  0.9561563E+06

281.4  0.9566223E+06

281.6  0.9570797E+06

281.8  0.9575285E+06

282.0  0.9579688E+06

282.2  0.9584005E+06

282.4  0.9588238E+06

282.6  0.9592387E+06

282.8  0.9596452E+06

283.0  0.9600434E+06

283.2  0.9604332E+06

283.4  0.9608149E+06

283.6  0.9611884E+06

283.8  0.9615537E+06

284.0  0.9619110E+06

284.2  0.9622602E+06

284.4  0.9626013E+06

284.6  0.9629346E+06

284.8  0.9632599E+06

285.0  0.9635773E+06

285.2  0.9638869E+06

285.4  0.9641888E+06

285.6  0.9644829E+06

285.8  0.9647693E+06

286.0  0.9650481E+06

286.2  0.9653193E+06

286.4  0.9655829E+06

286.6  0.9658390E+06

286.8  0.9660877E+06

287.0  0.9663290E+06

287.2  0.9665629E+06

287.4  0.9667894E+06

287.6  0.9670087E+06

287.8  0.9672208E+06

288.0  0.9674257E+06

288.2  0.9676234E+06

288.4  0.9678140E+06

288.6  0.9679976E+06

288.8  0.9681742E+06

289.0  0.9683438E+06

289.2  0.9685065E+06

289.4  0.9686623E+06

289.6  0.9688113E+06

289.8  0.9689535E+06

290.0  0.9690890E+06

290.2  0.9692178E+06

290.4  0.9693399E+06

290.6  0.9694554E+06

290.8  0.9695644E+06

291.0  0.9696668E+06

291.2  0.9697628E+06

291.4  0.9698523E+06

291.6  0.9699355E+06

291.8  0.9700123E+06

292.0  0.9700828E+06

292.2  0.9701470E+06

292.4  0.9702050E+06

292.6  0.9702569E+06

292.8  0.9703026E+06

293.0  0.9703423E+06

293.2  0.9703759E+06

293.4  0.9704035E+06

293.6  0.9704252E+06

293.8  0.9704409E+06

294.0  0.9704507E+06

294.2  0.9704548E+06

294.4  0.9704530E+06

294.6  0.9704455E+06

294.8  0.9704323E+06

295.0  0.9704134E+06

295.2  0.9703889E+06

295.4  0.9703588E+06

295.6  0.9703232E+06

295.8  0.9702820E+06

296.0  0.9702355E+06

296.2  0.9701834E+06

296.4  0.9701261E+06

296.6  0.9700633E+06

296.8  0.9699953E+06

297.0  0.9699220E+06

297.2  0.9698435E+06

297.4  0.9697598E+06

297.6  0.9696710E+06

297.8  0.9695770E+06

298.0  0.9694781E+06

298.2  0.9693740E+06

298.4  0.9692650E+06

298.6  0.9691511E+06

298.8  0.9690322E+06

299.0  0.9689085E+06

299.2  0.9687799E+06

299.4  0.9686466E+06

299.6  0.9685085E+06

299.8  0.9683657E+06

300.0  0.9682181E+06

300.2  0.9680660E+06

300.4  0.9679092E+06

300.6  0.9677479E+06

300.8  0.9675820E+06

301.0  0.9674117E+06

301.2  0.9672368E+06

301.4  0.9670576E+06

301.6  0.9668739E+06

301.8  0.9666860E+06

302.0  0.9664936E+06

302.2  0.9662970E+06

302.4  0.9660962E+06

302.6  0.9658911E+06

302.8  0.9656819E+06

303.0  0.9654685E+06

303.2  0.9652511E+06

303.4  0.9650295E+06

303.6  0.9648039E+06

303.8  0.9645743E+06

304.0  0.9643407E+06

304.2  0.9641032E+06

304.4  0.9638618E+06

304.6  0.9636165E+06

304.8  0.9633674E+06

305.0  0.9631144E+06

305.2  0.9628577E+06

305.4  0.9625973E+06

305.6  0.9623331E+06

305.8  0.9620652E+06

306.0  0.9617938E+06

306.2  0.9615187E+06

306.4  0.9612400E+06

306.6  0.9609578E+06

306.8  0.9606720E+06

307.0  0.9603828E+06

307.2  0.9600901E+06

307.4  0.9597939E+06

307.6  0.9594944E+06

307.8  0.9591915E+06

308.0  0.9588853E+06

308.2  0.9585758E+06

308.4  0.9582630E+06

308.6  0.9579469E+06

308.8  0.9576277E+06

309.0  0.9573052E+06

309.2  0.9569796E+06

309.4  0.9566509E+06

309.6  0.9563190E+06

309.8  0.9559841E+06

310.0  0.9556461E+06

310.2  0.9553051E+06

310.4  0.9549612E+06

310.6  0.9546142E+06

310.8  0.9542644E+06

311.0  0.9539116E+06

311.2  0.9535559E+06

311.4  0.9531974E+06

311.6  0.9528361E+06

311.8  0.9524720E+06

312.0  0.9521051E+06

312.2  0.9517355E+06

312.4  0.9513631E+06

312.6  0.9509880E+06

312.8  0.9506103E+06

313.0  0.9502300E+06

313.2  0.9498470E+06

313.4  0.9494614E+06

313.6  0.9490733E+06

313.8  0.9486826E+06

314.0  0.9482894E+06

314.2  0.9478937E+06

314.4  0.9474956E+06

314.6  0.9470950E+06

314.8  0.9466920E+06

315.0  0.9462866E+06

315.2  0.9458788E+06

315.4  0.9454687E+06

315.6  0.9450562E+06

315.8  0.9446415E+06

316.0  0.9442245E+06

316.2  0.9438052E+06

316.4  0.9433837E+06

316.6  0.9429600E+06

316.8  0.9425341E+06

317.0  0.9421060E+06

317.2  0.9416758E+06

317.4  0.9412435E+06

317.6  0.9408091E+06

317.8  0.9403726E+06

318.0  0.9399340E+06

318.2  0.9394935E+06

318.4  0.9390509E+06

318.6  0.9386063E+06

318.8  0.9381598E+06

319.0  0.9377113E+06

319.2  0.9372608E+06

319.4  0.9368085E+06

319.6  0.9363543E+06

319.8  0.9358982E+06

320.0  0.9354403E+06

320.2  0.9349806E+06

320.4  0.9345190E+06

320.6  0.9340557E+06

320.8  0.9335905E+06

321.0  0.9331237E+06

321.2  0.9326551E+06

321.4  0.9321848E+06

321.6  0.9317128E+06

321.8  0.9312392E+06

322.0  0.9307638E+06

322.2  0.9302869E+06

322.4  0.9298083E+06

322.6  0.9293282E+06

322.8  0.9288464E+06

323.0  0.9283631E+06

323.2  0.9278783E+06

323.4  0.9273919E+06

323.6  0.9269040E+06

323.8  0.9264147E+06

324.0  0.9259238E+06

324.2  0.9254315E+06

324.4  0.9249378E+06

324.6  0.9244426E+06

324.8  0.9239460E+06

325.0  0.9234480E+06

325.2  0.9229487E+06

325.4  0.9224480E+06

325.6  0.9219460E+06

325.8  0.9214426E+06

326.0  0.9209379E+06

326.2  0.9204320E+06

326.4  0.9199247E+06

326.6  0.9194162E+06

326.8  0.9189065E+06

327.0  0.9183955E+06

327.2  0.9178833E+06

327.4  0.9173699E+06

327.6  0.9168553E+06

327.8  0.9163395E+06

328.0  0.9158226E+06

328.2  0.9153046E+06

328.4  0.9147854E+06

328.6  0.9142651E+06

328.8  0.9137437E+06

329.0  0.9132212E+06

329.2  0.9126977E+06

329.4  0.9121731E+06

329.6  0.9116474E+06

329.8  0.9111208E+06

330.0  0.9105931E+06

330.2  0.9100644E+06

330.4  0.9095347E+06

330.6  0.9090040E+06

330.8  0.9084724E+06

331.0  0.9079399E+06

331.2  0.9074063E+06

331.4  0.9068719E+06

331.6  0.9063366E+06

331.8  0.9058004E+06

332.0  0.9052632E+06

332.2  0.9047252E+06

332.4  0.9041864E+06

332.6  0.9036467E+06

332.8  0.9031061E+06

333.0  0.9025648E+06

333.2  0.9020226E+06

333.4  0.9014796E+06

333.6  0.9009359E+06

333.8  0.9003913E+06

334.0  0.8998460E+06

334.2  0.8993000E+06

334.4  0.8987531E+06

334.6  0.8982056E+06

334.8  0.8976574E+06

335.0  0.8971084E+06

335.2  0.8965587E+06

335.4  0.8960084E+06

335.6  0.8954573E+06

335.8  0.8949056E+06

336.0  0.8943533E+06

336.2  0.8938003E+06

336.4  0.8932466E+06

336.6  0.8926924E+06

336.8  0.8921375E+06

337.0  0.8915820E+06

337.2  0.8910259E+06

337.4  0.8904693E+06

337.6  0.8899120E+06

337.8  0.8893542E+06

338.0  0.8887959E+06

338.2  0.8882370E+06

338.4  0.8876775E+06

338.6  0.8871175E+06

338.8  0.8865571E+06

339.0  0.8859961E+06

339.2  0.8854346E+06

339.4  0.8848726E+06

339.6  0.8843101E+06

339.8  0.8837472E+06

340.0  0.8831838E+06

340.2  0.8826199E+06

340.4  0.8820556E+06

340.6  0.8814909E+06

340.8  0.8809257E+06

341.0  0.8803601E+06

341.2  0.8797941E+06

341.4  0.8792277E+06

341.6  0.8786609E+06

341.8  0.8780937E+06

342.0  0.8775262E+06

342.2  0.8769582E+06

342.4  0.8763899E+06

342.6  0.8758213E+06

342.8  0.8752523E+06

343.0  0.8746829E+06

343.2  0.8741132E+06

343.4  0.8735432E+06

343.6  0.8729729E+06

343.8  0.8724023E+06

344.0  0.8718314E+06

344.2  0.8712601E+06

344.4  0.8706886E+06

344.6  0.8701168E+06

344.8  0.8695448E+06

345.0  0.8689724E+06

345.2  0.8683998E+06

345.4  0.8678270E+06

345.6  0.8672539E+06

345.8  0.8666806E+06

346.0  0.8661070E+06

346.2  0.8655332E+06

346.4  0.8649592E+06

346.6  0.8643850E+06

346.8  0.8638106E+06

347.0  0.8632360E+06

347.2  0.8626612E+06

347.4  0.8620862E+06

347.6  0.8615110E+06

347.8  0.8609356E+06

348.0  0.8603601E+06

348.2  0.8597844E+06

348.4  0.8592086E+06

348.6  0.8586326E+06

348.8  0.8580565E+06

349.0  0.8574802E+06

349.2  0.8569038E+06

349.4  0.8563273E+06

349.6  0.8557506E+06

349.8  0.8551738E+06

350.0  0.8545970E+06

350.2  0.8540200E+06

350.4  0.8534429E+06

350.6  0.8528657E+06

350.8  0.8522885E+06

351.0  0.8517111E+06

351.2  0.8511337E+06

351.4  0.8505562E+06

351.6  0.8499786E+06

351.8  0.8494010E+06

352.0  0.8488233E+06

352.2  0.8482456E+06

352.4  0.8476678E+06

352.6  0.8470900E+06

352.8  0.8465121E+06

353.0  0.8459342E+06

353.2  0.8453563E+06

353.4  0.8447784E+06

353.6  0.8442004E+06

353.8  0.8436224E+06

354.0  0.8430445E+06

354.2  0.8424665E+06

354.4  0.8418885E+06

354.6  0.8413105E+06

354.8  0.8407325E+06

355.0  0.8401546E+06

355.2  0.8395766E+06

355.4  0.8389987E+06

355.6  0.8384208E+06

355.8  0.8378430E+06

356.0  0.8372651E+06

356.2  0.8366873E+06

356.4  0.8361096E+06

356.6  0.8355319E+06

356.8  0.8349542E+06

357.0  0.8343766E+06

357.2  0.8337991E+06

357.4  0.8332216E+06

357.6  0.8326442E+06

357.8  0.8320669E+06

358.0  0.8314896E+06

358.2  0.8309124E+06

358.4  0.8303353E+06

358.6  0.8297583E+06

358.8  0.8291814E+06

359.0  0.8286045E+06

359.2  0.8280278E+06

359.4  0.8274511E+06

359.6  0.8268746E+06

359.8  0.8262982E+06

360.0  0.8257218E+06

360.2  0.8251456E+06

360.4  0.8245695E+06

360.6  0.8239935E+06

360.8  0.8234177E+06

361.0  0.8228419E+06

361.2  0.8222663E+06

361.4  0.8216909E+06

361.6  0.8211155E+06

361.8  0.8205403E+06

362.0  0.8199653E+06

362.2  0.8193903E+06

362.4  0.8188156E+06

362.6  0.8182410E+06

362.8  0.8176665E+06

363.0  0.8170922E+06

363.2  0.8165180E+06

363.4  0.8159441E+06

363.6  0.8153702E+06

363.8  0.8147966E+06

364.0  0.8142231E+06

364.2  0.8136498E+06

364.4  0.8130766E+06

364.6  0.8125037E+06

364.8  0.8119309E+06

365.0  0.8113583E+06

365.2  0.8107859E+06

365.4  0.8102137E+06

365.6  0.8096416E+06

365.8  0.8090698E+06

366.0  0.8084981E+06

366.2  0.8079267E+06

366.4  0.8073555E+06

366.6  0.8067844E+06

366.8  0.8062136E+06

367.0  0.8056429E+06

367.2  0.8050725E+06

367.4  0.8045023E+06

367.6  0.8039323E+06

367.8  0.8033625E+06

368.0  0.8027930E+06

368.2  0.8022237E+06

368.4  0.8016545E+06

368.6  0.8010857E+06

368.8  0.8005170E+06

369.0  0.7999486E+06

369.2  0.7993804E+06

369.4  0.7988124E+06

369.6  0.7982447E+06

369.8  0.7976772E+06

370.0  0.7971099E+06

370.2  0.7965429E+06

370.4  0.7959761E+06

370.6  0.7954096E+06

370.8  0.7948433E+06

371.0  0.7942773E+06

371.2  0.7937115E+06

371.4  0.7931460E+06

371.6  0.7925807E+06

371.8  0.7920157E+06

372.0  0.7914509E+06

372.2  0.7908864E+06

372.4  0.7903222E+06

372.6  0.7897582E+06

372.8  0.7891945E+06

373.0  0.7886311E+06

373.2  0.7880679E+06

373.4  0.7875050E+06

373.6  0.7869423E+06

373.8  0.7863800E+06

374.0  0.7858179E+06

374.2  0.7852561E+06

374.4  0.7846945E+06

374.6  0.7841333E+06

374.8  0.7835723E+06

375.0  0.7830116E+06

375.2  0.7824512E+06

375.4  0.7818911E+06

375.6  0.7813312E+06

375.8  0.7807717E+06

376.0  0.7802124E+06

376.2  0.7796534E+06

376.4  0.7790947E+06

376.6  0.7785363E+06

376.8  0.7779782E+06

377.0  0.7774204E+06

377.2  0.7768629E+06

377.4  0.7763057E+06

377.6  0.7757488E+06

377.8  0.7751922E+06

378.0  0.7746358E+06

378.2  0.7740798E+06

378.4  0.7735241E+06

378.6  0.7729687E+06

378.8  0.7724136E+06

379.0  0.7718588E+06

379.2  0.7713044E+06

379.4  0.7707502E+06

379.6  0.7701963E+06

379.8  0.7696428E+06

380.0  0.7690895E+06

380.2  0.7685366E+06

380.4  0.7679840E+06

380.6  0.7674317E+06

380.8  0.7668797E+06

381.0  0.7663281E+06

381.2  0.7657767E+06

381.4  0.7652257E+06

381.6  0.7646750E+06

381.8  0.7641246E+06

382.0  0.7635746E+06

382.2  0.7630248E+06

382.4  0.7624754E+06

382.6  0.7619263E+06

382.8  0.7613776E+06

383.0  0.7608291E+06

383.2  0.7602810E+06

383.4  0.7597332E+06

383.6  0.7591858E+06

383.8  0.7586387E+06

384.0  0.7580919E+06

384.2  0.7575454E+06

384.4  0.7569993E+06

384.6  0.7564535E+06

384.8  0.7559080E+06

385.0  0.7553629E+06

385.2  0.7548181E+06

385.4  0.7542737E+06

385.6  0.7537296E+06

385.8  0.7531858E+06

386.0  0.7526423E+06

386.2  0.7520992E+06

386.4  0.7515565E+06

386.6  0.7510140E+06

386.8  0.7504720E+06

387.0  0.7499302E+06

387.2  0.7493888E+06

387.4  0.7488477E+06

387.6  0.7483070E+06

387.8  0.7477667E+06

388.0  0.7472266E+06

388.2  0.7466869E+06

388.4  0.7461476E+06

388.6  0.7456086E+06

388.8  0.7450700E+06

389.0  0.7445317E+06

389.2  0.7439937E+06

389.4  0.7434561E+06

389.6  0.7429189E+06

389.8  0.7423820E+06

390.0  0.7418454E+06

390.2  0.7413092E+06

390.4  0.7407733E+06

390.6  0.7402378E+06

390.8  0.7397027E+06

391.0  0.7391679E+06

391.2  0.7386334E+06

391.4  0.7380993E+06

391.6  0.7375656E+06

391.8  0.7370322E+06

392.0  0.7364992E+06

392.2  0.7359665E+06

392.4  0.7354341E+06

392.6  0.7349022E+06

392.8  0.7343706E+06

393.0  0.7338393E+06

393.2  0.7333084E+06

393.4  0.7327778E+06

393.6  0.7322477E+06

393.8  0.7317178E+06

394.0  0.7311883E+06

394.2  0.7306592E+06

394.4  0.7301305E+06

394.6  0.7296021E+06

394.8  0.7290740E+06

395.0  0.7285463E+06

395.2  0.7280190E+06

395.4  0.7274920E+06

395.6  0.7269654E+06

395.8  0.7264392E+06

396.0  0.7259133E+06

396.2  0.7253878E+06

396.4  0.7248626E+06

396.6  0.7243378E+06

396.8  0.7238134E+06

397.0  0.7232893E+06

397.2  0.7227656E+06

397.4  0.7222422E+06

397.6  0.7217192E+06

397.8  0.7211966E+06

398.0  0.7206743E+06

398.2  0.7201524E+06

398.4  0.7196309E+06

398.6  0.7191097E+06

398.8  0.7185889E+06

399.0  0.7180684E+06

399.2  0.7175484E+06

399.4  0.7170286E+06

399.6  0.7165093E+06

399.8  0.7159903E+06

400.0  0.7154717E+06

400.2  0.7149534E+06

400.4  0.7144355E+06

400.6  0.7139180E+06

400.8  0.7134008E+06

401.0  0.7128840E+06

401.2  0.7123675E+06

401.4  0.7118515E+06

401.6  0.7113358E+06

401.8  0.7108204E+06

402.0  0.7103054E+06

402.2  0.7097908E+06

402.4  0.7092766E+06

402.6  0.7087627E+06

402.8  0.7082492E+06

403.0  0.7077360E+06

403.2  0.7072232E+06

403.4  0.7067108E+06

403.6  0.7061988E+06

403.8  0.7056871E+06

404.0  0.7051758E+06

404.2  0.7046648E+06

404.4  0.7041542E+06

404.6  0.7036440E+06

404.8  0.7031342E+06

405.0  0.7026247E+06

405.2  0.7021156E+06

405.4  0.7016068E+06

405.6  0.7010984E+06

405.8  0.7005904E+06

406.0  0.7000828E+06

406.2  0.6995755E+06

406.4  0.6990686E+06

406.6  0.6985620E+06

406.8  0.6980558E+06

407.0  0.6975500E+06

407.2  0.6970446E+06

407.4  0.6965395E+06

407.6  0.6960348E+06

407.8  0.6955304E+06

408.0  0.6950264E+06

408.2  0.6945228E+06

408.4  0.6940196E+06

408.6  0.6935167E+06

408.8  0.6930142E+06

409.0  0.6925120E+06

409.2  0.6920102E+06

409.4  0.6915088E+06

409.6  0.6910077E+06

409.8  0.6905071E+06

410.0  0.6900067E+06

410.2  0.6895068E+06

410.4  0.6890072E+06

410.6  0.6885080E+06

410.8  0.6880091E+06

411.0  0.6875106E+06

411.2  0.6870125E+06

411.4  0.6865147E+06

411.6  0.6860174E+06

411.8  0.6855203E+06

412.0  0.6850237E+06

412.2  0.6845274E+06

412.4  0.6840314E+06

412.6  0.6835359E+06

412.8  0.6830407E+06

413.0  0.6825458E+06

413.2  0.6820514E+06

413.4  0.6815573E+06

413.6  0.6810635E+06

413.8  0.6805701E+06

414.0  0.6800771E+06

414.2  0.6795845E+06

414.4  0.6790922E+06

414.6  0.6786003E+06

414.8  0.6781087E+06

415.0  0.6776175E+06

415.2  0.6771267E+06

415.4  0.6766362E+06

415.6  0.6761461E+06

415.8  0.6756564E+06

416.0  0.6751670E+06

416.2  0.6746780E+06

416.4  0.6741894E+06

416.6  0.6737011E+06

416.8  0.6732132E+06

417.0  0.6727256E+06

417.2  0.6722384E+06

417.4  0.6717516E+06

417.6  0.6712651E+06

417.8  0.6707790E+06

418.0  0.6702933E+06

418.2  0.6698079E+06

418.4  0.6693229E+06

418.6  0.6688382E+06

418.8  0.6683539E+06

419.0  0.6678700E+06

419.2  0.6673864E+06

419.4  0.6669032E+06

419.6  0.6664203E+06

419.8  0.6659378E+06

420.0  0.6654557E+06

420.2  0.6649739E+06

420.4  0.6644925E+06

420.6  0.6640114E+06

420.8  0.6635307E+06

421.0  0.6630504E+06

421.2  0.6625704E+06

421.4  0.6620908E+06

421.6  0.6616115E+06

421.8  0.6611326E+06

422.0  0.6606541E+06

422.2  0.6601759E+06

422.4  0.6596981E+06

422.6  0.6592206E+06

422.8  0.6587435E+06

423.0  0.6582667E+06

423.2  0.6577903E+06

423.4  0.6573143E+06

423.6  0.6568386E+06

423.8  0.6563633E+06

424.0  0.6558883E+06

424.2  0.6554137E+06

424.4  0.6549394E+06

424.6  0.6544655E+06

424.8  0.6539920E+06

425.0  0.6535188E+06

425.2  0.6530460E+06

425.4  0.6525735E+06

425.6  0.6521014E+06

425.8  0.6516296E+06

426.0  0.6511582E+06

426.2  0.6506871E+06

426.4  0.6502164E+06

426.6  0.6497461E+06

426.8  0.6492761E+06

427.0  0.6488064E+06

427.2  0.6483371E+06

427.4  0.6478682E+06

427.6  0.6473996E+06

427.8  0.6469314E+06

428.0  0.6464635E+06

428.2  0.6459960E+06

428.4  0.6455288E+06

428.6  0.6450620E+06

428.8  0.6445955E+06

429.0  0.6441294E+06

429.2  0.6436636E+06

429.4  0.6431982E+06

429.6  0.6427331E+06

429.8  0.6422684E+06

430.0  0.6418040E+06

430.2  0.6413400E+06

430.4  0.6408764E+06

430.6  0.6404130E+06

430.8  0.6399501E+06

431.0  0.6394874E+06

431.2  0.6390252E+06

431.4  0.6385633E+06

431.6  0.6381017E+06

431.8  0.6376404E+06

432.0  0.6371796E+06

432.2  0.6367190E+06

432.4  0.6362589E+06

432.6  0.6357990E+06

432.8  0.6353395E+06

433.0  0.6348804E+06

433.2  0.6344216E+06

433.4  0.6339631E+06

433.6  0.6335050E+06

433.8  0.6330473E+06

434.0  0.6325899E+06

434.2  0.6321328E+06

434.4  0.6316761E+06

434.6  0.6312197E+06

434.8  0.6307636E+06

435.0  0.6303080E+06

435.2  0.6298526E+06

435.4  0.6293976E+06

435.6  0.6289429E+06

435.8  0.6284886E+06

436.0  0.6280347E+06

436.2  0.6275810E+06

436.4  0.6271277E+06

436.6  0.6266748E+06

436.8  0.6262222E+06

437.0  0.6257699E+06

437.2  0.6253180E+06

437.4  0.6248664E+06

437.6  0.6244152E+06

437.8  0.6239643E+06

438.0  0.6235137E+06

438.2  0.6230635E+06

438.4  0.6226136E+06

438.6  0.6221641E+06

438.8  0.6217149E+06

439.0  0.6212660E+06

439.2  0.6208175E+06

439.4  0.6203693E+06

439.6  0.6199215E+06

439.8  0.6194740E+06

440.0  0.6190268E+06

440.2  0.6185800E+06

440.4  0.6181335E+06

440.6  0.6176874E+06

440.8  0.6172415E+06

441.0  0.6167961E+06

441.2  0.6163509E+06

441.4  0.6159061E+06

441.6  0.6154616E+06

441.8  0.6150175E+06

442.0  0.6145737E+06

442.2  0.6141302E+06

442.4  0.6136871E+06

442.6  0.6132443E+06

442.8  0.6128018E+06

443.0  0.6123597E+06

443.2  0.6119179E+06

443.4  0.6114765E+06

443.6  0.6110353E+06

443.8  0.6105945E+06

444.0  0.6101541E+06

444.2  0.6097139E+06

444.4  0.6092742E+06

444.6  0.6088347E+06

444.8  0.6083956E+06

445.0  0.6079567E+06

445.2  0.6075183E+06

445.4  0.6070801E+06

445.6  0.6066423E+06

445.8  0.6062049E+06

446.0  0.6057677E+06

446.2  0.6053309E+06

446.4  0.6048944E+06

446.6  0.6044582E+06

446.8  0.6040224E+06

447.0  0.6035869E+06

447.2  0.6031517E+06

447.4  0.6027169E+06

447.6  0.6022824E+06

447.8  0.6018482E+06

448.0  0.6014143E+06

448.2  0.6009808E+06

448.4  0.6005476E+06

448.6  0.6001147E+06

448.8  0.5996821E+06

449.0  0.5992499E+06

449.2  0.5988180E+06

449.4  0.5983864E+06

449.6  0.5979552E+06

449.8  0.5975242E+06

450.0  0.5970936E+06

450.2  0.5966634E+06

450.4  0.5962334E+06

450.6  0.5958038E+06

450.8  0.5953745E+06

451.0  0.5949455E+06

451.2  0.5945168E+06

451.4  0.5940885E+06

451.6  0.5936605E+06

451.8  0.5932328E+06

452.0  0.5928054E+06

452.2  0.5923784E+06

452.4  0.5919517E+06

452.6  0.5915253E+06

452.8  0.5910992E+06

453.0  0.5906734E+06

453.2  0.5902480E+06

453.4  0.5898229E+06

453.6  0.5893981E+06

453.8  0.5889736E+06

454.0  0.5885494E+06

454.2  0.5881256E+06

454.4  0.5877021E+06

454.6  0.5872789E+06

454.8  0.5868560E+06

455.0  0.5864334E+06

455.2  0.5860112E+06

455.4  0.5855892E+06

455.6  0.5851676E+06

455.8  0.5847463E+06

456.0  0.5843253E+06

456.2  0.5839047E+06

456.4  0.5834843E+06

456.6  0.5830643E+06

456.8  0.5826446E+06

457.0  0.5822252E+06

457.2  0.5818061E+06

457.4  0.5813873E+06

457.6  0.5809689E+06

457.8  0.5805507E+06

458.0  0.5801329E+06

458.2  0.5797154E+06

458.4  0.5792982E+06

458.6  0.5788813E+06

458.8  0.5784648E+06

459.0  0.5780485E+06

459.2  0.5776326E+06

459.4  0.5772169E+06

459.6  0.5768016E+06

459.8  0.5763866E+06

460.0  0.5759719E+06

460.2  0.5755575E+06

460.4  0.5751434E+06

460.6  0.5747297E+06

460.8  0.5743162E+06

461.0  0.5739031E+06

461.2  0.5734902E+06

461.4  0.5730777E+06

461.6  0.5726655E+06

461.8  0.5722536E+06

462.0  0.5718420E+06

462.2  0.5714307E+06

462.4  0.5710197E+06

462.6  0.5706091E+06

462.8  0.5701987E+06

463.0  0.5697887E+06

463.2  0.5693789E+06

463.4  0.5689695E+06

463.6  0.5685604E+06

463.8  0.5681515E+06

464.0  0.5677430E+06

464.2  0.5673348E+06

464.4  0.5669269E+06

464.6  0.5665193E+06

464.8  0.5661120E+06

465.0  0.5657050E+06

465.2  0.5652983E+06

465.4  0.5648919E+06

465.6  0.5644859E+06

465.8  0.5640801E+06

466.0  0.5636746E+06

466.2  0.5632695E+06

466.4  0.5628646E+06

466.6  0.5624600E+06

466.8  0.5620558E+06

467.0  0.5616518E+06

467.2  0.5612482E+06

467.4  0.5608448E+06

467.6  0.5604418E+06

467.8  0.5600390E+06

468.0  0.5596366E+06

468.2  0.5592345E+06

468.4  0.5588326E+06

468.6  0.5584311E+06

468.8  0.5580298E+06

469.0  0.5576289E+06

469.2  0.5572282E+06

469.4  0.5568279E+06

469.6  0.5564279E+06

469.8  0.5560281E+06

470.0  0.5556287E+06

470.2  0.5552295E+06

470.4  0.5548307E+06

470.6  0.5544321E+06

470.8  0.5540339E+06

471.0  0.5536359E+06

471.2  0.5532383E+06

471.4  0.5528409E+06

471.6  0.5524438E+06

471.8  0.5520471E+06

472.0  0.5516506E+06

472.2  0.5512544E+06

472.4  0.5508585E+06

472.6  0.5504630E+06

472.8  0.5500677E+06

473.0  0.5496727E+06

473.2  0.5492780E+06

473.4  0.5488836E+06

473.6  0.5484895E+06

473.8  0.5480956E+06

474.0  0.5477021E+06

474.2  0.5473089E+06

474.4  0.5469159E+06

474.6  0.5465233E+06

474.8  0.5461309E+06

475.0  0.5457389E+06

475.2  0.5453471E+06

475.4  0.5449556E+06

475.6  0.5445645E+06

475.8  0.5441736E+06

476.0  0.5437830E+06

476.2  0.5433927E+06

476.4  0.5430026E+06

476.6  0.5426129E+06

476.8  0.5422235E+06

477.0  0.5418343E+06

477.2  0.5414455E+06

477.4  0.5410569E+06

477.6  0.5406686E+06

477.8  0.5402806E+06

478.0  0.5398929E+06

478.2  0.5395055E+06

478.4  0.5391184E+06

478.6  0.5387316E+06

478.8  0.5383450E+06

479.0  0.5379588E+06

479.2  0.5375728E+06

479.4  0.5371871E+06

479.6  0.5368017E+06

479.8  0.5364166E+06

480.0  0.5360317E+06

480.2  0.5356472E+06

480.4  0.5352630E+06

480.6  0.5348790E+06

480.8  0.5344953E+06

481.0  0.5341119E+06

481.2  0.5337288E+06

481.4  0.5333460E+06

481.6  0.5329634E+06

481.8  0.5325811E+06

482.0  0.5321992E+06

482.2  0.5318175E+06

482.4  0.5314361E+06

482.6  0.5310549E+06

482.8  0.5306741E+06

483.0  0.5302935E+06

483.2  0.5299132E+06

483.4  0.5295332E+06

483.6  0.5291535E+06

483.8  0.5287741E+06

484.0  0.5283949E+06

484.2  0.5280161E+06

484.4  0.5276375E+06

484.6  0.5272592E+06

484.8  0.5268812E+06

485.0  0.5265034E+06

485.2  0.5261259E+06

485.4  0.5257487E+06

485.6  0.5253718E+06

485.8  0.5249952E+06

486.0  0.5246189E+06

486.2  0.5242428E+06

486.4  0.5238670E+06

486.6  0.5234915E+06

486.8  0.5231162E+06

487.0  0.5227413E+06

487.2  0.5223666E+06

487.4  0.5219922E+06

487.6  0.5216181E+06

487.8  0.5212442E+06

488.0  0.5208707E+06

488.2  0.5204974E+06

488.4  0.5201243E+06

488.6  0.5197516E+06

488.8  0.5193791E+06

489.0  0.5190069E+06

489.2  0.5186350E+06

489.4  0.5182634E+06

489.6  0.5178920E+06

489.8  0.5175209E+06

490.0  0.5171501E+06

490.2  0.5167796E+06

490.4  0.5164093E+06

490.6  0.5160393E+06

490.8  0.5156696E+06

491.0  0.5153001E+06

491.2  0.5149310E+06

491.4  0.5145621E+06

491.6  0.5141934E+06

491.8  0.5138251E+06

492.0  0.5134570E+06

492.2  0.5130892E+06

492.4  0.5127216E+06

492.6  0.5123544E+06

492.8  0.5119874E+06

493.0  0.5116207E+06

493.2  0.5112542E+06

493.4  0.5108880E+06

493.6  0.5105221E+06

493.8  0.5101565E+06

494.0  0.5097911E+06

494.2  0.5094260E+06

494.4  0.5090611E+06

494.6  0.5086966E+06

494.8  0.5083323E+06

495.0  0.5079682E+06

495.2  0.5076045E+06

495.4  0.5072410E+06

495.6  0.5068778E+06

495.8  0.5065148E+06

496.0  0.5061521E+06

496.2  0.5057897E+06

496.4  0.5054275E+06

496.6  0.5050657E+06

496.8  0.5047040E+06

497.0  0.5043427E+06

497.2  0.5039816E+06

497.4  0.5036208E+06

497.6  0.5032602E+06

497.8  0.5028999E+06

498.0  0.5025399E+06

498.2  0.5021802E+06

498.4  0.5018207E+06

498.6  0.5014614E+06

498.8  0.5011025E+06

499.0  0.5007438E+06

499.2  0.5003853E+06

499.4  0.5000272E+06

499.6  0.4996693E+06

499.8  0.4993116E+06

500.0  0.4989542E+06

