100  0.2172927E+04

100.2  0.2416920E+04

100.4  0.2672281E+04

100.6  0.2938470E+04

100.8  0.3214933E+04

101.0  0.3501117E+04

101.2  0.3796474E+04

101.4  0.4100460E+04

101.6  0.4412546E+04

101.8  0.4732212E+04

102.0  0.5058957E+04

102.2  0.5392295E+04

102.4  0.5731759E+04

102.6  0.6076900E+04

102.8  0.6427288E+04

103.0  0.6782513E+04

103.2  0.7142185E+04

103.4  0.7505933E+04

103.6  0.7873402E+04

103.8  0.8244261E+04

104.0  0.8618192E+04

104.2  0.8994897E+04

104.4  0.9374096E+04

104.6  0.9755522E+04

104.8  0.1013893E+05

105.0  0.1052407E+05

105.2  0.1091075E+05

105.4  0.1129874E+05

105.6  0.1168785E+05

105.8  0.1207791E+05

106.0  0.1246874E+05

106.2  0.1286018E+05

106.4  0.1325210E+05

106.6  0.1364435E+05

106.8  0.1403680E+05

107.0  0.1442933E+05

107.2  0.1482184E+05

107.4  0.1521422E+05

107.6  0.1560638E+05

107.8  0.1599823E+05

108.0  0.1638969E+05

108.2  0.1678068E+05

108.4  0.1717114E+05

108.6  0.1756100E+05

108.8  0.1795021E+05

109.0  0.1833871E+05

109.2  0.1872646E+05

109.4  0.1911341E+05

109.6  0.1949951E+05

109.8  0.1988475E+05

110.0  0.2026908E+05

110.2  0.2065247E+05

110.4  0.2103491E+05

110.6  0.2141636E+05

110.8  0.2179681E+05

111.0  0.2217625E+05

111.2  0.2255465E+05

111.4  0.2293200E+05

111.6  0.2330830E+05

111.8  0.2368354E+05

112.0  0.2405771E+05

112.2  0.2443081E+05

112.4  0.2480283E+05

112.6  0.2517377E+05

112.8  0.2554364E+05

113.0  0.2591243E+05

113.2  0.2628015E+05

113.4  0.2664681E+05

113.6  0.2701240E+05

113.8  0.2737694E+05

114.0  0.2774043E+05

114.2  0.2810288E+05

114.4  0.2846430E+05

114.6  0.2882470E+05

114.8  0.2918408E+05

115.0  0.2954247E+05

115.2  0.2989987E+05

115.4  0.3025630E+05

115.6  0.3061176E+05

115.8  0.3096627E+05

116.0  0.3131984E+05

116.2  0.3167250E+05

116.4  0.3202424E+05

116.6  0.3237510E+05

116.8  0.3272508E+05

117.0  0.3307419E+05

117.2  0.3342246E+05

117.4  0.3376990E+05

117.6  0.3411652E+05

117.8  0.3446234E+05

118.0  0.3480739E+05

118.2  0.3515166E+05

118.4  0.3549519E+05

118.6  0.3583799E+05

118.8  0.3618007E+05

119.0  0.3652145E+05

119.2  0.3686215E+05

119.4  0.3720219E+05

119.6  0.3754158E+05

119.8  0.3788034E+05

120.0  0.3821849E+05

120.2  0.3855604E+05

120.4  0.3889301E+05

120.6  0.3922942E+05

120.8  0.3956529E+05

121.0  0.3990063E+05

121.2  0.4023546E+05

121.4  0.4056979E+05

121.6  0.4090365E+05

121.8  0.4123705E+05

122.0  0.4157001E+05

122.2  0.4190254E+05

122.4  0.4223467E+05

122.6  0.4256640E+05

122.8  0.4289775E+05

123.0  0.4322875E+05

123.2  0.4355940E+05

123.4  0.4388973E+05

123.6  0.4421975E+05

123.8  0.4454947E+05

124.0  0.4487892E+05

124.2  0.4520810E+05

124.4  0.4553704E+05

124.6  0.4586575E+05

124.8  0.4619425E+05

125.0  0.4652255E+05

125.2  0.4685067E+05

125.4  0.4717861E+05

125.6  0.4750641E+05

125.8  0.4783408E+05

126.0  0.4816162E+05

126.2  0.4848905E+05

126.4  0.4881640E+05

126.6  0.4914367E+05

126.8  0.4947088E+05

127.0  0.4979804E+05

127.2  0.5012517E+05

127.4  0.5045229E+05

127.6  0.5077940E+05

127.8  0.5110652E+05

128.0  0.5143368E+05

128.2  0.5176087E+05

128.4  0.5208812E+05

128.6  0.5241543E+05

128.8  0.5274283E+05

129.0  0.5307033E+05

129.2  0.5339794E+05

129.4  0.5372567E+05

129.6  0.5405354E+05

129.8  0.5438156E+05

130.0  0.5470975E+05

130.2  0.5503812E+05

130.4  0.5536667E+05

130.6  0.5569543E+05

130.8  0.5602441E+05

131.0  0.5635362E+05

131.2  0.5668308E+05

131.4  0.5701279E+05

131.6  0.5734277E+05

131.8  0.5767303E+05

132.0  0.5800359E+05

132.2  0.5833446E+05

132.4  0.5866564E+05

132.6  0.5899716E+05

132.8  0.5932902E+05

133.0  0.5966124E+05

133.2  0.5999383E+05

133.4  0.6032680E+05

133.6  0.6066017E+05

133.8  0.6099394E+05

134.0  0.6132813E+05

134.2  0.6166274E+05

134.4  0.6199780E+05

134.6  0.6233331E+05

134.8  0.6266929E+05

135.0  0.6300574E+05

135.2  0.6334268E+05

135.4  0.6368012E+05

135.6  0.6401807E+05

135.8  0.6435655E+05

136.0  0.6469555E+05

136.2  0.6503510E+05

136.4  0.6537521E+05

136.6  0.6571589E+05

136.8  0.6605714E+05

137.0  0.6639899E+05

137.2  0.6674143E+05

137.4  0.6708449E+05

137.6  0.6742817E+05

137.8  0.6777248E+05

138.0  0.6811744E+05

138.2  0.6846306E+05

138.4  0.6880934E+05

138.6  0.6915629E+05

138.8  0.6950394E+05

139.0  0.6985228E+05

139.2  0.7020133E+05

139.4  0.7055110E+05

139.6  0.7090160E+05

139.8  0.7125285E+05

140.0  0.7160484E+05

140.2  0.7195759E+05

140.4  0.7231112E+05

140.6  0.7266543E+05

140.8  0.7302053E+05

141.0  0.7337644E+05

141.2  0.7373315E+05

141.4  0.7409070E+05

141.6  0.7444907E+05

141.8  0.7480829E+05

142.0  0.7516836E+05

142.2  0.7552930E+05

142.4  0.7589111E+05

142.6  0.7625381E+05

142.8  0.7661740E+05

143.0  0.7698190E+05

143.2  0.7734731E+05

143.4  0.7771364E+05

143.6  0.7808091E+05

143.8  0.7844912E+05

144.0  0.7881829E+05

144.2  0.7918843E+05

144.4  0.7955953E+05

144.6  0.7993162E+05

144.8  0.8030471E+05

145.0  0.8067880E+05

145.2  0.8105390E+05

145.4  0.8143003E+05

145.6  0.8180719E+05

145.8  0.8218539E+05

146.0  0.8256465E+05

146.2  0.8294497E+05

146.4  0.8332636E+05

146.6  0.8370883E+05

146.8  0.8409240E+05

147.0  0.8447707E+05

147.2  0.8486285E+05

147.4  0.8524975E+05

147.6  0.8563778E+05

147.8  0.8602695E+05

148.0  0.8641728E+05

148.2  0.8680876E+05

148.4  0.8720141E+05

148.6  0.8759524E+05

148.8  0.8799027E+05

149.0  0.8838649E+05

149.2  0.8878391E+05

149.4  0.8918256E+05

149.6  0.8958244E+05

149.8  0.8998355E+05

150.0  0.9038591E+05

150.2  0.9078953E+05

150.4  0.9119441E+05

150.6  0.9160057E+05

150.8  0.9200801E+05

151.0  0.9241676E+05

151.2  0.9282680E+05

151.4  0.9323817E+05

151.6  0.9365085E+05

151.8  0.9406487E+05

152.0  0.9448024E+05

152.2  0.9489696E+05

152.4  0.9531504E+05

152.6  0.9573450E+05

152.8  0.9615534E+05

153.0  0.9657758E+05

153.2  0.9700121E+05

153.4  0.9742626E+05

153.6  0.9785273E+05

153.8  0.9828064E+05

154.0  0.9870998E+05

154.2  0.9914078E+05

154.4  0.9957304E+05

154.6  0.1000068E+06

154.8  0.1004420E+06

155.0  0.1008787E+06

155.2  0.1013169E+06

155.4  0.1017566E+06

155.6  0.1021979E+06

155.8  0.1026406E+06

156.0  0.1030849E+06

156.2  0.1035308E+06

156.4  0.1039782E+06

156.6  0.1044272E+06

156.8  0.1048778E+06

157.0  0.1053300E+06

157.2  0.1057837E+06

157.4  0.1062391E+06

157.6  0.1066961E+06

157.8  0.1071547E+06

158.0  0.1076150E+06

158.2  0.1080769E+06

158.4  0.1085405E+06

158.6  0.1090058E+06

158.8  0.1094728E+06

159.0  0.1099414E+06

159.2  0.1104117E+06

159.4  0.1108838E+06

159.6  0.1113576E+06

159.8  0.1118331E+06

160.0  0.1123104E+06

160.2  0.1127894E+06

160.4  0.1132702E+06

160.6  0.1137528E+06

160.8  0.1142371E+06

161.0  0.1147233E+06

161.2  0.1152113E+06

161.4  0.1157010E+06

161.6  0.1161927E+06

161.8  0.1166861E+06

162.0  0.1171814E+06

162.2  0.1176786E+06

162.4  0.1181777E+06

162.6  0.1186786E+06

162.8  0.1191814E+06

163.0  0.1196862E+06

163.2  0.1201928E+06

163.4  0.1207014E+06

163.6  0.1212120E+06

163.8  0.1217244E+06

164.0  0.1222389E+06

164.2  0.1227553E+06

164.4  0.1232737E+06

164.6  0.1237941E+06

164.8  0.1243165E+06

165.0  0.1248410E+06

165.2  0.1253674E+06

165.4  0.1258960E+06

165.6  0.1264265E+06

165.8  0.1269592E+06

166.0  0.1274939E+06

166.2  0.1280307E+06

166.4  0.1285696E+06

166.6  0.1291106E+06

166.8  0.1296538E+06

167.0  0.1301991E+06

167.2  0.1307465E+06

167.4  0.1312961E+06

167.6  0.1318479E+06

167.8  0.1324019E+06

168.0  0.1329581E+06

168.2  0.1335165E+06

168.4  0.1340771E+06

168.6  0.1346399E+06

168.8  0.1352050E+06

169.0  0.1357724E+06

169.2  0.1363421E+06

169.4  0.1369140E+06

169.6  0.1374882E+06

169.8  0.1380648E+06

170.0  0.1386437E+06

170.2  0.1392249E+06

170.4  0.1398085E+06

170.6  0.1403944E+06

170.8  0.1409828E+06

171.0  0.1415735E+06

171.2  0.1421666E+06

171.4  0.1427622E+06

171.6  0.1433602E+06

171.8  0.1439607E+06

172.0  0.1445636E+06

172.2  0.1451690E+06

172.4  0.1457769E+06

172.6  0.1463873E+06

172.8  0.1470002E+06

173.0  0.1476157E+06

173.2  0.1482337E+06

173.4  0.1488543E+06

173.6  0.1494775E+06

173.8  0.1501033E+06

174.0  0.1507316E+06

174.2  0.1513627E+06

174.4  0.1519963E+06

174.6  0.1526326E+06

174.8  0.1532716E+06

175.0  0.1539133E+06

175.2  0.1545577E+06

175.4  0.1552048E+06

175.6  0.1558547E+06

175.8  0.1565073E+06

176.0  0.1571627E+06

176.2  0.1578208E+06

176.4  0.1584818E+06

176.6  0.1591456E+06

176.8  0.1598123E+06

177.0  0.1604818E+06

177.2  0.1611541E+06

177.4  0.1618294E+06

177.6  0.1625076E+06

177.8  0.1631887E+06

178.0  0.1638728E+06

178.2  0.1645598E+06

178.4  0.1652499E+06

178.6  0.1659429E+06

178.8  0.1666389E+06

179.0  0.1673380E+06

179.2  0.1680402E+06

179.4  0.1687455E+06

179.6  0.1694538E+06

179.8  0.1701653E+06

180.0  0.1708799E+06

180.2  0.1715977E+06

180.4  0.1723187E+06

180.6  0.1730429E+06

180.8  0.1737703E+06

181.0  0.1745009E+06

181.2  0.1752349E+06

181.4  0.1759721E+06

181.6  0.1767127E+06

181.8  0.1774566E+06

182.0  0.1782039E+06

182.2  0.1789546E+06

182.4  0.1797086E+06

182.6  0.1804662E+06

182.8  0.1812272E+06

183.0  0.1819916E+06

183.2  0.1827597E+06

183.4  0.1835312E+06

183.6  0.1843063E+06

183.8  0.1850850E+06

184.0  0.1858674E+06

184.2  0.1866533E+06

184.4  0.1874430E+06

184.6  0.1882364E+06

184.8  0.1890335E+06

185.0  0.1898344E+06

185.2  0.1906390E+06

185.4  0.1914475E+06

185.6  0.1922599E+06

185.8  0.1930761E+06

186.0  0.1938963E+06

186.2  0.1947204E+06

186.4  0.1955485E+06

186.6  0.1963806E+06

186.8  0.1972167E+06

187.0  0.1980570E+06

187.2  0.1989014E+06

187.4  0.1997499E+06

187.6  0.2006026E+06

187.8  0.2014595E+06

188.0  0.2023207E+06

188.2  0.2031862E+06

188.4  0.2040561E+06

188.6  0.2049303E+06

188.8  0.2058089E+06

189.0  0.2066920E+06

189.2  0.2075796E+06

189.4  0.2084717E+06

189.6  0.2093684E+06

189.8  0.2102697E+06

190.0  0.2111757E+06

190.2  0.2120864E+06

190.4  0.2130018E+06

190.6  0.2139221E+06

190.8  0.2148471E+06

191.0  0.2157771E+06

191.2  0.2167120E+06

191.4  0.2176519E+06

191.6  0.2185968E+06

191.8  0.2195468E+06

192.0  0.2205019E+06

192.2  0.2214621E+06

192.4  0.2224277E+06

192.6  0.2233984E+06

192.8  0.2243745E+06

193.0  0.2253560E+06

193.2  0.2263430E+06

193.4  0.2273354E+06

193.6  0.2283333E+06

193.8  0.2293369E+06

194.0  0.2303460E+06

194.2  0.2313609E+06

194.4  0.2323816E+06

194.6  0.2334081E+06

194.8  0.2344404E+06

195.0  0.2354787E+06

195.2  0.2365230E+06

195.4  0.2375734E+06

195.6  0.2386298E+06

195.8  0.2396925E+06

196.0  0.2407613E+06

196.2  0.2418365E+06

196.4  0.2429180E+06

196.6  0.2440060E+06

196.8  0.2451004E+06

197.0  0.2462014E+06

197.2  0.2473090E+06

197.4  0.2484232E+06

197.6  0.2495443E+06

197.8  0.2506721E+06

198.0  0.2518068E+06

198.2  0.2529484E+06

198.4  0.2540970E+06

198.6  0.2552527E+06

198.8  0.2564156E+06

199.0  0.2575856E+06

199.2  0.2587629E+06

199.4  0.2599476E+06

199.6  0.2611397E+06

199.8  0.2623392E+06

200.0  0.2635463E+06

200.2  0.2647610E+06

200.4  0.2659834E+06

200.6  0.2672135E+06

200.8  0.2684514E+06

201.0  0.2696973E+06

201.2  0.2709510E+06

201.4  0.2722128E+06

201.6  0.2734827E+06

201.8  0.2747608E+06

202.0  0.2760470E+06

202.2  0.2773416E+06

202.4  0.2786445E+06

202.6  0.2799559E+06

202.8  0.2812757E+06

203.0  0.2826041E+06

203.2  0.2839411E+06

203.4  0.2852869E+06

203.6  0.2866413E+06

203.8  0.2880046E+06

204.0  0.2893768E+06

204.2  0.2907579E+06

204.4  0.2921481E+06

204.6  0.2935473E+06

204.8  0.2949557E+06

205.0  0.2963732E+06

205.2  0.2978001E+06

205.4  0.2992362E+06

205.6  0.3006817E+06

205.8  0.3021367E+06

206.0  0.3036011E+06

206.2  0.3050751E+06

206.4  0.3065587E+06

206.6  0.3080520E+06

206.8  0.3095549E+06

207.0  0.3110677E+06

207.2  0.3125902E+06

207.4  0.3141226E+06

207.6  0.3156650E+06

207.8  0.3172173E+06

208.0  0.3187796E+06

208.2  0.3203519E+06

208.4  0.3219344E+06

208.6  0.3235269E+06

208.8  0.3251297E+06

209.0  0.3267427E+06

209.2  0.3283659E+06

209.4  0.3299995E+06

209.6  0.3316433E+06

209.8  0.3332975E+06

210.0  0.3349622E+06

210.2  0.3366372E+06

210.4  0.3383227E+06

210.6  0.3400186E+06

210.8  0.3417251E+06

211.0  0.3434421E+06

211.2  0.3451696E+06

211.4  0.3469077E+06

211.6  0.3486564E+06

211.8  0.3504157E+06

212.0  0.3521856E+06

212.2  0.3539662E+06

212.4  0.3557573E+06

212.6  0.3575591E+06

212.8  0.3593716E+06

213.0  0.3611947E+06

213.2  0.3630285E+06

213.4  0.3648729E+06

213.6  0.3667280E+06

213.8  0.3685937E+06

214.0  0.3704701E+06

214.2  0.3723571E+06

214.4  0.3742547E+06

214.6  0.3761629E+06

214.8  0.3780818E+06

215.0  0.3800112E+06

215.2  0.3819512E+06

215.4  0.3839017E+06

215.6  0.3858627E+06

215.8  0.3878342E+06

216.0  0.3898162E+06

216.2  0.3918086E+06

216.4  0.3938114E+06

216.6  0.3958246E+06

216.8  0.3978480E+06

217.0  0.3998818E+06

217.2  0.4019258E+06

217.4  0.4039801E+06

217.6  0.4060444E+06

217.8  0.4081189E+06

218.0  0.4102034E+06

218.2  0.4122980E+06

218.4  0.4144024E+06

218.6  0.4165168E+06

218.8  0.4186410E+06

219.0  0.4207749E+06

219.2  0.4229186E+06

219.4  0.4250719E+06

219.6  0.4272347E+06

219.8  0.4294071E+06

220.0  0.4315889E+06

220.2  0.4337800E+06

220.4  0.4359804E+06

220.6  0.4381900E+06

220.8  0.4404087E+06

221.0  0.4426364E+06

221.2  0.4448730E+06

221.4  0.4471186E+06

221.6  0.4493728E+06

221.8  0.4516358E+06

222.0  0.4539073E+06

222.2  0.4561873E+06

222.4  0.4584757E+06

222.6  0.4607723E+06

222.8  0.4630772E+06

223.0  0.4653901E+06

223.2  0.4677110E+06

223.4  0.4700398E+06

223.6  0.4723763E+06

223.8  0.4747205E+06

224.0  0.4770721E+06

224.2  0.4794313E+06

224.4  0.4817977E+06

224.6  0.4841713E+06

224.8  0.4865519E+06

225.0  0.4889395E+06

225.2  0.4913340E+06

225.4  0.4937351E+06

225.6  0.4961428E+06

225.8  0.4985569E+06

226.0  0.5009774E+06

226.2  0.5034040E+06

226.4  0.5058367E+06

226.6  0.5082754E+06

226.8  0.5107198E+06

227.0  0.5131698E+06

227.2  0.5156254E+06

227.4  0.5180864E+06

227.6  0.5205526E+06

227.8  0.5230239E+06

228.0  0.5255001E+06

228.2  0.5279812E+06

228.4  0.5304670E+06

228.6  0.5329573E+06

228.8  0.5354519E+06

229.0  0.5379508E+06

229.2  0.5404539E+06

229.4  0.5429608E+06

229.6  0.5454716E+06

229.8  0.5479860E+06

230.0  0.5505039E+06

230.2  0.5530251E+06

230.4  0.5555495E+06

230.6  0.5580770E+06

230.8  0.5606074E+06

231.0  0.5631405E+06

231.2  0.5656762E+06

231.4  0.5682144E+06

231.6  0.5707548E+06

231.8  0.5732974E+06

232.0  0.5758419E+06

232.2  0.5783882E+06

232.4  0.5809362E+06

232.6  0.5834857E+06

232.8  0.5860366E+06

233.0  0.5885886E+06

233.2  0.5911417E+06

233.4  0.5936956E+06

233.6  0.5962503E+06

233.8  0.5988056E+06

234.0  0.6013612E+06

234.2  0.6039171E+06

234.4  0.6064732E+06

234.6  0.6090291E+06

234.8  0.6115849E+06

235.0  0.6141403E+06

235.2  0.6166951E+06

235.4  0.6192493E+06

235.6  0.6218027E+06

235.8  0.6243551E+06

236.0  0.6269063E+06

236.2  0.6294562E+06

236.4  0.6320047E+06

236.6  0.6345516E+06

236.8  0.6370968E+06

237.0  0.6396400E+06

237.2  0.6421812E+06

237.4  0.6447202E+06

237.6  0.6472568E+06

237.8  0.6497909E+06

238.0  0.6523224E+06

238.2  0.6548511E+06

238.4  0.6573768E+06

238.6  0.6598994E+06

238.8  0.6624188E+06

239.0  0.6649348E+06

239.2  0.6674473E+06

239.4  0.6699561E+06

239.6  0.6724611E+06

239.8  0.6749621E+06

240.0  0.6774590E+06

240.2  0.6799517E+06

240.4  0.6824401E+06

240.6  0.6849239E+06

240.8  0.6874030E+06

241.0  0.6898774E+06

241.2  0.6923469E+06

241.4  0.6948113E+06

241.6  0.6972705E+06

241.8  0.6997244E+06

242.0  0.7021729E+06

242.2  0.7046157E+06

242.4  0.7070529E+06

242.6  0.7094843E+06

242.8  0.7119096E+06

243.0  0.7143289E+06

243.2  0.7167420E+06

243.4  0.7191488E+06

243.6  0.7215491E+06

243.8  0.7239429E+06

244.0  0.7263299E+06

244.2  0.7287102E+06

244.4  0.7310835E+06

244.6  0.7334498E+06

244.8  0.7358090E+06

245.0  0.7381609E+06

245.2  0.7405054E+06

245.4  0.7428425E+06

245.6  0.7451719E+06

245.8  0.7474937E+06

246.0  0.7498077E+06

246.2  0.7521138E+06

246.4  0.7544118E+06

246.6  0.7567018E+06

246.8  0.7589835E+06

247.0  0.7612570E+06

247.2  0.7635220E+06

247.4  0.7657786E+06

247.6  0.7680266E+06

247.8  0.7702659E+06

248.0  0.7724964E+06

248.2  0.7747180E+06

248.4  0.7769307E+06

248.6  0.7791344E+06

248.8  0.7813289E+06

249.0  0.7835142E+06

249.2  0.7856903E+06

249.4  0.7878570E+06

249.6  0.7900142E+06

249.8  0.7921619E+06

250.0  0.7943000E+06

250.2  0.7964284E+06

250.4  0.7985470E+06

250.6  0.8006558E+06

250.8  0.8027548E+06

251.0  0.8048437E+06

251.2  0.8069226E+06

251.4  0.8089915E+06

251.6  0.8110501E+06

251.8  0.8130985E+06

252.0  0.8151367E+06

252.2  0.8171644E+06

252.4  0.8191818E+06

252.6  0.8211887E+06

252.8  0.8231850E+06

253.0  0.8251708E+06

253.2  0.8271459E+06

253.4  0.8291103E+06

253.6  0.8310640E+06

253.8  0.8330069E+06

254.0  0.8349390E+06

254.2  0.8368601E+06

254.4  0.8387704E+06

254.6  0.8406696E+06

254.8  0.8425578E+06

255.0  0.8444350E+06

255.2  0.8463011E+06

255.4  0.8481560E+06

255.6  0.8499997E+06

255.8  0.8518322E+06

256.0  0.8536535E+06

256.2  0.8554635E+06

256.4  0.8572621E+06

256.6  0.8590494E+06

256.8  0.8608253E+06

257.0  0.8625898E+06

257.2  0.8643429E+06

257.4  0.8660845E+06

257.6  0.8678147E+06

257.8  0.8695333E+06

258.0  0.8712403E+06

258.2  0.8729358E+06

258.4  0.8746198E+06

258.6  0.8762921E+06

258.8  0.8779529E+06

259.0  0.8796019E+06

259.2  0.8812394E+06

259.4  0.8828652E+06

259.6  0.8844793E+06

259.8  0.8860817E+06

260.0  0.8876724E+06

260.2  0.8892515E+06

260.4  0.8908188E+06

260.6  0.8923743E+06

260.8  0.8939182E+06

261.0  0.8954503E+06

261.2  0.8969707E+06

261.4  0.8984793E+06

261.6  0.8999762E+06

261.8  0.9014613E+06

262.0  0.9029346E+06

262.2  0.9043963E+06

262.4  0.9058461E+06

262.6  0.9072843E+06

262.8  0.9087106E+06

263.0  0.9101253E+06

263.2  0.9115282E+06

263.4  0.9129194E+06

263.6  0.9142988E+06

263.8  0.9156666E+06

264.0  0.9170226E+06

264.2  0.9183669E+06

264.4  0.9196996E+06

264.6  0.9210206E+06

264.8  0.9223299E+06

265.0  0.9236276E+06

265.2  0.9249136E+06

265.4  0.9261880E+06

265.6  0.9274508E+06

265.8  0.9287020E+06

266.0  0.9299417E+06

266.2  0.9311698E+06

266.4  0.9323863E+06

266.6  0.9335914E+06

266.8  0.9347849E+06

267.0  0.9359670E+06

267.2  0.9371376E+06

267.4  0.9382968E+06

267.6  0.9394446E+06

267.8  0.9405809E+06

268.0  0.9417060E+06

268.2  0.9428196E+06

268.4  0.9439220E+06

268.6  0.9450131E+06

268.8  0.9460929E+06

269.0  0.9471615E+06

269.2  0.9482189E+06

269.4  0.9492651E+06

269.6  0.9503001E+06

269.8  0.9513241E+06

270.0  0.9523369E+06

270.2  0.9533387E+06

270.4  0.9543294E+06

270.6  0.9553092E+06

270.8  0.9562780E+06

271.0  0.9572359E+06

271.2  0.9581828E+06

271.4  0.9591189E+06

271.6  0.9600442E+06

271.8  0.9609587E+06

272.0  0.9618624E+06

272.2  0.9627553E+06

272.4  0.9636376E+06

272.6  0.9645093E+06

272.8  0.9653703E+06

273.0  0.9662207E+06

273.2  0.9670606E+06

273.4  0.9678900E+06

273.6  0.9687089E+06

273.8  0.9695174E+06

274.0  0.9703155E+06

274.2  0.9711033E+06

274.4  0.9718807E+06

274.6  0.9726479E+06

274.8  0.9734048E+06

275.0  0.9741515E+06

275.2  0.9748881E+06

275.4  0.9756146E+06

275.6  0.9763310E+06

275.8  0.9770374E+06

276.0  0.9777338E+06

276.2  0.9784203E+06

276.4  0.9790969E+06

276.6  0.9797636E+06

276.8  0.9804205E+06

277.0  0.9810676E+06

277.2  0.9817050E+06

277.4  0.9823327E+06

277.6  0.9829508E+06

277.8  0.9835593E+06

278.0  0.9841582E+06

278.2  0.9847476E+06

278.4  0.9853276E+06

278.6  0.9858981E+06

278.8  0.9864593E+06

279.0  0.9870111E+06

279.2  0.9875537E+06

279.4  0.9880870E+06

279.6  0.9886111E+06

279.8  0.9891261E+06

280.0  0.9896320E+06

280.2  0.9901288E+06

280.4  0.9906166E+06

280.6  0.9910955E+06

280.8  0.9915655E+06

281.0  0.9920265E+06

281.2  0.9924788E+06

281.4  0.9929223E+06

281.6  0.9933570E+06

281.8  0.9937831E+06

282.0  0.9942005E+06

282.2  0.9946093E+06

282.4  0.9950096E+06

282.6  0.9954014E+06

282.8  0.9957847E+06

283.0  0.9961597E+06

283.2  0.9965263E+06

283.4  0.9968845E+06

283.6  0.9972345E+06

283.8  0.9975763E+06

284.0  0.9979100E+06

284.2  0.9982355E+06

284.4  0.9985529E+06

284.6  0.9988623E+06

284.8  0.9991637E+06

285.0  0.9994572E+06

285.2  0.9997428E+06

285.4  0.1000021E+07

285.6  0.1000291E+07

285.8  0.1000553E+07

286.0  0.1000807E+07

286.2  0.1001054E+07

286.4  0.1001294E+07

286.6  0.1001525E+07

286.8  0.1001749E+07

287.0  0.1001966E+07

287.2  0.1002175E+07

287.4  0.1002377E+07

287.6  0.1002572E+07

287.8  0.1002759E+07

288.0  0.1002940E+07

288.2  0.1003112E+07

288.4  0.1003278E+07

288.6  0.1003437E+07

288.8  0.1003589E+07

289.0  0.1003733E+07

289.2  0.1003871E+07

289.4  0.1004002E+07

289.6  0.1004126E+07

289.8  0.1004243E+07

290.0  0.1004353E+07

290.2  0.1004457E+07

290.4  0.1004553E+07

290.6  0.1004644E+07

290.8  0.1004727E+07

291.0  0.1004804E+07

291.2  0.1004875E+07

291.4  0.1004939E+07

291.6  0.1004997E+07

291.8  0.1005048E+07

292.0  0.1005093E+07

292.2  0.1005132E+07

292.4  0.1005165E+07

292.6  0.1005191E+07

292.8  0.1005211E+07

293.0  0.1005225E+07

293.2  0.1005233E+07

293.4  0.1005235E+07

293.6  0.1005231E+07

293.8  0.1005221E+07

294.0  0.1005205E+07

294.2  0.1005184E+07

294.4  0.1005156E+07

294.6  0.1005123E+07

294.8  0.1005084E+07

295.0  0.1005039E+07

295.2  0.1004989E+07

295.4  0.1004933E+07

295.6  0.1004872E+07

295.8  0.1004805E+07

296.0  0.1004733E+07

296.2  0.1004655E+07

296.4  0.1004571E+07

296.6  0.1004483E+07

296.8  0.1004389E+07

297.0  0.1004290E+07

297.2  0.1004185E+07

297.4  0.1004076E+07

297.6  0.1003961E+07

297.8  0.1003841E+07

298.0  0.1003716E+07

298.2  0.1003586E+07

298.4  0.1003452E+07

298.6  0.1003312E+07

298.8  0.1003167E+07

299.0  0.1003017E+07

299.2  0.1002863E+07

299.4  0.1002703E+07

299.6  0.1002539E+07

299.8  0.1002371E+07

300.0  0.1002197E+07

300.2  0.1002019E+07

300.4  0.1001836E+07

300.6  0.1001649E+07

300.8  0.1001457E+07

301.0  0.1001261E+07

301.2  0.1001060E+07

301.4  0.1000855E+07

301.6  0.1000646E+07

301.8  0.1000432E+07

302.0  0.1000213E+07

302.2  0.9999910E+06

302.4  0.9997642E+06

302.6  0.9995333E+06

302.8  0.9992982E+06

303.0  0.9990589E+06

303.2  0.9988155E+06

303.4  0.9985681E+06

303.6  0.9983166E+06

303.8  0.9980612E+06

304.0  0.9978017E+06

304.2  0.9975384E+06

304.4  0.9972711E+06

304.6  0.9970000E+06

304.8  0.9967250E+06

305.0  0.9964463E+06

305.2  0.9961638E+06

305.4  0.9958775E+06

305.6  0.9955876E+06

305.8  0.9952940E+06

306.0  0.9949967E+06

306.2  0.9946959E+06

306.4  0.9943914E+06

306.6  0.9940835E+06

306.8  0.9937720E+06

307.0  0.9934570E+06

307.2  0.9931387E+06

307.4  0.9928169E+06

307.6  0.9924917E+06

307.8  0.9921631E+06

308.0  0.9918313E+06

308.2  0.9914961E+06

308.4  0.9911577E+06

308.6  0.9908160E+06

308.8  0.9904712E+06

309.0  0.9901231E+06

309.2  0.9897719E+06

309.4  0.9894177E+06

309.6  0.9890603E+06

309.8  0.9886998E+06

310.0  0.9883364E+06

310.2  0.9879699E+06

310.4  0.9876005E+06

310.6  0.9872281E+06

310.8  0.9868528E+06

311.0  0.9864746E+06

311.2  0.9860935E+06

311.4  0.9857096E+06

311.6  0.9853229E+06

311.8  0.9849334E+06

312.0  0.9845412E+06

312.2  0.9841462E+06

312.4  0.9837485E+06

312.6  0.9833482E+06

312.8  0.9829452E+06

313.0  0.9825396E+06

313.2  0.9821314E+06

313.4  0.9817206E+06

313.6  0.9813072E+06

313.8  0.9808914E+06

314.0  0.9804730E+06

314.2  0.9800522E+06

314.4  0.9796289E+06

314.6  0.9792032E+06

314.8  0.9787751E+06

315.0  0.9783446E+06

315.2  0.9779118E+06

315.4  0.9774766E+06

315.6  0.9770392E+06

315.8  0.9765994E+06

316.0  0.9761574E+06

316.2  0.9757132E+06

316.4  0.9752668E+06

316.6  0.9748181E+06

316.8  0.9743673E+06

317.0  0.9739144E+06

317.2  0.9734593E+06

317.4  0.9730022E+06

317.6  0.9725429E+06

317.8  0.9720816E+06

318.0  0.9716183E+06

318.2  0.9711530E+06

318.4  0.9706857E+06

318.6  0.9702164E+06

318.8  0.9697451E+06

319.0  0.9692720E+06

319.2  0.9687969E+06

319.4  0.9683199E+06

319.6  0.9678411E+06

319.8  0.9673604E+06

320.0  0.9668779E+06

320.2  0.9663936E+06

320.4  0.9659075E+06

320.6  0.9654197E+06

320.8  0.9649301E+06

321.0  0.9644387E+06

321.2  0.9639457E+06

321.4  0.9634510E+06

321.6  0.9629546E+06

321.8  0.9624566E+06

322.0  0.9619569E+06

322.2  0.9614556E+06

322.4  0.9609527E+06

322.6  0.9604483E+06

322.8  0.9599422E+06

323.0  0.9594347E+06

323.2  0.9589256E+06

323.4  0.9584150E+06

323.6  0.9579030E+06

323.8  0.9573894E+06

324.0  0.9568744E+06

324.2  0.9563580E+06

324.4  0.9558401E+06

324.6  0.9553209E+06

324.8  0.9548003E+06

325.0  0.9542783E+06

325.2  0.9537549E+06

325.4  0.9532302E+06

325.6  0.9527042E+06

325.8  0.9521769E+06

326.0  0.9516483E+06

326.2  0.9511184E+06

326.4  0.9505873E+06

326.6  0.9500549E+06

326.8  0.9495213E+06

327.0  0.9489866E+06

327.2  0.9484506E+06

327.4  0.9479134E+06

327.6  0.9473751E+06

327.8  0.9468356E+06

328.0  0.9462950E+06

328.2  0.9457532E+06

328.4  0.9452104E+06

328.6  0.9446664E+06

328.8  0.9441214E+06

329.0  0.9435754E+06

329.2  0.9430283E+06

329.4  0.9424801E+06

329.6  0.9419309E+06

329.8  0.9413807E+06

330.0  0.9408296E+06

330.2  0.9402774E+06

330.4  0.9397243E+06

330.6  0.9391702E+06

330.8  0.9386152E+06

331.0  0.9380593E+06

331.2  0.9375024E+06

331.4  0.9369447E+06

331.6  0.9363860E+06

331.8  0.9358265E+06

332.0  0.9352661E+06

332.2  0.9347049E+06

332.4  0.9341428E+06

332.6  0.9335800E+06

332.8  0.9330162E+06

333.0  0.9324517E+06

333.2  0.9318864E+06

333.4  0.9313204E+06

333.6  0.9307535E+06

333.8  0.9301859E+06

334.0  0.9296176E+06

334.2  0.9290485E+06

334.4  0.9284787E+06

334.6  0.9279082E+06

334.8  0.9273370E+06

335.0  0.9267651E+06

335.2  0.9261925E+06

335.4  0.9256192E+06

335.6  0.9250454E+06

335.8  0.9244708E+06

336.0  0.9238956E+06

336.2  0.9233198E+06

336.4  0.9227434E+06

336.6  0.9221664E+06

336.8  0.9215888E+06

337.0  0.9210106E+06

337.2  0.9204319E+06

337.4  0.9198525E+06

337.6  0.9192726E+06

337.8  0.9186922E+06

338.0  0.9181113E+06

338.2  0.9175298E+06

338.4  0.9169478E+06

338.6  0.9163653E+06

338.8  0.9157823E+06

339.0  0.9151988E+06

339.2  0.9146148E+06

339.4  0.9140304E+06

339.6  0.9134455E+06

339.8  0.9128602E+06

340.0  0.9122744E+06

340.2  0.9116882E+06

340.4  0.9111015E+06

340.6  0.9105145E+06

340.8  0.9099270E+06

341.0  0.9093392E+06

341.2  0.9087509E+06

341.4  0.9081623E+06

341.6  0.9075733E+06

341.8  0.9069839E+06

342.0  0.9063942E+06

342.2  0.9058041E+06

342.4  0.9052137E+06

342.6  0.9046229E+06

342.8  0.9040318E+06

343.0  0.9034404E+06

343.2  0.9028487E+06

343.4  0.9022567E+06

343.6  0.9016644E+06

343.8  0.9010718E+06

344.0  0.9004789E+06

344.2  0.8998857E+06

344.4  0.8992923E+06

344.6  0.8986986E+06

344.8  0.8981047E+06

345.0  0.8975105E+06

345.2  0.8969161E+06

345.4  0.8963214E+06

345.6  0.8957266E+06

345.8  0.8951315E+06

346.0  0.8945362E+06

346.2  0.8939407E+06

346.4  0.8933450E+06

346.6  0.8927491E+06

346.8  0.8921530E+06

347.0  0.8915567E+06

347.2  0.8909603E+06

347.4  0.8903637E+06

347.6  0.8897669E+06

347.8  0.8891700E+06

348.0  0.8885730E+06

348.2  0.8879758E+06

348.4  0.8873784E+06

348.6  0.8867810E+06

348.8  0.8861834E+06

349.0  0.8855857E+06

349.2  0.8849879E+06

349.4  0.8843899E+06

349.6  0.8837919E+06

349.8  0.8831938E+06

350.0  0.8825956E+06

350.2  0.8819973E+06

350.4  0.8813989E+06

350.6  0.8808005E+06

350.8  0.8802020E+06

351.0  0.8796034E+06

351.2  0.8790048E+06

351.4  0.8784061E+06

351.6  0.8778074E+06

351.8  0.8772086E+06

352.0  0.8766098E+06

352.2  0.8760109E+06

352.4  0.8754121E+06

352.6  0.8748132E+06

352.8  0.8742143E+06

353.0  0.8736154E+06

353.2  0.8730164E+06

353.4  0.8724175E+06

353.6  0.8718186E+06

353.8  0.8712197E+06

354.0  0.8706207E+06

354.2  0.8700218E+06

354.4  0.8694230E+06

354.6  0.8688241E+06

354.8  0.8682253E+06

355.0  0.8676265E+06

355.2  0.8670278E+06

355.4  0.8664290E+06

355.6  0.8658304E+06

355.8  0.8652318E+06

356.0  0.8646332E+06

356.2  0.8640347E+06

356.4  0.8634363E+06

356.6  0.8628379E+06

356.8  0.8622396E+06

357.0  0.8616413E+06

357.2  0.8610432E+06

357.4  0.8604451E+06

357.6  0.8598471E+06

357.8  0.8592492E+06

358.0  0.8586514E+06

358.2  0.8580537E+06

358.4  0.8574561E+06

358.6  0.8568586E+06

358.8  0.8562612E+06

359.0  0.8556639E+06

359.2  0.8550668E+06

359.4  0.8544697E+06

359.6  0.8538728E+06

359.8  0.8532760E+06

360.0  0.8526793E+06

360.2  0.8520828E+06

360.4  0.8514863E+06

360.6  0.8508901E+06

360.8  0.8502939E+06

361.0  0.8496980E+06

361.2  0.8491021E+06

361.4  0.8485064E+06

361.6  0.8479109E+06

361.8  0.8473155E+06

362.0  0.8467203E+06

362.2  0.8461252E+06

362.4  0.8455303E+06

362.6  0.8449356E+06

362.8  0.8443411E+06

363.0  0.8437467E+06

363.2  0.8431525E+06

363.4  0.8425585E+06

363.6  0.8419646E+06

363.8  0.8413710E+06

364.0  0.8407775E+06

364.2  0.8401843E+06

364.4  0.8395912E+06

364.6  0.8389983E+06

364.8  0.8384056E+06

365.0  0.8378131E+06

365.2  0.8372209E+06

365.4  0.8366288E+06

365.6  0.8360369E+06

365.8  0.8354453E+06

366.0  0.8348538E+06

366.2  0.8342626E+06

366.4  0.8336716E+06

366.6  0.8330808E+06

366.8  0.8324903E+06

367.0  0.8318999E+06

367.2  0.8313098E+06

367.4  0.8307200E+06

367.6  0.8301303E+06

367.8  0.8295409E+06

368.0  0.8289517E+06

368.2  0.8283628E+06

368.4  0.8277741E+06

368.6  0.8271857E+06

368.8  0.8265975E+06

369.0  0.8260095E+06

369.2  0.8254218E+06

369.4  0.8248343E+06

369.6  0.8242471E+06

369.8  0.8236602E+06

370.0  0.8230735E+06

370.2  0.8224871E+06

370.4  0.8219009E+06

370.6  0.8213150E+06

370.8  0.8207293E+06

371.0  0.8201439E+06

371.2  0.8195588E+06

371.4  0.8189740E+06

371.6  0.8183894E+06

371.8  0.8178051E+06

372.0  0.8172211E+06

372.2  0.8166374E+06

372.4  0.8160539E+06

372.6  0.8154707E+06

372.8  0.8148878E+06

373.0  0.8143052E+06

373.2  0.8137228E+06

373.4  0.8131408E+06

373.6  0.8125590E+06

373.8  0.8119776E+06

374.0  0.8113964E+06

374.2  0.8108155E+06

374.4  0.8102349E+06

374.6  0.8096546E+06

374.8  0.8090746E+06

375.0  0.8084949E+06

375.2  0.8079155E+06

375.4  0.8073364E+06

375.6  0.8067576E+06

375.8  0.8061791E+06

376.0  0.8056009E+06

376.2  0.8050230E+06

376.4  0.8044454E+06

376.6  0.8038682E+06

376.8  0.8032912E+06

377.0  0.8027146E+06

377.2  0.8021382E+06

377.4  0.8015622E+06

377.6  0.8009865E+06

377.8  0.8004111E+06

378.0  0.7998361E+06

378.2  0.7992613E+06

378.4  0.7986869E+06

378.6  0.7981128E+06

378.8  0.7975390E+06

379.0  0.7969655E+06

379.2  0.7963924E+06

379.4  0.7958196E+06

379.6  0.7952471E+06

379.8  0.7946749E+06

380.0  0.7941031E+06

380.2  0.7935316E+06

380.4  0.7929604E+06

380.6  0.7923896E+06

380.8  0.7918191E+06

381.0  0.7912489E+06

381.2  0.7906791E+06

381.4  0.7901096E+06

381.6  0.7895404E+06

381.8  0.7889716E+06

382.0  0.7884031E+06

382.2  0.7878350E+06

382.4  0.7872671E+06

382.6  0.7866997E+06

382.8  0.7861326E+06

383.0  0.7855658E+06

383.2  0.7849993E+06

383.4  0.7844332E+06

383.6  0.7838675E+06

383.8  0.7833021E+06

384.0  0.7827370E+06

384.2  0.7821723E+06

384.4  0.7816079E+06

384.6  0.7810439E+06

384.8  0.7804803E+06

385.0  0.7799169E+06

385.2  0.7793540E+06

385.4  0.7787914E+06

385.6  0.7782291E+06

385.8  0.7776672E+06

386.0  0.7771056E+06

386.2  0.7765444E+06

386.4  0.7759836E+06

386.6  0.7754231E+06

386.8  0.7748630E+06

387.0  0.7743032E+06

387.2  0.7737438E+06

387.4  0.7731847E+06

387.6  0.7726260E+06

387.8  0.7720677E+06

388.0  0.7715097E+06

388.2  0.7709520E+06

388.4  0.7703948E+06

388.6  0.7698379E+06

388.8  0.7692813E+06

389.0  0.7687252E+06

389.2  0.7681693E+06

389.4  0.7676139E+06

389.6  0.7670588E+06

389.8  0.7665041E+06

390.0  0.7659497E+06

390.2  0.7653957E+06

390.4  0.7648421E+06

390.6  0.7642888E+06

390.8  0.7637359E+06

391.0  0.7631834E+06

391.2  0.7626312E+06

391.4  0.7620794E+06

391.6  0.7615280E+06

391.8  0.7609770E+06

392.0  0.7604263E+06

392.2  0.7598759E+06

392.4  0.7593260E+06

392.6  0.7587764E+06

392.8  0.7582272E+06

393.0  0.7576784E+06

393.2  0.7571299E+06

393.4  0.7565818E+06

393.6  0.7560341E+06

393.8  0.7554867E+06

394.0  0.7549397E+06

394.2  0.7543931E+06

394.4  0.7538469E+06

394.6  0.7533010E+06

394.8  0.7527555E+06

395.0  0.7522104E+06

395.2  0.7516657E+06

395.4  0.7511213E+06

395.6  0.7505773E+06

395.8  0.7500337E+06

396.0  0.7494905E+06

396.2  0.7489476E+06

396.4  0.7484051E+06

396.6  0.7478630E+06

396.8  0.7473213E+06

397.0  0.7467799E+06

397.2  0.7462389E+06

397.4  0.7456983E+06

397.6  0.7451581E+06

397.8  0.7446182E+06

398.0  0.7440787E+06

398.2  0.7435396E+06

398.4  0.7430009E+06

398.6  0.7424626E+06

398.8  0.7419246E+06

399.0  0.7413870E+06

399.2  0.7408498E+06

399.4  0.7403130E+06

399.6  0.7397765E+06

399.8  0.7392404E+06

400.0  0.7387047E+06

400.2  0.7381694E+06

400.4  0.7376345E+06

400.6  0.7370999E+06

400.8  0.7365657E+06

401.0  0.7360319E+06

401.2  0.7354985E+06

401.4  0.7349655E+06

401.6  0.7344328E+06

401.8  0.7339005E+06

402.0  0.7333686E+06

402.2  0.7328371E+06

402.4  0.7323059E+06

402.6  0.7317752E+06

402.8  0.7312448E+06

403.0  0.7307148E+06

403.2  0.7301852E+06

403.4  0.7296559E+06

403.6  0.7291270E+06

403.8  0.7285986E+06

404.0  0.7280705E+06

404.2  0.7275427E+06

404.4  0.7270154E+06

404.6  0.7264884E+06

404.8  0.7259618E+06

405.0  0.7254356E+06

405.2  0.7249098E+06

405.4  0.7243844E+06

405.6  0.7238593E+06

405.8  0.7233346E+06

406.0  0.7228103E+06

406.2  0.7222864E+06

406.4  0.7217629E+06

406.6  0.7212397E+06

406.8  0.7207169E+06

407.0  0.7201945E+06

407.2  0.7196725E+06

407.4  0.7191509E+06

407.6  0.7186296E+06

407.8  0.7181087E+06

408.0  0.7175882E+06

408.2  0.7170681E+06

408.4  0.7165484E+06

408.6  0.7160290E+06

408.8  0.7155101E+06

409.0  0.7149915E+06

409.2  0.7144732E+06

409.4  0.7139554E+06

409.6  0.7134379E+06

409.8  0.7129209E+06

410.0  0.7124042E+06

410.2  0.7118878E+06

410.4  0.7113719E+06

410.6  0.7108563E+06

410.8  0.7103412E+06

411.0  0.7098264E+06

411.2  0.7093119E+06

411.4  0.7087979E+06

411.6  0.7082842E+06

411.8  0.7077709E+06

412.0  0.7072580E+06

412.2  0.7067455E+06

412.4  0.7062334E+06

412.6  0.7057216E+06

412.8  0.7052102E+06

413.0  0.7046992E+06

413.2  0.7041885E+06

413.4  0.7036783E+06

413.6  0.7031684E+06

413.8  0.7026589E+06

414.0  0.7021498E+06

414.2  0.7016410E+06

414.4  0.7011327E+06

414.6  0.7006247E+06

414.8  0.7001170E+06

415.0  0.6996098E+06

415.2  0.6991029E+06

415.4  0.6985965E+06

415.6  0.6980903E+06

415.8  0.6975846E+06

416.0  0.6970792E+06

416.2  0.6965743E+06

416.4  0.6960697E+06

416.6  0.6955654E+06

416.8  0.6950616E+06

417.0  0.6945581E+06

417.2  0.6940550E+06

417.4  0.6935523E+06

417.6  0.6930499E+06

417.8  0.6925479E+06

418.0  0.6920463E+06

418.2  0.6915451E+06

418.4  0.6910442E+06

418.6  0.6905438E+06

418.8  0.6900437E+06

419.0  0.6895439E+06

419.2  0.6890446E+06

419.4  0.6885456E+06

419.6  0.6880470E+06

419.8  0.6875487E+06

420.0  0.6870509E+06

420.2  0.6865534E+06

420.4  0.6860562E+06

420.6  0.6855595E+06

420.8  0.6850631E+06

421.0  0.6845671E+06

421.2  0.6840715E+06

421.4  0.6835762E+06

421.6  0.6830813E+06

421.8  0.6825868E+06

422.0  0.6820927E+06

422.2  0.6815989E+06

422.4  0.6811055E+06

422.6  0.6806124E+06

422.8  0.6801198E+06

423.0  0.6796275E+06

423.2  0.6791356E+06

423.4  0.6786440E+06

423.6  0.6781528E+06

423.8  0.6776620E+06

424.0  0.6771715E+06

424.2  0.6766815E+06

424.4  0.6761918E+06

424.6  0.6757024E+06

424.8  0.6752134E+06

425.0  0.6747248E+06

425.2  0.6742366E+06

425.4  0.6737487E+06

425.6  0.6732612E+06

425.8  0.6727741E+06

426.0  0.6722873E+06

426.2  0.6718009E+06

426.4  0.6713149E+06

426.6  0.6708292E+06

426.8  0.6703439E+06

427.0  0.6698589E+06

427.2  0.6693744E+06

427.4  0.6688901E+06

427.6  0.6684063E+06

427.8  0.6679228E+06

428.0  0.6674397E+06

428.2  0.6669569E+06

428.4  0.6664746E+06

428.6  0.6659925E+06

428.8  0.6655109E+06

429.0  0.6650296E+06

429.2  0.6645486E+06

429.4  0.6640681E+06

429.6  0.6635879E+06

429.8  0.6631080E+06

430.0  0.6626285E+06

430.2  0.6621494E+06

430.4  0.6616706E+06

430.6  0.6611922E+06

430.8  0.6607142E+06

431.0  0.6602365E+06

431.2  0.6597592E+06

431.4  0.6592822E+06

431.6  0.6588056E+06

431.8  0.6583294E+06

432.0  0.6578535E+06

432.2  0.6573780E+06

432.4  0.6569029E+06

432.6  0.6564281E+06

432.8  0.6559536E+06

433.0  0.6554795E+06

433.2  0.6550058E+06

433.4  0.6545324E+06

433.6  0.6540594E+06

433.8  0.6535868E+06

434.0  0.6531145E+06

434.2  0.6526425E+06

434.4  0.6521710E+06

434.6  0.6516997E+06

434.8  0.6512289E+06

435.0  0.6507583E+06

435.2  0.6502882E+06

435.4  0.6498184E+06

435.6  0.6493489E+06

435.8  0.6488798E+06

436.0  0.6484111E+06

436.2  0.6479427E+06

436.4  0.6474747E+06

436.6  0.6470070E+06

436.8  0.6465397E+06

437.0  0.6460727E+06

437.2  0.6456061E+06

437.4  0.6451398E+06

437.6  0.6446739E+06

437.8  0.6442084E+06

438.0  0.6437432E+06

438.2  0.6432783E+06

438.4  0.6428138E+06

438.6  0.6423497E+06

438.8  0.6418858E+06

439.0  0.6414224E+06

439.2  0.6409593E+06

439.4  0.6404965E+06

439.6  0.6400341E+06

439.8  0.6395721E+06

440.0  0.6391104E+06

440.2  0.6386490E+06

440.4  0.6381880E+06

440.6  0.6377274E+06

440.8  0.6372671E+06

441.0  0.6368071E+06

441.2  0.6363475E+06

441.4  0.6358882E+06

441.6  0.6354293E+06

441.8  0.6349707E+06

442.0  0.6345125E+06

442.2  0.6340546E+06

442.4  0.6335971E+06

442.6  0.6331399E+06

442.8  0.6326831E+06

443.0  0.6322266E+06

443.2  0.6317704E+06

443.4  0.6313146E+06

443.6  0.6308591E+06

443.8  0.6304040E+06

444.0  0.6299492E+06

444.2  0.6294948E+06

444.4  0.6290407E+06

444.6  0.6285870E+06

444.8  0.6281336E+06

445.0  0.6276805E+06

445.2  0.6272278E+06

445.4  0.6267754E+06

445.6  0.6263234E+06

445.8  0.6258717E+06

446.0  0.6254203E+06

446.2  0.6249693E+06

446.4  0.6245187E+06

446.6  0.6240683E+06

446.8  0.6236183E+06

447.0  0.6231687E+06

447.2  0.6227194E+06

447.4  0.6222704E+06

447.6  0.6218218E+06

447.8  0.6213735E+06

448.0  0.6209255E+06

448.2  0.6204779E+06

448.4  0.6200306E+06

448.6  0.6195837E+06

448.8  0.6191371E+06

449.0  0.6186908E+06

449.2  0.6182449E+06

449.4  0.6177993E+06

449.6  0.6173540E+06

449.8  0.6169091E+06

450.0  0.6164645E+06

450.2  0.6160203E+06

450.4  0.6155763E+06

450.6  0.6151328E+06

450.8  0.6146895E+06

451.0  0.6142466E+06

451.2  0.6138040E+06

451.4  0.6133618E+06

451.6  0.6129199E+06

451.8  0.6124783E+06

452.0  0.6120370E+06

452.2  0.6115961E+06

452.4  0.6111555E+06

452.6  0.6107153E+06

452.8  0.6102754E+06

453.0  0.6098358E+06

453.2  0.6093965E+06

453.4  0.6089576E+06

453.6  0.6085190E+06

453.8  0.6080807E+06

454.0  0.6076428E+06

454.2  0.6072052E+06

454.4  0.6067679E+06

454.6  0.6063310E+06

454.8  0.6058944E+06

455.0  0.6054581E+06

455.2  0.6050221E+06

455.4  0.6045865E+06

455.6  0.6041512E+06

455.8  0.6037162E+06

456.0  0.6032816E+06

456.2  0.6028472E+06

456.4  0.6024132E+06

456.6  0.6019796E+06

456.8  0.6015462E+06

457.0  0.6011132E+06

457.2  0.6006805E+06

457.4  0.6002482E+06

457.6  0.5998161E+06

457.8  0.5993844E+06

458.0  0.5989530E+06

458.2  0.5985220E+06

458.4  0.5980912E+06

458.6  0.5976608E+06

458.8  0.5972307E+06

459.0  0.5968009E+06

459.2  0.5963715E+06

459.4  0.5959424E+06

459.6  0.5955136E+06

459.8  0.5950851E+06

460.0  0.5946569E+06

460.2  0.5942291E+06

460.4  0.5938016E+06

460.6  0.5933744E+06

460.8  0.5929475E+06

461.0  0.5925209E+06

461.2  0.5920947E+06

461.4  0.5916688E+06

461.6  0.5912432E+06

461.8  0.5908179E+06

462.0  0.5903930E+06

462.2  0.5899683E+06

462.4  0.5895440E+06

462.6  0.5891200E+06

462.8  0.5886963E+06

463.0  0.5882730E+06

463.2  0.5878499E+06

463.4  0.5874272E+06

463.6  0.5870048E+06

463.8  0.5865827E+06

464.0  0.5861609E+06

464.2  0.5857395E+06

464.4  0.5853183E+06

464.6  0.5848975E+06

464.8  0.5844770E+06

465.0  0.5840568E+06

465.2  0.5836369E+06

465.4  0.5832173E+06

465.6  0.5827981E+06

465.8  0.5823791E+06

466.0  0.5819605E+06

466.2  0.5815422E+06

466.4  0.5811242E+06

466.6  0.5807065E+06

466.8  0.5802891E+06

467.0  0.5798720E+06

467.2  0.5794553E+06

467.4  0.5790389E+06

467.6  0.5786227E+06

467.8  0.5782069E+06

468.0  0.5777914E+06

468.2  0.5773762E+06

468.4  0.5769613E+06

468.6  0.5765468E+06

468.8  0.5761325E+06

469.0  0.5757185E+06

469.2  0.5753049E+06

469.4  0.5748916E+06

469.6  0.5744785E+06

469.8  0.5740658E+06

470.0  0.5736534E+06

470.2  0.5732413E+06

470.4  0.5728295E+06

470.6  0.5724180E+06

470.8  0.5720069E+06

471.0  0.5715960E+06

471.2  0.5711854E+06

471.4  0.5707752E+06

471.6  0.5703652E+06

471.8  0.5699556E+06

472.0  0.5695462E+06

472.2  0.5691372E+06

472.4  0.5687285E+06

472.6  0.5683201E+06

472.8  0.5679119E+06

473.0  0.5675041E+06

473.2  0.5670966E+06

473.4  0.5666894E+06

473.6  0.5662825E+06

473.8  0.5658759E+06

474.0  0.5654696E+06

474.2  0.5650636E+06

474.4  0.5646580E+06

474.6  0.5642526E+06

474.8  0.5638475E+06

475.0  0.5634427E+06

475.2  0.5630382E+06

475.4  0.5626340E+06

475.6  0.5622302E+06

475.8  0.5618266E+06

476.0  0.5614233E+06

476.2  0.5610203E+06

476.4  0.5606177E+06

476.6  0.5602153E+06

476.8  0.5598132E+06

477.0  0.5594115E+06

477.2  0.5590100E+06

477.4  0.5586088E+06

477.6  0.5582079E+06

477.8  0.5578073E+06

478.0  0.5574071E+06

478.2  0.5570071E+06

478.4  0.5566074E+06

478.6  0.5562080E+06

478.8  0.5558089E+06

479.0  0.5554101E+06

479.2  0.5550116E+06

479.4  0.5546134E+06

479.6  0.5542155E+06

479.8  0.5538179E+06

480.0  0.5534206E+06

480.2  0.5530236E+06

480.4  0.5526269E+06

480.6  0.5522304E+06

480.8  0.5518343E+06

481.0  0.5514385E+06

481.2  0.5510429E+06

481.4  0.5506477E+06

481.6  0.5502527E+06

481.8  0.5498580E+06

482.0  0.5494637E+06

482.2  0.5490696E+06

482.4  0.5486758E+06

482.6  0.5482823E+06

482.8  0.5478891E+06

483.0  0.5474962E+06

483.2  0.5471036E+06

483.4  0.5467113E+06

483.6  0.5463192E+06

483.8  0.5459275E+06

484.0  0.5455360E+06

484.2  0.5451449E+06

484.4  0.5447540E+06

484.6  0.5443634E+06

484.8  0.5439731E+06

485.0  0.5435831E+06

485.2  0.5431934E+06

485.4  0.5428040E+06

485.6  0.5424148E+06

485.8  0.5420260E+06

486.0  0.5416374E+06

486.2  0.5412492E+06

486.4  0.5408612E+06

486.6  0.5404735E+06

486.8  0.5400861E+06

487.0  0.5396989E+06

487.2  0.5393121E+06

487.4  0.5389256E+06

487.6  0.5385393E+06

487.8  0.5381533E+06

488.0  0.5377676E+06

488.2  0.5373822E+06

488.4  0.5369971E+06

488.6  0.5366123E+06

488.8  0.5362277E+06

489.0  0.5358434E+06

489.2  0.5354595E+06

489.4  0.5350758E+06

489.6  0.5346924E+06

489.8  0.5343092E+06

490.0  0.5339264E+06

490.2  0.5335438E+06

490.4  0.5331615E+06

490.6  0.5327795E+06

490.8  0.5323978E+06

491.0  0.5320164E+06

491.2  0.5316352E+06

491.4  0.5312544E+06

491.6  0.5308738E+06

491.8  0.5304935E+06

492.0  0.5301134E+06

492.2  0.5297337E+06

492.4  0.5293542E+06

492.6  0.5289751E+06

492.8  0.5285962E+06

493.0  0.5282175E+06

493.2  0.5278392E+06

493.4  0.5274611E+06

493.6  0.5270833E+06

493.8  0.5267058E+06

494.0  0.5263286E+06

494.2  0.5259516E+06

494.4  0.5255750E+06

494.6  0.5251986E+06

494.8  0.5248225E+06

495.0  0.5244466E+06

495.2  0.5240711E+06

495.4  0.5236958E+06

495.6  0.5233208E+06

495.8  0.5229460E+06

496.0  0.5225716E+06

496.2  0.5221974E+06

496.4  0.5218235E+06

496.6  0.5214499E+06

496.8  0.5210765E+06

497.0  0.5207035E+06

497.2  0.5203307E+06

497.4  0.5199581E+06

497.6  0.5195859E+06

497.8  0.5192139E+06

498.0  0.5188422E+06

498.2  0.5184708E+06

498.4  0.5180996E+06

498.6  0.5177287E+06

498.8  0.5173581E+06

499.0  0.5169878E+06

499.2  0.5166177E+06

499.4  0.5162479E+06

499.6  0.5158784E+06

499.8  0.5155092E+06

500.0  0.5151402E+06

