100  0.1631467E+04

100.2  0.1816409E+04

100.4  0.2010182E+04

100.6  0.2212385E+04

100.8  0.2422607E+04

101.0  0.2640435E+04

101.2  0.2865455E+04

101.4  0.3097261E+04

101.6  0.3335450E+04

101.8  0.3579629E+04

102.0  0.3829418E+04

102.2  0.4084446E+04

102.4  0.4344356E+04

102.6  0.4608806E+04

102.8  0.4877464E+04

103.0  0.5150016E+04

103.2  0.5426161E+04

103.4  0.5705612E+04

103.6  0.5988097E+04

103.8  0.6273357E+04

104.0  0.6561147E+04

104.2  0.6851234E+04

104.4  0.7143399E+04

104.6  0.7437436E+04

104.8  0.7733149E+04

105.0  0.8030355E+04

105.2  0.8328881E+04

105.4  0.8628565E+04

105.6  0.8929254E+04

105.8  0.9230807E+04

106.0  0.9533088E+04

106.2  0.9835974E+04

106.4  0.1013935E+05

106.6  0.1044310E+05

106.8  0.1074713E+05

107.0  0.1105134E+05

107.2  0.1135564E+05

107.4  0.1165995E+05

107.6  0.1196420E+05

107.8  0.1226832E+05

108.0  0.1257223E+05

108.2  0.1287589E+05

108.4  0.1317922E+05

108.6  0.1348219E+05

108.8  0.1378475E+05

109.0  0.1408685E+05

109.2  0.1438845E+05

109.4  0.1468951E+05

109.6  0.1499001E+05

109.8  0.1528991E+05

110.0  0.1558919E+05

110.2  0.1588783E+05

110.4  0.1618579E+05

110.6  0.1648307E+05

110.8  0.1677964E+05

111.0  0.1707549E+05

111.2  0.1737060E+05

111.4  0.1766498E+05

111.6  0.1795860E+05

111.8  0.1825145E+05

112.0  0.1854354E+05

112.2  0.1883486E+05

112.4  0.1912540E+05

112.6  0.1941517E+05

112.8  0.1970415E+05

113.0  0.1999236E+05

113.2  0.2027979E+05

113.4  0.2056644E+05

113.6  0.2085232E+05

113.8  0.2113743E+05

114.0  0.2142178E+05

114.2  0.2170537E+05

114.4  0.2198820E+05

114.6  0.2227029E+05

114.8  0.2255164E+05

115.0  0.2283226E+05

115.2  0.2311215E+05

115.4  0.2339133E+05

115.6  0.2366980E+05

115.8  0.2394757E+05

116.0  0.2422466E+05

116.2  0.2450108E+05

116.4  0.2477682E+05

116.6  0.2505192E+05

116.8  0.2532636E+05

117.0  0.2560018E+05

117.2  0.2587337E+05

117.4  0.2614596E+05

117.6  0.2641795E+05

117.8  0.2668935E+05

118.0  0.2696018E+05

118.2  0.2723045E+05

118.4  0.2750017E+05

118.6  0.2776935E+05

118.8  0.2803801E+05

119.0  0.2830616E+05

119.2  0.2857381E+05

119.4  0.2884098E+05

119.6  0.2910768E+05

119.8  0.2937391E+05

120.0  0.2963970E+05

120.2  0.2990506E+05

120.4  0.3017000E+05

120.6  0.3043453E+05

120.8  0.3069867E+05

121.0  0.3096242E+05

121.2  0.3122581E+05

121.4  0.3148884E+05

121.6  0.3175154E+05

121.8  0.3201390E+05

122.0  0.3227594E+05

122.2  0.3253769E+05

122.4  0.3279914E+05

122.6  0.3306031E+05

122.8  0.3332122E+05

123.0  0.3358188E+05

123.2  0.3384230E+05

123.4  0.3410249E+05

123.6  0.3436246E+05

123.8  0.3462224E+05

124.0  0.3488182E+05

124.2  0.3514123E+05

124.4  0.3540047E+05

124.6  0.3565956E+05

124.8  0.3591852E+05

125.0  0.3617734E+05

125.2  0.3643605E+05

125.4  0.3669465E+05

125.6  0.3695316E+05

125.8  0.3721159E+05

126.0  0.3746995E+05

126.2  0.3772826E+05

126.4  0.3798652E+05

126.6  0.3824475E+05

126.8  0.3850296E+05

127.0  0.3876116E+05

127.2  0.3901935E+05

127.4  0.3927757E+05

127.6  0.3953580E+05

127.8  0.3979407E+05

128.0  0.4005239E+05

128.2  0.4031076E+05

128.4  0.4056921E+05

128.6  0.4082773E+05

128.8  0.4108634E+05

129.0  0.4134506E+05

129.2  0.4160388E+05

129.4  0.4186283E+05

129.6  0.4212191E+05

129.8  0.4238114E+05

130.0  0.4264052E+05

130.2  0.4290007E+05

130.4  0.4315979E+05

130.6  0.4341970E+05

130.8  0.4367980E+05

131.0  0.4394011E+05

131.2  0.4420064E+05

131.4  0.4446139E+05

131.6  0.4472238E+05

131.8  0.4498361E+05

132.0  0.4524510E+05

132.2  0.4550686E+05

132.4  0.4576890E+05

132.6  0.4603122E+05

132.8  0.4629383E+05

133.0  0.4655675E+05

133.2  0.4681999E+05

133.4  0.4708355E+05

133.6  0.4734745E+05

133.8  0.4761169E+05

134.0  0.4787628E+05

134.2  0.4814123E+05

134.4  0.4840656E+05

134.6  0.4867226E+05

134.8  0.4893836E+05

135.0  0.4920486E+05

135.2  0.4947176E+05

135.4  0.4973909E+05

135.6  0.5000684E+05

135.8  0.5027502E+05

136.0  0.5054366E+05

136.2  0.5081274E+05

136.4  0.5108229E+05

136.6  0.5135231E+05

136.8  0.5162281E+05

137.0  0.5189380E+05

137.2  0.5216528E+05

137.4  0.5243728E+05

137.6  0.5270979E+05

137.8  0.5298282E+05

138.0  0.5325639E+05

138.2  0.5353050E+05

138.4  0.5380516E+05

138.6  0.5408037E+05

138.8  0.5435616E+05

139.0  0.5463252E+05

139.2  0.5490946E+05

139.4  0.5518700E+05

139.6  0.5546513E+05

139.8  0.5574388E+05

140.0  0.5602324E+05

140.2  0.5630323E+05

140.4  0.5658386E+05

140.6  0.5686512E+05

140.8  0.5714704E+05

141.0  0.5742962E+05

141.2  0.5771286E+05

141.4  0.5799678E+05

141.6  0.5828138E+05

141.8  0.5856667E+05

142.0  0.5885267E+05

142.2  0.5913937E+05

142.4  0.5942679E+05

142.6  0.5971493E+05

142.8  0.6000381E+05

143.0  0.6029342E+05

143.2  0.6058378E+05

143.4  0.6087490E+05

143.6  0.6116679E+05

143.8  0.6145944E+05

144.0  0.6175288E+05

144.2  0.6204710E+05

144.4  0.6234212E+05

144.6  0.6263795E+05

144.8  0.6293458E+05

145.0  0.6323204E+05

145.2  0.6353033E+05

145.4  0.6382945E+05

145.6  0.6412941E+05

145.8  0.6443022E+05

146.0  0.6473190E+05

146.2  0.6503444E+05

146.4  0.6533786E+05

146.6  0.6564216E+05

146.8  0.6594735E+05

147.0  0.6625344E+05

147.2  0.6656043E+05

147.4  0.6686834E+05

147.6  0.6717718E+05

147.8  0.6748694E+05

148.0  0.6779764E+05

148.2  0.6810928E+05

148.4  0.6842188E+05

148.6  0.6873544E+05

148.8  0.6904997E+05

149.0  0.6936548E+05

149.2  0.6968197E+05

149.4  0.6999945E+05

149.6  0.7031794E+05

149.8  0.7063743E+05

150.0  0.7095794E+05

150.2  0.7127947E+05

150.4  0.7160203E+05

150.6  0.7192564E+05

150.8  0.7225029E+05

151.0  0.7257599E+05

151.2  0.7290276E+05

151.4  0.7323060E+05

151.6  0.7355952E+05

151.8  0.7388952E+05

152.0  0.7422062E+05

152.2  0.7455282E+05

152.4  0.7488613E+05

152.6  0.7522056E+05

152.8  0.7555612E+05

153.0  0.7589281E+05

153.2  0.7623064E+05

153.4  0.7656962E+05

153.6  0.7690976E+05

153.8  0.7725107E+05

154.0  0.7759355E+05

154.2  0.7793721E+05

154.4  0.7828206E+05

154.6  0.7862811E+05

154.8  0.7897536E+05

155.0  0.7932383E+05

155.2  0.7967352E+05

155.4  0.8002444E+05

155.6  0.8037660E+05

155.8  0.8073000E+05

156.0  0.8108466E+05

156.2  0.8144058E+05

156.4  0.8179777E+05

156.6  0.8215624E+05

156.8  0.8251600E+05

157.0  0.8287705E+05

157.2  0.8323940E+05

157.4  0.8360307E+05

157.6  0.8396806E+05

157.8  0.8433437E+05

158.0  0.8470203E+05

158.2  0.8507102E+05

158.4  0.8544137E+05

158.6  0.8581308E+05

158.8  0.8618617E+05

159.0  0.8656063E+05

159.2  0.8693647E+05

159.4  0.8731372E+05

159.6  0.8769236E+05

159.8  0.8807242E+05

160.0  0.8845390E+05

160.2  0.8883681E+05

160.4  0.8922116E+05

160.6  0.8960695E+05

160.8  0.8999420E+05

161.0  0.9038292E+05

161.2  0.9077311E+05

161.4  0.9116478E+05

161.6  0.9155794E+05

161.8  0.9195259E+05

162.0  0.9234876E+05

162.2  0.9274645E+05

162.4  0.9314566E+05

162.6  0.9354640E+05

162.8  0.9394869E+05

163.0  0.9435254E+05

163.2  0.9475794E+05

163.4  0.9516492E+05

163.6  0.9557348E+05

163.8  0.9598362E+05

164.0  0.9639537E+05

164.2  0.9680872E+05

164.4  0.9722370E+05

164.6  0.9764029E+05

164.8  0.9805853E+05

165.0  0.9847841E+05

165.2  0.9889994E+05

165.4  0.9932314E+05

165.6  0.9974802E+05

165.8  0.1001746E+06

166.0  0.1006028E+06

166.2  0.1010328E+06

166.4  0.1014645E+06

166.6  0.1018978E+06

166.8  0.1023330E+06

167.0  0.1027698E+06

167.2  0.1032084E+06

167.4  0.1036488E+06

167.6  0.1040910E+06

167.8  0.1045349E+06

168.0  0.1049806E+06

168.2  0.1054282E+06

168.4  0.1058775E+06

168.6  0.1063287E+06

168.8  0.1067817E+06

169.0  0.1072366E+06

169.2  0.1076933E+06

169.4  0.1081518E+06

169.6  0.1086123E+06

169.8  0.1090746E+06

170.0  0.1095388E+06

170.2  0.1100050E+06

170.4  0.1104730E+06

170.6  0.1109430E+06

170.8  0.1114150E+06

171.0  0.1118889E+06

171.2  0.1123647E+06

171.4  0.1128425E+06

171.6  0.1133224E+06

171.8  0.1138042E+06

172.0  0.1142880E+06

172.2  0.1147738E+06

172.4  0.1152617E+06

172.6  0.1157516E+06

172.8  0.1162436E+06

173.0  0.1167377E+06

173.2  0.1172338E+06

173.4  0.1177320E+06

173.6  0.1182324E+06

173.8  0.1187348E+06

174.0  0.1192394E+06

174.2  0.1197461E+06

174.4  0.1202550E+06

174.6  0.1207661E+06

174.8  0.1212793E+06

175.0  0.1217947E+06

175.2  0.1223123E+06

175.4  0.1228322E+06

175.6  0.1233543E+06

175.8  0.1238786E+06

176.0  0.1244052E+06

176.2  0.1249341E+06

176.4  0.1254653E+06

176.6  0.1259987E+06

176.8  0.1265345E+06

177.0  0.1270726E+06

177.2  0.1276131E+06

177.4  0.1281559E+06

177.6  0.1287011E+06

177.8  0.1292487E+06

178.0  0.1297987E+06

178.2  0.1303512E+06

178.4  0.1309060E+06

178.6  0.1314633E+06

178.8  0.1320231E+06

179.0  0.1325854E+06

179.2  0.1331501E+06

179.4  0.1337174E+06

179.6  0.1342872E+06

179.8  0.1348596E+06

180.0  0.1354345E+06

180.2  0.1360120E+06

180.4  0.1365921E+06

180.6  0.1371749E+06

180.8  0.1377602E+06

181.0  0.1383483E+06

181.2  0.1389390E+06

181.4  0.1395323E+06

181.6  0.1401284E+06

181.8  0.1407273E+06

182.0  0.1413289E+06

182.2  0.1419332E+06

182.4  0.1425403E+06

182.6  0.1431503E+06

182.8  0.1437631E+06

183.0  0.1443787E+06

183.2  0.1449972E+06

183.4  0.1456186E+06

183.6  0.1462429E+06

183.8  0.1468701E+06

184.0  0.1475003E+06

184.2  0.1481335E+06

184.4  0.1487697E+06

184.6  0.1494089E+06

184.8  0.1500511E+06

185.0  0.1506964E+06

185.2  0.1513449E+06

185.4  0.1519964E+06

185.6  0.1526511E+06

185.8  0.1533090E+06

186.0  0.1539701E+06

186.2  0.1546344E+06

186.4  0.1553019E+06

186.6  0.1559728E+06

186.8  0.1566469E+06

187.0  0.1573244E+06

187.2  0.1580052E+06

187.4  0.1586894E+06

187.6  0.1593771E+06

187.8  0.1600682E+06

188.0  0.1607628E+06

188.2  0.1614609E+06

188.4  0.1621625E+06

188.6  0.1628678E+06

188.8  0.1635766E+06

189.0  0.1642891E+06

189.2  0.1650052E+06

189.4  0.1657250E+06

189.6  0.1664486E+06

189.8  0.1671760E+06

190.0  0.1679072E+06

190.2  0.1686422E+06

190.4  0.1693811E+06

190.6  0.1701239E+06

190.8  0.1708707E+06

191.0  0.1716215E+06

191.2  0.1723763E+06

191.4  0.1731351E+06

191.6  0.1738981E+06

191.8  0.1746652E+06

192.0  0.1754366E+06

192.2  0.1762121E+06

192.4  0.1769919E+06

192.6  0.1777761E+06

192.8  0.1785646E+06

193.0  0.1793575E+06

193.2  0.1801548E+06

193.4  0.1809566E+06

193.6  0.1817630E+06

193.8  0.1825739E+06

194.0  0.1833895E+06

194.2  0.1842097E+06

194.4  0.1850346E+06

194.6  0.1858643E+06

194.8  0.1866988E+06

195.0  0.1875382E+06

195.2  0.1883825E+06

195.4  0.1892317E+06

195.6  0.1900859E+06

195.8  0.1909452E+06

196.0  0.1918096E+06

196.2  0.1926792E+06

196.4  0.1935540E+06

196.6  0.1944340E+06

196.8  0.1953193E+06

197.0  0.1962100E+06

197.2  0.1971062E+06

197.4  0.1980078E+06

197.6  0.1989149E+06

197.8  0.1998276E+06

198.0  0.2007459E+06

198.2  0.2016699E+06

198.4  0.2025997E+06

198.6  0.2035353E+06

198.8  0.2044767E+06

199.0  0.2054240E+06

199.2  0.2063773E+06

199.4  0.2073366E+06

199.6  0.2083020E+06

199.8  0.2092735E+06

200.0  0.2102513E+06

200.2  0.2112352E+06

200.4  0.2122255E+06

200.6  0.2132221E+06

200.8  0.2142252E+06

201.0  0.2152347E+06

201.2  0.2162508E+06

201.4  0.2172734E+06

201.6  0.2183027E+06

201.8  0.2193387E+06

202.0  0.2203815E+06

202.2  0.2214311E+06

202.4  0.2224875E+06

202.6  0.2235509E+06

202.8  0.2246213E+06

203.0  0.2256987E+06

203.2  0.2267832E+06

203.4  0.2278748E+06

203.6  0.2289737E+06

203.8  0.2300798E+06

204.0  0.2311932E+06

204.2  0.2323140E+06

204.4  0.2334422E+06

204.6  0.2345779E+06

204.8  0.2357211E+06

205.0  0.2368719E+06

205.2  0.2380304E+06

205.4  0.2391965E+06

205.6  0.2403703E+06

205.8  0.2415519E+06

206.0  0.2427413E+06

206.2  0.2439386E+06

206.4  0.2451438E+06

206.6  0.2463570E+06

206.8  0.2475782E+06

207.0  0.2488074E+06

207.2  0.2500448E+06

207.4  0.2512903E+06

207.6  0.2525439E+06

207.8  0.2538058E+06

208.0  0.2550759E+06

208.2  0.2563544E+06

208.4  0.2576412E+06

208.6  0.2589363E+06

208.8  0.2602399E+06

209.0  0.2615519E+06

209.2  0.2628723E+06

209.4  0.2642013E+06

209.6  0.2655388E+06

209.8  0.2668849E+06

210.0  0.2682395E+06

210.2  0.2696028E+06

210.4  0.2709747E+06

210.6  0.2723553E+06

210.8  0.2737446E+06

211.0  0.2751425E+06

211.2  0.2765492E+06

211.4  0.2779647E+06

211.6  0.2793889E+06

211.8  0.2808218E+06

212.0  0.2822636E+06

212.2  0.2837141E+06

212.4  0.2851735E+06

212.6  0.2866417E+06

212.8  0.2881186E+06

213.0  0.2896045E+06

213.2  0.2910991E+06

213.4  0.2926026E+06

213.6  0.2941149E+06

213.8  0.2956360E+06

214.0  0.2971659E+06

214.2  0.2987047E+06

214.4  0.3002523E+06

214.6  0.3018086E+06

214.8  0.3033738E+06

215.0  0.3049477E+06

215.2  0.3065304E+06

215.4  0.3081218E+06

215.6  0.3097220E+06

215.8  0.3113309E+06

216.0  0.3129484E+06

216.2  0.3145746E+06

216.4  0.3162094E+06

216.6  0.3178529E+06

216.8  0.3195049E+06

217.0  0.3211654E+06

217.2  0.3228345E+06

217.4  0.3245120E+06

217.6  0.3261980E+06

217.8  0.3278924E+06

218.0  0.3295951E+06

218.2  0.3313061E+06

218.4  0.3330254E+06

218.6  0.3347529E+06

218.8  0.3364886E+06

219.0  0.3382325E+06

219.2  0.3399844E+06

219.4  0.3417443E+06

219.6  0.3435121E+06

219.8  0.3452879E+06

220.0  0.3470715E+06

220.2  0.3488629E+06

220.4  0.3506620E+06

220.6  0.3524688E+06

220.8  0.3542832E+06

221.0  0.3561050E+06

221.2  0.3579344E+06

221.4  0.3597711E+06

221.6  0.3616151E+06

221.8  0.3634663E+06

222.0  0.3653247E+06

222.2  0.3671901E+06

222.4  0.3690626E+06

222.6  0.3709419E+06

222.8  0.3728281E+06

223.0  0.3747210E+06

223.2  0.3766206E+06

223.4  0.3785268E+06

223.6  0.3804394E+06

223.8  0.3823584E+06

224.0  0.3842837E+06

224.2  0.3862152E+06

224.4  0.3881528E+06

224.6  0.3900964E+06

224.8  0.3920459E+06

225.0  0.3940013E+06

225.2  0.3959623E+06

225.4  0.3979289E+06

225.6  0.3999011E+06

225.8  0.4018786E+06

226.0  0.4038614E+06

226.2  0.4058494E+06

226.4  0.4078425E+06

226.6  0.4098406E+06

226.8  0.4118435E+06

227.0  0.4138511E+06

227.2  0.4158634E+06

227.4  0.4178802E+06

227.6  0.4199014E+06

227.8  0.4219269E+06

228.0  0.4239566E+06

228.2  0.4259903E+06

228.4  0.4280280E+06

228.6  0.4300695E+06

228.8  0.4321146E+06

229.0  0.4341634E+06

229.2  0.4362156E+06

229.4  0.4382711E+06

229.6  0.4403299E+06

229.8  0.4423917E+06

230.0  0.4444565E+06

230.2  0.4465242E+06

230.4  0.4485946E+06

230.6  0.4506675E+06

230.8  0.4527429E+06

231.0  0.4548207E+06

231.2  0.4569006E+06

231.4  0.4589827E+06

231.6  0.4610667E+06

231.8  0.4631525E+06

232.0  0.4652400E+06

232.2  0.4673292E+06

232.4  0.4694197E+06

232.6  0.4715116E+06

232.8  0.4736046E+06

233.0  0.4756987E+06

233.2  0.4777937E+06

233.4  0.4798896E+06

233.6  0.4819861E+06

233.8  0.4840831E+06

234.0  0.4861806E+06

234.2  0.4882783E+06

234.4  0.4903762E+06

234.6  0.4924741E+06

234.8  0.4945719E+06

235.0  0.4966694E+06

235.2  0.4987666E+06

235.4  0.5008633E+06

235.6  0.5029594E+06

235.8  0.5050548E+06

236.0  0.5071493E+06

236.2  0.5092427E+06

236.4  0.5113351E+06

236.6  0.5134262E+06

236.8  0.5155159E+06

237.0  0.5176041E+06

237.2  0.5196906E+06

237.4  0.5217754E+06

237.6  0.5238584E+06

237.8  0.5259393E+06

238.0  0.5280181E+06

238.2  0.5300946E+06

238.4  0.5321688E+06

238.6  0.5342405E+06

238.8  0.5363096E+06

239.0  0.5383759E+06

239.2  0.5404394E+06

239.4  0.5424999E+06

239.6  0.5445573E+06

239.8  0.5466116E+06

240.0  0.5486624E+06

240.2  0.5507099E+06

240.4  0.5527538E+06

240.6  0.5547940E+06

240.8  0.5568305E+06

241.0  0.5588630E+06

241.2  0.5608916E+06

241.4  0.5629160E+06

241.6  0.5649362E+06

241.8  0.5669521E+06

242.0  0.5689635E+06

242.2  0.5709704E+06

242.4  0.5729726E+06

242.6  0.5749701E+06

242.8  0.5769627E+06

243.0  0.5789503E+06

243.2  0.5809329E+06

243.4  0.5829103E+06

243.6  0.5848824E+06

243.8  0.5868491E+06

244.0  0.5888104E+06

244.2  0.5907661E+06

244.4  0.5927162E+06

244.6  0.5946605E+06

244.8  0.5965989E+06

245.0  0.5985314E+06

245.2  0.6004579E+06

245.4  0.6023782E+06

245.6  0.6042923E+06

245.8  0.6062001E+06

246.0  0.6081016E+06

246.2  0.6099965E+06

246.4  0.6118849E+06

246.6  0.6137667E+06

246.8  0.6156417E+06

247.0  0.6175099E+06

247.2  0.6193713E+06

247.4  0.6212256E+06

247.6  0.6230730E+06

247.8  0.6249132E+06

248.0  0.6267462E+06

248.2  0.6285719E+06

248.4  0.6303903E+06

248.6  0.6322013E+06

248.8  0.6340048E+06

249.0  0.6358007E+06

249.2  0.6375890E+06

249.4  0.6393697E+06

249.6  0.6411425E+06

249.8  0.6429076E+06

250.0  0.6446647E+06

250.2  0.6464139E+06

250.4  0.6481551E+06

250.6  0.6498883E+06

250.8  0.6516133E+06

251.0  0.6533301E+06

251.2  0.6550387E+06

251.4  0.6567390E+06

251.6  0.6584309E+06

251.8  0.6601145E+06

252.0  0.6617895E+06

252.2  0.6634561E+06

252.4  0.6651141E+06

252.6  0.6667635E+06

252.8  0.6684043E+06

253.0  0.6700364E+06

253.2  0.6716597E+06

253.4  0.6732743E+06

253.6  0.6748800E+06

253.8  0.6764768E+06

254.0  0.6780648E+06

254.2  0.6796438E+06

254.4  0.6812138E+06

254.6  0.6827748E+06

254.8  0.6843267E+06

255.0  0.6858696E+06

255.2  0.6874033E+06

255.4  0.6889279E+06

255.6  0.6904432E+06

255.8  0.6919494E+06

256.0  0.6934463E+06

256.2  0.6949339E+06

256.4  0.6964123E+06

256.6  0.6978813E+06

256.8  0.6993409E+06

257.0  0.7007912E+06

257.2  0.7022321E+06

257.4  0.7036636E+06

257.6  0.7050856E+06

257.8  0.7064981E+06

258.0  0.7079012E+06

258.2  0.7092948E+06

258.4  0.7106789E+06

258.6  0.7120534E+06

258.8  0.7134184E+06

259.0  0.7147738E+06

259.2  0.7161197E+06

259.4  0.7174560E+06

259.6  0.7187826E+06

259.8  0.7200997E+06

260.0  0.7214072E+06

260.2  0.7227050E+06

260.4  0.7239933E+06

260.6  0.7252718E+06

260.8  0.7265408E+06

261.0  0.7278001E+06

261.2  0.7290497E+06

261.4  0.7302897E+06

261.6  0.7315200E+06

261.8  0.7327407E+06

262.0  0.7339517E+06

262.2  0.7351531E+06

262.4  0.7363448E+06

262.6  0.7375269E+06

262.8  0.7386993E+06

263.0  0.7398621E+06

263.2  0.7410152E+06

263.4  0.7421587E+06

263.6  0.7432925E+06

263.8  0.7444167E+06

264.0  0.7455314E+06

264.2  0.7466364E+06

264.4  0.7477317E+06

264.6  0.7488176E+06

264.8  0.7498938E+06

265.0  0.7509604E+06

265.2  0.7520175E+06

265.4  0.7530651E+06

265.6  0.7541031E+06

265.8  0.7551316E+06

266.0  0.7561506E+06

266.2  0.7571601E+06

266.4  0.7581601E+06

266.6  0.7591506E+06

266.8  0.7601317E+06

267.0  0.7611034E+06

267.2  0.7620657E+06

267.4  0.7630186E+06

267.6  0.7639621E+06

267.8  0.7648962E+06

268.0  0.7658210E+06

268.2  0.7667365E+06

268.4  0.7676427E+06

268.6  0.7685397E+06

268.8  0.7694274E+06

269.0  0.7703058E+06

269.2  0.7711751E+06

269.4  0.7720352E+06

269.6  0.7728861E+06

269.8  0.7737279E+06

270.0  0.7745606E+06

270.2  0.7753842E+06

270.4  0.7761987E+06

270.6  0.7770042E+06

270.8  0.7778007E+06

271.0  0.7785882E+06

271.2  0.7793668E+06

271.4  0.7801365E+06

271.6  0.7808972E+06

271.8  0.7816491E+06

272.0  0.7823922E+06

272.2  0.7831264E+06

272.4  0.7838519E+06

272.6  0.7845687E+06

272.8  0.7852767E+06

273.0  0.7859760E+06

273.2  0.7866666E+06

273.4  0.7873487E+06

273.6  0.7880221E+06

273.8  0.7886870E+06

274.0  0.7893434E+06

274.2  0.7899912E+06

274.4  0.7906306E+06

274.6  0.7912616E+06

274.8  0.7918842E+06

275.0  0.7924983E+06

275.2  0.7931042E+06

275.4  0.7937018E+06

275.6  0.7942911E+06

275.8  0.7948722E+06

276.0  0.7954451E+06

276.2  0.7960098E+06

276.4  0.7965664E+06

276.6  0.7971149E+06

276.8  0.7976553E+06

277.0  0.7981878E+06

277.2  0.7987122E+06

277.4  0.7992287E+06

277.6  0.7997374E+06

277.8  0.8002381E+06

278.0  0.8007310E+06

278.2  0.8012161E+06

278.4  0.8016934E+06

278.6  0.8021630E+06

278.8  0.8026249E+06

279.0  0.8030791E+06

279.2  0.8035258E+06

279.4  0.8039649E+06

279.6  0.8043964E+06

279.8  0.8048204E+06

280.0  0.8052369E+06

280.2  0.8056461E+06

280.4  0.8060478E+06

280.6  0.8064422E+06

280.8  0.8068293E+06

281.0  0.8072091E+06

281.2  0.8075816E+06

281.4  0.8079470E+06

281.6  0.8083052E+06

281.8  0.8086563E+06

282.0  0.8090003E+06

282.2  0.8093372E+06

282.4  0.8096672E+06

282.6  0.8099902E+06

282.8  0.8103062E+06

283.0  0.8106154E+06

283.2  0.8109177E+06

283.4  0.8112132E+06

283.6  0.8115019E+06

283.8  0.8117839E+06

284.0  0.8120592E+06

284.2  0.8123278E+06

284.4  0.8125898E+06

284.6  0.8128452E+06

284.8  0.8130941E+06

285.0  0.8133365E+06

285.2  0.8135724E+06

285.4  0.8138019E+06

285.6  0.8140250E+06

285.8  0.8142417E+06

286.0  0.8144522E+06

286.2  0.8146564E+06

286.4  0.8148543E+06

286.6  0.8150460E+06

286.8  0.8152316E+06

287.0  0.8154111E+06

287.2  0.8155845E+06

287.4  0.8157518E+06

287.6  0.8159132E+06

287.8  0.8160685E+06

288.0  0.8162180E+06

288.2  0.8163615E+06

288.4  0.8164993E+06

288.6  0.8166311E+06

288.8  0.8167573E+06

289.0  0.8168777E+06

289.2  0.8169923E+06

289.4  0.8171014E+06

289.6  0.8172048E+06

289.8  0.8173026E+06

290.0  0.8173948E+06

290.2  0.8174816E+06

290.4  0.8175628E+06

290.6  0.8176387E+06

290.8  0.8177091E+06

291.0  0.8177742E+06

291.2  0.8178339E+06

291.4  0.8178883E+06

291.6  0.8179375E+06

291.8  0.8179815E+06

292.0  0.8180203E+06

292.2  0.8180539E+06

292.4  0.8180825E+06

292.6  0.8181059E+06

292.8  0.8181244E+06

293.0  0.8181378E+06

293.2  0.8181463E+06

293.4  0.8181498E+06

293.6  0.8181484E+06

293.8  0.8181422E+06

294.0  0.8181311E+06

294.2  0.8181153E+06

294.4  0.8180947E+06

294.6  0.8180694E+06

294.8  0.8180394E+06

295.0  0.8180047E+06

295.2  0.8179655E+06

295.4  0.8179216E+06

295.6  0.8178732E+06

295.8  0.8178203E+06

296.0  0.8177629E+06

296.2  0.8177011E+06

296.4  0.8176349E+06

296.6  0.8175642E+06

296.8  0.8174893E+06

297.0  0.8174100E+06

297.2  0.8173264E+06

297.4  0.8172386E+06

297.6  0.8171466E+06

297.8  0.8170504E+06

298.0  0.8169501E+06

298.2  0.8168456E+06

298.4  0.8167371E+06

298.6  0.8166245E+06

298.8  0.8165079E+06

299.0  0.8163873E+06

299.2  0.8162627E+06

299.4  0.8161342E+06

299.6  0.8160018E+06

299.8  0.8158656E+06

300.0  0.8157255E+06

300.2  0.8155817E+06

300.4  0.8154340E+06

300.6  0.8152826E+06

300.8  0.8151276E+06

301.0  0.8149688E+06

301.2  0.8148064E+06

301.4  0.8146404E+06

301.6  0.8144707E+06

301.8  0.8142976E+06

302.0  0.8141209E+06

302.2  0.8139407E+06

302.4  0.8137570E+06

302.6  0.8135699E+06

302.8  0.8133793E+06

303.0  0.8131854E+06

303.2  0.8129881E+06

303.4  0.8127875E+06

303.6  0.8125837E+06

303.8  0.8123765E+06

304.0  0.8121661E+06

304.2  0.8119525E+06

304.4  0.8117356E+06

304.6  0.8115157E+06

304.8  0.8112926E+06

305.0  0.8110664E+06

305.2  0.8108371E+06

305.4  0.8106047E+06

305.6  0.8103694E+06

305.8  0.8101310E+06

306.0  0.8098897E+06

306.2  0.8096454E+06

306.4  0.8093982E+06

306.6  0.8091481E+06

306.8  0.8088952E+06

307.0  0.8086394E+06

307.2  0.8083807E+06

307.4  0.8081193E+06

307.6  0.8078551E+06

307.8  0.8075882E+06

308.0  0.8073186E+06

308.2  0.8070463E+06

308.4  0.8067713E+06

308.6  0.8064937E+06

308.8  0.8062134E+06

309.0  0.8059306E+06

309.2  0.8056451E+06

309.4  0.8053572E+06

309.6  0.8050667E+06

309.8  0.8047737E+06

310.0  0.8044782E+06

310.2  0.8041803E+06

310.4  0.8038800E+06

310.6  0.8035772E+06

310.8  0.8032721E+06

311.0  0.8029646E+06

311.2  0.8026548E+06

311.4  0.8023426E+06

311.6  0.8020282E+06

311.8  0.8017114E+06

312.0  0.8013925E+06

312.2  0.8010713E+06

312.4  0.8007479E+06

312.6  0.8004223E+06

312.8  0.8000945E+06

313.0  0.7997646E+06

313.2  0.7994326E+06

313.4  0.7990984E+06

313.6  0.7987622E+06

313.8  0.7984240E+06

314.0  0.7980837E+06

314.2  0.7977413E+06

314.4  0.7973970E+06

314.6  0.7970507E+06

314.8  0.7967024E+06

315.0  0.7963522E+06

315.2  0.7960001E+06

315.4  0.7956461E+06

315.6  0.7952901E+06

315.8  0.7949324E+06

316.0  0.7945728E+06

316.2  0.7942113E+06

316.4  0.7938481E+06

316.6  0.7934830E+06

316.8  0.7931162E+06

317.0  0.7927477E+06

317.2  0.7923774E+06

317.4  0.7920054E+06

317.6  0.7916317E+06

317.8  0.7912563E+06

318.0  0.7908793E+06

318.2  0.7905006E+06

318.4  0.7901203E+06

318.6  0.7897384E+06

318.8  0.7893549E+06

319.0  0.7889699E+06

319.2  0.7885832E+06

319.4  0.7881951E+06

319.6  0.7878054E+06

319.8  0.7874142E+06

320.0  0.7870215E+06

320.2  0.7866273E+06

320.4  0.7862317E+06

320.6  0.7858347E+06

320.8  0.7854362E+06

321.0  0.7850363E+06

321.2  0.7846350E+06

321.4  0.7842323E+06

321.6  0.7838283E+06

321.8  0.7834230E+06

322.0  0.7830162E+06

322.2  0.7826082E+06

322.4  0.7821989E+06

322.6  0.7817883E+06

322.8  0.7813764E+06

323.0  0.7809633E+06

323.2  0.7805489E+06

323.4  0.7801333E+06

323.6  0.7797165E+06

323.8  0.7792985E+06

324.0  0.7788793E+06

324.2  0.7784589E+06

324.4  0.7780373E+06

324.6  0.7776147E+06

324.8  0.7771909E+06

325.0  0.7767659E+06

325.2  0.7763399E+06

325.4  0.7759128E+06

325.6  0.7754846E+06

325.8  0.7750553E+06

326.0  0.7746250E+06

326.2  0.7741937E+06

326.4  0.7737613E+06

326.6  0.7733280E+06

326.8  0.7728936E+06

327.0  0.7724582E+06

327.2  0.7720219E+06

327.4  0.7715846E+06

327.6  0.7711463E+06

327.8  0.7707072E+06

328.0  0.7702671E+06

328.2  0.7698260E+06

328.4  0.7693841E+06

328.6  0.7689413E+06

328.8  0.7684976E+06

329.0  0.7680531E+06

329.2  0.7676076E+06

329.4  0.7671614E+06

329.6  0.7667143E+06

329.8  0.7662664E+06

330.0  0.7658177E+06

330.2  0.7653682E+06

330.4  0.7649179E+06

330.6  0.7644668E+06

330.8  0.7640149E+06

331.0  0.7635623E+06

331.2  0.7631090E+06

331.4  0.7626549E+06

331.6  0.7622001E+06

331.8  0.7617446E+06

332.0  0.7612884E+06

332.2  0.7608315E+06

332.4  0.7603739E+06

332.6  0.7599156E+06

332.8  0.7594567E+06

333.0  0.7589971E+06

333.2  0.7585368E+06

333.4  0.7580760E+06

333.6  0.7576145E+06

333.8  0.7571524E+06

334.0  0.7566896E+06

334.2  0.7562263E+06

334.4  0.7557624E+06

334.6  0.7552980E+06

334.8  0.7548329E+06

335.0  0.7543673E+06

335.2  0.7539011E+06

335.4  0.7534344E+06

335.6  0.7529672E+06

335.8  0.7524994E+06

336.0  0.7520312E+06

336.2  0.7515624E+06

336.4  0.7510931E+06

336.6  0.7506233E+06

336.8  0.7501530E+06

337.0  0.7496823E+06

337.2  0.7492111E+06

337.4  0.7487394E+06

337.6  0.7482673E+06

337.8  0.7477948E+06

338.0  0.7473218E+06

338.2  0.7468484E+06

338.4  0.7463745E+06

338.6  0.7459003E+06

338.8  0.7454256E+06

339.0  0.7449506E+06

339.2  0.7444751E+06

339.4  0.7439993E+06

339.6  0.7435231E+06

339.8  0.7430466E+06

340.0  0.7425696E+06

340.2  0.7420924E+06

340.4  0.7416147E+06

340.6  0.7411368E+06

340.8  0.7406585E+06

341.0  0.7401799E+06

341.2  0.7397010E+06

341.4  0.7392217E+06

341.6  0.7387422E+06

341.8  0.7382623E+06

342.0  0.7377822E+06

342.2  0.7373018E+06

342.4  0.7368211E+06

342.6  0.7363401E+06

342.8  0.7358589E+06

343.0  0.7353774E+06

343.2  0.7348956E+06

343.4  0.7344136E+06

343.6  0.7339314E+06

343.8  0.7334489E+06

344.0  0.7329662E+06

344.2  0.7324833E+06

344.4  0.7320002E+06

344.6  0.7315168E+06

344.8  0.7310333E+06

345.0  0.7305495E+06

345.2  0.7300656E+06

345.4  0.7295814E+06

345.6  0.7290971E+06

345.8  0.7286126E+06

346.0  0.7281279E+06

346.2  0.7276431E+06

346.4  0.7271581E+06

346.6  0.7266730E+06

346.8  0.7261877E+06

347.0  0.7257022E+06

347.2  0.7252166E+06

347.4  0.7247309E+06

347.6  0.7242451E+06

347.8  0.7237591E+06

348.0  0.7232730E+06

348.2  0.7227868E+06

348.4  0.7223005E+06

348.6  0.7218141E+06

348.8  0.7213275E+06

349.0  0.7208409E+06

349.2  0.7203542E+06

349.4  0.7198674E+06

349.6  0.7193806E+06

349.8  0.7188936E+06

350.0  0.7184066E+06

350.2  0.7179195E+06

350.4  0.7174323E+06

350.6  0.7169451E+06

350.8  0.7164578E+06

351.0  0.7159705E+06

351.2  0.7154832E+06

351.4  0.7149957E+06

351.6  0.7145083E+06

351.8  0.7140208E+06

352.0  0.7135333E+06

352.2  0.7130458E+06

352.4  0.7125582E+06

352.6  0.7120706E+06

352.8  0.7115831E+06

353.0  0.7110955E+06

353.2  0.7106079E+06

353.4  0.7101202E+06

353.6  0.7096326E+06

353.8  0.7091450E+06

354.0  0.7086575E+06

354.2  0.7081699E+06

354.4  0.7076823E+06

354.6  0.7071948E+06

354.8  0.7067073E+06

355.0  0.7062198E+06

355.2  0.7057323E+06

355.4  0.7052449E+06

355.6  0.7047575E+06

355.8  0.7042702E+06

356.0  0.7037829E+06

356.2  0.7032956E+06

356.4  0.7028084E+06

356.6  0.7023213E+06

356.8  0.7018342E+06

357.0  0.7013472E+06

357.2  0.7008602E+06

357.4  0.7003733E+06

357.6  0.6998865E+06

357.8  0.6993997E+06

358.0  0.6989130E+06

358.2  0.6984264E+06

358.4  0.6979399E+06

358.6  0.6974535E+06

358.8  0.6969671E+06

359.0  0.6964809E+06

359.2  0.6959947E+06

359.4  0.6955087E+06

359.6  0.6950227E+06

359.8  0.6945368E+06

360.0  0.6940511E+06

360.2  0.6935654E+06

360.4  0.6930799E+06

360.6  0.6925945E+06

360.8  0.6921092E+06

361.0  0.6916240E+06

361.2  0.6911389E+06

361.4  0.6906539E+06

361.6  0.6901691E+06

361.8  0.6896844E+06

362.0  0.6891999E+06

362.2  0.6887154E+06

362.4  0.6882311E+06

362.6  0.6877470E+06

362.8  0.6872630E+06

363.0  0.6867791E+06

363.2  0.6862953E+06

363.4  0.6858118E+06

363.6  0.6853283E+06

363.8  0.6848450E+06

364.0  0.6843619E+06

364.2  0.6838789E+06

364.4  0.6833961E+06

364.6  0.6829135E+06

364.8  0.6824310E+06

365.0  0.6819486E+06

365.2  0.6814665E+06

365.4  0.6809845E+06

365.6  0.6805027E+06

365.8  0.6800210E+06

366.0  0.6795395E+06

366.2  0.6790582E+06

366.4  0.6785771E+06

366.6  0.6780962E+06

366.8  0.6776154E+06

367.0  0.6771348E+06

367.2  0.6766544E+06

367.4  0.6761742E+06

367.6  0.6756942E+06

367.8  0.6752144E+06

368.0  0.6747348E+06

368.2  0.6742553E+06

368.4  0.6737761E+06

368.6  0.6732971E+06

368.8  0.6728182E+06

369.0  0.6723396E+06

369.2  0.6718612E+06

369.4  0.6713829E+06

369.6  0.6709049E+06

369.8  0.6704271E+06

370.0  0.6699495E+06

370.2  0.6694721E+06

370.4  0.6689949E+06

370.6  0.6685179E+06

370.8  0.6680412E+06

371.0  0.6675647E+06

371.2  0.6670883E+06

371.4  0.6666122E+06

371.6  0.6661364E+06

371.8  0.6656607E+06

372.0  0.6651853E+06

372.2  0.6647101E+06

372.4  0.6642351E+06

372.6  0.6637604E+06

372.8  0.6632858E+06

373.0  0.6628116E+06

373.2  0.6623375E+06

373.4  0.6618637E+06

373.6  0.6613901E+06

373.8  0.6609168E+06

374.0  0.6604436E+06

374.2  0.6599708E+06

374.4  0.6594981E+06

374.6  0.6590257E+06

374.8  0.6585536E+06

375.0  0.6580817E+06

375.2  0.6576100E+06

375.4  0.6571386E+06

375.6  0.6566674E+06

375.8  0.6561965E+06

376.0  0.6557258E+06

376.2  0.6552554E+06

376.4  0.6547852E+06

376.6  0.6543153E+06

376.8  0.6538457E+06

377.0  0.6533762E+06

377.2  0.6529071E+06

377.4  0.6524382E+06

377.6  0.6519695E+06

377.8  0.6515012E+06

378.0  0.6510330E+06

378.2  0.6505652E+06

378.4  0.6500976E+06

378.6  0.6496302E+06

378.8  0.6491631E+06

379.0  0.6486963E+06

379.2  0.6482298E+06

379.4  0.6477635E+06

379.6  0.6472974E+06

379.8  0.6468317E+06

380.0  0.6463662E+06

380.2  0.6459010E+06

380.4  0.6454360E+06

380.6  0.6449713E+06

380.8  0.6445069E+06

381.0  0.6440428E+06

381.2  0.6435789E+06

381.4  0.6431153E+06

381.6  0.6426520E+06

381.8  0.6421890E+06

382.0  0.6417262E+06

382.2  0.6412637E+06

382.4  0.6408015E+06

382.6  0.6403396E+06

382.8  0.6398779E+06

383.0  0.6394166E+06

383.2  0.6389555E+06

383.4  0.6384946E+06

383.6  0.6380341E+06

383.8  0.6375739E+06

384.0  0.6371139E+06

384.2  0.6366542E+06

384.4  0.6361948E+06

384.6  0.6357357E+06

384.8  0.6352768E+06

385.0  0.6348183E+06

385.2  0.6343600E+06

385.4  0.6339020E+06

385.6  0.6334444E+06

385.8  0.6329869E+06

386.0  0.6325298E+06

386.2  0.6320730E+06

386.4  0.6316165E+06

386.6  0.6311602E+06

386.8  0.6307043E+06

387.0  0.6302486E+06

387.2  0.6297932E+06

387.4  0.6293381E+06

387.6  0.6288833E+06

387.8  0.6284288E+06

388.0  0.6279746E+06

388.2  0.6275207E+06

388.4  0.6270671E+06

388.6  0.6266138E+06

388.8  0.6261607E+06

389.0  0.6257080E+06

389.2  0.6252556E+06

389.4  0.6248034E+06

389.6  0.6243516E+06

389.8  0.6239000E+06

390.0  0.6234488E+06

390.2  0.6229978E+06

390.4  0.6225472E+06

390.6  0.6220968E+06

390.8  0.6216467E+06

391.0  0.6211970E+06

391.2  0.6207475E+06

391.4  0.6202983E+06

391.6  0.6198495E+06

391.8  0.6194009E+06

392.0  0.6189527E+06

392.2  0.6185047E+06

392.4  0.6180570E+06

392.6  0.6176097E+06

392.8  0.6171626E+06

393.0  0.6167159E+06

393.2  0.6162694E+06

393.4  0.6158232E+06

393.6  0.6153774E+06

393.8  0.6149319E+06

394.0  0.6144866E+06

394.2  0.6140417E+06

394.4  0.6135970E+06

394.6  0.6131527E+06

394.8  0.6127087E+06

395.0  0.6122650E+06

395.2  0.6118215E+06

395.4  0.6113784E+06

395.6  0.6109356E+06

395.8  0.6104931E+06

396.0  0.6100509E+06

396.2  0.6096090E+06

396.4  0.6091674E+06

396.6  0.6087262E+06

396.8  0.6082852E+06

397.0  0.6078445E+06

397.2  0.6074042E+06

397.4  0.6069641E+06

397.6  0.6065244E+06

397.8  0.6060849E+06

398.0  0.6056458E+06

398.2  0.6052070E+06

398.4  0.6047685E+06

398.6  0.6043302E+06

398.8  0.6038923E+06

399.0  0.6034547E+06

399.2  0.6030175E+06

399.4  0.6025805E+06

399.6  0.6021438E+06

399.8  0.6017075E+06

400.0  0.6012714E+06

400.2  0.6008357E+06

400.4  0.6004002E+06

400.6  0.5999651E+06

400.8  0.5995303E+06

401.0  0.5990958E+06

401.2  0.5986616E+06

401.4  0.5982277E+06

401.6  0.5977941E+06

401.8  0.5973608E+06

402.0  0.5969279E+06

402.2  0.5964952E+06

402.4  0.5960629E+06

402.6  0.5956308E+06

402.8  0.5951991E+06

403.0  0.5947677E+06

403.2  0.5943366E+06

403.4  0.5939058E+06

403.6  0.5934753E+06

403.8  0.5930451E+06

404.0  0.5926152E+06

404.2  0.5921857E+06

404.4  0.5917564E+06

404.6  0.5913275E+06

404.8  0.5908989E+06

405.0  0.5904705E+06

405.2  0.5900425E+06

405.4  0.5896148E+06

405.6  0.5891874E+06

405.8  0.5887604E+06

406.0  0.5883336E+06

406.2  0.5879071E+06

406.4  0.5874810E+06

406.6  0.5870551E+06

406.8  0.5866296E+06

407.0  0.5862044E+06

407.2  0.5857795E+06

407.4  0.5853549E+06

407.6  0.5849306E+06

407.8  0.5845066E+06

408.0  0.5840829E+06

408.2  0.5836595E+06

408.4  0.5832365E+06

408.6  0.5828137E+06

408.8  0.5823913E+06

409.0  0.5819692E+06

409.2  0.5815474E+06

409.4  0.5811259E+06

409.6  0.5807047E+06

409.8  0.5802838E+06

410.0  0.5798632E+06

410.2  0.5794429E+06

410.4  0.5790229E+06

410.6  0.5786033E+06

410.8  0.5781839E+06

411.0  0.5777649E+06

411.2  0.5773462E+06

411.4  0.5769278E+06

411.6  0.5765097E+06

411.8  0.5760919E+06

412.0  0.5756744E+06

412.2  0.5752572E+06

412.4  0.5748403E+06

412.6  0.5744237E+06

412.8  0.5740075E+06

413.0  0.5735915E+06

413.2  0.5731759E+06

413.4  0.5727605E+06

413.6  0.5723455E+06

413.8  0.5719308E+06

414.0  0.5715164E+06

414.2  0.5711023E+06

414.4  0.5706885E+06

414.6  0.5702750E+06

414.8  0.5698618E+06

415.0  0.5694489E+06

415.2  0.5690363E+06

415.4  0.5686241E+06

415.6  0.5682121E+06

415.8  0.5678004E+06

416.0  0.5673891E+06

416.2  0.5669781E+06

416.4  0.5665673E+06

416.6  0.5661569E+06

416.8  0.5657468E+06

417.0  0.5653370E+06

417.2  0.5649274E+06

417.4  0.5645182E+06

417.6  0.5641093E+06

417.8  0.5637007E+06

418.0  0.5632925E+06

418.2  0.5628845E+06

418.4  0.5624768E+06

418.6  0.5620694E+06

418.8  0.5616623E+06

419.0  0.5612556E+06

419.2  0.5608491E+06

419.4  0.5604430E+06

419.6  0.5600371E+06

419.8  0.5596315E+06

420.0  0.5592263E+06

420.2  0.5588214E+06

420.4  0.5584167E+06

420.6  0.5580124E+06

420.8  0.5576083E+06

421.0  0.5572046E+06

421.2  0.5568012E+06

421.4  0.5563981E+06

421.6  0.5559952E+06

421.8  0.5555927E+06

422.0  0.5551905E+06

422.2  0.5547886E+06

422.4  0.5543870E+06

422.6  0.5539856E+06

422.8  0.5535846E+06

423.0  0.5531839E+06

423.2  0.5527835E+06

423.4  0.5523834E+06

423.6  0.5519836E+06

423.8  0.5515841E+06

424.0  0.5511849E+06

424.2  0.5507860E+06

424.4  0.5503873E+06

424.6  0.5499890E+06

424.8  0.5495910E+06

425.0  0.5491933E+06

425.2  0.5487959E+06

425.4  0.5483988E+06

425.6  0.5480020E+06

425.8  0.5476055E+06

426.0  0.5472093E+06

426.2  0.5468133E+06

426.4  0.5464177E+06

426.6  0.5460224E+06

426.8  0.5456274E+06

427.0  0.5452327E+06

427.2  0.5448382E+06

427.4  0.5444441E+06

427.6  0.5440503E+06

427.8  0.5436567E+06

428.0  0.5432635E+06

428.2  0.5428706E+06

428.4  0.5424779E+06

428.6  0.5420856E+06

428.8  0.5416935E+06

429.0  0.5413017E+06

429.2  0.5409103E+06

429.4  0.5405191E+06

429.6  0.5401282E+06

429.8  0.5397377E+06

430.0  0.5393474E+06

430.2  0.5389574E+06

430.4  0.5385677E+06

430.6  0.5381783E+06

430.8  0.5377892E+06

431.0  0.5374004E+06

431.2  0.5370119E+06

431.4  0.5366236E+06

431.6  0.5362357E+06

431.8  0.5358481E+06

432.0  0.5354607E+06

432.2  0.5350737E+06

432.4  0.5346869E+06

432.6  0.5343004E+06

432.8  0.5339143E+06

433.0  0.5335284E+06

433.2  0.5331428E+06

433.4  0.5327575E+06

433.6  0.5323725E+06

433.8  0.5319878E+06

434.0  0.5316033E+06

434.2  0.5312192E+06

434.4  0.5308353E+06

434.6  0.5304518E+06

434.8  0.5300685E+06

435.0  0.5296855E+06

435.2  0.5293028E+06

435.4  0.5289204E+06

435.6  0.5285383E+06

435.8  0.5281565E+06

436.0  0.5277750E+06

436.2  0.5273937E+06

436.4  0.5270128E+06

436.6  0.5266321E+06

436.8  0.5262517E+06

437.0  0.5258716E+06

437.2  0.5254918E+06

437.4  0.5251123E+06

437.6  0.5247331E+06

437.8  0.5243541E+06

438.0  0.5239755E+06

438.2  0.5235971E+06

438.4  0.5232190E+06

438.6  0.5228412E+06

438.8  0.5224637E+06

439.0  0.5220865E+06

439.2  0.5217095E+06

439.4  0.5213328E+06

439.6  0.5209565E+06

439.8  0.5205804E+06

440.0  0.5202046E+06

440.2  0.5198290E+06

440.4  0.5194538E+06

440.6  0.5190789E+06

440.8  0.5187042E+06

441.0  0.5183298E+06

441.2  0.5179557E+06

441.4  0.5175819E+06

441.6  0.5172083E+06

441.8  0.5168351E+06

442.0  0.5164621E+06

442.2  0.5160894E+06

442.4  0.5157170E+06

442.6  0.5153449E+06

442.8  0.5149730E+06

443.0  0.5146014E+06

443.2  0.5142301E+06

443.4  0.5138591E+06

443.6  0.5134884E+06

443.8  0.5131180E+06

444.0  0.5127478E+06

444.2  0.5123779E+06

444.4  0.5120083E+06

444.6  0.5116390E+06

444.8  0.5112699E+06

445.0  0.5109012E+06

445.2  0.5105327E+06

445.4  0.5101644E+06

445.6  0.5097965E+06

445.8  0.5094289E+06

446.0  0.5090615E+06

446.2  0.5086944E+06

446.4  0.5083275E+06

446.6  0.5079610E+06

446.8  0.5075947E+06

447.0  0.5072287E+06

447.2  0.5068630E+06

447.4  0.5064976E+06

447.6  0.5061324E+06

447.8  0.5057675E+06

448.0  0.5054029E+06

448.2  0.5050385E+06

448.4  0.5046745E+06

448.6  0.5043107E+06

448.8  0.5039472E+06

449.0  0.5035839E+06

449.2  0.5032210E+06

449.4  0.5028583E+06

449.6  0.5024958E+06

449.8  0.5021337E+06

450.0  0.5017718E+06

450.2  0.5014102E+06

450.4  0.5010489E+06

450.6  0.5006878E+06

450.8  0.5003271E+06

451.0  0.4999665E+06

451.2  0.4996063E+06

451.4  0.4992463E+06

451.6  0.4988866E+06

451.8  0.4985272E+06

452.0  0.4981681E+06

452.2  0.4978092E+06

452.4  0.4974506E+06

452.6  0.4970922E+06

452.8  0.4967341E+06

453.0  0.4963763E+06

453.2  0.4960188E+06

453.4  0.4956615E+06

453.6  0.4953045E+06

453.8  0.4949478E+06

454.0  0.4945914E+06

454.2  0.4942352E+06

454.4  0.4938792E+06

454.6  0.4935236E+06

454.8  0.4931682E+06

455.0  0.4928131E+06

455.2  0.4924582E+06

455.4  0.4921037E+06

455.6  0.4917493E+06

455.8  0.4913953E+06

456.0  0.4910415E+06

456.2  0.4906880E+06

456.4  0.4903347E+06

456.6  0.4899817E+06

456.8  0.4896290E+06

457.0  0.4892766E+06

457.2  0.4889244E+06

457.4  0.4885725E+06

457.6  0.4882208E+06

457.8  0.4878694E+06

458.0  0.4875183E+06

458.2  0.4871674E+06

458.4  0.4868168E+06

458.6  0.4864665E+06

458.8  0.4861164E+06

459.0  0.4857666E+06

459.2  0.4854170E+06

459.4  0.4850677E+06

459.6  0.4847187E+06

459.8  0.4843699E+06

460.0  0.4840214E+06

460.2  0.4836732E+06

460.4  0.4833252E+06

460.6  0.4829775E+06

460.8  0.4826301E+06

461.0  0.4822829E+06

461.2  0.4819359E+06

461.4  0.4815893E+06

461.6  0.4812428E+06

461.8  0.4808967E+06

462.0  0.4805508E+06

462.2  0.4802052E+06

462.4  0.4798598E+06

462.6  0.4795147E+06

462.8  0.4791698E+06

463.0  0.4788252E+06

463.2  0.4784809E+06

463.4  0.4781368E+06

463.6  0.4777930E+06

463.8  0.4774494E+06

464.0  0.4771061E+06

464.2  0.4767631E+06

464.4  0.4764203E+06

464.6  0.4760777E+06

464.8  0.4757354E+06

465.0  0.4753934E+06

465.2  0.4750517E+06

465.4  0.4747101E+06

465.6  0.4743689E+06

465.8  0.4740279E+06

466.0  0.4736872E+06

466.2  0.4733467E+06

466.4  0.4730064E+06

466.6  0.4726665E+06

466.8  0.4723267E+06

467.0  0.4719873E+06

467.2  0.4716480E+06

467.4  0.4713091E+06

467.6  0.4709704E+06

467.8  0.4706319E+06

468.0  0.4702937E+06

468.2  0.4699558E+06

468.4  0.4696181E+06

468.6  0.4692806E+06

468.8  0.4689434E+06

469.0  0.4686065E+06

469.2  0.4682698E+06

469.4  0.4679334E+06

469.6  0.4675972E+06

469.8  0.4672613E+06

470.0  0.4669256E+06

470.2  0.4665902E+06

470.4  0.4662550E+06

470.6  0.4659201E+06

470.8  0.4655854E+06

471.0  0.4652509E+06

471.2  0.4649168E+06

471.4  0.4645828E+06

471.6  0.4642492E+06

471.8  0.4639157E+06

472.0  0.4635826E+06

472.2  0.4632496E+06

472.4  0.4629169E+06

472.6  0.4625845E+06

472.8  0.4622523E+06

473.0  0.4619204E+06

473.2  0.4615887E+06

473.4  0.4612572E+06

473.6  0.4609260E+06

473.8  0.4605951E+06

474.0  0.4602644E+06

474.2  0.4599339E+06

474.4  0.4596037E+06

474.6  0.4592738E+06

474.8  0.4589440E+06

475.0  0.4586146E+06

475.2  0.4582853E+06

475.4  0.4579564E+06

475.6  0.4576276E+06

475.8  0.4572991E+06

476.0  0.4569709E+06

476.2  0.4566429E+06

476.4  0.4563151E+06

476.6  0.4559876E+06

476.8  0.4556604E+06

477.0  0.4553333E+06

477.2  0.4550065E+06

477.4  0.4546800E+06

477.6  0.4543537E+06

477.8  0.4540277E+06

478.0  0.4537019E+06

478.2  0.4533763E+06

478.4  0.4530510E+06

478.6  0.4527259E+06

478.8  0.4524010E+06

479.0  0.4520764E+06

479.2  0.4517521E+06

479.4  0.4514280E+06

479.6  0.4511041E+06

479.8  0.4507805E+06

480.0  0.4504571E+06

480.2  0.4501339E+06

480.4  0.4498110E+06

480.6  0.4494883E+06

480.8  0.4491659E+06

481.0  0.4488437E+06

481.2  0.4485217E+06

481.4  0.4482000E+06

481.6  0.4478785E+06

481.8  0.4475573E+06

482.0  0.4472363E+06

482.2  0.4469156E+06

482.4  0.4465950E+06

482.6  0.4462747E+06

482.8  0.4459547E+06

483.0  0.4456349E+06

483.2  0.4453153E+06

483.4  0.4449960E+06

483.6  0.4446769E+06

483.8  0.4443580E+06

484.0  0.4440394E+06

484.2  0.4437210E+06

484.4  0.4434029E+06

484.6  0.4430849E+06

484.8  0.4427673E+06

485.0  0.4424498E+06

485.2  0.4421326E+06

485.4  0.4418156E+06

485.6  0.4414989E+06

485.8  0.4411824E+06

486.0  0.4408661E+06

486.2  0.4405501E+06

486.4  0.4402343E+06

486.6  0.4399187E+06

486.8  0.4396034E+06

487.0  0.4392883E+06

487.2  0.4389734E+06

487.4  0.4386588E+06

487.6  0.4383444E+06

487.8  0.4380302E+06

488.0  0.4377163E+06

488.2  0.4374026E+06

488.4  0.4370891E+06

488.6  0.4367759E+06

488.8  0.4364629E+06

489.0  0.4361501E+06

489.2  0.4358376E+06

489.4  0.4355253E+06

489.6  0.4352132E+06

489.8  0.4349013E+06

490.0  0.4345897E+06

490.2  0.4342783E+06

490.4  0.4339672E+06

490.6  0.4336562E+06

490.8  0.4333456E+06

491.0  0.4330351E+06

491.2  0.4327248E+06

491.4  0.4324148E+06

491.6  0.4321051E+06

491.8  0.4317955E+06

492.0  0.4314862E+06

492.2  0.4311771E+06

492.4  0.4308682E+06

492.6  0.4305596E+06

492.8  0.4302512E+06

493.0  0.4299430E+06

493.2  0.4296350E+06

493.4  0.4293273E+06

493.6  0.4290198E+06

493.8  0.4287125E+06

494.0  0.4284055E+06

494.2  0.4280987E+06

494.4  0.4277921E+06

494.6  0.4274857E+06

494.8  0.4271796E+06

495.0  0.4268737E+06

495.2  0.4265680E+06

495.4  0.4262625E+06

495.6  0.4259573E+06

495.8  0.4256523E+06

496.0  0.4253475E+06

496.2  0.4250429E+06

496.4  0.4247386E+06

496.6  0.4244345E+06

496.8  0.4241306E+06

497.0  0.4238269E+06

497.2  0.4235235E+06

497.4  0.4232203E+06

497.6  0.4229173E+06

497.8  0.4226145E+06

498.0  0.4223119E+06

498.2  0.4220096E+06

498.4  0.4217075E+06

498.6  0.4214056E+06

498.8  0.4211040E+06

499.0  0.4208025E+06

499.2  0.4205013E+06

499.4  0.4202003E+06

499.6  0.4198996E+06

499.8  0.4195990E+06

500.0  0.4192987E+06

