100  0.1450193E+04

100.2  0.1614586E+04

100.4  0.1786829E+04

100.6  0.1966565E+04

100.8  0.2153429E+04

101.0  0.2347054E+04

101.2  0.2547073E+04

101.4  0.2753122E+04

101.6  0.2964846E+04

101.8  0.3181895E+04

102.0  0.3403930E+04

102.2  0.3630622E+04

102.4  0.3861654E+04

102.6  0.4096720E+04

102.8  0.4335528E+04

103.0  0.4577798E+04

103.2  0.4823261E+04

103.4  0.5071663E+04

103.6  0.5322762E+04

103.8  0.5576328E+04

104.0  0.5832142E+04

104.2  0.6089998E+04

104.4  0.6349702E+04

104.6  0.6611070E+04

104.8  0.6873928E+04

105.0  0.7138113E+04

105.2  0.7403471E+04

105.4  0.7669859E+04

105.6  0.7937140E+04

105.8  0.8205189E+04

106.0  0.8473886E+04

106.2  0.8743121E+04

106.4  0.9012788E+04

106.6  0.9282792E+04

106.8  0.9553042E+04

107.0  0.9823453E+04

107.2  0.1009395E+05

107.4  0.1036445E+05

107.6  0.1063490E+05

107.8  0.1090523E+05

108.0  0.1117538E+05

108.2  0.1144530E+05

108.4  0.1171493E+05

108.6  0.1198424E+05

108.8  0.1225318E+05

109.0  0.1252172E+05

109.2  0.1278981E+05

109.4  0.1305743E+05

109.6  0.1332454E+05

109.8  0.1359113E+05

110.0  0.1385716E+05

110.2  0.1412261E+05

110.4  0.1438747E+05

110.6  0.1465172E+05

110.8  0.1491535E+05

111.0  0.1517833E+05

111.2  0.1544066E+05

111.4  0.1570233E+05

111.6  0.1596333E+05

111.8  0.1622365E+05

112.0  0.1648329E+05

112.2  0.1674225E+05

112.4  0.1700051E+05

112.6  0.1725808E+05

112.8  0.1751496E+05

113.0  0.1777115E+05

113.2  0.1802665E+05

113.4  0.1828146E+05

113.6  0.1853558E+05

113.8  0.1878902E+05

114.0  0.1904177E+05

114.2  0.1929386E+05

114.4  0.1954527E+05

114.6  0.1979602E+05

114.8  0.2004612E+05

115.0  0.2029556E+05

115.2  0.2054436E+05

115.4  0.2079252E+05

115.6  0.2104006E+05

115.8  0.2128698E+05

116.0  0.2153328E+05

116.2  0.2177899E+05

116.4  0.2202410E+05

116.6  0.2226864E+05

116.8  0.2251260E+05

117.0  0.2275600E+05

117.2  0.2299884E+05

117.4  0.2324115E+05

117.6  0.2348292E+05

117.8  0.2372417E+05

118.0  0.2396492E+05

118.2  0.2420516E+05

118.4  0.2444492E+05

118.6  0.2468420E+05

118.8  0.2492302E+05

119.0  0.2516138E+05

119.2  0.2539931E+05

119.4  0.2563680E+05

119.6  0.2587387E+05

119.8  0.2611053E+05

120.0  0.2634680E+05

120.2  0.2658268E+05

120.4  0.2681819E+05

120.6  0.2705333E+05

120.8  0.2728813E+05

121.0  0.2752259E+05

121.2  0.2775672E+05

121.4  0.2799054E+05

121.6  0.2822405E+05

121.8  0.2845727E+05

122.0  0.2869021E+05

122.2  0.2892288E+05

122.4  0.2915529E+05

122.6  0.2938745E+05

122.8  0.2961938E+05

123.0  0.2985109E+05

123.2  0.3008258E+05

123.4  0.3031387E+05

123.6  0.3054497E+05

123.8  0.3077589E+05

124.0  0.3100665E+05

124.2  0.3123724E+05

124.4  0.3146770E+05

124.6  0.3169801E+05

124.8  0.3192820E+05

125.0  0.3215828E+05

125.2  0.3238825E+05

125.4  0.3261813E+05

125.6  0.3284794E+05

125.8  0.3307767E+05

126.0  0.3330733E+05

126.2  0.3353695E+05

126.4  0.3376653E+05

126.6  0.3399608E+05

126.8  0.3422562E+05

127.0  0.3445514E+05

127.2  0.3468466E+05

127.4  0.3491420E+05

127.6  0.3514376E+05

127.8  0.3537335E+05

128.0  0.3560298E+05

128.2  0.3583266E+05

128.4  0.3606241E+05

128.6  0.3629222E+05

128.8  0.3652212E+05

129.0  0.3675210E+05

129.2  0.3698219E+05

129.4  0.3721238E+05

129.6  0.3744270E+05

129.8  0.3767314E+05

130.0  0.3790372E+05

130.2  0.3813445E+05

130.4  0.3836533E+05

130.6  0.3859638E+05

130.8  0.3882760E+05

131.0  0.3905901E+05

131.2  0.3929061E+05

131.4  0.3952241E+05

131.6  0.3975442E+05

131.8  0.3998665E+05

132.0  0.4021911E+05

132.2  0.4045181E+05

132.4  0.4068475E+05

132.6  0.4091795E+05

132.8  0.4115141E+05

133.0  0.4138514E+05

133.2  0.4161916E+05

133.4  0.4185346E+05

133.6  0.4208806E+05

133.8  0.4232297E+05

134.0  0.4255819E+05

134.2  0.4279373E+05

134.4  0.4302960E+05

134.6  0.4326582E+05

134.8  0.4350238E+05

135.0  0.4373929E+05

135.2  0.4397657E+05

135.4  0.4421422E+05

135.6  0.4445226E+05

135.8  0.4469068E+05

136.0  0.4492949E+05

136.2  0.4516871E+05

136.4  0.4540834E+05

136.6  0.4564840E+05

136.8  0.4588887E+05

137.0  0.4612979E+05

137.2  0.4637115E+05

137.4  0.4661296E+05

137.6  0.4685523E+05

137.8  0.4709796E+05

138.0  0.4734117E+05

138.2  0.4758486E+05

138.4  0.4782905E+05

138.6  0.4807372E+05

138.8  0.4831891E+05

139.0  0.4856460E+05

139.2  0.4881082E+05

139.4  0.4905756E+05

139.6  0.4930484E+05

139.8  0.4955266E+05

140.0  0.4980103E+05

140.2  0.5004996E+05

140.4  0.5029945E+05

140.6  0.5054951E+05

140.8  0.5080016E+05

141.0  0.5105139E+05

141.2  0.5130321E+05

141.4  0.5155564E+05

141.6  0.5180867E+05

141.8  0.5206232E+05

142.0  0.5231660E+05

142.2  0.5257150E+05

142.4  0.5282704E+05

142.6  0.5308323E+05

142.8  0.5334006E+05

143.0  0.5359756E+05

143.2  0.5385572E+05

143.4  0.5411456E+05

143.6  0.5437408E+05

143.8  0.5463428E+05

144.0  0.5489518E+05

144.2  0.5515678E+05

144.4  0.5541909E+05

144.6  0.5568212E+05

144.8  0.5594587E+05

145.0  0.5621035E+05

145.2  0.5647557E+05

145.4  0.5674153E+05

145.6  0.5700824E+05

145.8  0.5727571E+05

146.0  0.5754395E+05

146.2  0.5781295E+05

146.4  0.5808274E+05

146.6  0.5835332E+05

146.8  0.5862468E+05

147.0  0.5889685E+05

147.2  0.5916983E+05

147.4  0.5944362E+05

147.6  0.5971823E+05

147.8  0.5999367E+05

148.0  0.6026994E+05

148.2  0.6054706E+05

148.4  0.6082502E+05

148.6  0.6110384E+05

148.8  0.6138353E+05

149.0  0.6166409E+05

149.2  0.6194552E+05

149.4  0.6222784E+05

149.6  0.6251104E+05

149.8  0.6279515E+05

150.0  0.6308016E+05

150.2  0.6336609E+05

150.4  0.6365293E+05

150.6  0.6394070E+05

150.8  0.6422940E+05

151.0  0.6451904E+05

151.2  0.6480963E+05

151.4  0.6510118E+05

151.6  0.6539368E+05

151.8  0.6568716E+05

152.0  0.6598160E+05

152.2  0.6627704E+05

152.4  0.6657346E+05

152.6  0.6687087E+05

152.8  0.6716929E+05

153.0  0.6746873E+05

153.2  0.6776918E+05

153.4  0.6807065E+05

153.6  0.6837316E+05

153.8  0.6867670E+05

154.0  0.6898129E+05

154.2  0.6928694E+05

154.4  0.6959365E+05

154.6  0.6990142E+05

154.8  0.7021027E+05

155.0  0.7052020E+05

155.2  0.7083122E+05

155.4  0.7114334E+05

155.6  0.7145656E+05

155.8  0.7177089E+05

156.0  0.7208634E+05

156.2  0.7240292E+05

156.4  0.7272063E+05

156.6  0.7303948E+05

156.8  0.7335948E+05

157.0  0.7368063E+05

157.2  0.7400295E+05

157.4  0.7432644E+05

157.6  0.7465110E+05

157.8  0.7497695E+05

158.0  0.7530399E+05

158.2  0.7563223E+05

158.4  0.7596168E+05

158.6  0.7629234E+05

158.8  0.7662423E+05

159.0  0.7695734E+05

159.2  0.7729170E+05

159.4  0.7762730E+05

159.6  0.7796415E+05

159.8  0.7830226E+05

160.0  0.7864164E+05

160.2  0.7898230E+05

160.4  0.7932424E+05

160.6  0.7966747E+05

160.8  0.8001200E+05

161.0  0.8035784E+05

161.2  0.8070500E+05

161.4  0.8105347E+05

161.6  0.8140328E+05

161.8  0.8175443E+05

162.0  0.8210693E+05

162.2  0.8246078E+05

162.4  0.8281599E+05

162.6  0.8317257E+05

162.8  0.8353054E+05

163.0  0.8388989E+05

163.2  0.8425064E+05

163.4  0.8461279E+05

163.6  0.8497635E+05

163.8  0.8534133E+05

164.0  0.8570775E+05

164.2  0.8607560E+05

164.4  0.8644489E+05

164.6  0.8681564E+05

164.8  0.8718786E+05

165.0  0.8756154E+05

165.2  0.8793671E+05

165.4  0.8831336E+05

165.6  0.8869151E+05

165.8  0.8907116E+05

166.0  0.8945234E+05

166.2  0.8983503E+05

166.4  0.9021926E+05

166.6  0.9060503E+05

166.8  0.9099235E+05

167.0  0.9138122E+05

167.2  0.9177167E+05

167.4  0.9216370E+05

167.6  0.9255731E+05

167.8  0.9295251E+05

168.0  0.9334933E+05

168.2  0.9374775E+05

168.4  0.9414781E+05

168.6  0.9454949E+05

168.8  0.9495282E+05

169.0  0.9535780E+05

169.2  0.9576444E+05

169.4  0.9617276E+05

169.6  0.9658276E+05

169.8  0.9699444E+05

170.0  0.9740783E+05

170.2  0.9782294E+05

170.4  0.9823976E+05

170.6  0.9865831E+05

170.8  0.9907861E+05

171.0  0.9950066E+05

171.2  0.9992447E+05

171.4  0.1003501E+06

171.6  0.1007774E+06

171.8  0.1012066E+06

172.0  0.1016376E+06

172.2  0.1020703E+06

172.4  0.1025049E+06

172.6  0.1029414E+06

172.8  0.1033797E+06

173.0  0.1038198E+06

173.2  0.1042619E+06

173.4  0.1047058E+06

173.6  0.1051516E+06

173.8  0.1055993E+06

174.0  0.1060489E+06

174.2  0.1065005E+06

174.4  0.1069539E+06

174.6  0.1074094E+06

174.8  0.1078668E+06

175.0  0.1083262E+06

175.2  0.1087876E+06

175.4  0.1092509E+06

175.6  0.1097163E+06

175.8  0.1101837E+06

176.0  0.1106532E+06

176.2  0.1111247E+06

176.4  0.1115983E+06

176.6  0.1120739E+06

176.8  0.1125517E+06

177.0  0.1130315E+06

177.2  0.1135135E+06

177.4  0.1139976E+06

177.6  0.1144838E+06

177.8  0.1149722E+06

178.0  0.1154628E+06

178.2  0.1159556E+06

178.4  0.1164506E+06

178.6  0.1169478E+06

178.8  0.1174472E+06

179.0  0.1179489E+06

179.2  0.1184529E+06

179.4  0.1189591E+06

179.6  0.1194676E+06

179.8  0.1199785E+06

180.0  0.1204917E+06

180.2  0.1210072E+06

180.4  0.1215251E+06

180.6  0.1220454E+06

180.8  0.1225680E+06

181.0  0.1230931E+06

181.2  0.1236206E+06

181.4  0.1241506E+06

181.6  0.1246830E+06

181.8  0.1252179E+06

182.0  0.1257554E+06

182.2  0.1262953E+06

182.4  0.1268378E+06

182.6  0.1273829E+06

182.8  0.1279306E+06

183.0  0.1284808E+06

183.2  0.1290337E+06

183.4  0.1295892E+06

183.6  0.1301474E+06

183.8  0.1307083E+06

184.0  0.1312719E+06

184.2  0.1318382E+06

184.4  0.1324073E+06

184.6  0.1329792E+06

184.8  0.1335538E+06

185.0  0.1341313E+06

185.2  0.1347116E+06

185.4  0.1352949E+06

185.6  0.1358810E+06

185.8  0.1364700E+06

186.0  0.1370620E+06

186.2  0.1376569E+06

186.4  0.1382549E+06

186.6  0.1388559E+06

186.8  0.1394599E+06

187.0  0.1400670E+06

187.2  0.1406772E+06

187.4  0.1412906E+06

187.6  0.1419071E+06

187.8  0.1425268E+06

188.0  0.1431498E+06

188.2  0.1437760E+06

188.4  0.1444055E+06

188.6  0.1450383E+06

188.8  0.1456745E+06

189.0  0.1463140E+06

189.2  0.1469569E+06

189.4  0.1476033E+06

189.6  0.1482532E+06

189.8  0.1489066E+06

190.0  0.1495635E+06

190.2  0.1502240E+06

190.4  0.1508881E+06

190.6  0.1515559E+06

190.8  0.1522273E+06

191.0  0.1529025E+06

191.2  0.1535815E+06

191.4  0.1542642E+06

191.6  0.1549508E+06

191.8  0.1556412E+06

192.0  0.1563356E+06

192.2  0.1570339E+06

192.4  0.1577362E+06

192.6  0.1584425E+06

192.8  0.1591529E+06

193.0  0.1598674E+06

193.2  0.1605861E+06

193.4  0.1613089E+06

193.6  0.1620360E+06

193.8  0.1627674E+06

194.0  0.1635031E+06

194.2  0.1642431E+06

194.4  0.1649876E+06

194.6  0.1657365E+06

194.8  0.1664899E+06

195.0  0.1672479E+06

195.2  0.1680104E+06

195.4  0.1687776E+06

195.6  0.1695494E+06

195.8  0.1703260E+06

196.0  0.1711074E+06

196.2  0.1718935E+06

196.4  0.1726846E+06

196.6  0.1734805E+06

196.8  0.1742814E+06

197.0  0.1750873E+06

197.2  0.1758983E+06

197.4  0.1767143E+06

197.6  0.1775356E+06

197.8  0.1783620E+06

198.0  0.1791936E+06

198.2  0.1800306E+06

198.4  0.1808729E+06

198.6  0.1817206E+06

198.8  0.1825738E+06

199.0  0.1834324E+06

199.2  0.1842966E+06

199.4  0.1851663E+06

199.6  0.1860417E+06

199.8  0.1869228E+06

200.0  0.1878097E+06

200.2  0.1887023E+06

200.4  0.1896007E+06

200.6  0.1905051E+06

200.8  0.1914153E+06

201.0  0.1923316E+06

201.2  0.1932539E+06

201.4  0.1941822E+06

201.6  0.1951167E+06

201.8  0.1960573E+06

202.0  0.1970042E+06

202.2  0.1979573E+06

202.4  0.1989167E+06

202.6  0.1998825E+06

202.8  0.2008547E+06

203.0  0.2018333E+06

203.2  0.2028184E+06

203.4  0.2038101E+06

203.6  0.2048083E+06

203.8  0.2058132E+06

204.0  0.2068247E+06

204.2  0.2078429E+06

204.4  0.2088679E+06

204.6  0.2098996E+06

204.8  0.2109382E+06

205.0  0.2119836E+06

205.2  0.2130360E+06

205.4  0.2140953E+06

205.6  0.2151615E+06

205.8  0.2162348E+06

206.0  0.2173151E+06

206.2  0.2184025E+06

206.4  0.2194970E+06

206.6  0.2205987E+06

206.8  0.2217076E+06

207.0  0.2228236E+06

207.2  0.2239469E+06

207.4  0.2250775E+06

207.6  0.2262153E+06

207.8  0.2273605E+06

208.0  0.2285130E+06

208.2  0.2296729E+06

208.4  0.2308402E+06

208.6  0.2320149E+06

208.8  0.2331970E+06

209.0  0.2343866E+06

209.2  0.2355837E+06

209.4  0.2367882E+06

209.6  0.2380003E+06

209.8  0.2392198E+06

210.0  0.2404469E+06

210.2  0.2416816E+06

210.4  0.2429238E+06

210.6  0.2441735E+06

210.8  0.2454308E+06

211.0  0.2466957E+06

211.2  0.2479682E+06

211.4  0.2492483E+06

211.6  0.2505359E+06

211.8  0.2518311E+06

212.0  0.2531339E+06

212.2  0.2544443E+06

212.4  0.2557623E+06

212.6  0.2570878E+06

212.8  0.2584209E+06

213.0  0.2597615E+06

213.2  0.2611097E+06

213.4  0.2624654E+06

213.6  0.2638286E+06

213.8  0.2651993E+06

214.0  0.2665775E+06

214.2  0.2679632E+06

214.4  0.2693563E+06

214.6  0.2707569E+06

214.8  0.2721648E+06

215.0  0.2735801E+06

215.2  0.2750027E+06

215.4  0.2764327E+06

215.6  0.2778700E+06

215.8  0.2793145E+06

216.0  0.2807662E+06

216.2  0.2822252E+06

216.4  0.2836913E+06

216.6  0.2851645E+06

216.8  0.2866447E+06

217.0  0.2881321E+06

217.2  0.2896264E+06

217.4  0.2911276E+06

217.6  0.2926358E+06

217.8  0.2941508E+06

218.0  0.2956726E+06

218.2  0.2972012E+06

218.4  0.2987364E+06

218.6  0.3002784E+06

218.8  0.3018269E+06

219.0  0.3033819E+06

219.2  0.3049434E+06

219.4  0.3065114E+06

219.6  0.3080857E+06

219.8  0.3096663E+06

220.0  0.3112531E+06

220.2  0.3128461E+06

220.4  0.3144452E+06

220.6  0.3160503E+06

220.8  0.3176614E+06

221.0  0.3192783E+06

221.2  0.3209011E+06

221.4  0.3225296E+06

221.6  0.3241638E+06

221.8  0.3258036E+06

222.0  0.3274489E+06

222.2  0.3290996E+06

222.4  0.3307556E+06

222.6  0.3324170E+06

222.8  0.3340835E+06

223.0  0.3357551E+06

223.2  0.3374317E+06

223.4  0.3391133E+06

223.6  0.3407997E+06

223.8  0.3424909E+06

224.0  0.3441867E+06

224.2  0.3458871E+06

224.4  0.3475920E+06

224.6  0.3493012E+06

224.8  0.3510148E+06

225.0  0.3527326E+06

225.2  0.3544544E+06

225.4  0.3561803E+06

225.6  0.3579101E+06

225.8  0.3596437E+06

226.0  0.3613810E+06

226.2  0.3631220E+06

226.4  0.3648664E+06

226.6  0.3666143E+06

226.8  0.3683654E+06

227.0  0.3701198E+06

227.2  0.3718773E+06

227.4  0.3736378E+06

227.6  0.3754012E+06

227.8  0.3771673E+06

228.0  0.3789362E+06

228.2  0.3807076E+06

228.4  0.3824815E+06

228.6  0.3842578E+06

228.8  0.3860363E+06

229.0  0.3878170E+06

229.2  0.3895997E+06

229.4  0.3913843E+06

229.6  0.3931708E+06

229.8  0.3949590E+06

230.0  0.3967487E+06

230.2  0.3985400E+06

230.4  0.4003327E+06

230.6  0.4021266E+06

230.8  0.4039217E+06

231.0  0.4057178E+06

231.2  0.4075149E+06

231.4  0.4093128E+06

231.6  0.4111114E+06

231.8  0.4129106E+06

232.0  0.4147103E+06

232.2  0.4165105E+06

232.4  0.4183108E+06

232.6  0.4201114E+06

232.8  0.4219120E+06

233.0  0.4237125E+06

233.2  0.4255129E+06

233.4  0.4273129E+06

233.6  0.4291126E+06

233.8  0.4309118E+06

234.0  0.4327104E+06

234.2  0.4345083E+06

234.4  0.4363053E+06

234.6  0.4381014E+06

234.8  0.4398964E+06

235.0  0.4416903E+06

235.2  0.4434829E+06

235.4  0.4452742E+06

235.6  0.4470639E+06

235.8  0.4488521E+06

236.0  0.4506386E+06

236.2  0.4524233E+06

236.4  0.4542061E+06

236.6  0.4559868E+06

236.8  0.4577655E+06

237.0  0.4595419E+06

237.2  0.4613161E+06

237.4  0.4630878E+06

237.6  0.4648569E+06

237.8  0.4666235E+06

238.0  0.4683873E+06

238.2  0.4701483E+06

238.4  0.4719063E+06

238.6  0.4736614E+06

238.8  0.4754133E+06

239.0  0.4771619E+06

239.2  0.4789073E+06

239.4  0.4806492E+06

239.6  0.4823877E+06

239.8  0.4841225E+06

240.0  0.4858536E+06

240.2  0.4875809E+06

240.4  0.4893044E+06

240.6  0.4910239E+06

240.8  0.4927393E+06

241.0  0.4944505E+06

241.2  0.4961575E+06

241.4  0.4978602E+06

241.6  0.4995584E+06

241.8  0.5012521E+06

242.0  0.5029413E+06

242.2  0.5046258E+06

242.4  0.5063055E+06

242.6  0.5079803E+06

242.8  0.5096503E+06

243.0  0.5113152E+06

243.2  0.5129750E+06

243.4  0.5146297E+06

243.6  0.5162791E+06

243.8  0.5179232E+06

244.0  0.5195620E+06

244.2  0.5211952E+06

244.4  0.5228229E+06

244.6  0.5244450E+06

244.8  0.5260614E+06

245.0  0.5276720E+06

245.2  0.5292768E+06

245.4  0.5308757E+06

245.6  0.5324687E+06

245.8  0.5340555E+06

246.0  0.5356363E+06

246.2  0.5372110E+06

246.4  0.5387794E+06

246.6  0.5403415E+06

246.8  0.5418972E+06

247.0  0.5434465E+06

247.2  0.5449894E+06

247.4  0.5465257E+06

247.6  0.5480554E+06

247.8  0.5495785E+06

248.0  0.5510948E+06

248.2  0.5526044E+06

248.4  0.5541072E+06

248.6  0.5556031E+06

248.8  0.5570921E+06

249.0  0.5585741E+06

249.2  0.5600491E+06

249.4  0.5615171E+06

249.6  0.5629779E+06

249.8  0.5644315E+06

250.0  0.5658780E+06

250.2  0.5673171E+06

250.4  0.5687490E+06

250.6  0.5701736E+06

250.8  0.5715908E+06

251.0  0.5730005E+06

251.2  0.5744028E+06

251.4  0.5757976E+06

251.6  0.5771848E+06

251.8  0.5785645E+06

252.0  0.5799365E+06

252.2  0.5813009E+06

252.4  0.5826577E+06

252.6  0.5840067E+06

252.8  0.5853480E+06

253.0  0.5866815E+06

253.2  0.5880072E+06

253.4  0.5893250E+06

253.6  0.5906350E+06

253.8  0.5919372E+06

254.0  0.5932314E+06

254.2  0.5945176E+06

254.4  0.5957959E+06

254.6  0.5970662E+06

254.8  0.5983285E+06

255.0  0.5995828E+06

255.2  0.6008290E+06

255.4  0.6020672E+06

255.6  0.6032972E+06

255.8  0.6045192E+06

256.0  0.6057330E+06

256.2  0.6069387E+06

256.4  0.6081362E+06

256.6  0.6093256E+06

256.8  0.6105067E+06

257.0  0.6116797E+06

257.2  0.6128445E+06

257.4  0.6140010E+06

257.6  0.6151493E+06

257.8  0.6162894E+06

258.0  0.6174212E+06

258.2  0.6185448E+06

258.4  0.6196600E+06

258.6  0.6207671E+06

258.8  0.6218658E+06

259.0  0.6229563E+06

259.2  0.6240385E+06

259.4  0.6251123E+06

259.6  0.6261779E+06

259.8  0.6272352E+06

260.0  0.6282842E+06

260.2  0.6293249E+06

260.4  0.6303574E+06

260.6  0.6313815E+06

260.8  0.6323973E+06

261.0  0.6334048E+06

261.2  0.6344041E+06

261.4  0.6353950E+06

261.6  0.6363777E+06

261.8  0.6373521E+06

262.0  0.6383182E+06

262.2  0.6392761E+06

262.4  0.6402257E+06

262.6  0.6411671E+06

262.8  0.6421002E+06

263.0  0.6430251E+06

263.2  0.6439417E+06

263.4  0.6448502E+06

263.6  0.6457504E+06

263.8  0.6466424E+06

264.0  0.6475263E+06

264.2  0.6484020E+06

264.4  0.6492695E+06

264.6  0.6501289E+06

264.8  0.6509802E+06

265.0  0.6518233E+06

265.2  0.6526583E+06

265.4  0.6534853E+06

265.6  0.6543042E+06

265.8  0.6551150E+06

266.0  0.6559178E+06

266.2  0.6567125E+06

266.4  0.6574993E+06

266.6  0.6582781E+06

266.8  0.6590489E+06

267.0  0.6598117E+06

267.2  0.6605666E+06

267.4  0.6613136E+06

267.6  0.6620528E+06

267.8  0.6627840E+06

268.0  0.6635074E+06

268.2  0.6642230E+06

268.4  0.6649307E+06

268.6  0.6656307E+06

268.8  0.6663229E+06

269.0  0.6670074E+06

269.2  0.6676842E+06

269.4  0.6683532E+06

269.6  0.6690146E+06

269.8  0.6696684E+06

270.0  0.6703145E+06

270.2  0.6709531E+06

270.4  0.6715840E+06

270.6  0.6722075E+06

270.8  0.6728234E+06

271.0  0.6734318E+06

271.2  0.6740327E+06

271.4  0.6746262E+06

271.6  0.6752123E+06

271.8  0.6757910E+06

272.0  0.6763623E+06

272.2  0.6769263E+06

272.4  0.6774830E+06

272.6  0.6780325E+06

272.8  0.6785746E+06

273.0  0.6791096E+06

273.2  0.6796374E+06

273.4  0.6801580E+06

273.6  0.6806714E+06

273.8  0.6811778E+06

274.0  0.6816771E+06

274.2  0.6821694E+06

274.4  0.6826546E+06

274.6  0.6831328E+06

274.8  0.6836041E+06

275.0  0.6840685E+06

275.2  0.6845260E+06

275.4  0.6849766E+06

275.6  0.6854204E+06

275.8  0.6858574E+06

276.0  0.6862876E+06

276.2  0.6867111E+06

276.4  0.6871279E+06

276.6  0.6875380E+06

276.8  0.6879415E+06

277.0  0.6883383E+06

277.2  0.6887286E+06

277.4  0.6891123E+06

277.6  0.6894895E+06

277.8  0.6898603E+06

278.0  0.6902246E+06

278.2  0.6905824E+06

278.4  0.6909339E+06

278.6  0.6912790E+06

278.8  0.6916178E+06

279.0  0.6919504E+06

279.2  0.6922766E+06

279.4  0.6925967E+06

279.6  0.6929105E+06

279.8  0.6932182E+06

280.0  0.6935198E+06

280.2  0.6938153E+06

280.4  0.6941048E+06

280.6  0.6943882E+06

280.8  0.6946656E+06

281.0  0.6949371E+06

281.2  0.6952026E+06

281.4  0.6954622E+06

281.6  0.6957160E+06

281.8  0.6959640E+06

282.0  0.6962062E+06

282.2  0.6964426E+06

282.4  0.6966733E+06

282.6  0.6968983E+06

282.8  0.6971177E+06

283.0  0.6973314E+06

283.2  0.6975396E+06

283.4  0.6977421E+06

283.6  0.6979392E+06

283.8  0.6981308E+06

284.0  0.6983169E+06

284.2  0.6984976E+06

284.4  0.6986729E+06

284.6  0.6988428E+06

284.8  0.6990074E+06

285.0  0.6991667E+06

285.2  0.6993208E+06

285.4  0.6994696E+06

285.6  0.6996133E+06

285.8  0.6997517E+06

286.0  0.6998851E+06

286.2  0.7000133E+06

286.4  0.7001365E+06

286.6  0.7002547E+06

286.8  0.7003679E+06

287.0  0.7004761E+06

287.2  0.7005793E+06

287.4  0.7006777E+06

287.6  0.7007712E+06

287.8  0.7008599E+06

288.0  0.7009438E+06

288.2  0.7010229E+06

288.4  0.7010972E+06

288.6  0.7011669E+06

288.8  0.7012319E+06

289.0  0.7012922E+06

289.2  0.7013479E+06

289.4  0.7013991E+06

289.6  0.7014457E+06

289.8  0.7014877E+06

290.0  0.7015253E+06

290.2  0.7015585E+06

290.4  0.7015872E+06

290.6  0.7016115E+06

290.8  0.7016315E+06

291.0  0.7016471E+06

291.2  0.7016585E+06

291.4  0.7016656E+06

291.6  0.7016684E+06

291.8  0.7016670E+06

292.0  0.7016615E+06

292.2  0.7016518E+06

292.4  0.7016380E+06

292.6  0.7016201E+06

292.8  0.7015981E+06

293.0  0.7015722E+06

293.2  0.7015422E+06

293.4  0.7015082E+06

293.6  0.7014704E+06

293.8  0.7014286E+06

294.0  0.7013829E+06

294.2  0.7013334E+06

294.4  0.7012801E+06

294.6  0.7012229E+06

294.8  0.7011621E+06

295.0  0.7010974E+06

295.2  0.7010291E+06

295.4  0.7009571E+06

295.6  0.7008815E+06

295.8  0.7008022E+06

296.0  0.7007193E+06

296.2  0.7006329E+06

296.4  0.7005429E+06

296.6  0.7004495E+06

296.8  0.7003525E+06

297.0  0.7002521E+06

297.2  0.7001483E+06

297.4  0.7000410E+06

297.6  0.6999304E+06

297.8  0.6998165E+06

298.0  0.6996992E+06

298.2  0.6995786E+06

298.4  0.6994548E+06

298.6  0.6993277E+06

298.8  0.6991975E+06

299.0  0.6990640E+06

299.2  0.6989274E+06

299.4  0.6987876E+06

299.6  0.6986448E+06

299.8  0.6984988E+06

300.0  0.6983498E+06

300.2  0.6981978E+06

300.4  0.6980427E+06

300.6  0.6978847E+06

300.8  0.6977237E+06

301.0  0.6975598E+06

301.2  0.6973930E+06

301.4  0.6972233E+06

301.6  0.6970507E+06

301.8  0.6968753E+06

302.0  0.6966971E+06

302.2  0.6965161E+06

302.4  0.6963324E+06

302.6  0.6961459E+06

302.8  0.6959567E+06

303.0  0.6957648E+06

303.2  0.6955702E+06

303.4  0.6953730E+06

303.6  0.6951732E+06

303.8  0.6949707E+06

304.0  0.6947657E+06

304.2  0.6945582E+06

304.4  0.6943481E+06

304.6  0.6941355E+06

304.8  0.6939204E+06

305.0  0.6937029E+06

305.2  0.6934829E+06

305.4  0.6932605E+06

305.6  0.6930357E+06

305.8  0.6928086E+06

306.0  0.6925790E+06

306.2  0.6923472E+06

306.4  0.6921130E+06

306.6  0.6918765E+06

306.8  0.6916378E+06

307.0  0.6913968E+06

307.2  0.6911536E+06

307.4  0.6909082E+06

307.6  0.6906606E+06

307.8  0.6904108E+06

308.0  0.6901589E+06

308.2  0.6899049E+06

308.4  0.6896487E+06

308.6  0.6893905E+06

308.8  0.6891302E+06

309.0  0.6888678E+06

309.2  0.6886035E+06

309.4  0.6883371E+06

309.6  0.6880687E+06

309.8  0.6877984E+06

310.0  0.6875261E+06

310.2  0.6872519E+06

310.4  0.6869757E+06

310.6  0.6866977E+06

310.8  0.6864178E+06

311.0  0.6861360E+06

311.2  0.6858524E+06

311.4  0.6855669E+06

311.6  0.6852797E+06

311.8  0.6849907E+06

312.0  0.6846999E+06

312.2  0.6844073E+06

312.4  0.6841131E+06

312.6  0.6838171E+06

312.8  0.6835194E+06

313.0  0.6832200E+06

313.2  0.6829190E+06

313.4  0.6826163E+06

313.6  0.6823120E+06

313.8  0.6820060E+06

314.0  0.6816985E+06

314.2  0.6813894E+06

314.4  0.6810787E+06

314.6  0.6807665E+06

314.8  0.6804527E+06

315.0  0.6801374E+06

315.2  0.6798206E+06

315.4  0.6795024E+06

315.6  0.6791826E+06

315.8  0.6788614E+06

316.0  0.6785388E+06

316.2  0.6782147E+06

316.4  0.6778893E+06

316.6  0.6775624E+06

316.8  0.6772342E+06

317.0  0.6769045E+06

317.2  0.6765736E+06

317.4  0.6762413E+06

317.6  0.6759077E+06

317.8  0.6755728E+06

318.0  0.6752365E+06

318.2  0.6748991E+06

318.4  0.6745603E+06

318.6  0.6742203E+06

318.8  0.6738791E+06

319.0  0.6735366E+06

319.2  0.6731929E+06

319.4  0.6728481E+06

319.6  0.6725020E+06

319.8  0.6721548E+06

320.0  0.6718064E+06

320.2  0.6714569E+06

320.4  0.6711063E+06

320.6  0.6707545E+06

320.8  0.6704016E+06

321.0  0.6700477E+06

321.2  0.6696927E+06

321.4  0.6693366E+06

321.6  0.6689794E+06

321.8  0.6686212E+06

322.0  0.6682620E+06

322.2  0.6679018E+06

322.4  0.6675405E+06

322.6  0.6671783E+06

322.8  0.6668151E+06

323.0  0.6664509E+06

323.2  0.6660858E+06

323.4  0.6657197E+06

323.6  0.6653527E+06

323.8  0.6649847E+06

324.0  0.6646159E+06

324.2  0.6642461E+06

324.4  0.6638755E+06

324.6  0.6635040E+06

324.8  0.6631316E+06

325.0  0.6627584E+06

325.2  0.6623843E+06

325.4  0.6620094E+06

325.6  0.6616336E+06

325.8  0.6612571E+06

326.0  0.6608797E+06

326.2  0.6605016E+06

326.4  0.6601226E+06

326.6  0.6597429E+06

326.8  0.6593625E+06

327.0  0.6589812E+06

327.2  0.6585993E+06

327.4  0.6582166E+06

327.6  0.6578332E+06

327.8  0.6574490E+06

328.0  0.6570642E+06

328.2  0.6566787E+06

328.4  0.6562925E+06

328.6  0.6559056E+06

328.8  0.6555181E+06

329.0  0.6551299E+06

329.2  0.6547410E+06

329.4  0.6543515E+06

329.6  0.6539614E+06

329.8  0.6535707E+06

330.0  0.6531793E+06

330.2  0.6527874E+06

330.4  0.6523948E+06

330.6  0.6520017E+06

330.8  0.6516080E+06

331.0  0.6512137E+06

331.2  0.6508189E+06

331.4  0.6504235E+06

331.6  0.6500276E+06

331.8  0.6496311E+06

332.0  0.6492341E+06

332.2  0.6488366E+06

332.4  0.6484386E+06

332.6  0.6480401E+06

332.8  0.6476411E+06

333.0  0.6472416E+06

333.2  0.6468416E+06

333.4  0.6464411E+06

333.6  0.6460402E+06

333.8  0.6456388E+06

334.0  0.6452370E+06

334.2  0.6448348E+06

334.4  0.6444321E+06

334.6  0.6440289E+06

334.8  0.6436254E+06

335.0  0.6432214E+06

335.2  0.6428171E+06

335.4  0.6424123E+06

335.6  0.6420071E+06

335.8  0.6416016E+06

336.0  0.6411957E+06

336.2  0.6407894E+06

336.4  0.6403827E+06

336.6  0.6399757E+06

336.8  0.6395684E+06

337.0  0.6391607E+06

337.2  0.6387526E+06

337.4  0.6383442E+06

337.6  0.6379355E+06

337.8  0.6375265E+06

338.0  0.6371172E+06

338.2  0.6367075E+06

338.4  0.6362976E+06

338.6  0.6358874E+06

338.8  0.6354768E+06

339.0  0.6350660E+06

339.2  0.6346549E+06

339.4  0.6342436E+06

339.6  0.6338319E+06

339.8  0.6334201E+06

340.0  0.6330079E+06

340.2  0.6325955E+06

340.4  0.6321829E+06

340.6  0.6317701E+06

340.8  0.6313570E+06

341.0  0.6309436E+06

341.2  0.6305301E+06

341.4  0.6301163E+06

341.6  0.6297024E+06

341.8  0.6292882E+06

342.0  0.6288738E+06

342.2  0.6284593E+06

342.4  0.6280445E+06

342.6  0.6276296E+06

342.8  0.6272145E+06

343.0  0.6267992E+06

343.2  0.6263837E+06

343.4  0.6259681E+06

343.6  0.6255523E+06

343.8  0.6251364E+06

344.0  0.6247203E+06

344.2  0.6243041E+06

344.4  0.6238877E+06

344.6  0.6234712E+06

344.8  0.6230545E+06

345.0  0.6226378E+06

345.2  0.6222209E+06

345.4  0.6218039E+06

345.6  0.6213867E+06

345.8  0.6209695E+06

346.0  0.6205522E+06

346.2  0.6201347E+06

346.4  0.6197172E+06

346.6  0.6192996E+06

346.8  0.6188819E+06

347.0  0.6184641E+06

347.2  0.6180462E+06

347.4  0.6176282E+06

347.6  0.6172102E+06

347.8  0.6167921E+06

348.0  0.6163740E+06

348.2  0.6159557E+06

348.4  0.6155375E+06

348.6  0.6151191E+06

348.8  0.6147008E+06

349.0  0.6142823E+06

349.2  0.6138639E+06

349.4  0.6134454E+06

349.6  0.6130268E+06

349.8  0.6126083E+06

350.0  0.6121897E+06

350.2  0.6117711E+06

350.4  0.6113524E+06

350.6  0.6109338E+06

350.8  0.6105151E+06

351.0  0.6100964E+06

351.2  0.6096778E+06

351.4  0.6092591E+06

351.6  0.6088404E+06

351.8  0.6084217E+06

352.0  0.6080030E+06

352.2  0.6075844E+06

352.4  0.6071657E+06

352.6  0.6067471E+06

352.8  0.6063285E+06

353.0  0.6059099E+06

353.2  0.6054913E+06

353.4  0.6050728E+06

353.6  0.6046543E+06

353.8  0.6042358E+06

354.0  0.6038174E+06

354.2  0.6033990E+06

354.4  0.6029806E+06

354.6  0.6025623E+06

354.8  0.6021441E+06

355.0  0.6017258E+06

355.2  0.6013077E+06

355.4  0.6008896E+06

355.6  0.6004716E+06

355.8  0.6000536E+06

356.0  0.5996357E+06

356.2  0.5992178E+06

356.4  0.5988001E+06

356.6  0.5983823E+06

356.8  0.5979647E+06

357.0  0.5975472E+06

357.2  0.5971297E+06

357.4  0.5967123E+06

357.6  0.5962950E+06

357.8  0.5958778E+06

358.0  0.5954607E+06

358.2  0.5950436E+06

358.4  0.5946267E+06

358.6  0.5942099E+06

358.8  0.5937931E+06

359.0  0.5933765E+06

359.2  0.5929599E+06

359.4  0.5925435E+06

359.6  0.5921272E+06

359.8  0.5917109E+06

360.0  0.5912948E+06

360.2  0.5908788E+06

360.4  0.5904630E+06

360.6  0.5900472E+06

360.8  0.5896316E+06

361.0  0.5892160E+06

361.2  0.5888007E+06

361.4  0.5883854E+06

361.6  0.5879702E+06

361.8  0.5875552E+06

362.0  0.5871404E+06

362.2  0.5867256E+06

362.4  0.5863110E+06

362.6  0.5858965E+06

362.8  0.5854822E+06

363.0  0.5850680E+06

363.2  0.5846540E+06

363.4  0.5842401E+06

363.6  0.5838263E+06

363.8  0.5834127E+06

364.0  0.5829992E+06

364.2  0.5825859E+06

364.4  0.5821728E+06

364.6  0.5817598E+06

364.8  0.5813469E+06

365.0  0.5809343E+06

365.2  0.5805217E+06

365.4  0.5801094E+06

365.6  0.5796972E+06

365.8  0.5792851E+06

366.0  0.5788733E+06

366.2  0.5784615E+06

366.4  0.5780500E+06

366.6  0.5776386E+06

366.8  0.5772275E+06

367.0  0.5768164E+06

367.2  0.5764056E+06

367.4  0.5759949E+06

367.6  0.5755844E+06

367.8  0.5751741E+06

368.0  0.5747640E+06

368.2  0.5743540E+06

368.4  0.5739443E+06

368.6  0.5735347E+06

368.8  0.5731253E+06

369.0  0.5727161E+06

369.2  0.5723070E+06

369.4  0.5718982E+06

369.6  0.5714896E+06

369.8  0.5710811E+06

370.0  0.5706728E+06

370.2  0.5702648E+06

370.4  0.5698569E+06

370.6  0.5694492E+06

370.8  0.5690418E+06

371.0  0.5686345E+06

371.2  0.5682274E+06

371.4  0.5678205E+06

371.6  0.5674139E+06

371.8  0.5670074E+06

372.0  0.5666011E+06

372.2  0.5661951E+06

372.4  0.5657892E+06

372.6  0.5653835E+06

372.8  0.5649781E+06

373.0  0.5645729E+06

373.2  0.5641679E+06

373.4  0.5637630E+06

373.6  0.5633584E+06

373.8  0.5629541E+06

374.0  0.5625499E+06

374.2  0.5621459E+06

374.4  0.5617422E+06

374.6  0.5613387E+06

374.8  0.5609354E+06

375.0  0.5605323E+06

375.2  0.5601294E+06

375.4  0.5597268E+06

375.6  0.5593244E+06

375.8  0.5589222E+06

376.0  0.5585202E+06

376.2  0.5581184E+06

376.4  0.5577169E+06

376.6  0.5573156E+06

376.8  0.5569145E+06

377.0  0.5565137E+06

377.2  0.5561130E+06

377.4  0.5557126E+06

377.6  0.5553125E+06

377.8  0.5549125E+06

378.0  0.5545128E+06

378.2  0.5541133E+06

378.4  0.5537141E+06

378.6  0.5533151E+06

378.8  0.5529163E+06

379.0  0.5525178E+06

379.2  0.5521195E+06

379.4  0.5517214E+06

379.6  0.5513236E+06

379.8  0.5509260E+06

380.0  0.5505286E+06

380.2  0.5501315E+06

380.4  0.5497346E+06

380.6  0.5493379E+06

380.8  0.5489415E+06

381.0  0.5485454E+06

381.2  0.5481494E+06

381.4  0.5477537E+06

381.6  0.5473583E+06

381.8  0.5469631E+06

382.0  0.5465682E+06

382.2  0.5461734E+06

382.4  0.5457790E+06

382.6  0.5453847E+06

382.8  0.5449908E+06

383.0  0.5445970E+06

383.2  0.5442035E+06

383.4  0.5438103E+06

383.6  0.5434173E+06

383.8  0.5430246E+06

384.0  0.5426321E+06

384.2  0.5422398E+06

384.4  0.5418478E+06

384.6  0.5414561E+06

384.8  0.5410646E+06

385.0  0.5406733E+06

385.2  0.5402823E+06

385.4  0.5398916E+06

385.6  0.5395011E+06

385.8  0.5391108E+06

386.0  0.5387208E+06

386.2  0.5383311E+06

386.4  0.5379416E+06

386.6  0.5375524E+06

386.8  0.5371634E+06

387.0  0.5367747E+06

387.2  0.5363862E+06

387.4  0.5359980E+06

387.6  0.5356100E+06

387.8  0.5352223E+06

388.0  0.5348348E+06

388.2  0.5344477E+06

388.4  0.5340607E+06

388.6  0.5336740E+06

388.8  0.5332876E+06

389.0  0.5329014E+06

389.2  0.5325155E+06

389.4  0.5321299E+06

389.6  0.5317445E+06

389.8  0.5313594E+06

390.0  0.5309745E+06

390.2  0.5305899E+06

390.4  0.5302055E+06

390.6  0.5298214E+06

390.8  0.5294376E+06

391.0  0.5290540E+06

391.2  0.5286707E+06

391.4  0.5282876E+06

391.6  0.5279048E+06

391.8  0.5275223E+06

392.0  0.5271400E+06

392.2  0.5267580E+06

392.4  0.5263762E+06

392.6  0.5259948E+06

392.8  0.5256135E+06

393.0  0.5252326E+06

393.2  0.5248519E+06

393.4  0.5244714E+06

393.6  0.5240912E+06

393.8  0.5237113E+06

394.0  0.5233317E+06

394.2  0.5229523E+06

394.4  0.5225732E+06

394.6  0.5221943E+06

394.8  0.5218157E+06

395.0  0.5214374E+06

395.2  0.5210593E+06

395.4  0.5206815E+06

395.6  0.5203040E+06

395.8  0.5199267E+06

396.0  0.5195497E+06

396.2  0.5191729E+06

396.4  0.5187964E+06

396.6  0.5184202E+06

396.8  0.5180443E+06

397.0  0.5176686E+06

397.2  0.5172932E+06

397.4  0.5169180E+06

397.6  0.5165431E+06

397.8  0.5161685E+06

398.0  0.5157941E+06

398.2  0.5154200E+06

398.4  0.5150462E+06

398.6  0.5146726E+06

398.8  0.5142993E+06

399.0  0.5139263E+06

399.2  0.5135535E+06

399.4  0.5131810E+06

399.6  0.5128088E+06

399.8  0.5124368E+06

400.0  0.5120651E+06

400.2  0.5116937E+06

400.4  0.5113225E+06

400.6  0.5109516E+06

400.8  0.5105810E+06

401.0  0.5102106E+06

401.2  0.5098405E+06

401.4  0.5094707E+06

401.6  0.5091011E+06

401.8  0.5087318E+06

402.0  0.5083628E+06

402.2  0.5079940E+06

402.4  0.5076255E+06

402.6  0.5072573E+06

402.8  0.5068893E+06

403.0  0.5065216E+06

403.2  0.5061542E+06

403.4  0.5057870E+06

403.6  0.5054201E+06

403.8  0.5050535E+06

404.0  0.5046871E+06

404.2  0.5043210E+06

404.4  0.5039552E+06

404.6  0.5035896E+06

404.8  0.5032243E+06

405.0  0.5028593E+06

405.2  0.5024945E+06

405.4  0.5021300E+06

405.6  0.5017657E+06

405.8  0.5014018E+06

406.0  0.5010381E+06

406.2  0.5006746E+06

406.4  0.5003115E+06

406.6  0.4999486E+06

406.8  0.4995859E+06

407.0  0.4992236E+06

407.2  0.4988615E+06

407.4  0.4984996E+06

407.6  0.4981380E+06

407.8  0.4977767E+06

408.0  0.4974157E+06

408.2  0.4970549E+06

408.4  0.4966944E+06

408.6  0.4963342E+06

408.8  0.4959742E+06

409.0  0.4956145E+06

409.2  0.4952550E+06

409.4  0.4948959E+06

409.6  0.4945370E+06

409.8  0.4941783E+06

410.0  0.4938199E+06

410.2  0.4934618E+06

410.4  0.4931040E+06

410.6  0.4927464E+06

410.8  0.4923890E+06

411.0  0.4920320E+06

411.2  0.4916752E+06

411.4  0.4913187E+06

411.6  0.4909624E+06

411.8  0.4906064E+06

412.0  0.4902507E+06

412.2  0.4898952E+06

412.4  0.4895400E+06

412.6  0.4891851E+06

412.8  0.4888304E+06

413.0  0.4884760E+06

413.2  0.4881219E+06

413.4  0.4877680E+06

413.6  0.4874144E+06

413.8  0.4870610E+06

414.0  0.4867079E+06

414.2  0.4863551E+06

414.4  0.4860025E+06

414.6  0.4856502E+06

414.8  0.4852982E+06

415.0  0.4849464E+06

415.2  0.4845949E+06

415.4  0.4842437E+06

415.6  0.4838927E+06

415.8  0.4835419E+06

416.0  0.4831915E+06

416.2  0.4828413E+06

416.4  0.4824914E+06

416.6  0.4821417E+06

416.8  0.4817923E+06

417.0  0.4814431E+06

417.2  0.4810942E+06

417.4  0.4807456E+06

417.6  0.4803972E+06

417.8  0.4800491E+06

418.0  0.4797013E+06

418.2  0.4793537E+06

418.4  0.4790064E+06

418.6  0.4786593E+06

418.8  0.4783125E+06

419.0  0.4779660E+06

419.2  0.4776197E+06

419.4  0.4772737E+06

419.6  0.4769280E+06

419.8  0.4765825E+06

420.0  0.4762372E+06

420.2  0.4758923E+06

420.4  0.4755475E+06

420.6  0.4752031E+06

420.8  0.4748589E+06

421.0  0.4745150E+06

421.2  0.4741713E+06

421.4  0.4738279E+06

421.6  0.4734847E+06

421.8  0.4731418E+06

422.0  0.4727991E+06

422.2  0.4724568E+06

422.4  0.4721146E+06

422.6  0.4717728E+06

422.8  0.4714312E+06

423.0  0.4710898E+06

423.2  0.4707487E+06

423.4  0.4704079E+06

423.6  0.4700673E+06

423.8  0.4697270E+06

424.0  0.4693869E+06

424.2  0.4690471E+06

424.4  0.4687075E+06

424.6  0.4683682E+06

424.8  0.4680292E+06

425.0  0.4676904E+06

425.2  0.4673519E+06

425.4  0.4670136E+06

425.6  0.4666756E+06

425.8  0.4663378E+06

426.0  0.4660003E+06

426.2  0.4656631E+06

426.4  0.4653261E+06

426.6  0.4649893E+06

426.8  0.4646528E+06

427.0  0.4643166E+06

427.2  0.4639806E+06

427.4  0.4636449E+06

427.6  0.4633094E+06

427.8  0.4629742E+06

428.0  0.4626392E+06

428.2  0.4623045E+06

428.4  0.4619701E+06

428.6  0.4616359E+06

428.8  0.4613019E+06

429.0  0.4609682E+06

429.2  0.4606348E+06

429.4  0.4603016E+06

429.6  0.4599686E+06

429.8  0.4596360E+06

430.0  0.4593035E+06

430.2  0.4589713E+06

430.4  0.4586394E+06

430.6  0.4583077E+06

430.8  0.4579763E+06

431.0  0.4576451E+06

431.2  0.4573142E+06

431.4  0.4569835E+06

431.6  0.4566531E+06

431.8  0.4563229E+06

432.0  0.4559930E+06

432.2  0.4556633E+06

432.4  0.4553339E+06

432.6  0.4550047E+06

432.8  0.4546758E+06

433.0  0.4543471E+06

433.2  0.4540186E+06

433.4  0.4536905E+06

433.6  0.4533625E+06

433.8  0.4530348E+06

434.0  0.4527074E+06

434.2  0.4523802E+06

434.4  0.4520533E+06

434.6  0.4517266E+06

434.8  0.4514001E+06

435.0  0.4510739E+06

435.2  0.4507480E+06

435.4  0.4504223E+06

435.6  0.4500968E+06

435.8  0.4497716E+06

436.0  0.4494467E+06

436.2  0.4491219E+06

436.4  0.4487975E+06

436.6  0.4484732E+06

436.8  0.4481493E+06

437.0  0.4478255E+06

437.2  0.4475020E+06

437.4  0.4471788E+06

437.6  0.4468558E+06

437.8  0.4465330E+06

438.0  0.4462105E+06

438.2  0.4458883E+06

438.4  0.4455662E+06

438.6  0.4452445E+06

438.8  0.4449229E+06

439.0  0.4446016E+06

439.2  0.4442806E+06

439.4  0.4439598E+06

439.6  0.4436392E+06

439.8  0.4433189E+06

440.0  0.4429988E+06

440.2  0.4426790E+06

440.4  0.4423594E+06

440.6  0.4420400E+06

440.8  0.4417209E+06

441.0  0.4414021E+06

441.2  0.4410834E+06

441.4  0.4407651E+06

441.6  0.4404469E+06

441.8  0.4401290E+06

442.0  0.4398114E+06

442.2  0.4394939E+06

442.4  0.4391768E+06

442.6  0.4388598E+06

442.8  0.4385431E+06

443.0  0.4382267E+06

443.2  0.4379104E+06

443.4  0.4375945E+06

443.6  0.4372787E+06

443.8  0.4369632E+06

444.0  0.4366480E+06

444.2  0.4363329E+06

444.4  0.4360181E+06

444.6  0.4357036E+06

444.8  0.4353893E+06

445.0  0.4350752E+06

445.2  0.4347614E+06

445.4  0.4344478E+06

445.6  0.4341344E+06

445.8  0.4338213E+06

446.0  0.4335084E+06

446.2  0.4331957E+06

446.4  0.4328833E+06

446.6  0.4325712E+06

446.8  0.4322592E+06

447.0  0.4319475E+06

447.2  0.4316360E+06

447.4  0.4313248E+06

447.6  0.4310138E+06

447.8  0.4307030E+06

448.0  0.4303925E+06

448.2  0.4300822E+06

448.4  0.4297722E+06

448.6  0.4294623E+06

448.8  0.4291527E+06

449.0  0.4288434E+06

449.2  0.4285343E+06

449.4  0.4282254E+06

449.6  0.4279167E+06

449.8  0.4276083E+06

450.0  0.4273001E+06

450.2  0.4269921E+06

450.4  0.4266844E+06

450.6  0.4263769E+06

450.8  0.4260697E+06

451.0  0.4257626E+06

451.2  0.4254558E+06

451.4  0.4251493E+06

451.6  0.4248429E+06

451.8  0.4245368E+06

452.0  0.4242309E+06

452.2  0.4239253E+06

452.4  0.4236199E+06

452.6  0.4233147E+06

452.8  0.4230098E+06

453.0  0.4227050E+06

453.2  0.4224006E+06

453.4  0.4220963E+06

453.6  0.4217923E+06

453.8  0.4214885E+06

454.0  0.4211849E+06

454.2  0.4208815E+06

454.4  0.4205784E+06

454.6  0.4202755E+06

454.8  0.4199729E+06

455.0  0.4196704E+06

455.2  0.4193682E+06

455.4  0.4190663E+06

455.6  0.4187645E+06

455.8  0.4184630E+06

456.0  0.4181617E+06

456.2  0.4178606E+06

456.4  0.4175598E+06

456.6  0.4172592E+06

456.8  0.4169588E+06

457.0  0.4166586E+06

457.2  0.4163587E+06

457.4  0.4160590E+06

457.6  0.4157595E+06

457.8  0.4154603E+06

458.0  0.4151612E+06

458.2  0.4148624E+06

458.4  0.4145638E+06

458.6  0.4142655E+06

458.8  0.4139673E+06

459.0  0.4136694E+06

459.2  0.4133718E+06

459.4  0.4130743E+06

459.6  0.4127771E+06

459.8  0.4124800E+06

460.0  0.4121832E+06

460.2  0.4118867E+06

460.4  0.4115903E+06

460.6  0.4112942E+06

460.8  0.4109983E+06

461.0  0.4107026E+06

461.2  0.4104072E+06

461.4  0.4101119E+06

461.6  0.4098169E+06

461.8  0.4095221E+06

462.0  0.4092276E+06

462.2  0.4089332E+06

462.4  0.4086391E+06

462.6  0.4083452E+06

462.8  0.4080515E+06

463.0  0.4077581E+06

463.2  0.4074648E+06

463.4  0.4071718E+06

463.6  0.4068790E+06

463.8  0.4065864E+06

464.0  0.4062940E+06

464.2  0.4060019E+06

464.4  0.4057100E+06

464.6  0.4054183E+06

464.8  0.4051268E+06

465.0  0.4048355E+06

465.2  0.4045444E+06

465.4  0.4042536E+06

465.6  0.4039630E+06

465.8  0.4036726E+06

466.0  0.4033824E+06

466.2  0.4030925E+06

466.4  0.4028027E+06

466.6  0.4025132E+06

466.8  0.4022239E+06

467.0  0.4019348E+06

467.2  0.4016459E+06

467.4  0.4013572E+06

467.6  0.4010688E+06

467.8  0.4007806E+06

468.0  0.4004926E+06

468.2  0.4002048E+06

468.4  0.3999172E+06

468.6  0.3996298E+06

468.8  0.3993427E+06

469.0  0.3990557E+06

469.2  0.3987690E+06

469.4  0.3984825E+06

469.6  0.3981962E+06

469.8  0.3979101E+06

470.0  0.3976242E+06

470.2  0.3973386E+06

470.4  0.3970532E+06

470.6  0.3967679E+06

470.8  0.3964829E+06

471.0  0.3961981E+06

471.2  0.3959135E+06

471.4  0.3956292E+06

471.6  0.3953450E+06

471.8  0.3950611E+06

472.0  0.3947773E+06

472.2  0.3944938E+06

472.4  0.3942105E+06

472.6  0.3939274E+06

472.8  0.3936445E+06

473.0  0.3933618E+06

473.2  0.3930793E+06

473.4  0.3927971E+06

473.6  0.3925150E+06

473.8  0.3922332E+06

474.0  0.3919516E+06

474.2  0.3916702E+06

474.4  0.3913890E+06

474.6  0.3911080E+06

474.8  0.3908272E+06

475.0  0.3905466E+06

475.2  0.3902662E+06

475.4  0.3899861E+06

475.6  0.3897061E+06

475.8  0.3894264E+06

476.0  0.3891469E+06

476.2  0.3888675E+06

476.4  0.3885884E+06

476.6  0.3883095E+06

476.8  0.3880308E+06

477.0  0.3877523E+06

477.2  0.3874740E+06

477.4  0.3871960E+06

477.6  0.3869181E+06

477.8  0.3866404E+06

478.0  0.3863630E+06

478.2  0.3860857E+06

478.4  0.3858087E+06

478.6  0.3855318E+06

478.8  0.3852552E+06

479.0  0.3849788E+06

479.2  0.3847026E+06

479.4  0.3844265E+06

479.6  0.3841507E+06

479.8  0.3838751E+06

480.0  0.3835997E+06

480.2  0.3833245E+06

480.4  0.3830496E+06

480.6  0.3827748E+06

480.8  0.3825002E+06

481.0  0.3822258E+06

481.2  0.3819516E+06

481.4  0.3816777E+06

481.6  0.3814039E+06

481.8  0.3811303E+06

482.0  0.3808570E+06

482.2  0.3805838E+06

482.4  0.3803109E+06

482.6  0.3800381E+06

482.8  0.3797656E+06

483.0  0.3794932E+06

483.2  0.3792211E+06

483.4  0.3789492E+06

483.6  0.3786774E+06

483.8  0.3784059E+06

484.0  0.3781345E+06

484.2  0.3778634E+06

484.4  0.3775925E+06

484.6  0.3773217E+06

484.8  0.3770512E+06

485.0  0.3767809E+06

485.2  0.3765107E+06

485.4  0.3762408E+06

485.6  0.3759711E+06

485.8  0.3757016E+06

486.0  0.3754322E+06

486.2  0.3751631E+06

486.4  0.3748942E+06

486.6  0.3746254E+06

486.8  0.3743569E+06

487.0  0.3740886E+06

487.2  0.3738204E+06

487.4  0.3735525E+06

487.6  0.3732848E+06

487.8  0.3730172E+06

488.0  0.3727499E+06

488.2  0.3724827E+06

488.4  0.3722158E+06

488.6  0.3719491E+06

488.8  0.3716825E+06

489.0  0.3714161E+06

489.2  0.3711500E+06

489.4  0.3708840E+06

489.6  0.3706183E+06

489.8  0.3703527E+06

490.0  0.3700873E+06

490.2  0.3698222E+06

490.4  0.3695572E+06

490.6  0.3692924E+06

490.8  0.3690278E+06

491.0  0.3687634E+06

491.2  0.3684992E+06

491.4  0.3682352E+06

491.6  0.3679714E+06

491.8  0.3677078E+06

492.0  0.3674444E+06

492.2  0.3671812E+06

492.4  0.3669182E+06

492.6  0.3666554E+06

492.8  0.3663927E+06

493.0  0.3661303E+06

493.2  0.3658680E+06

493.4  0.3656060E+06

493.6  0.3653441E+06

493.8  0.3650824E+06

494.0  0.3648210E+06

494.2  0.3645597E+06

494.4  0.3642986E+06

494.6  0.3640377E+06

494.8  0.3637770E+06

495.0  0.3635165E+06

495.2  0.3632562E+06

495.4  0.3629961E+06

495.6  0.3627361E+06

495.8  0.3624764E+06

496.0  0.3622168E+06

496.2  0.3619575E+06

496.4  0.3616983E+06

496.6  0.3614393E+06

496.8  0.3611805E+06

497.0  0.3609219E+06

497.2  0.3606635E+06

497.4  0.3604053E+06

497.6  0.3601473E+06

497.8  0.3598895E+06

498.0  0.3596318E+06

498.2  0.3593744E+06

498.4  0.3591171E+06

498.6  0.3588600E+06

498.8  0.3586031E+06

499.0  0.3583465E+06

499.2  0.3580899E+06

499.4  0.3578336E+06

499.6  0.3575775E+06

499.8  0.3573216E+06

500.0  0.3570658E+06

