100  0.2175290E+04

100.2  0.2421878E+04

100.4  0.2680242E+04

100.6  0.2949846E+04

100.8  0.3230141E+04

101.0  0.3520578E+04

101.2  0.3820604E+04

101.4  0.4129678E+04

101.6  0.4447262E+04

101.8  0.4772833E+04

102.0  0.5105884E+04

102.2  0.5445920E+04

102.4  0.5792465E+04

102.6  0.6145062E+04

102.8  0.6503271E+04

103.0  0.6866672E+04

103.2  0.7234862E+04

103.4  0.7607461E+04

103.6  0.7984105E+04

103.8  0.8364448E+04

104.0  0.8748163E+04

104.2  0.9134942E+04

104.4  0.9524491E+04

104.6  0.9916535E+04

104.8  0.1031081E+05

105.0  0.1070708E+05

105.2  0.1110511E+05

105.4  0.1150469E+05

105.6  0.1190560E+05

105.8  0.1230766E+05

106.0  0.1271070E+05

106.2  0.1311454E+05

106.4  0.1351903E+05

106.6  0.1392402E+05

106.8  0.1432938E+05

107.0  0.1473499E+05

107.2  0.1514072E+05

107.4  0.1554646E+05

107.6  0.1595212E+05

107.8  0.1635760E+05

108.0  0.1676281E+05

108.2  0.1716767E+05

108.4  0.1757211E+05

108.6  0.1797606E+05

108.8  0.1837945E+05

109.0  0.1878224E+05

109.2  0.1918436E+05

109.4  0.1958577E+05

109.6  0.1998642E+05

109.8  0.2038628E+05

110.0  0.2078531E+05

110.2  0.2118347E+05

110.4  0.2158075E+05

110.6  0.2197710E+05

110.8  0.2237251E+05

111.0  0.2276697E+05

111.2  0.2316044E+05

111.4  0.2355293E+05

111.6  0.2394441E+05

111.8  0.2433487E+05

112.0  0.2472431E+05

112.2  0.2511272E+05

112.4  0.2550009E+05

112.6  0.2588643E+05

112.8  0.2627173E+05

113.0  0.2665599E+05

113.2  0.2703921E+05

113.4  0.2742140E+05

113.6  0.2780256E+05

113.8  0.2818269E+05

114.0  0.2856181E+05

114.2  0.2893991E+05

114.4  0.2931700E+05

114.6  0.2969310E+05

114.8  0.3006822E+05

115.0  0.3044236E+05

115.2  0.3081553E+05

115.4  0.3118775E+05

115.6  0.3155903E+05

115.8  0.3192938E+05

116.0  0.3229881E+05

116.2  0.3266734E+05

116.4  0.3303499E+05

116.6  0.3340176E+05

116.8  0.3376767E+05

117.0  0.3413274E+05

117.2  0.3449697E+05

117.4  0.3486040E+05

117.6  0.3522303E+05

117.8  0.3558488E+05

118.0  0.3594596E+05

118.2  0.3630630E+05

118.4  0.3666591E+05

118.6  0.3702480E+05

118.8  0.3738299E+05

119.0  0.3774050E+05

119.2  0.3809735E+05

119.4  0.3845355E+05

119.6  0.3880912E+05

119.8  0.3916408E+05

120.0  0.3951844E+05

120.2  0.3987223E+05

120.4  0.4022545E+05

120.6  0.4057813E+05

120.8  0.4093029E+05

121.0  0.4128194E+05

121.2  0.4163309E+05

121.4  0.4198378E+05

121.6  0.4233400E+05

121.8  0.4268379E+05

122.0  0.4303316E+05

122.2  0.4338212E+05

122.4  0.4373069E+05

122.6  0.4407889E+05

122.8  0.4442674E+05

123.0  0.4477425E+05

123.2  0.4512145E+05

123.4  0.4546834E+05

123.6  0.4581494E+05

123.8  0.4616127E+05

124.0  0.4650735E+05

124.2  0.4685319E+05

124.4  0.4719882E+05

124.6  0.4754424E+05

124.8  0.4788947E+05

125.0  0.4823453E+05

125.2  0.4857943E+05

125.4  0.4892420E+05

125.6  0.4926884E+05

125.8  0.4961338E+05

126.0  0.4995782E+05

126.2  0.5030219E+05

126.4  0.5064650E+05

126.6  0.5099076E+05

126.8  0.5133500E+05

127.0  0.5167921E+05

127.2  0.5202343E+05

127.4  0.5236767E+05

127.6  0.5271194E+05

127.8  0.5305625E+05

128.0  0.5340063E+05

128.2  0.5374508E+05

128.4  0.5408962E+05

128.6  0.5443427E+05

128.8  0.5477903E+05

129.0  0.5512393E+05

129.2  0.5546898E+05

129.4  0.5581419E+05

129.6  0.5615958E+05

129.8  0.5650516E+05

130.0  0.5685095E+05

130.2  0.5719695E+05

130.4  0.5754318E+05

130.6  0.5788967E+05

130.8  0.5823641E+05

131.0  0.5858343E+05

131.2  0.5893073E+05

131.4  0.5927834E+05

131.6  0.5962625E+05

131.8  0.5997450E+05

132.0  0.6032309E+05

132.2  0.6067203E+05

132.4  0.6102134E+05

132.6  0.6137103E+05

132.8  0.6172111E+05

133.0  0.6207160E+05

133.2  0.6242250E+05

133.4  0.6277384E+05

133.6  0.6312562E+05

133.8  0.6347786E+05

134.0  0.6383057E+05

134.2  0.6418375E+05

134.4  0.6453744E+05

134.6  0.6489163E+05

134.8  0.6524634E+05

135.0  0.6560158E+05

135.2  0.6595736E+05

135.4  0.6631370E+05

135.6  0.6667060E+05

135.8  0.6702809E+05

136.0  0.6738617E+05

136.2  0.6774485E+05

136.4  0.6810414E+05

136.6  0.6846406E+05

136.8  0.6882462E+05

137.0  0.6918584E+05

137.2  0.6954771E+05

137.4  0.6991026E+05

137.6  0.7027349E+05

137.8  0.7063742E+05

138.0  0.7100206E+05

138.2  0.7136742E+05

138.4  0.7173351E+05

138.6  0.7210034E+05

138.8  0.7246792E+05

139.0  0.7283627E+05

139.2  0.7320540E+05

139.4  0.7357532E+05

139.6  0.7394603E+05

139.8  0.7431755E+05

140.0  0.7468990E+05

140.2  0.7506307E+05

140.4  0.7543709E+05

140.6  0.7581197E+05

140.8  0.7618771E+05

141.0  0.7656432E+05

141.2  0.7694182E+05

141.4  0.7732022E+05

141.6  0.7769953E+05

141.8  0.7807976E+05

142.0  0.7846091E+05

142.2  0.7884301E+05

142.4  0.7922606E+05

142.6  0.7961007E+05

142.8  0.7999506E+05

143.0  0.8038103E+05

143.2  0.8076799E+05

143.4  0.8115596E+05

143.6  0.8154494E+05

143.8  0.8193495E+05

144.0  0.8232600E+05

144.2  0.8271809E+05

144.4  0.8311124E+05

144.6  0.8350546E+05

144.8  0.8390076E+05

145.0  0.8429715E+05

145.2  0.8469464E+05

145.4  0.8509324E+05

145.6  0.8549296E+05

145.8  0.8589381E+05

146.0  0.8629580E+05

146.2  0.8669894E+05

146.4  0.8710325E+05

146.6  0.8750873E+05

146.8  0.8791539E+05

147.0  0.8832324E+05

147.2  0.8873230E+05

147.4  0.8914258E+05

147.6  0.8955408E+05

147.8  0.8996681E+05

148.0  0.9038079E+05

148.2  0.9079602E+05

148.4  0.9121252E+05

148.6  0.9163030E+05

148.8  0.9204936E+05

149.0  0.9246972E+05

149.2  0.9289138E+05

149.4  0.9331437E+05

149.6  0.9373868E+05

149.8  0.9416433E+05

150.0  0.9459133E+05

150.2  0.9501968E+05

150.4  0.9544941E+05

150.6  0.9588052E+05

150.8  0.9631301E+05

151.0  0.9674691E+05

151.2  0.9718221E+05

151.4  0.9761894E+05

151.6  0.9805710E+05

151.8  0.9849670E+05

152.0  0.9893775E+05

152.2  0.9938027E+05

152.4  0.9982425E+05

152.6  0.1002697E+06

152.8  0.1007167E+06

153.0  0.1011652E+06

153.2  0.1016151E+06

153.4  0.1020666E+06

153.6  0.1025197E+06

153.8  0.1029743E+06

154.0  0.1034304E+06

154.2  0.1038881E+06

154.4  0.1043474E+06

154.6  0.1048083E+06

154.8  0.1052708E+06

155.0  0.1057348E+06

155.2  0.1062005E+06

155.4  0.1066679E+06

155.6  0.1071368E+06

155.8  0.1076075E+06

156.0  0.1080797E+06

156.2  0.1085537E+06

156.4  0.1090293E+06

156.6  0.1095067E+06

156.8  0.1099857E+06

157.0  0.1104665E+06

157.2  0.1109489E+06

157.4  0.1114332E+06

157.6  0.1119191E+06

157.8  0.1124068E+06

158.0  0.1128963E+06

158.2  0.1133876E+06

158.4  0.1138807E+06

158.6  0.1143755E+06

158.8  0.1148722E+06

159.0  0.1153707E+06

159.2  0.1158710E+06

159.4  0.1163732E+06

159.6  0.1168773E+06

159.8  0.1173832E+06

160.0  0.1178910E+06

160.2  0.1184006E+06

160.4  0.1189122E+06

160.6  0.1194257E+06

160.8  0.1199411E+06

161.0  0.1204585E+06

161.2  0.1209778E+06

161.4  0.1214990E+06

161.6  0.1220223E+06

161.8  0.1225475E+06

162.0  0.1230747E+06

162.2  0.1236039E+06

162.4  0.1241351E+06

162.6  0.1246683E+06

162.8  0.1252036E+06

163.0  0.1257409E+06

163.2  0.1262803E+06

163.4  0.1268218E+06

163.6  0.1273654E+06

163.8  0.1279110E+06

164.0  0.1284588E+06

164.2  0.1290087E+06

164.4  0.1295607E+06

164.6  0.1301148E+06

164.8  0.1306711E+06

165.0  0.1312296E+06

165.2  0.1317903E+06

165.4  0.1323532E+06

165.6  0.1329182E+06

165.8  0.1334855E+06

166.0  0.1340550E+06

166.2  0.1346268E+06

166.4  0.1352008E+06

166.6  0.1357771E+06

166.8  0.1363557E+06

167.0  0.1369365E+06

167.2  0.1375197E+06

167.4  0.1381052E+06

167.6  0.1386930E+06

167.8  0.1392831E+06

168.0  0.1398757E+06

168.2  0.1404705E+06

168.4  0.1410678E+06

168.6  0.1416675E+06

168.8  0.1422696E+06

169.0  0.1428741E+06

169.2  0.1434810E+06

169.4  0.1440904E+06

169.6  0.1447022E+06

169.8  0.1453165E+06

170.0  0.1459334E+06

170.2  0.1465527E+06

170.4  0.1471745E+06

170.6  0.1477989E+06

170.8  0.1484258E+06

171.0  0.1490552E+06

171.2  0.1496873E+06

171.4  0.1503219E+06

171.6  0.1509591E+06

171.8  0.1515990E+06

172.0  0.1522415E+06

172.2  0.1528866E+06

172.4  0.1535343E+06

172.6  0.1541848E+06

172.8  0.1548379E+06

173.0  0.1554938E+06

173.2  0.1561523E+06

173.4  0.1568136E+06

173.6  0.1574777E+06

173.8  0.1581445E+06

174.0  0.1588140E+06

174.2  0.1594864E+06

174.4  0.1601616E+06

174.6  0.1608396E+06

174.8  0.1615205E+06

175.0  0.1622042E+06

175.2  0.1628907E+06

175.4  0.1635802E+06

175.6  0.1642726E+06

175.8  0.1649679E+06

176.0  0.1656661E+06

176.2  0.1663673E+06

176.4  0.1670714E+06

176.6  0.1677785E+06

176.8  0.1684887E+06

177.0  0.1692018E+06

177.2  0.1699180E+06

177.4  0.1706373E+06

177.6  0.1713596E+06

177.8  0.1720850E+06

178.0  0.1728135E+06

178.2  0.1735452E+06

178.4  0.1742800E+06

178.6  0.1750179E+06

178.8  0.1757590E+06

179.0  0.1765034E+06

179.2  0.1772509E+06

179.4  0.1780017E+06

179.6  0.1787557E+06

179.8  0.1795130E+06

180.0  0.1802736E+06

180.2  0.1810376E+06

180.4  0.1818048E+06

180.6  0.1825754E+06

180.8  0.1833494E+06

181.0  0.1841267E+06

181.2  0.1849075E+06

181.4  0.1856917E+06

181.6  0.1864794E+06

181.8  0.1872705E+06

182.0  0.1880652E+06

182.2  0.1888633E+06

182.4  0.1896650E+06

182.6  0.1904703E+06

182.8  0.1912792E+06

183.0  0.1920916E+06

183.2  0.1929077E+06

183.4  0.1937275E+06

183.6  0.1945509E+06

183.8  0.1953780E+06

184.0  0.1962089E+06

184.2  0.1970435E+06

184.4  0.1978819E+06

184.6  0.1987240E+06

184.8  0.1995701E+06

185.0  0.2004199E+06

185.2  0.2012736E+06

185.4  0.2021313E+06

185.6  0.2029929E+06

185.8  0.2038584E+06

186.0  0.2047279E+06

186.2  0.2056014E+06

186.4  0.2064790E+06

186.6  0.2073606E+06

186.8  0.2082464E+06

187.0  0.2091362E+06

187.2  0.2100302E+06

187.4  0.2109284E+06

187.6  0.2118309E+06

187.8  0.2127375E+06

188.0  0.2136485E+06

188.2  0.2145638E+06

188.4  0.2154834E+06

188.6  0.2164074E+06

188.8  0.2173358E+06

189.0  0.2182687E+06

189.2  0.2192060E+06

189.4  0.2201478E+06

189.6  0.2210942E+06

189.8  0.2220452E+06

190.0  0.2230009E+06

190.2  0.2239611E+06

190.4  0.2249261E+06

190.6  0.2258958E+06

190.8  0.2268703E+06

191.0  0.2278497E+06

191.2  0.2288338E+06

191.4  0.2298229E+06

191.6  0.2308169E+06

191.8  0.2318159E+06

192.0  0.2328199E+06

192.2  0.2338290E+06

192.4  0.2348432E+06

192.6  0.2358626E+06

192.8  0.2368872E+06

193.0  0.2379170E+06

193.2  0.2389521E+06

193.4  0.2399926E+06

193.6  0.2410384E+06

193.8  0.2420897E+06

194.0  0.2431465E+06

194.2  0.2442088E+06

194.4  0.2452768E+06

194.6  0.2463503E+06

194.8  0.2474296E+06

195.0  0.2485146E+06

195.2  0.2496055E+06

195.4  0.2507022E+06

195.6  0.2518048E+06

195.8  0.2529134E+06

196.0  0.2540280E+06

196.2  0.2551487E+06

196.4  0.2562756E+06

196.6  0.2574086E+06

196.8  0.2585480E+06

197.0  0.2596936E+06

197.2  0.2608457E+06

197.4  0.2620042E+06

197.6  0.2631693E+06

197.8  0.2643409E+06

198.0  0.2655192E+06

198.2  0.2667042E+06

198.4  0.2678960E+06

198.6  0.2690946E+06

198.8  0.2703001E+06

199.0  0.2715126E+06

199.2  0.2727322E+06

199.4  0.2739589E+06

199.6  0.2751928E+06

199.8  0.2764340E+06

200.0  0.2776825E+06

200.2  0.2789385E+06

200.4  0.2802019E+06

200.6  0.2814729E+06

200.8  0.2827515E+06

201.0  0.2840378E+06

201.2  0.2853319E+06

201.4  0.2866339E+06

201.6  0.2879438E+06

201.8  0.2892618E+06

202.0  0.2905878E+06

202.2  0.2919220E+06

202.4  0.2932645E+06

202.6  0.2946153E+06

202.8  0.2959745E+06

203.0  0.2973422E+06

203.2  0.2987185E+06

203.4  0.3001034E+06

203.6  0.3014971E+06

203.8  0.3028996E+06

204.0  0.3043110E+06

204.2  0.3057314E+06

204.4  0.3071608E+06

204.6  0.3085994E+06

204.8  0.3100472E+06

205.0  0.3115043E+06

205.2  0.3129708E+06

205.4  0.3144468E+06

205.6  0.3159323E+06

205.8  0.3174275E+06

206.0  0.3189324E+06

206.2  0.3204471E+06

206.4  0.3219717E+06

206.6  0.3235062E+06

206.8  0.3250508E+06

207.0  0.3266055E+06

207.2  0.3281704E+06

207.4  0.3297456E+06

207.6  0.3313312E+06

207.8  0.3329272E+06

208.0  0.3345338E+06

208.2  0.3361509E+06

208.4  0.3377788E+06

208.6  0.3394174E+06

208.8  0.3410668E+06

209.0  0.3427271E+06

209.2  0.3443984E+06

209.4  0.3460808E+06

209.6  0.3477743E+06

209.8  0.3494790E+06

210.0  0.3511949E+06

210.2  0.3529222E+06

210.4  0.3546609E+06

210.6  0.3564111E+06

210.8  0.3581729E+06

211.0  0.3599462E+06

211.2  0.3617312E+06

211.4  0.3635280E+06

211.6  0.3653365E+06

211.8  0.3671569E+06

212.0  0.3689892E+06

212.2  0.3708335E+06

212.4  0.3726898E+06

212.6  0.3745582E+06

212.8  0.3764387E+06

213.0  0.3783314E+06

213.2  0.3802364E+06

213.4  0.3821536E+06

213.6  0.3840831E+06

213.8  0.3860250E+06

214.0  0.3879793E+06

214.2  0.3899461E+06

214.4  0.3919254E+06

214.6  0.3939171E+06

214.8  0.3959215E+06

215.0  0.3979384E+06

215.2  0.3999679E+06

215.4  0.4020101E+06

215.6  0.4040649E+06

215.8  0.4061325E+06

216.0  0.4082127E+06

216.2  0.4103057E+06

216.4  0.4124115E+06

216.6  0.4145300E+06

216.8  0.4166612E+06

217.0  0.4188053E+06

217.2  0.4209621E+06

217.4  0.4231318E+06

217.6  0.4253142E+06

217.8  0.4275095E+06

218.0  0.4297175E+06

218.2  0.4319383E+06

218.4  0.4341719E+06

218.6  0.4364183E+06

218.8  0.4386774E+06

219.0  0.4409492E+06

219.2  0.4432338E+06

219.4  0.4455311E+06

219.6  0.4478410E+06

219.8  0.4501637E+06

220.0  0.4524989E+06

220.2  0.4548467E+06

220.4  0.4572070E+06

220.6  0.4595799E+06

220.8  0.4619653E+06

221.0  0.4643631E+06

221.2  0.4667732E+06

221.4  0.4691958E+06

221.6  0.4716306E+06

221.8  0.4740776E+06

222.0  0.4765368E+06

222.2  0.4790082E+06

222.4  0.4814916E+06

222.6  0.4839870E+06

222.8  0.4864943E+06

223.0  0.4890135E+06

223.2  0.4915444E+06

223.4  0.4940871E+06

223.6  0.4966414E+06

223.8  0.4992072E+06

224.0  0.5017846E+06

224.2  0.5043733E+06

224.4  0.5069733E+06

224.6  0.5095845E+06

224.8  0.5122068E+06

225.0  0.5148401E+06

225.2  0.5174843E+06

225.4  0.5201394E+06

225.6  0.5228052E+06

225.8  0.5254815E+06

226.0  0.5281684E+06

226.2  0.5308656E+06

226.4  0.5335732E+06

226.6  0.5362908E+06

226.8  0.5390185E+06

227.0  0.5417562E+06

227.2  0.5445036E+06

227.4  0.5472607E+06

227.6  0.5500273E+06

227.8  0.5528034E+06

228.0  0.5555887E+06

228.2  0.5583832E+06

228.4  0.5611866E+06

228.6  0.5639990E+06

228.8  0.5668201E+06

229.0  0.5696498E+06

229.2  0.5724879E+06

229.4  0.5753343E+06

229.6  0.5781889E+06

229.8  0.5810515E+06

230.0  0.5839220E+06

230.2  0.5868001E+06

230.4  0.5896858E+06

230.6  0.5925789E+06

230.8  0.5954792E+06

231.0  0.5983866E+06

231.2  0.6013010E+06

231.4  0.6042220E+06

231.6  0.6071497E+06

231.8  0.6100837E+06

232.0  0.6130240E+06

232.2  0.6159704E+06

232.4  0.6189228E+06

232.6  0.6218808E+06

232.8  0.6248445E+06

233.0  0.6278135E+06

233.2  0.6307878E+06

233.4  0.6337671E+06

233.6  0.6367513E+06

233.8  0.6397402E+06

234.0  0.6427336E+06

234.2  0.6457313E+06

234.4  0.6487332E+06

234.6  0.6517391E+06

234.8  0.6547488E+06

235.0  0.6577621E+06

235.2  0.6607789E+06

235.4  0.6637989E+06

235.6  0.6668219E+06

235.8  0.6698479E+06

236.0  0.6728765E+06

236.2  0.6759077E+06

236.4  0.6789412E+06

236.6  0.6819768E+06

236.8  0.6850144E+06

237.0  0.6880537E+06

237.2  0.6910947E+06

237.4  0.6941370E+06

237.6  0.6971805E+06

237.8  0.7002251E+06

238.0  0.7032705E+06

238.2  0.7063165E+06

238.4  0.7093630E+06

238.6  0.7124098E+06

238.8  0.7154567E+06

239.0  0.7185034E+06

239.2  0.7215499E+06

239.4  0.7245959E+06

239.6  0.7276413E+06

239.8  0.7306858E+06

240.0  0.7337293E+06

240.2  0.7367715E+06

240.4  0.7398124E+06

240.6  0.7428517E+06

240.8  0.7458892E+06

241.0  0.7489248E+06

241.2  0.7519583E+06

241.4  0.7549894E+06

241.6  0.7580181E+06

241.8  0.7610441E+06

242.0  0.7640672E+06

242.2  0.7670873E+06

242.4  0.7701042E+06

242.6  0.7731178E+06

242.8  0.7761277E+06

243.0  0.7791340E+06

243.2  0.7821363E+06

243.4  0.7851346E+06

243.6  0.7881286E+06

243.8  0.7911182E+06

244.0  0.7941032E+06

244.2  0.7970834E+06

244.4  0.8000587E+06

244.6  0.8030289E+06

244.8  0.8059939E+06

245.0  0.8089534E+06

245.2  0.8119074E+06

245.4  0.8148556E+06

245.6  0.8177978E+06

245.8  0.8207340E+06

246.0  0.8236640E+06

246.2  0.8265876E+06

246.4  0.8295047E+06

246.6  0.8324151E+06

246.8  0.8353186E+06

247.0  0.8382151E+06

247.2  0.8411045E+06

247.4  0.8439866E+06

247.6  0.8468612E+06

247.8  0.8497283E+06

248.0  0.8525876E+06

248.2  0.8554391E+06

248.4  0.8582825E+06

248.6  0.8611178E+06

248.8  0.8639448E+06

249.0  0.8667634E+06

249.2  0.8695734E+06

249.4  0.8723747E+06

249.6  0.8751672E+06

249.8  0.8779507E+06

250.0  0.8807252E+06

250.2  0.8834904E+06

250.4  0.8862463E+06

250.6  0.8889928E+06

250.8  0.8917297E+06

251.0  0.8944568E+06

251.2  0.8971742E+06

251.4  0.8998816E+06

251.6  0.9025790E+06

251.8  0.9052662E+06

252.0  0.9079431E+06

252.2  0.9106096E+06

252.4  0.9132657E+06

252.6  0.9159111E+06

252.8  0.9185459E+06

253.0  0.9211698E+06

253.2  0.9237829E+06

253.4  0.9263849E+06

253.6  0.9289758E+06

253.8  0.9315556E+06

254.0  0.9341240E+06

254.2  0.9366810E+06

254.4  0.9392266E+06

254.6  0.9417606E+06

254.8  0.9442830E+06

255.0  0.9467936E+06

255.2  0.9492924E+06

255.4  0.9517792E+06

255.6  0.9542541E+06

255.8  0.9567170E+06

256.0  0.9591676E+06

256.2  0.9616061E+06

256.4  0.9640323E+06

256.6  0.9664461E+06

256.8  0.9688474E+06

257.0  0.9712363E+06

257.2  0.9736126E+06

257.4  0.9759763E+06

257.6  0.9783272E+06

257.8  0.9806654E+06

258.0  0.9829908E+06

258.2  0.9853033E+06

258.4  0.9876029E+06

258.6  0.9898895E+06

258.8  0.9921630E+06

259.0  0.9944234E+06

259.2  0.9966707E+06

259.4  0.9989048E+06

259.6  0.1001126E+07

259.8  0.1003333E+07

260.0  0.1005527E+07

260.2  0.1007708E+07

260.4  0.1009876E+07

260.6  0.1012030E+07

260.8  0.1014170E+07

261.0  0.1016297E+07

261.2  0.1018410E+07

261.4  0.1020510E+07

261.6  0.1022596E+07

261.8  0.1024669E+07

262.0  0.1026727E+07

262.2  0.1028772E+07

262.4  0.1030804E+07

262.6  0.1032821E+07

262.8  0.1034825E+07

263.0  0.1036815E+07

263.2  0.1038791E+07

263.4  0.1040753E+07

263.6  0.1042701E+07

263.8  0.1044636E+07

264.0  0.1046556E+07

264.2  0.1048463E+07

264.4  0.1050355E+07

264.6  0.1052234E+07

264.8  0.1054099E+07

265.0  0.1055950E+07

265.2  0.1057786E+07

265.4  0.1059609E+07

265.6  0.1061418E+07

265.8  0.1063213E+07

266.0  0.1064994E+07

266.2  0.1066761E+07

266.4  0.1068514E+07

266.6  0.1070253E+07

266.8  0.1071977E+07

267.0  0.1073688E+07

267.2  0.1075385E+07

267.4  0.1077068E+07

267.6  0.1078737E+07

267.8  0.1080392E+07

268.0  0.1082033E+07

268.2  0.1083661E+07

268.4  0.1085274E+07

268.6  0.1086873E+07

268.8  0.1088459E+07

269.0  0.1090030E+07

269.2  0.1091588E+07

269.4  0.1093132E+07

269.6  0.1094661E+07

269.8  0.1096178E+07

270.0  0.1097680E+07

270.2  0.1099168E+07

270.4  0.1100643E+07

270.6  0.1102104E+07

270.8  0.1103551E+07

271.0  0.1104985E+07

271.2  0.1106405E+07

271.4  0.1107811E+07

271.6  0.1109204E+07

271.8  0.1110583E+07

272.0  0.1111948E+07

272.2  0.1113300E+07

272.4  0.1114639E+07

272.6  0.1115964E+07

272.8  0.1117275E+07

273.0  0.1118573E+07

273.2  0.1119858E+07

273.4  0.1121129E+07

273.6  0.1122387E+07

273.8  0.1123632E+07

274.0  0.1124864E+07

274.2  0.1126082E+07

274.4  0.1127287E+07

274.6  0.1128479E+07

274.8  0.1129658E+07

275.0  0.1130824E+07

275.2  0.1131976E+07

275.4  0.1133116E+07

275.6  0.1134243E+07

275.8  0.1135357E+07

276.0  0.1136458E+07

276.2  0.1137546E+07

276.4  0.1138621E+07

276.6  0.1139684E+07

276.8  0.1140734E+07

277.0  0.1141771E+07

277.2  0.1142796E+07

277.4  0.1143808E+07

277.6  0.1144807E+07

277.8  0.1145795E+07

278.0  0.1146769E+07

278.2  0.1147732E+07

278.4  0.1148681E+07

278.6  0.1149619E+07

278.8  0.1150545E+07

279.0  0.1151458E+07

279.2  0.1152359E+07

279.4  0.1153248E+07

279.6  0.1154125E+07

279.8  0.1154989E+07

280.0  0.1155842E+07

280.2  0.1156683E+07

280.4  0.1157513E+07

280.6  0.1158330E+07

280.8  0.1159136E+07

281.0  0.1159930E+07

281.2  0.1160712E+07

281.4  0.1161482E+07

281.6  0.1162242E+07

281.8  0.1162989E+07

282.0  0.1163725E+07

282.2  0.1164450E+07

282.4  0.1165164E+07

282.6  0.1165866E+07

282.8  0.1166557E+07

283.0  0.1167236E+07

283.2  0.1167905E+07

283.4  0.1168563E+07

283.6  0.1169209E+07

283.8  0.1169845E+07

284.0  0.1170469E+07

284.2  0.1171083E+07

284.4  0.1171686E+07

284.6  0.1172279E+07

284.8  0.1172860E+07

285.0  0.1173431E+07

285.2  0.1173991E+07

285.4  0.1174541E+07

285.6  0.1175081E+07

285.8  0.1175610E+07

286.0  0.1176128E+07

286.2  0.1176637E+07

286.4  0.1177135E+07

286.6  0.1177623E+07

286.8  0.1178100E+07

287.0  0.1178568E+07

287.2  0.1179026E+07

287.4  0.1179473E+07

287.6  0.1179911E+07

287.8  0.1180339E+07

288.0  0.1180757E+07

288.2  0.1181165E+07

288.4  0.1181564E+07

288.6  0.1181953E+07

288.8  0.1182332E+07

289.0  0.1182702E+07

289.2  0.1183063E+07

289.4  0.1183414E+07

289.6  0.1183756E+07

289.8  0.1184088E+07

290.0  0.1184411E+07

290.2  0.1184725E+07

290.4  0.1185030E+07

290.6  0.1185326E+07

290.8  0.1185613E+07

291.0  0.1185890E+07

291.2  0.1186159E+07

291.4  0.1186419E+07

291.6  0.1186671E+07

291.8  0.1186913E+07

292.0  0.1187147E+07

292.2  0.1187372E+07

292.4  0.1187589E+07

292.6  0.1187797E+07

292.8  0.1187996E+07

293.0  0.1188188E+07

293.2  0.1188370E+07

293.4  0.1188545E+07

293.6  0.1188711E+07

293.8  0.1188869E+07

294.0  0.1189019E+07

294.2  0.1189161E+07

294.4  0.1189295E+07

294.6  0.1189421E+07

294.8  0.1189539E+07

295.0  0.1189649E+07

295.2  0.1189751E+07

295.4  0.1189846E+07

295.6  0.1189933E+07

295.8  0.1190012E+07

296.0  0.1190083E+07

296.2  0.1190147E+07

296.4  0.1190204E+07

296.6  0.1190253E+07

296.8  0.1190295E+07

297.0  0.1190329E+07

297.2  0.1190356E+07

297.4  0.1190376E+07

297.6  0.1190388E+07

297.8  0.1190394E+07

298.0  0.1190392E+07

298.2  0.1190383E+07

298.4  0.1190368E+07

298.6  0.1190345E+07

298.8  0.1190316E+07

299.0  0.1190279E+07

299.2  0.1190236E+07

299.4  0.1190187E+07

299.6  0.1190130E+07

299.8  0.1190067E+07

300.0  0.1189997E+07

300.2  0.1189921E+07

300.4  0.1189838E+07

300.6  0.1189749E+07

300.8  0.1189654E+07

301.0  0.1189552E+07

301.2  0.1189444E+07

301.4  0.1189329E+07

301.6  0.1189209E+07

301.8  0.1189082E+07

302.0  0.1188949E+07

302.2  0.1188810E+07

302.4  0.1188665E+07

302.6  0.1188514E+07

302.8  0.1188358E+07

303.0  0.1188195E+07

303.2  0.1188026E+07

303.4  0.1187852E+07

303.6  0.1187672E+07

303.8  0.1187487E+07

304.0  0.1187295E+07

304.2  0.1187098E+07

304.4  0.1186896E+07

304.6  0.1186688E+07

304.8  0.1186475E+07

305.0  0.1186256E+07

305.2  0.1186032E+07

305.4  0.1185802E+07

305.6  0.1185568E+07

305.8  0.1185327E+07

306.0  0.1185082E+07

306.2  0.1184832E+07

306.4  0.1184576E+07

306.6  0.1184316E+07

306.8  0.1184050E+07

307.0  0.1183780E+07

307.2  0.1183504E+07

307.4  0.1183224E+07

307.6  0.1182939E+07

307.8  0.1182648E+07

308.0  0.1182354E+07

308.2  0.1182054E+07

308.4  0.1181750E+07

308.6  0.1181441E+07

308.8  0.1181127E+07

309.0  0.1180809E+07

309.2  0.1180486E+07

309.4  0.1180159E+07

309.6  0.1179827E+07

309.8  0.1179491E+07

310.0  0.1179151E+07

310.2  0.1178806E+07

310.4  0.1178457E+07

310.6  0.1178104E+07

310.8  0.1177746E+07

311.0  0.1177384E+07

311.2  0.1177018E+07

311.4  0.1176648E+07

311.6  0.1176274E+07

311.8  0.1175896E+07

312.0  0.1175514E+07

312.2  0.1175127E+07

312.4  0.1174737E+07

312.6  0.1174343E+07

312.8  0.1173945E+07

313.0  0.1173544E+07

313.2  0.1173138E+07

313.4  0.1172729E+07

313.6  0.1172316E+07

313.8  0.1171899E+07

314.0  0.1171479E+07

314.2  0.1171055E+07

314.4  0.1170627E+07

314.6  0.1170196E+07

314.8  0.1169761E+07

315.0  0.1169323E+07

315.2  0.1168882E+07

315.4  0.1168436E+07

315.6  0.1167988E+07

315.8  0.1167536E+07

316.0  0.1167081E+07

316.2  0.1166623E+07

316.4  0.1166161E+07

316.6  0.1165696E+07

316.8  0.1165228E+07

317.0  0.1164757E+07

317.2  0.1164282E+07

317.4  0.1163805E+07

317.6  0.1163324E+07

317.8  0.1162841E+07

318.0  0.1162354E+07

318.2  0.1161864E+07

318.4  0.1161372E+07

318.6  0.1160876E+07

318.8  0.1160378E+07

319.0  0.1159876E+07

319.2  0.1159372E+07

319.4  0.1158865E+07

319.6  0.1158355E+07

319.8  0.1157843E+07

320.0  0.1157327E+07

320.2  0.1156809E+07

320.4  0.1156289E+07

320.6  0.1155765E+07

320.8  0.1155240E+07

321.0  0.1154711E+07

321.2  0.1154180E+07

321.4  0.1153646E+07

321.6  0.1153110E+07

321.8  0.1152571E+07

322.0  0.1152030E+07

322.2  0.1151487E+07

322.4  0.1150941E+07

322.6  0.1150393E+07

322.8  0.1149842E+07

323.0  0.1149289E+07

323.2  0.1148734E+07

323.4  0.1148176E+07

323.6  0.1147616E+07

323.8  0.1147054E+07

324.0  0.1146490E+07

324.2  0.1145923E+07

324.4  0.1145354E+07

324.6  0.1144784E+07

324.8  0.1144211E+07

325.0  0.1143636E+07

325.2  0.1143058E+07

325.4  0.1142479E+07

325.6  0.1141898E+07

325.8  0.1141315E+07

326.0  0.1140730E+07

326.2  0.1140143E+07

326.4  0.1139554E+07

326.6  0.1138963E+07

326.8  0.1138370E+07

327.0  0.1137775E+07

327.2  0.1137178E+07

327.4  0.1136580E+07

327.6  0.1135980E+07

327.8  0.1135378E+07

328.0  0.1134774E+07

328.2  0.1134168E+07

328.4  0.1133561E+07

328.6  0.1132952E+07

328.8  0.1132342E+07

329.0  0.1131729E+07

329.2  0.1131115E+07

329.4  0.1130500E+07

329.6  0.1129883E+07

329.8  0.1129264E+07

330.0  0.1128644E+07

330.2  0.1128022E+07

330.4  0.1127398E+07

330.6  0.1126773E+07

330.8  0.1126147E+07

331.0  0.1125519E+07

331.2  0.1124890E+07

331.4  0.1124259E+07

331.6  0.1123627E+07

331.8  0.1122993E+07

332.0  0.1122358E+07

332.2  0.1121722E+07

332.4  0.1121084E+07

332.6  0.1120445E+07

332.8  0.1119805E+07

333.0  0.1119163E+07

333.2  0.1118520E+07

333.4  0.1117876E+07

333.6  0.1117231E+07

333.8  0.1116584E+07

334.0  0.1115936E+07

334.2  0.1115287E+07

334.4  0.1114637E+07

334.6  0.1113986E+07

334.8  0.1113333E+07

335.0  0.1112679E+07

335.2  0.1112025E+07

335.4  0.1111369E+07

335.6  0.1110712E+07

335.8  0.1110054E+07

336.0  0.1109394E+07

336.2  0.1108734E+07

336.4  0.1108073E+07

336.6  0.1107411E+07

336.8  0.1106748E+07

337.0  0.1106084E+07

337.2  0.1105418E+07

337.4  0.1104752E+07

337.6  0.1104085E+07

337.8  0.1103417E+07

338.0  0.1102748E+07

338.2  0.1102079E+07

338.4  0.1101408E+07

338.6  0.1100736E+07

338.8  0.1100064E+07

339.0  0.1099391E+07

339.2  0.1098717E+07

339.4  0.1098042E+07

339.6  0.1097366E+07

339.8  0.1096689E+07

340.0  0.1096012E+07

340.2  0.1095334E+07

340.4  0.1094655E+07

340.6  0.1093976E+07

340.8  0.1093295E+07

341.0  0.1092614E+07

341.2  0.1091933E+07

341.4  0.1091250E+07

341.6  0.1090567E+07

341.8  0.1089883E+07

342.0  0.1089199E+07

342.2  0.1088514E+07

342.4  0.1087828E+07

342.6  0.1087142E+07

342.8  0.1086455E+07

343.0  0.1085767E+07

343.2  0.1085079E+07

343.4  0.1084390E+07

343.6  0.1083701E+07

343.8  0.1083011E+07

344.0  0.1082321E+07

344.2  0.1081630E+07

344.4  0.1080938E+07

344.6  0.1080246E+07

344.8  0.1079554E+07

345.0  0.1078861E+07

345.2  0.1078167E+07

345.4  0.1077473E+07

345.6  0.1076779E+07

345.8  0.1076084E+07

346.0  0.1075388E+07

346.2  0.1074692E+07

346.4  0.1073996E+07

346.6  0.1073300E+07

346.8  0.1072602E+07

347.0  0.1071905E+07

347.2  0.1071207E+07

347.4  0.1070509E+07

347.6  0.1069810E+07

347.8  0.1069111E+07

348.0  0.1068412E+07

348.2  0.1067712E+07

348.4  0.1067012E+07

348.6  0.1066312E+07

348.8  0.1065611E+07

349.0  0.1064910E+07

349.2  0.1064209E+07

349.4  0.1063507E+07

349.6  0.1062805E+07

349.8  0.1062103E+07

350.0  0.1061401E+07

350.2  0.1060698E+07

350.4  0.1059995E+07

350.6  0.1059292E+07

350.8  0.1058588E+07

351.0  0.1057885E+07

351.2  0.1057181E+07

351.4  0.1056477E+07

351.6  0.1055772E+07

351.8  0.1055068E+07

352.0  0.1054363E+07

352.2  0.1053658E+07

352.4  0.1052953E+07

352.6  0.1052248E+07

352.8  0.1051542E+07

353.0  0.1050837E+07

353.2  0.1050131E+07

353.4  0.1049425E+07

353.6  0.1048719E+07

353.8  0.1048013E+07

354.0  0.1047306E+07

354.2  0.1046600E+07

354.4  0.1045893E+07

354.6  0.1045187E+07

354.8  0.1044480E+07

355.0  0.1043773E+07

355.2  0.1043066E+07

355.4  0.1042359E+07

355.6  0.1041652E+07

355.8  0.1040945E+07

356.0  0.1040238E+07

356.2  0.1039531E+07

356.4  0.1038823E+07

356.6  0.1038116E+07

356.8  0.1037409E+07

357.0  0.1036701E+07

357.2  0.1035994E+07

357.4  0.1035286E+07

357.6  0.1034579E+07

357.8  0.1033871E+07

358.0  0.1033164E+07

358.2  0.1032456E+07

358.4  0.1031749E+07

358.6  0.1031041E+07

358.8  0.1030334E+07

359.0  0.1029626E+07

359.2  0.1028919E+07

359.4  0.1028211E+07

359.6  0.1027504E+07

359.8  0.1026797E+07

360.0  0.1026089E+07

360.2  0.1025382E+07

360.4  0.1024675E+07

360.6  0.1023968E+07

360.8  0.1023261E+07

361.0  0.1022554E+07

361.2  0.1021847E+07

361.4  0.1021140E+07

361.6  0.1020434E+07

361.8  0.1019727E+07

362.0  0.1019021E+07

362.2  0.1018314E+07

362.4  0.1017608E+07

362.6  0.1016902E+07

362.8  0.1016195E+07

363.0  0.1015489E+07

363.2  0.1014784E+07

363.4  0.1014078E+07

363.6  0.1013372E+07

363.8  0.1012667E+07

364.0  0.1011961E+07

364.2  0.1011256E+07

364.4  0.1010551E+07

364.6  0.1009846E+07

364.8  0.1009142E+07

365.0  0.1008437E+07

365.2  0.1007732E+07

365.4  0.1007028E+07

365.6  0.1006324E+07

365.8  0.1005620E+07

366.0  0.1004916E+07

366.2  0.1004213E+07

366.4  0.1003509E+07

366.6  0.1002806E+07

366.8  0.1002103E+07

367.0  0.1001400E+07

367.2  0.1000698E+07

367.4  0.9999954E+06

367.6  0.9992932E+06

367.8  0.9985911E+06

368.0  0.9978893E+06

368.2  0.9971877E+06

368.4  0.9964864E+06

368.6  0.9957852E+06

368.8  0.9950843E+06

369.0  0.9943836E+06

369.2  0.9936831E+06

369.4  0.9929828E+06

369.6  0.9922828E+06

369.8  0.9915831E+06

370.0  0.9908835E+06

370.2  0.9901842E+06

370.4  0.9894852E+06

370.6  0.9887864E+06

370.8  0.9880879E+06

371.0  0.9873896E+06

371.2  0.9866916E+06

371.4  0.9859938E+06

371.6  0.9852963E+06

371.8  0.9845991E+06

372.0  0.9839021E+06

372.2  0.9832054E+06

372.4  0.9825090E+06

372.6  0.9818128E+06

372.8  0.9811170E+06

373.0  0.9804214E+06

373.2  0.9797261E+06

373.4  0.9790311E+06

373.6  0.9783364E+06

373.8  0.9776419E+06

374.0  0.9769478E+06

374.2  0.9762539E+06

374.4  0.9755604E+06

374.6  0.9748671E+06

374.8  0.9741742E+06

375.0  0.9734816E+06

375.2  0.9727892E+06

375.4  0.9720972E+06

375.6  0.9714055E+06

375.8  0.9707141E+06

376.0  0.9700230E+06

376.2  0.9693323E+06

376.4  0.9686418E+06

376.6  0.9679517E+06

376.8  0.9672619E+06

377.0  0.9665724E+06

377.2  0.9658833E+06

377.4  0.9651945E+06

377.6  0.9645060E+06

377.8  0.9638178E+06

378.0  0.9631300E+06

378.2  0.9624425E+06

378.4  0.9617554E+06

378.6  0.9610686E+06

378.8  0.9603821E+06

379.0  0.9596960E+06

379.2  0.9590102E+06

379.4  0.9583248E+06

379.6  0.9576398E+06

379.8  0.9569550E+06

380.0  0.9562707E+06

380.2  0.9555866E+06

380.4  0.9549030E+06

380.6  0.9542197E+06

380.8  0.9535368E+06

381.0  0.9528542E+06

381.2  0.9521719E+06

381.4  0.9514901E+06

381.6  0.9508086E+06

381.8  0.9501275E+06

382.0  0.9494467E+06

382.2  0.9487663E+06

382.4  0.9480863E+06

382.6  0.9474067E+06

382.8  0.9467274E+06

383.0  0.9460485E+06

383.2  0.9453700E+06

383.4  0.9446918E+06

383.6  0.9440141E+06

383.8  0.9433367E+06

384.0  0.9426597E+06

384.2  0.9419831E+06

384.4  0.9413068E+06

384.6  0.9406310E+06

384.8  0.9399555E+06

385.0  0.9392804E+06

385.2  0.9386057E+06

385.4  0.9379314E+06

385.6  0.9372575E+06

385.8  0.9365840E+06

386.0  0.9359109E+06

386.2  0.9352382E+06

386.4  0.9345658E+06

386.6  0.9338939E+06

386.8  0.9332223E+06

387.0  0.9325512E+06

387.2  0.9318804E+06

387.4  0.9312101E+06

387.6  0.9305402E+06

387.8  0.9298706E+06

388.0  0.9292015E+06

388.2  0.9285327E+06

388.4  0.9278644E+06

388.6  0.9271965E+06

388.8  0.9265290E+06

389.0  0.9258619E+06

389.2  0.9251952E+06

389.4  0.9245289E+06

389.6  0.9238630E+06

389.8  0.9231975E+06

390.0  0.9225325E+06

390.2  0.9218678E+06

390.4  0.9212036E+06

390.6  0.9205398E+06

390.8  0.9198764E+06

391.0  0.9192134E+06

391.2  0.9185508E+06

391.4  0.9178887E+06

391.6  0.9172269E+06

391.8  0.9165656E+06

392.0  0.9159047E+06

392.2  0.9152442E+06

392.4  0.9145842E+06

392.6  0.9139246E+06

392.8  0.9132654E+06

393.0  0.9126066E+06

393.2  0.9119482E+06

393.4  0.9112903E+06

393.6  0.9106327E+06

393.8  0.9099757E+06

394.0  0.9093190E+06

394.2  0.9086628E+06

394.4  0.9080069E+06

394.6  0.9073516E+06

394.8  0.9066966E+06

395.0  0.9060421E+06

395.2  0.9053880E+06

395.4  0.9047343E+06

395.6  0.9040811E+06

395.8  0.9034283E+06

396.0  0.9027759E+06

396.2  0.9021239E+06

396.4  0.9014724E+06

396.6  0.9008214E+06

396.8  0.9001707E+06

397.0  0.8995205E+06

397.2  0.8988707E+06

397.4  0.8982214E+06

397.6  0.8975725E+06

397.8  0.8969240E+06

398.0  0.8962759E+06

398.2  0.8956283E+06

398.4  0.8949812E+06

398.6  0.8943344E+06

398.8  0.8936882E+06

399.0  0.8930423E+06

399.2  0.8923969E+06

399.4  0.8917519E+06

399.6  0.8911074E+06

399.8  0.8904633E+06

400.0  0.8898196E+06

400.2  0.8891764E+06

400.4  0.8885336E+06

400.6  0.8878912E+06

400.8  0.8872493E+06

401.0  0.8866079E+06

401.2  0.8859668E+06

401.4  0.8853263E+06

401.6  0.8846861E+06

401.8  0.8840464E+06

402.0  0.8834072E+06

402.2  0.8827684E+06

402.4  0.8821300E+06

402.6  0.8814921E+06

402.8  0.8808546E+06

403.0  0.8802175E+06

403.2  0.8795809E+06

403.4  0.8789448E+06

403.6  0.8783091E+06

403.8  0.8776738E+06

404.0  0.8770390E+06

404.2  0.8764046E+06

404.4  0.8757706E+06

404.6  0.8751371E+06

404.8  0.8745041E+06

405.0  0.8738715E+06

405.2  0.8732393E+06

405.4  0.8726076E+06

405.6  0.8719764E+06

405.8  0.8713455E+06

406.0  0.8707152E+06

406.2  0.8700852E+06

406.4  0.8694557E+06

406.6  0.8688267E+06

406.8  0.8681981E+06

407.0  0.8675699E+06

407.2  0.8669422E+06

407.4  0.8663150E+06

407.6  0.8656882E+06

407.8  0.8650618E+06

408.0  0.8644359E+06

408.2  0.8638104E+06

408.4  0.8631854E+06

408.6  0.8625608E+06

408.8  0.8619367E+06

409.0  0.8613130E+06

409.2  0.8606898E+06

409.4  0.8600670E+06

409.6  0.8594446E+06

409.8  0.8588227E+06

410.0  0.8582013E+06

410.2  0.8575803E+06

410.4  0.8569597E+06

410.6  0.8563396E+06

410.8  0.8557199E+06

411.0  0.8551007E+06

411.2  0.8544819E+06

411.4  0.8538636E+06

411.6  0.8532457E+06

411.8  0.8526283E+06

412.0  0.8520113E+06

412.2  0.8513948E+06

412.4  0.8507787E+06

412.6  0.8501630E+06

412.8  0.8495478E+06

413.0  0.8489331E+06

413.2  0.8483187E+06

413.4  0.8477049E+06

413.6  0.8470915E+06

413.8  0.8464785E+06

414.0  0.8458660E+06

414.2  0.8452539E+06

414.4  0.8446423E+06

414.6  0.8440311E+06

414.8  0.8434203E+06

415.0  0.8428100E+06

415.2  0.8422002E+06

415.4  0.8415908E+06

415.6  0.8409818E+06

415.8  0.8403733E+06

416.0  0.8397653E+06

416.2  0.8391576E+06

416.4  0.8385505E+06

416.6  0.8379437E+06

416.8  0.8373374E+06

417.0  0.8367316E+06

417.2  0.8361262E+06

417.4  0.8355213E+06

417.6  0.8349167E+06

417.8  0.8343127E+06

418.0  0.8337091E+06

418.2  0.8331059E+06

418.4  0.8325032E+06

418.6  0.8319009E+06

418.8  0.8312990E+06

419.0  0.8306976E+06

419.2  0.8300967E+06

419.4  0.8294962E+06

419.6  0.8288961E+06

419.8  0.8282965E+06

420.0  0.8276973E+06

420.2  0.8270985E+06

420.4  0.8265002E+06

420.6  0.8259024E+06

420.8  0.8253049E+06

421.0  0.8247080E+06

421.2  0.8241114E+06

421.4  0.8235153E+06

421.6  0.8229197E+06

421.8  0.8223245E+06

422.0  0.8217297E+06

422.2  0.8211354E+06

422.4  0.8205415E+06

422.6  0.8199481E+06

422.8  0.8193550E+06

423.0  0.8187625E+06

423.2  0.8181704E+06

423.4  0.8175787E+06

423.6  0.8169874E+06

423.8  0.8163966E+06

424.0  0.8158062E+06

424.2  0.8152163E+06

424.4  0.8146268E+06

424.6  0.8140378E+06

424.8  0.8134492E+06

425.0  0.8128610E+06

425.2  0.8122732E+06

425.4  0.8116859E+06

425.6  0.8110991E+06

425.8  0.8105126E+06

426.0  0.8099267E+06

426.2  0.8093411E+06

426.4  0.8087560E+06

426.6  0.8081713E+06

426.8  0.8075871E+06

427.0  0.8070033E+06

427.2  0.8064199E+06

427.4  0.8058369E+06

427.6  0.8052544E+06

427.8  0.8046724E+06

428.0  0.8040907E+06

428.2  0.8035095E+06

428.4  0.8029288E+06

428.6  0.8023484E+06

428.8  0.8017685E+06

429.0  0.8011891E+06

429.2  0.8006101E+06

429.4  0.8000315E+06

429.6  0.7994533E+06

429.8  0.7988756E+06

430.0  0.7982983E+06

430.2  0.7977214E+06

430.4  0.7971450E+06

430.6  0.7965690E+06

430.8  0.7959934E+06

431.0  0.7954182E+06

431.2  0.7948435E+06

431.4  0.7942692E+06

431.6  0.7936954E+06

431.8  0.7931220E+06

432.0  0.7925490E+06

432.2  0.7919764E+06

432.4  0.7914043E+06

432.6  0.7908326E+06

432.8  0.7902613E+06

433.0  0.7896905E+06

433.2  0.7891200E+06

433.4  0.7885500E+06

433.6  0.7879805E+06

433.8  0.7874113E+06

434.0  0.7868426E+06

434.2  0.7862743E+06

434.4  0.7857065E+06

434.6  0.7851391E+06

434.8  0.7845721E+06

435.0  0.7840055E+06

435.2  0.7834393E+06

435.4  0.7828736E+06

435.6  0.7823083E+06

435.8  0.7817434E+06

436.0  0.7811789E+06

436.2  0.7806149E+06

436.4  0.7800513E+06

436.6  0.7794881E+06

436.8  0.7789254E+06

437.0  0.7783630E+06

437.2  0.7778011E+06

437.4  0.7772396E+06

437.6  0.7766785E+06

437.8  0.7761179E+06

438.0  0.7755576E+06

438.2  0.7749978E+06

438.4  0.7744384E+06

438.6  0.7738795E+06

438.8  0.7733209E+06

439.0  0.7727628E+06

439.2  0.7722051E+06

439.4  0.7716478E+06

439.6  0.7710909E+06

439.8  0.7705345E+06

440.0  0.7699784E+06

440.2  0.7694228E+06

440.4  0.7688676E+06

440.6  0.7683128E+06

440.8  0.7677585E+06

441.0  0.7672045E+06

441.2  0.7666510E+06

441.4  0.7660979E+06

441.6  0.7655452E+06

441.8  0.7649929E+06

442.0  0.7644410E+06

442.2  0.7638896E+06

442.4  0.7633385E+06

442.6  0.7627879E+06

442.8  0.7622377E+06

443.0  0.7616879E+06

443.2  0.7611385E+06

443.4  0.7605896E+06

443.6  0.7600410E+06

443.8  0.7594929E+06

444.0  0.7589451E+06

444.2  0.7583978E+06

444.4  0.7578509E+06

444.6  0.7573044E+06

444.8  0.7567583E+06

445.0  0.7562126E+06

445.2  0.7556674E+06

445.4  0.7551225E+06

445.6  0.7545781E+06

445.8  0.7540340E+06

446.0  0.7534904E+06

446.2  0.7529472E+06

446.4  0.7524044E+06

446.6  0.7518620E+06

446.8  0.7513200E+06

447.0  0.7507784E+06

447.2  0.7502372E+06

447.4  0.7496964E+06

447.6  0.7491561E+06

447.8  0.7486161E+06

448.0  0.7480766E+06

448.2  0.7475374E+06

448.4  0.7469987E+06

448.6  0.7464603E+06

448.8  0.7459224E+06

449.0  0.7453849E+06

449.2  0.7448478E+06

449.4  0.7443110E+06

449.6  0.7437747E+06

449.8  0.7432388E+06

450.0  0.7427033E+06

450.2  0.7421682E+06

450.4  0.7416335E+06

450.6  0.7410992E+06

450.8  0.7405653E+06

451.0  0.7400318E+06

451.2  0.7394987E+06

451.4  0.7389660E+06

451.6  0.7384337E+06

451.8  0.7379018E+06

452.0  0.7373703E+06

452.2  0.7368392E+06

452.4  0.7363085E+06

452.6  0.7357782E+06

452.8  0.7352483E+06

453.0  0.7347188E+06

453.2  0.7341897E+06

453.4  0.7336610E+06

453.6  0.7331326E+06

453.8  0.7326047E+06

454.0  0.7320772E+06

454.2  0.7315501E+06

454.4  0.7310234E+06

454.6  0.7304970E+06

454.8  0.7299711E+06

455.0  0.7294455E+06

455.2  0.7289204E+06

455.4  0.7283956E+06

455.6  0.7278713E+06

455.8  0.7273473E+06

456.0  0.7268237E+06

456.2  0.7263006E+06

456.4  0.7257778E+06

456.6  0.7252554E+06

456.8  0.7247334E+06

457.0  0.7242118E+06

457.2  0.7236906E+06

457.4  0.7231697E+06

457.6  0.7226493E+06

457.8  0.7221292E+06

458.0  0.7216096E+06

458.2  0.7210903E+06

458.4  0.7205714E+06

458.6  0.7200530E+06

458.8  0.7195349E+06

459.0  0.7190171E+06

459.2  0.7184998E+06

459.4  0.7179829E+06

459.6  0.7174663E+06

459.8  0.7169502E+06

460.0  0.7164344E+06

460.2  0.7159190E+06

460.4  0.7154040E+06

460.6  0.7148894E+06

460.8  0.7143752E+06

461.0  0.7138613E+06

461.2  0.7133479E+06

461.4  0.7128348E+06

461.6  0.7123221E+06

461.8  0.7118098E+06

462.0  0.7112979E+06

462.2  0.7107863E+06

462.4  0.7102752E+06

462.6  0.7097644E+06

462.8  0.7092540E+06

463.0  0.7087440E+06

463.2  0.7082344E+06

463.4  0.7077251E+06

463.6  0.7072163E+06

463.8  0.7067078E+06

464.0  0.7061997E+06

464.2  0.7056920E+06

464.4  0.7051846E+06

464.6  0.7046777E+06

464.8  0.7041711E+06

465.0  0.7036649E+06

465.2  0.7031591E+06

465.4  0.7026536E+06

465.6  0.7021485E+06

465.8  0.7016438E+06

466.0  0.7011395E+06

466.2  0.7006356E+06

466.4  0.7001320E+06

466.6  0.6996289E+06

466.8  0.6991261E+06

467.0  0.6986236E+06

467.2  0.6981216E+06

467.4  0.6976199E+06

467.6  0.6971186E+06

467.8  0.6966176E+06

468.0  0.6961171E+06

468.2  0.6956169E+06

468.4  0.6951171E+06

468.6  0.6946177E+06

468.8  0.6941186E+06

469.0  0.6936199E+06

469.2  0.6931216E+06

469.4  0.6926237E+06

469.6  0.6921261E+06

469.8  0.6916289E+06

470.0  0.6911320E+06

470.2  0.6906356E+06

470.4  0.6901395E+06

470.6  0.6896438E+06

470.8  0.6891484E+06

471.0  0.6886534E+06

471.2  0.6881588E+06

471.4  0.6876646E+06

471.6  0.6871707E+06

471.8  0.6866772E+06

472.0  0.6861841E+06

472.2  0.6856913E+06

472.4  0.6851989E+06

472.6  0.6847069E+06

472.8  0.6842152E+06

473.0  0.6837239E+06

473.2  0.6832330E+06

473.4  0.6827424E+06

473.6  0.6822522E+06

473.8  0.6817624E+06

474.0  0.6812729E+06

474.2  0.6807838E+06

474.4  0.6802950E+06

474.6  0.6798067E+06

474.8  0.6793186E+06

475.0  0.6788310E+06

475.2  0.6783437E+06

475.4  0.6778568E+06

475.6  0.6773702E+06

475.8  0.6768840E+06

476.0  0.6763982E+06

476.2  0.6759127E+06

476.4  0.6754276E+06

476.6  0.6749428E+06

476.8  0.6744584E+06

477.0  0.6739744E+06

477.2  0.6734907E+06

477.4  0.6730074E+06

477.6  0.6725245E+06

477.8  0.6720419E+06

478.0  0.6715596E+06

478.2  0.6710777E+06

478.4  0.6705962E+06

478.6  0.6701151E+06

478.8  0.6696343E+06

479.0  0.6691538E+06

479.2  0.6686737E+06

479.4  0.6681940E+06

479.6  0.6677146E+06

479.8  0.6672356E+06

480.0  0.6667569E+06

480.2  0.6662786E+06

480.4  0.6658007E+06

480.6  0.6653231E+06

480.8  0.6648458E+06

481.0  0.6643689E+06

481.2  0.6638924E+06

481.4  0.6634162E+06

481.6  0.6629404E+06

481.8  0.6624649E+06

482.0  0.6619898E+06

482.2  0.6615150E+06

482.4  0.6610406E+06

482.6  0.6605665E+06

482.8  0.6600928E+06

483.0  0.6596195E+06

483.2  0.6591465E+06

483.4  0.6586738E+06

483.6  0.6582015E+06

483.8  0.6577295E+06

484.0  0.6572579E+06

484.2  0.6567867E+06

484.4  0.6563157E+06

484.6  0.6558452E+06

484.8  0.6553750E+06

485.0  0.6549051E+06

485.2  0.6544356E+06

485.4  0.6539664E+06

485.6  0.6534976E+06

485.8  0.6530291E+06

486.0  0.6525610E+06

486.2  0.6520932E+06

486.4  0.6516258E+06

486.6  0.6511587E+06

486.8  0.6506920E+06

487.0  0.6502256E+06

487.2  0.6497595E+06

487.4  0.6492938E+06

487.6  0.6488285E+06

487.8  0.6483635E+06

488.0  0.6478988E+06

488.2  0.6474345E+06

488.4  0.6469705E+06

488.6  0.6465068E+06

488.8  0.6460435E+06

489.0  0.6455806E+06

489.2  0.6451180E+06

489.4  0.6446557E+06

489.6  0.6441938E+06

489.8  0.6437322E+06

490.0  0.6432709E+06

490.2  0.6428100E+06

490.4  0.6423495E+06

490.6  0.6418892E+06

490.8  0.6414294E+06

491.0  0.6409698E+06

491.2  0.6405106E+06

491.4  0.6400518E+06

491.6  0.6395932E+06

491.8  0.6391350E+06

492.0  0.6386772E+06

492.2  0.6382197E+06

492.4  0.6377625E+06

492.6  0.6373057E+06

492.8  0.6368492E+06

493.0  0.6363930E+06

493.2  0.6359372E+06

493.4  0.6354817E+06

493.6  0.6350266E+06

493.8  0.6345717E+06

494.0  0.6341173E+06

494.2  0.6336631E+06

494.4  0.6332093E+06

494.6  0.6327558E+06

494.8  0.6323027E+06

495.0  0.6318499E+06

495.2  0.6313974E+06

495.4  0.6309453E+06

495.6  0.6304935E+06

495.8  0.6300420E+06

496.0  0.6295909E+06

496.2  0.6291401E+06

496.4  0.6286896E+06

496.6  0.6282395E+06

496.8  0.6277896E+06

497.0  0.6273402E+06

497.2  0.6268910E+06

497.4  0.6264422E+06

497.6  0.6259937E+06

497.8  0.6255456E+06

498.0  0.6250977E+06

498.2  0.6246502E+06

498.4  0.6242031E+06

498.6  0.6237562E+06

498.8  0.6233097E+06

499.0  0.6228636E+06

499.2  0.6224177E+06

499.4  0.6219722E+06

499.6  0.6215270E+06

499.8  0.6210821E+06

500.0  0.6206376E+06

