100  0.1450193E+04

100.2  0.1614585E+04

100.4  0.1786828E+04

100.6  0.1966564E+04

100.8  0.2153428E+04

101.0  0.2347052E+04

101.2  0.2547071E+04

101.4  0.2753120E+04

101.6  0.2964843E+04

101.8  0.3181891E+04

102.0  0.3403925E+04

102.2  0.3630617E+04

102.4  0.3861647E+04

102.6  0.4096713E+04

102.8  0.4335520E+04

103.0  0.4577788E+04

103.2  0.4823249E+04

103.4  0.5071650E+04

103.6  0.5322746E+04

103.8  0.5576310E+04

104.0  0.5832122E+04

104.2  0.6089976E+04

104.4  0.6349677E+04

104.6  0.6611042E+04

104.8  0.6873897E+04

105.0  0.7138078E+04

105.2  0.7403433E+04

105.4  0.7669817E+04

105.6  0.7937095E+04

105.8  0.8205140E+04

106.0  0.8473833E+04

106.2  0.8743063E+04

106.4  0.9012726E+04

106.6  0.9282725E+04

106.8  0.9552970E+04

107.0  0.9823376E+04

107.2  0.1009387E+05

107.4  0.1036436E+05

107.6  0.1063481E+05

107.8  0.1090513E+05

108.0  0.1117527E+05

108.2  0.1144518E+05

108.4  0.1171481E+05

108.6  0.1198412E+05

108.8  0.1225305E+05

109.0  0.1252158E+05

109.2  0.1278967E+05

109.4  0.1305728E+05

109.6  0.1332438E+05

109.8  0.1359096E+05

110.0  0.1385699E+05

110.2  0.1412243E+05

110.4  0.1438729E+05

110.6  0.1465153E+05

110.8  0.1491514E+05

111.0  0.1517812E+05

111.2  0.1544044E+05

111.4  0.1570210E+05

111.6  0.1596309E+05

111.8  0.1622341E+05

112.0  0.1648304E+05

112.2  0.1674198E+05

112.4  0.1700024E+05

112.6  0.1725781E+05

112.8  0.1751468E+05

113.0  0.1777086E+05

113.2  0.1802635E+05

113.4  0.1828114E+05

113.6  0.1853526E+05

113.8  0.1878868E+05

114.0  0.1904143E+05

114.2  0.1929351E+05

114.4  0.1954491E+05

114.6  0.1979565E+05

114.8  0.2004573E+05

115.0  0.2029516E+05

115.2  0.2054395E+05

115.4  0.2079211E+05

115.6  0.2103963E+05

115.8  0.2128654E+05

116.0  0.2153284E+05

116.2  0.2177853E+05

116.4  0.2202363E+05

116.6  0.2226816E+05

116.8  0.2251210E+05

117.0  0.2275549E+05

117.2  0.2299833E+05

117.4  0.2324062E+05

117.6  0.2348238E+05

117.8  0.2372362E+05

118.0  0.2396435E+05

118.2  0.2420458E+05

118.4  0.2444433E+05

118.6  0.2468360E+05

118.8  0.2492240E+05

119.0  0.2516075E+05

119.2  0.2539866E+05

119.4  0.2563614E+05

119.6  0.2587319E+05

119.8  0.2610984E+05

120.0  0.2634609E+05

120.2  0.2658196E+05

120.4  0.2681745E+05

120.6  0.2705259E+05

120.8  0.2728737E+05

121.0  0.2752181E+05

121.2  0.2775592E+05

121.4  0.2798972E+05

121.6  0.2822322E+05

121.8  0.2845642E+05

122.0  0.2868934E+05

122.2  0.2892200E+05

122.4  0.2915439E+05

122.6  0.2938654E+05

122.8  0.2961845E+05

123.0  0.2985014E+05

123.2  0.3008161E+05

123.4  0.3031288E+05

123.6  0.3054396E+05

123.8  0.3077486E+05

124.0  0.3100560E+05

124.2  0.3123617E+05

124.4  0.3146660E+05

124.6  0.3169690E+05

124.8  0.3192707E+05

125.0  0.3215712E+05

125.2  0.3238707E+05

125.4  0.3261693E+05

125.6  0.3284671E+05

125.8  0.3307642E+05

126.0  0.3330606E+05

126.2  0.3353566E+05

126.4  0.3376521E+05

126.6  0.3399474E+05

126.8  0.3422424E+05

127.0  0.3445374E+05

127.2  0.3468324E+05

127.4  0.3491275E+05

127.6  0.3514228E+05

127.8  0.3537184E+05

128.0  0.3560144E+05

128.2  0.3583109E+05

128.4  0.3606081E+05

128.6  0.3629059E+05

128.8  0.3652046E+05

129.0  0.3675041E+05

129.2  0.3698047E+05

129.4  0.3721063E+05

129.6  0.3744091E+05

129.8  0.3767132E+05

130.0  0.3790186E+05

130.2  0.3813256E+05

130.4  0.3836340E+05

130.6  0.3859442E+05

130.8  0.3882560E+05

131.0  0.3905697E+05

131.2  0.3928853E+05

131.4  0.3952030E+05

131.6  0.3975227E+05

131.8  0.3998446E+05

132.0  0.4021688E+05

132.2  0.4044953E+05

132.4  0.4068243E+05

132.6  0.4091559E+05

132.8  0.4114901E+05

133.0  0.4138269E+05

133.2  0.4161666E+05

133.4  0.4185092E+05

133.6  0.4208547E+05

133.8  0.4232033E+05

134.0  0.4255550E+05

134.2  0.4279099E+05

134.4  0.4302681E+05

134.6  0.4326297E+05

134.8  0.4349948E+05

135.0  0.4373634E+05

135.2  0.4397357E+05

135.4  0.4421117E+05

135.6  0.4444914E+05

135.8  0.4468750E+05

136.0  0.4492626E+05

136.2  0.4516542E+05

136.4  0.4540499E+05

136.6  0.4564498E+05

136.8  0.4588540E+05

137.0  0.4612625E+05

137.2  0.4636754E+05

137.4  0.4660928E+05

137.6  0.4685148E+05

137.8  0.4709415E+05

138.0  0.4733729E+05

138.2  0.4758091E+05

138.4  0.4782502E+05

138.6  0.4806962E+05

138.8  0.4831473E+05

139.0  0.4856035E+05

139.2  0.4880648E+05

139.4  0.4905315E+05

139.6  0.4930034E+05

139.8  0.4954808E+05

140.0  0.4979637E+05

140.2  0.5004521E+05

140.4  0.5029461E+05

140.6  0.5054459E+05

140.8  0.5079514E+05

141.0  0.5104628E+05

141.2  0.5129801E+05

141.4  0.5155034E+05

141.6  0.5180327E+05

141.8  0.5205683E+05

142.0  0.5231100E+05

142.2  0.5256580E+05

142.4  0.5282123E+05

142.6  0.5307731E+05

142.8  0.5333404E+05

143.0  0.5359143E+05

143.2  0.5384948E+05

143.4  0.5410820E+05

143.6  0.5436760E+05

143.8  0.5462769E+05

144.0  0.5488846E+05

144.2  0.5514994E+05

144.4  0.5541213E+05

144.6  0.5567503E+05

144.8  0.5593865E+05

145.0  0.5620299E+05

145.2  0.5646807E+05

145.4  0.5673390E+05

145.6  0.5700047E+05

145.8  0.5726780E+05

146.0  0.5753589E+05

146.2  0.5780475E+05

146.4  0.5807439E+05

146.6  0.5834481E+05

146.8  0.5861602E+05

147.0  0.5888803E+05

147.2  0.5916084E+05

147.4  0.5943447E+05

147.6  0.5970891E+05

147.8  0.5998418E+05

148.0  0.6026028E+05

148.2  0.6053722E+05

148.4  0.6081500E+05

148.6  0.6109364E+05

148.8  0.6137314E+05

149.0  0.6165351E+05

149.2  0.6193475E+05

149.4  0.6221687E+05

149.6  0.6249988E+05

149.8  0.6278378E+05

150.0  0.6306858E+05

150.2  0.6335429E+05

150.4  0.6364092E+05

150.6  0.6392847E+05

150.8  0.6421695E+05

151.0  0.6450636E+05

151.2  0.6479672E+05

151.4  0.6508803E+05

151.6  0.6538029E+05

151.8  0.6567352E+05

152.0  0.6596772E+05

152.2  0.6626290E+05

152.4  0.6655906E+05

152.6  0.6685622E+05

152.8  0.6715437E+05

153.0  0.6745353E+05

153.2  0.6775370E+05

153.4  0.6805489E+05

153.6  0.6835711E+05

153.8  0.6866036E+05

154.0  0.6896466E+05

154.2  0.6927000E+05

154.4  0.6957639E+05

154.6  0.6988385E+05

154.8  0.7019238E+05

155.0  0.7050199E+05

155.2  0.7081267E+05

155.4  0.7112445E+05

155.6  0.7143733E+05

155.8  0.7175131E+05

156.0  0.7206640E+05

156.2  0.7238261E+05

156.4  0.7269995E+05

156.6  0.7301843E+05

156.8  0.7333804E+05

157.0  0.7365880E+05

157.2  0.7398072E+05

157.4  0.7430380E+05

157.6  0.7462805E+05

157.8  0.7495347E+05

158.0  0.7528008E+05

158.2  0.7560789E+05

158.4  0.7593689E+05

158.6  0.7626710E+05

158.8  0.7659852E+05

159.0  0.7693117E+05

159.2  0.7726504E+05

159.4  0.7760015E+05

159.6  0.7793651E+05

159.8  0.7827411E+05

160.0  0.7861298E+05

160.2  0.7895311E+05

160.4  0.7929451E+05

160.6  0.7963720E+05

160.8  0.7998118E+05

161.0  0.8032645E+05

161.2  0.8067303E+05

161.4  0.8102092E+05

161.6  0.8137013E+05

161.8  0.8172067E+05

162.0  0.8207254E+05

162.2  0.8242576E+05

162.4  0.8278033E+05

162.6  0.8313626E+05

162.8  0.8349355E+05

163.0  0.8385222E+05

163.2  0.8421228E+05

163.4  0.8457372E+05

163.6  0.8493657E+05

163.8  0.8530082E+05

164.0  0.8566648E+05

164.2  0.8603357E+05

164.4  0.8640209E+05

164.6  0.8677205E+05

164.8  0.8714346E+05

165.0  0.8751632E+05

165.2  0.8789065E+05

165.4  0.8826645E+05

165.6  0.8864373E+05

165.8  0.8902251E+05

166.0  0.8940278E+05

166.2  0.8978455E+05

166.4  0.9016784E+05

166.6  0.9055266E+05

166.8  0.9093901E+05

167.0  0.9132689E+05

167.2  0.9171633E+05

167.4  0.9210733E+05

167.6  0.9249989E+05

167.8  0.9289403E+05

168.0  0.9328975E+05

168.2  0.9368707E+05

168.4  0.9408598E+05

168.6  0.9448651E+05

168.8  0.9488867E+05

169.0  0.9529245E+05

169.2  0.9569787E+05

169.4  0.9610494E+05

169.6  0.9651366E+05

169.8  0.9692405E+05

170.0  0.9733612E+05

170.2  0.9774988E+05

170.4  0.9816532E+05

170.6  0.9858248E+05

170.8  0.9900135E+05

171.0  0.9942194E+05

171.2  0.9984426E+05

171.4  0.1002683E+06

171.6  0.1006942E+06

171.8  0.1011217E+06

172.0  0.1015511E+06

172.2  0.1019822E+06

172.4  0.1024152E+06

172.6  0.1028499E+06

172.8  0.1032865E+06

173.0  0.1037248E+06

173.2  0.1041650E+06

173.4  0.1046071E+06

173.6  0.1050510E+06

173.8  0.1054968E+06

174.0  0.1059444E+06

174.2  0.1063940E+06

174.4  0.1068454E+06

174.6  0.1072988E+06

174.8  0.1077540E+06

175.0  0.1082112E+06

175.2  0.1086704E+06

175.4  0.1091315E+06

175.6  0.1095945E+06

175.8  0.1100596E+06

176.0  0.1105266E+06

176.2  0.1109956E+06

176.4  0.1114667E+06

176.6  0.1119397E+06

176.8  0.1124148E+06

177.0  0.1128920E+06

177.2  0.1133712E+06

177.4  0.1138525E+06

177.6  0.1143358E+06

177.8  0.1148213E+06

178.0  0.1153089E+06

178.2  0.1157986E+06

178.4  0.1162904E+06

178.6  0.1167844E+06

178.8  0.1172806E+06

179.0  0.1177789E+06

179.2  0.1182794E+06

179.4  0.1187821E+06

179.6  0.1192871E+06

179.8  0.1197942E+06

180.0  0.1203036E+06

180.2  0.1208153E+06

180.4  0.1213293E+06

180.6  0.1218455E+06

180.8  0.1223640E+06

181.0  0.1228849E+06

181.2  0.1234081E+06

181.4  0.1239336E+06

181.6  0.1244615E+06

181.8  0.1249918E+06

182.0  0.1255245E+06

182.2  0.1260596E+06

182.4  0.1265971E+06

182.6  0.1271371E+06

182.8  0.1276795E+06

183.0  0.1282244E+06

183.2  0.1287718E+06

183.4  0.1293218E+06

183.6  0.1298742E+06

183.8  0.1304292E+06

184.0  0.1309868E+06

184.2  0.1315470E+06

184.4  0.1321097E+06

184.6  0.1326751E+06

184.8  0.1332431E+06

185.0  0.1338138E+06

185.2  0.1343872E+06

185.4  0.1349633E+06

185.6  0.1355421E+06

185.8  0.1361237E+06

186.0  0.1367080E+06

186.2  0.1372951E+06

186.4  0.1378850E+06

186.6  0.1384777E+06

186.8  0.1390733E+06

187.0  0.1396718E+06

187.2  0.1402732E+06

187.4  0.1408775E+06

187.6  0.1414847E+06

187.8  0.1420949E+06

188.0  0.1427081E+06

188.2  0.1433244E+06

188.4  0.1439436E+06

188.6  0.1445660E+06

188.8  0.1451914E+06

189.0  0.1458200E+06

189.2  0.1464517E+06

189.4  0.1470866E+06

189.6  0.1477247E+06

189.8  0.1483660E+06

190.0  0.1490106E+06

190.2  0.1496584E+06

190.4  0.1503097E+06

190.6  0.1509642E+06

190.8  0.1516221E+06

191.0  0.1522835E+06

191.2  0.1529483E+06

191.4  0.1536165E+06

191.6  0.1542883E+06

191.8  0.1549636E+06

192.0  0.1556425E+06

192.2  0.1563250E+06

192.4  0.1570111E+06

192.6  0.1577009E+06

192.8  0.1583944E+06

193.0  0.1590917E+06

193.2  0.1597927E+06

193.4  0.1604976E+06

193.6  0.1612063E+06

193.8  0.1619189E+06

194.0  0.1626355E+06

194.2  0.1633560E+06

194.4  0.1640805E+06

194.6  0.1648091E+06

194.8  0.1655418E+06

195.0  0.1662786E+06

195.2  0.1670195E+06

195.4  0.1677647E+06

195.6  0.1685141E+06

195.8  0.1692678E+06

196.0  0.1700259E+06

196.2  0.1707883E+06

196.4  0.1715552E+06

196.6  0.1723265E+06

196.8  0.1731024E+06

197.0  0.1738828E+06

197.2  0.1746678E+06

197.4  0.1754575E+06

197.6  0.1762518E+06

197.8  0.1770510E+06

198.0  0.1778549E+06

198.2  0.1786636E+06

198.4  0.1794772E+06

198.6  0.1802958E+06

198.8  0.1811193E+06

199.0  0.1819479E+06

199.2  0.1827816E+06

199.4  0.1836204E+06

199.6  0.1844643E+06

199.8  0.1853135E+06

200.0  0.1861680E+06

200.2  0.1870278E+06

200.4  0.1878930E+06

200.6  0.1887637E+06

200.8  0.1896398E+06

201.0  0.1905214E+06

201.2  0.1914087E+06

201.4  0.1923016E+06

201.6  0.1932002E+06

201.8  0.1941045E+06

202.0  0.1950146E+06

202.2  0.1959306E+06

202.4  0.1968524E+06

202.6  0.1977803E+06

202.8  0.1987141E+06

203.0  0.1996540E+06

203.2  0.2006000E+06

203.4  0.2015521E+06

203.6  0.2025105E+06

203.8  0.2034751E+06

204.0  0.2044460E+06

204.2  0.2054234E+06

204.4  0.2064071E+06

204.6  0.2073973E+06

204.8  0.2083940E+06

205.0  0.2093973E+06

205.2  0.2104072E+06

205.4  0.2114238E+06

205.6  0.2124471E+06

205.8  0.2134771E+06

206.0  0.2145140E+06

206.2  0.2155578E+06

206.4  0.2166084E+06

206.6  0.2176660E+06

206.8  0.2187306E+06

207.0  0.2198023E+06

207.2  0.2208811E+06

207.4  0.2219670E+06

207.6  0.2230601E+06

207.8  0.2241604E+06

208.0  0.2252680E+06

208.2  0.2263829E+06

208.4  0.2275051E+06

208.6  0.2286348E+06

208.8  0.2297719E+06

209.0  0.2309164E+06

209.2  0.2320685E+06

209.4  0.2332281E+06

209.6  0.2343953E+06

209.8  0.2355701E+06

210.0  0.2367525E+06

210.2  0.2379427E+06

210.4  0.2391405E+06

210.6  0.2403461E+06

210.8  0.2415595E+06

211.0  0.2427806E+06

211.2  0.2440096E+06

211.4  0.2452465E+06

211.6  0.2464912E+06

211.8  0.2477439E+06

212.0  0.2490044E+06

212.2  0.2502730E+06

212.4  0.2515494E+06

212.6  0.2528339E+06

212.8  0.2541264E+06

213.0  0.2554268E+06

213.2  0.2567353E+06

213.4  0.2580519E+06

213.6  0.2593765E+06

213.8  0.2607092E+06

214.0  0.2620499E+06

214.2  0.2633987E+06

214.4  0.2647557E+06

214.6  0.2661207E+06

214.8  0.2674937E+06

215.0  0.2688749E+06

215.2  0.2702642E+06

215.4  0.2716616E+06

215.6  0.2730670E+06

215.8  0.2744805E+06

216.0  0.2759021E+06

216.2  0.2773318E+06

216.4  0.2787695E+06

216.6  0.2802152E+06

216.8  0.2816690E+06

217.0  0.2831308E+06

217.2  0.2846005E+06

217.4  0.2860783E+06

217.6  0.2875640E+06

217.8  0.2890576E+06

218.0  0.2905591E+06

218.2  0.2920685E+06

218.4  0.2935858E+06

218.6  0.2951108E+06

218.8  0.2966437E+06

219.0  0.2981843E+06

219.2  0.2997327E+06

219.4  0.3012887E+06

219.6  0.3028524E+06

219.8  0.3044237E+06

220.0  0.3060025E+06

220.2  0.3075889E+06

220.4  0.3091828E+06

220.6  0.3107841E+06

220.8  0.3123927E+06

221.0  0.3140088E+06

221.2  0.3156320E+06

221.4  0.3172626E+06

221.6  0.3189003E+06

221.8  0.3205451E+06

222.0  0.3221970E+06

222.2  0.3238558E+06

222.4  0.3255217E+06

222.6  0.3271943E+06

222.8  0.3288738E+06

223.0  0.3305601E+06

223.2  0.3322530E+06

223.4  0.3339525E+06

223.6  0.3356586E+06

223.8  0.3373711E+06

224.0  0.3390900E+06

224.2  0.3408153E+06

224.4  0.3425468E+06

224.6  0.3442844E+06

224.8  0.3460281E+06

225.0  0.3477778E+06

225.2  0.3495334E+06

225.4  0.3512949E+06

225.6  0.3530621E+06

225.8  0.3548349E+06

226.0  0.3566134E+06

226.2  0.3583973E+06

226.4  0.3601866E+06

226.6  0.3619812E+06

226.8  0.3637811E+06

227.0  0.3655860E+06

227.2  0.3673960E+06

227.4  0.3692109E+06

227.6  0.3710306E+06

227.8  0.3728550E+06

228.0  0.3746841E+06

228.2  0.3765177E+06

228.4  0.3783557E+06

228.6  0.3801981E+06

228.8  0.3820446E+06

229.0  0.3838953E+06

229.2  0.3857500E+06

229.4  0.3876086E+06

229.6  0.3894710E+06

229.8  0.3913371E+06

230.0  0.3932068E+06

230.2  0.3950800E+06

230.4  0.3969565E+06

230.6  0.3988363E+06

230.8  0.4007192E+06

231.0  0.4026052E+06

231.2  0.4044940E+06

231.4  0.4063857E+06

231.6  0.4082801E+06

231.8  0.4101770E+06

232.0  0.4120764E+06

232.2  0.4139782E+06

232.4  0.4158822E+06

232.6  0.4177883E+06

232.8  0.4196964E+06

233.0  0.4216064E+06

233.2  0.4235181E+06

233.4  0.4254316E+06

233.6  0.4273465E+06

233.8  0.4292629E+06

234.0  0.4311805E+06

234.2  0.4330994E+06

234.4  0.4350193E+06

234.6  0.4369401E+06

234.8  0.4388618E+06

235.0  0.4407842E+06

235.2  0.4427071E+06

235.4  0.4446306E+06

235.6  0.4465544E+06

235.8  0.4484784E+06

236.0  0.4504025E+06

236.2  0.4523267E+06

236.4  0.4542507E+06

236.6  0.4561745E+06

236.8  0.4580979E+06

237.0  0.4600208E+06

237.2  0.4619432E+06

237.4  0.4638648E+06

237.6  0.4657857E+06

237.8  0.4677055E+06

238.0  0.4696244E+06

238.2  0.4715420E+06

238.4  0.4734584E+06

238.6  0.4753734E+06

238.8  0.4772868E+06

239.0  0.4791986E+06

239.2  0.4811087E+06

239.4  0.4830169E+06

239.6  0.4849232E+06

239.8  0.4868273E+06

240.0  0.4887293E+06

240.2  0.4906289E+06

240.4  0.4925262E+06

240.6  0.4944209E+06

240.8  0.4963130E+06

241.0  0.4982023E+06

241.2  0.5000888E+06

241.4  0.5019723E+06

241.6  0.5038528E+06

241.8  0.5057301E+06

242.0  0.5076041E+06

242.2  0.5094747E+06

242.4  0.5113418E+06

242.6  0.5132054E+06

242.8  0.5150653E+06

243.0  0.5169214E+06

243.2  0.5187735E+06

243.4  0.5206217E+06

243.6  0.5224659E+06

243.8  0.5243058E+06

244.0  0.5261414E+06

244.2  0.5279727E+06

244.4  0.5297995E+06

244.6  0.5316217E+06

244.8  0.5334392E+06

245.0  0.5352520E+06

245.2  0.5370600E+06

245.4  0.5388630E+06

245.6  0.5406610E+06

245.8  0.5424538E+06

246.0  0.5442415E+06

246.2  0.5460239E+06

246.4  0.5478009E+06

246.6  0.5495724E+06

246.8  0.5513384E+06

247.0  0.5530988E+06

247.2  0.5548534E+06

247.4  0.5566023E+06

247.6  0.5583453E+06

247.8  0.5600824E+06

248.0  0.5618134E+06

248.2  0.5635383E+06

248.4  0.5652571E+06

248.6  0.5669696E+06

248.8  0.5686758E+06

249.0  0.5703756E+06

249.2  0.5720689E+06

249.4  0.5737557E+06

249.6  0.5754358E+06

249.8  0.5771093E+06

250.0  0.5787761E+06

250.2  0.5804361E+06

250.4  0.5820892E+06

250.6  0.5837353E+06

250.8  0.5853745E+06

251.0  0.5870066E+06

251.2  0.5886315E+06

251.4  0.5902494E+06

251.6  0.5918599E+06

251.8  0.5934632E+06

252.0  0.5950591E+06

252.2  0.5966477E+06

252.4  0.5982288E+06

252.6  0.5998023E+06

252.8  0.6013683E+06

253.0  0.6029267E+06

253.2  0.6044775E+06

253.4  0.6060205E+06

253.6  0.6075558E+06

253.8  0.6090832E+06

254.0  0.6106029E+06

254.2  0.6121146E+06

254.4  0.6136184E+06

254.6  0.6151143E+06

254.8  0.6166021E+06

255.0  0.6180818E+06

255.2  0.6195535E+06

255.4  0.6210171E+06

255.6  0.6224724E+06

255.8  0.6239196E+06

256.0  0.6253585E+06

256.2  0.6267892E+06

256.4  0.6282115E+06

256.6  0.6296256E+06

256.8  0.6310312E+06

257.0  0.6324285E+06

257.2  0.6338173E+06

257.4  0.6351977E+06

257.6  0.6365696E+06

257.8  0.6379330E+06

258.0  0.6392879E+06

258.2  0.6406342E+06

258.4  0.6419720E+06

258.6  0.6433011E+06

258.8  0.6446217E+06

259.0  0.6459336E+06

259.2  0.6472369E+06

259.4  0.6485314E+06

259.6  0.6498173E+06

259.8  0.6510945E+06

260.0  0.6523630E+06

260.2  0.6536227E+06

260.4  0.6548737E+06

260.6  0.6561159E+06

260.8  0.6573494E+06

261.0  0.6585741E+06

261.2  0.6597899E+06

261.4  0.6609970E+06

261.6  0.6621953E+06

261.8  0.6633847E+06

262.0  0.6645653E+06

262.2  0.6657371E+06

262.4  0.6669001E+06

262.6  0.6680542E+06

262.8  0.6691995E+06

263.0  0.6703359E+06

263.2  0.6714635E+06

263.4  0.6725822E+06

263.6  0.6736921E+06

263.8  0.6747932E+06

264.0  0.6758854E+06

264.2  0.6769687E+06

264.4  0.6780432E+06

264.6  0.6791089E+06

264.8  0.6801657E+06

265.0  0.6812137E+06

265.2  0.6822529E+06

265.4  0.6832832E+06

265.6  0.6843047E+06

265.8  0.6853175E+06

266.0  0.6863214E+06

266.2  0.6873166E+06

266.4  0.6883029E+06

266.6  0.6892805E+06

266.8  0.6902494E+06

267.0  0.6912095E+06

267.2  0.6921608E+06

267.4  0.6931035E+06

267.6  0.6940374E+06

267.8  0.6949626E+06

268.0  0.6958792E+06

268.2  0.6967870E+06

268.4  0.6976863E+06

268.6  0.6985768E+06

268.8  0.6994588E+06

269.0  0.7003322E+06

269.2  0.7011969E+06

269.4  0.7020531E+06

269.6  0.7029008E+06

269.8  0.7037399E+06

270.0  0.7045705E+06

270.2  0.7053926E+06

270.4  0.7062062E+06

270.6  0.7070114E+06

270.8  0.7078082E+06

271.0  0.7085965E+06

271.2  0.7093765E+06

271.4  0.7101480E+06

271.6  0.7109113E+06

271.8  0.7116662E+06

272.0  0.7124128E+06

272.2  0.7131512E+06

272.4  0.7138813E+06

272.6  0.7146031E+06

272.8  0.7153168E+06

273.0  0.7160223E+06

273.2  0.7167197E+06

273.4  0.7174089E+06

273.6  0.7180900E+06

273.8  0.7187631E+06

274.0  0.7194281E+06

274.2  0.7200851E+06

274.4  0.7207342E+06

274.6  0.7213752E+06

274.8  0.7220084E+06

275.0  0.7226336E+06

275.2  0.7232510E+06

275.4  0.7238605E+06

275.6  0.7244622E+06

275.8  0.7250561E+06

276.0  0.7256423E+06

276.2  0.7262207E+06

276.4  0.7267915E+06

276.6  0.7273546E+06

276.8  0.7279100E+06

277.0  0.7284579E+06

277.2  0.7289982E+06

277.4  0.7295309E+06

277.6  0.7300562E+06

277.8  0.7305739E+06

278.0  0.7310842E+06

278.2  0.7315872E+06

278.4  0.7320827E+06

278.6  0.7325709E+06

278.8  0.7330518E+06

279.0  0.7335254E+06

279.2  0.7339917E+06

279.4  0.7344508E+06

279.6  0.7349028E+06

279.8  0.7353476E+06

280.0  0.7357853E+06

280.2  0.7362159E+06

280.4  0.7366395E+06

280.6  0.7370561E+06

280.8  0.7374657E+06

281.0  0.7378683E+06

281.2  0.7382640E+06

281.4  0.7386529E+06

281.6  0.7390349E+06

281.8  0.7394102E+06

282.0  0.7397786E+06

282.2  0.7401403E+06

282.4  0.7404954E+06

282.6  0.7408437E+06

282.8  0.7411854E+06

283.0  0.7415206E+06

283.2  0.7418491E+06

283.4  0.7421712E+06

283.6  0.7424867E+06

283.8  0.7427958E+06

284.0  0.7430985E+06

284.2  0.7433948E+06

284.4  0.7436848E+06

284.6  0.7439684E+06

284.8  0.7442458E+06

285.0  0.7445169E+06

285.2  0.7447818E+06

285.4  0.7450405E+06

285.6  0.7452931E+06

285.8  0.7455396E+06

286.0  0.7457801E+06

286.2  0.7460145E+06

286.4  0.7462429E+06

286.6  0.7464654E+06

286.8  0.7466819E+06

287.0  0.7468926E+06

287.2  0.7470974E+06

287.4  0.7472963E+06

287.6  0.7474895E+06

287.8  0.7476770E+06

288.0  0.7478587E+06

288.2  0.7480348E+06

288.4  0.7482052E+06

288.6  0.7483700E+06

288.8  0.7485293E+06

289.0  0.7486830E+06

289.2  0.7488312E+06

289.4  0.7489739E+06

289.6  0.7491112E+06

289.8  0.7492432E+06

290.0  0.7493697E+06

290.2  0.7494910E+06

290.4  0.7496069E+06

290.6  0.7497176E+06

290.8  0.7498230E+06

291.0  0.7499233E+06

291.2  0.7500184E+06

291.4  0.7501084E+06

291.6  0.7501933E+06

291.8  0.7502732E+06

292.0  0.7503480E+06

292.2  0.7504179E+06

292.4  0.7504828E+06

292.6  0.7505428E+06

292.8  0.7505979E+06

293.0  0.7506482E+06

293.2  0.7506936E+06

293.4  0.7507343E+06

293.6  0.7507702E+06

293.8  0.7508014E+06

294.0  0.7508279E+06

294.2  0.7508498E+06

294.4  0.7508671E+06

294.6  0.7508797E+06

294.8  0.7508879E+06

295.0  0.7508915E+06

295.2  0.7508906E+06

295.4  0.7508852E+06

295.6  0.7508755E+06

295.8  0.7508613E+06

296.0  0.7508428E+06

296.2  0.7508200E+06

296.4  0.7507929E+06

296.6  0.7507615E+06

296.8  0.7507259E+06

297.0  0.7506861E+06

297.2  0.7506421E+06

297.4  0.7505940E+06

297.6  0.7505418E+06

297.8  0.7504855E+06

298.0  0.7504251E+06

298.2  0.7503608E+06

298.4  0.7502925E+06

298.6  0.7502202E+06

298.8  0.7501440E+06

299.0  0.7500639E+06

299.2  0.7499799E+06

299.4  0.7498921E+06

299.6  0.7498005E+06

299.8  0.7497052E+06

300.0  0.7496061E+06

300.2  0.7495032E+06

300.4  0.7493967E+06

300.6  0.7492866E+06

300.8  0.7491728E+06

301.0  0.7490554E+06

301.2  0.7489345E+06

301.4  0.7488100E+06

301.6  0.7486820E+06

301.8  0.7485505E+06

302.0  0.7484155E+06

302.2  0.7482772E+06

302.4  0.7481354E+06

302.6  0.7479903E+06

302.8  0.7478418E+06

303.0  0.7476900E+06

303.2  0.7475349E+06

303.4  0.7473765E+06

303.6  0.7472149E+06

303.8  0.7470501E+06

304.0  0.7468822E+06

304.2  0.7467110E+06

304.4  0.7465368E+06

304.6  0.7463594E+06

304.8  0.7461790E+06

305.0  0.7459955E+06

305.2  0.7458090E+06

305.4  0.7456195E+06

305.6  0.7454270E+06

305.8  0.7452315E+06

306.0  0.7450332E+06

306.2  0.7448319E+06

306.4  0.7446278E+06

306.6  0.7444208E+06

306.8  0.7442110E+06

307.0  0.7439984E+06

307.2  0.7437831E+06

307.4  0.7435650E+06

307.6  0.7433441E+06

307.8  0.7431206E+06

308.0  0.7428944E+06

308.2  0.7426655E+06

308.4  0.7424340E+06

308.6  0.7421999E+06

308.8  0.7419632E+06

309.0  0.7417239E+06

309.2  0.7414822E+06

309.4  0.7412379E+06

309.6  0.7409911E+06

309.8  0.7407418E+06

310.0  0.7404901E+06

310.2  0.7402360E+06

310.4  0.7399795E+06

310.6  0.7397205E+06

310.8  0.7394593E+06

311.0  0.7391957E+06

311.2  0.7389298E+06

311.4  0.7386615E+06

311.6  0.7383911E+06

311.8  0.7381183E+06

312.0  0.7378434E+06

312.2  0.7375662E+06

312.4  0.7372869E+06

312.6  0.7370053E+06

312.8  0.7367217E+06

313.0  0.7364359E+06

313.2  0.7361480E+06

313.4  0.7358580E+06

313.6  0.7355660E+06

313.8  0.7352719E+06

314.0  0.7349758E+06

314.2  0.7346777E+06

314.4  0.7343776E+06

314.6  0.7340755E+06

314.8  0.7337715E+06

315.0  0.7334655E+06

315.2  0.7331577E+06

315.4  0.7328479E+06

315.6  0.7325363E+06

315.8  0.7322228E+06

316.0  0.7319075E+06

316.2  0.7315904E+06

316.4  0.7312715E+06

316.6  0.7309508E+06

316.8  0.7306283E+06

317.0  0.7303041E+06

317.2  0.7299782E+06

317.4  0.7296505E+06

317.6  0.7293212E+06

317.8  0.7289902E+06

318.0  0.7286575E+06

318.2  0.7283232E+06

318.4  0.7279873E+06

318.6  0.7276498E+06

318.8  0.7273106E+06

319.0  0.7269699E+06

319.2  0.7266277E+06

319.4  0.7262839E+06

319.6  0.7259386E+06

319.8  0.7255918E+06

320.0  0.7252434E+06

320.2  0.7248937E+06

320.4  0.7245424E+06

320.6  0.7241897E+06

320.8  0.7238356E+06

321.0  0.7234801E+06

321.2  0.7231231E+06

321.4  0.7227648E+06

321.6  0.7224051E+06

321.8  0.7220441E+06

322.0  0.7216817E+06

322.2  0.7213180E+06

322.4  0.7209530E+06

322.6  0.7205867E+06

322.8  0.7202191E+06

323.0  0.7198503E+06

323.2  0.7194802E+06

323.4  0.7191089E+06

323.6  0.7187363E+06

323.8  0.7183625E+06

324.0  0.7179876E+06

324.2  0.7176114E+06

324.4  0.7172341E+06

324.6  0.7168557E+06

324.8  0.7164761E+06

325.0  0.7160953E+06

325.2  0.7157135E+06

325.4  0.7153305E+06

325.6  0.7149465E+06

325.8  0.7145614E+06

326.0  0.7141752E+06

326.2  0.7137880E+06

326.4  0.7133997E+06

326.6  0.7130104E+06

326.8  0.7126201E+06

327.0  0.7122288E+06

327.2  0.7118365E+06

327.4  0.7114433E+06

327.6  0.7110490E+06

327.8  0.7106538E+06

328.0  0.7102577E+06

328.2  0.7098607E+06

328.4  0.7094627E+06

328.6  0.7090638E+06

328.8  0.7086640E+06

329.0  0.7082634E+06

329.2  0.7078619E+06

329.4  0.7074595E+06

329.6  0.7070562E+06

329.8  0.7066521E+06

330.0  0.7062472E+06

330.2  0.7058415E+06

330.4  0.7054350E+06

330.6  0.7050276E+06

330.8  0.7046195E+06

331.0  0.7042106E+06

331.2  0.7038010E+06

331.4  0.7033906E+06

331.6  0.7029794E+06

331.8  0.7025675E+06

332.0  0.7021549E+06

332.2  0.7017416E+06

332.4  0.7013276E+06

332.6  0.7009128E+06

332.8  0.7004974E+06

333.0  0.7000813E+06

333.2  0.6996646E+06

333.4  0.6992472E+06

333.6  0.6988291E+06

333.8  0.6984104E+06

334.0  0.6979911E+06

334.2  0.6975711E+06

334.4  0.6971506E+06

334.6  0.6967294E+06

334.8  0.6963077E+06

335.0  0.6958854E+06

335.2  0.6954624E+06

335.4  0.6950390E+06

335.6  0.6946149E+06

335.8  0.6941904E+06

336.0  0.6937652E+06

336.2  0.6933396E+06

336.4  0.6929134E+06

336.6  0.6924867E+06

336.8  0.6920595E+06

337.0  0.6916318E+06

337.2  0.6912036E+06

337.4  0.6907749E+06

337.6  0.6903458E+06

337.8  0.6899161E+06

338.0  0.6894860E+06

338.2  0.6890555E+06

338.4  0.6886245E+06

338.6  0.6881931E+06

338.8  0.6877613E+06

339.0  0.6873290E+06

339.2  0.6868963E+06

339.4  0.6864632E+06

339.6  0.6860297E+06

339.8  0.6855958E+06

340.0  0.6851615E+06

340.2  0.6847269E+06

340.4  0.6842918E+06

340.6  0.6838564E+06

340.8  0.6834207E+06

341.0  0.6829846E+06

341.2  0.6825481E+06

341.4  0.6821113E+06

341.6  0.6816742E+06

341.8  0.6812368E+06

342.0  0.6807990E+06

342.2  0.6803609E+06

342.4  0.6799225E+06

342.6  0.6794839E+06

342.8  0.6790449E+06

343.0  0.6786056E+06

343.2  0.6781661E+06

343.4  0.6777263E+06

343.6  0.6772862E+06

343.8  0.6768458E+06

344.0  0.6764052E+06

344.2  0.6759643E+06

344.4  0.6755232E+06

344.6  0.6750819E+06

344.8  0.6746403E+06

345.0  0.6741985E+06

345.2  0.6737564E+06

345.4  0.6733142E+06

345.6  0.6728717E+06

345.8  0.6724291E+06

346.0  0.6719862E+06

346.2  0.6715431E+06

346.4  0.6710999E+06

346.6  0.6706564E+06

346.8  0.6702128E+06

347.0  0.6697690E+06

347.2  0.6693251E+06

347.4  0.6688809E+06

347.6  0.6684366E+06

347.8  0.6679922E+06

348.0  0.6675476E+06

348.2  0.6671029E+06

348.4  0.6666580E+06

348.6  0.6662130E+06

348.8  0.6657678E+06

349.0  0.6653226E+06

349.2  0.6648772E+06

349.4  0.6644317E+06

349.6  0.6639861E+06

349.8  0.6635403E+06

350.0  0.6630945E+06

350.2  0.6626486E+06

350.4  0.6622026E+06

350.6  0.6617565E+06

350.8  0.6613103E+06

351.0  0.6608640E+06

351.2  0.6604176E+06

351.4  0.6599712E+06

351.6  0.6595247E+06

351.8  0.6590782E+06

352.0  0.6586316E+06

352.2  0.6581849E+06

352.4  0.6577382E+06

352.6  0.6572914E+06

352.8  0.6568446E+06

353.0  0.6563977E+06

353.2  0.6559508E+06

353.4  0.6555039E+06

353.6  0.6550569E+06

353.8  0.6546100E+06

354.0  0.6541630E+06

354.2  0.6537159E+06

354.4  0.6532689E+06

354.6  0.6528219E+06

354.8  0.6523748E+06

355.0  0.6519277E+06

355.2  0.6514807E+06

355.4  0.6510336E+06

355.6  0.6505866E+06

355.8  0.6501395E+06

356.0  0.6496925E+06

356.2  0.6492455E+06

356.4  0.6487985E+06

356.6  0.6483516E+06

356.8  0.6479046E+06

357.0  0.6474577E+06

357.2  0.6470108E+06

357.4  0.6465640E+06

357.6  0.6461172E+06

357.8  0.6456704E+06

358.0  0.6452237E+06

358.2  0.6447771E+06

358.4  0.6443304E+06

358.6  0.6438839E+06

358.8  0.6434374E+06

359.0  0.6429909E+06

359.2  0.6425445E+06

359.4  0.6420982E+06

359.6  0.6416520E+06

359.8  0.6412058E+06

360.0  0.6407597E+06

360.2  0.6403137E+06

360.4  0.6398677E+06

360.6  0.6394218E+06

360.8  0.6389760E+06

361.0  0.6385303E+06

361.2  0.6380847E+06

361.4  0.6376392E+06

361.6  0.6371938E+06

361.8  0.6367485E+06

362.0  0.6363032E+06

362.2  0.6358581E+06

362.4  0.6354131E+06

362.6  0.6349682E+06

362.8  0.6345234E+06

363.0  0.6340787E+06

363.2  0.6336341E+06

363.4  0.6331896E+06

363.6  0.6327453E+06

363.8  0.6323010E+06

364.0  0.6318569E+06

364.2  0.6314130E+06

364.4  0.6309691E+06

364.6  0.6305254E+06

364.8  0.6300818E+06

365.0  0.6296383E+06

365.2  0.6291950E+06

365.4  0.6287518E+06

365.6  0.6283088E+06

365.8  0.6278659E+06

366.0  0.6274231E+06

366.2  0.6269805E+06

366.4  0.6265380E+06

366.6  0.6260957E+06

366.8  0.6256535E+06

367.0  0.6252115E+06

367.2  0.6247696E+06

367.4  0.6243279E+06

367.6  0.6238864E+06

367.8  0.6234450E+06

368.0  0.6230037E+06

368.2  0.6225627E+06

368.4  0.6221218E+06

368.6  0.6216810E+06

368.8  0.6212405E+06

369.0  0.6208001E+06

369.2  0.6203599E+06

369.4  0.6199198E+06

369.6  0.6194799E+06

369.8  0.6190402E+06

370.0  0.6186007E+06

370.2  0.6181614E+06

370.4  0.6177222E+06

370.6  0.6172833E+06

370.8  0.6168445E+06

371.0  0.6164059E+06

371.2  0.6159675E+06

371.4  0.6155292E+06

371.6  0.6150912E+06

371.8  0.6146534E+06

372.0  0.6142157E+06

372.2  0.6137783E+06

372.4  0.6133410E+06

372.6  0.6129040E+06

372.8  0.6124671E+06

373.0  0.6120304E+06

373.2  0.6115940E+06

373.4  0.6111577E+06

373.6  0.6107217E+06

373.8  0.6102858E+06

374.0  0.6098502E+06

374.2  0.6094148E+06

374.4  0.6089796E+06

374.6  0.6085445E+06

374.8  0.6081097E+06

375.0  0.6076752E+06

375.2  0.6072408E+06

375.4  0.6068066E+06

375.6  0.6063727E+06

375.8  0.6059390E+06

376.0  0.6055055E+06

376.2  0.6050722E+06

376.4  0.6046391E+06

376.6  0.6042063E+06

376.8  0.6037736E+06

377.0  0.6033412E+06

377.2  0.6029091E+06

377.4  0.6024771E+06

377.6  0.6020454E+06

377.8  0.6016139E+06

378.0  0.6011827E+06

378.2  0.6007516E+06

378.4  0.6003208E+06

378.6  0.5998902E+06

378.8  0.5994599E+06

379.0  0.5990298E+06

379.2  0.5985999E+06

379.4  0.5981703E+06

379.6  0.5977409E+06

379.8  0.5973117E+06

380.0  0.5968828E+06

380.2  0.5964541E+06

380.4  0.5960257E+06

380.6  0.5955975E+06

380.8  0.5951695E+06

381.0  0.5947418E+06

381.2  0.5943143E+06

381.4  0.5938871E+06

381.6  0.5934601E+06

381.8  0.5930333E+06

382.0  0.5926068E+06

382.2  0.5921806E+06

382.4  0.5917546E+06

382.6  0.5913288E+06

382.8  0.5909033E+06

383.0  0.5904781E+06

383.2  0.5900531E+06

383.4  0.5896283E+06

383.6  0.5892038E+06

383.8  0.5887795E+06

384.0  0.5883555E+06

384.2  0.5879318E+06

384.4  0.5875083E+06

384.6  0.5870851E+06

384.8  0.5866621E+06

385.0  0.5862393E+06

385.2  0.5858169E+06

385.4  0.5853947E+06

385.6  0.5849727E+06

385.8  0.5845510E+06

386.0  0.5841296E+06

386.2  0.5837084E+06

386.4  0.5832875E+06

386.6  0.5828668E+06

386.8  0.5824464E+06

387.0  0.5820263E+06

387.2  0.5816064E+06

387.4  0.5811868E+06

387.6  0.5807674E+06

387.8  0.5803483E+06

388.0  0.5799295E+06

388.2  0.5795110E+06

388.4  0.5790927E+06

388.6  0.5786746E+06

388.8  0.5782569E+06

389.0  0.5778394E+06

389.2  0.5774222E+06

389.4  0.5770052E+06

389.6  0.5765885E+06

389.8  0.5761721E+06

390.0  0.5757559E+06

390.2  0.5753400E+06

390.4  0.5749244E+06

390.6  0.5745091E+06

390.8  0.5740940E+06

391.0  0.5736792E+06

391.2  0.5732646E+06

391.4  0.5728504E+06

391.6  0.5724364E+06

391.8  0.5720227E+06

392.0  0.5716092E+06

392.2  0.5711960E+06

392.4  0.5707831E+06

392.6  0.5703705E+06

392.8  0.5699581E+06

393.0  0.5695460E+06

393.2  0.5691342E+06

393.4  0.5687227E+06

393.6  0.5683114E+06

393.8  0.5679004E+06

394.0  0.5674897E+06

394.2  0.5670793E+06

394.4  0.5666691E+06

394.6  0.5662592E+06

394.8  0.5658496E+06

395.0  0.5654403E+06

395.2  0.5650312E+06

395.4  0.5646225E+06

395.6  0.5642139E+06

395.8  0.5638057E+06

396.0  0.5633978E+06

396.2  0.5629901E+06

396.4  0.5625827E+06

396.6  0.5621756E+06

396.8  0.5617688E+06

397.0  0.5613622E+06

397.2  0.5609559E+06

397.4  0.5605499E+06

397.6  0.5601442E+06

397.8  0.5597388E+06

398.0  0.5593336E+06

398.2  0.5589287E+06

398.4  0.5585241E+06

398.6  0.5581198E+06

398.8  0.5577158E+06

399.0  0.5573120E+06

399.2  0.5569085E+06

399.4  0.5565053E+06

399.6  0.5561024E+06

399.8  0.5556998E+06

400.0  0.5552974E+06

400.2  0.5548953E+06

400.4  0.5544935E+06

400.6  0.5540920E+06

400.8  0.5536908E+06

401.0  0.5532899E+06

401.2  0.5528892E+06

401.4  0.5524888E+06

401.6  0.5520887E+06

401.8  0.5516889E+06

402.0  0.5512893E+06

402.2  0.5508901E+06

402.4  0.5504911E+06

402.6  0.5500924E+06

402.8  0.5496940E+06

403.0  0.5492959E+06

403.2  0.5488980E+06

403.4  0.5485005E+06

403.6  0.5481032E+06

403.8  0.5477062E+06

404.0  0.5473095E+06

404.2  0.5469131E+06

404.4  0.5465169E+06

404.6  0.5461211E+06

404.8  0.5457255E+06

405.0  0.5453302E+06

405.2  0.5449352E+06

405.4  0.5445404E+06

405.6  0.5441460E+06

405.8  0.5437518E+06

406.0  0.5433579E+06

406.2  0.5429643E+06

406.4  0.5425710E+06

406.6  0.5421780E+06

406.8  0.5417852E+06

407.0  0.5413928E+06

407.2  0.5410006E+06

407.4  0.5406087E+06

407.6  0.5402171E+06

407.8  0.5398258E+06

408.0  0.5394347E+06

408.2  0.5390439E+06

408.4  0.5386535E+06

408.6  0.5382633E+06

408.8  0.5378734E+06

409.0  0.5374837E+06

409.2  0.5370944E+06

409.4  0.5367053E+06

409.6  0.5363165E+06

409.8  0.5359280E+06

410.0  0.5355398E+06

410.2  0.5351519E+06

410.4  0.5347642E+06

410.6  0.5343769E+06

410.8  0.5339898E+06

411.0  0.5336030E+06

411.2  0.5332165E+06

411.4  0.5328302E+06

411.6  0.5324443E+06

411.8  0.5320586E+06

412.0  0.5316732E+06

412.2  0.5312881E+06

412.4  0.5309033E+06

412.6  0.5305188E+06

412.8  0.5301345E+06

413.0  0.5297505E+06

413.2  0.5293668E+06

413.4  0.5289834E+06

413.6  0.5286003E+06

413.8  0.5282175E+06

414.0  0.5278349E+06

414.2  0.5274526E+06

414.4  0.5270706E+06

414.6  0.5266889E+06

414.8  0.5263075E+06

415.0  0.5259263E+06

415.2  0.5255454E+06

415.4  0.5251648E+06

415.6  0.5247845E+06

415.8  0.5244045E+06

416.0  0.5240248E+06

416.2  0.5236453E+06

416.4  0.5232661E+06

416.6  0.5228872E+06

416.8  0.5225086E+06

417.0  0.5221302E+06

417.2  0.5217522E+06

417.4  0.5213744E+06

417.6  0.5209969E+06

417.8  0.5206197E+06

418.0  0.5202427E+06

418.2  0.5198661E+06

418.4  0.5194897E+06

418.6  0.5191136E+06

418.8  0.5187378E+06

419.0  0.5183622E+06

419.2  0.5179870E+06

419.4  0.5176120E+06

419.6  0.5172373E+06

419.8  0.5168629E+06

420.0  0.5164887E+06

420.2  0.5161148E+06

420.4  0.5157413E+06

420.6  0.5153679E+06

420.8  0.5149949E+06

421.0  0.5146222E+06

421.2  0.5142497E+06

421.4  0.5138775E+06

421.6  0.5135056E+06

421.8  0.5131339E+06

422.0  0.5127626E+06

422.2  0.5123915E+06

422.4  0.5120207E+06

422.6  0.5116501E+06

422.8  0.5112799E+06

423.0  0.5109099E+06

423.2  0.5105402E+06

423.4  0.5101708E+06

423.6  0.5098016E+06

423.8  0.5094328E+06

424.0  0.5090642E+06

424.2  0.5086959E+06

424.4  0.5083278E+06

424.6  0.5079600E+06

424.8  0.5075926E+06

425.0  0.5072253E+06

425.2  0.5068584E+06

425.4  0.5064917E+06

425.6  0.5061253E+06

425.8  0.5057592E+06

426.0  0.5053934E+06

426.2  0.5050278E+06

426.4  0.5046625E+06

426.6  0.5042975E+06

426.8  0.5039328E+06

427.0  0.5035683E+06

427.2  0.5032041E+06

427.4  0.5028402E+06

427.6  0.5024765E+06

427.8  0.5021132E+06

428.0  0.5017501E+06

428.2  0.5013872E+06

428.4  0.5010247E+06

428.6  0.5006624E+06

428.8  0.5003004E+06

429.0  0.4999386E+06

429.2  0.4995772E+06

429.4  0.4992160E+06

429.6  0.4988550E+06

429.8  0.4984944E+06

430.0  0.4981340E+06

430.2  0.4977739E+06

430.4  0.4974141E+06

430.6  0.4970545E+06

430.8  0.4966952E+06

431.0  0.4963362E+06

431.2  0.4959774E+06

431.4  0.4956189E+06

431.6  0.4952607E+06

431.8  0.4949028E+06

432.0  0.4945451E+06

432.2  0.4941877E+06

432.4  0.4938305E+06

432.6  0.4934737E+06

432.8  0.4931171E+06

433.0  0.4927607E+06

433.2  0.4924047E+06

433.4  0.4920489E+06

433.6  0.4916934E+06

433.8  0.4913381E+06

434.0  0.4909831E+06

434.2  0.4906284E+06

434.4  0.4902739E+06

434.6  0.4899197E+06

434.8  0.4895658E+06

435.0  0.4892122E+06

435.2  0.4888588E+06

435.4  0.4885056E+06

435.6  0.4881528E+06

435.8  0.4878002E+06

436.0  0.4874479E+06

436.2  0.4870958E+06

436.4  0.4867440E+06

436.6  0.4863925E+06

436.8  0.4860412E+06

437.0  0.4856902E+06

437.2  0.4853395E+06

437.4  0.4849890E+06

437.6  0.4846388E+06

437.8  0.4842889E+06

438.0  0.4839392E+06

438.2  0.4835898E+06

438.4  0.4832407E+06

438.6  0.4828918E+06

438.8  0.4825432E+06

439.0  0.4821948E+06

439.2  0.4818467E+06

439.4  0.4814989E+06

439.6  0.4811513E+06

439.8  0.4808040E+06

440.0  0.4804569E+06

440.2  0.4801102E+06

440.4  0.4797636E+06

440.6  0.4794174E+06

440.8  0.4790714E+06

441.0  0.4787256E+06

441.2  0.4783802E+06

441.4  0.4780349E+06

441.6  0.4776900E+06

441.8  0.4773453E+06

442.0  0.4770009E+06

442.2  0.4766567E+06

442.4  0.4763128E+06

442.6  0.4759691E+06

442.8  0.4756257E+06

443.0  0.4752826E+06

443.2  0.4749397E+06

443.4  0.4745971E+06

443.6  0.4742547E+06

443.8  0.4739126E+06

444.0  0.4735707E+06

444.2  0.4732292E+06

444.4  0.4728878E+06

444.6  0.4725467E+06

444.8  0.4722059E+06

445.0  0.4718654E+06

445.2  0.4715251E+06

445.4  0.4711850E+06

445.6  0.4708452E+06

445.8  0.4705057E+06

446.0  0.4701664E+06

446.2  0.4698274E+06

446.4  0.4694886E+06

446.6  0.4691501E+06

446.8  0.4688119E+06

447.0  0.4684739E+06

447.2  0.4681361E+06

447.4  0.4677986E+06

447.6  0.4674614E+06

447.8  0.4671244E+06

448.0  0.4667877E+06

448.2  0.4664512E+06

448.4  0.4661150E+06

448.6  0.4657790E+06

448.8  0.4654433E+06

449.0  0.4651078E+06

449.2  0.4647726E+06

449.4  0.4644377E+06

449.6  0.4641030E+06

449.8  0.4637685E+06

450.0  0.4634343E+06

450.2  0.4631004E+06

450.4  0.4627667E+06

450.6  0.4624332E+06

450.8  0.4621000E+06

451.0  0.4617671E+06

451.2  0.4614344E+06

451.4  0.4611020E+06

451.6  0.4607698E+06

451.8  0.4604378E+06

452.0  0.4601061E+06

452.2  0.4597747E+06

452.4  0.4594435E+06

452.6  0.4591126E+06

452.8  0.4587819E+06

453.0  0.4584514E+06

453.2  0.4581212E+06

453.4  0.4577913E+06

453.6  0.4574616E+06

453.8  0.4571321E+06

454.0  0.4568029E+06

454.2  0.4564740E+06

454.4  0.4561453E+06

454.6  0.4558168E+06

454.8  0.4554886E+06

455.0  0.4551606E+06

455.2  0.4548329E+06

455.4  0.4545054E+06

455.6  0.4541782E+06

455.8  0.4538512E+06

456.0  0.4535245E+06

456.2  0.4531980E+06

456.4  0.4528718E+06

456.6  0.4525458E+06

456.8  0.4522200E+06

457.0  0.4518945E+06

457.2  0.4515692E+06

457.4  0.4512442E+06

457.6  0.4509195E+06

457.8  0.4505949E+06

458.0  0.4502706E+06

458.2  0.4499466E+06

458.4  0.4496228E+06

458.6  0.4492992E+06

458.8  0.4489759E+06

459.0  0.4486528E+06

459.2  0.4483300E+06

459.4  0.4480074E+06

459.6  0.4476851E+06

459.8  0.4473630E+06

460.0  0.4470411E+06

460.2  0.4467195E+06

460.4  0.4463981E+06

460.6  0.4460770E+06

460.8  0.4457561E+06

461.0  0.4454354E+06

461.2  0.4451150E+06

461.4  0.4447949E+06

461.6  0.4444749E+06

461.8  0.4441552E+06

462.0  0.4438358E+06

462.2  0.4435166E+06

462.4  0.4431976E+06

462.6  0.4428789E+06

462.8  0.4425604E+06

463.0  0.4422421E+06

463.2  0.4419241E+06

463.4  0.4416063E+06

463.6  0.4412888E+06

463.8  0.4409715E+06

464.0  0.4406544E+06

464.2  0.4403376E+06

464.4  0.4400210E+06

464.6  0.4397046E+06

464.8  0.4393885E+06

465.0  0.4390726E+06

465.2  0.4387570E+06

465.4  0.4384416E+06

465.6  0.4381264E+06

465.8  0.4378115E+06

466.0  0.4374968E+06

466.2  0.4371823E+06

466.4  0.4368681E+06

466.6  0.4365541E+06

466.8  0.4362403E+06

467.0  0.4359268E+06

467.2  0.4356135E+06

467.4  0.4353004E+06

467.6  0.4349876E+06

467.8  0.4346750E+06

468.0  0.4343627E+06

468.2  0.4340506E+06

468.4  0.4337387E+06

468.6  0.4334270E+06

468.8  0.4331156E+06

469.0  0.4328044E+06

469.2  0.4324935E+06

469.4  0.4321827E+06

469.6  0.4318722E+06

469.8  0.4315620E+06

470.0  0.4312520E+06

470.2  0.4309422E+06

470.4  0.4306326E+06

470.6  0.4303233E+06

470.8  0.4300142E+06

471.0  0.4297053E+06

471.2  0.4293967E+06

471.4  0.4290882E+06

471.6  0.4287801E+06

471.8  0.4284721E+06

472.0  0.4281644E+06

472.2  0.4278569E+06

472.4  0.4275497E+06

472.6  0.4272426E+06

472.8  0.4269358E+06

473.0  0.4266292E+06

473.2  0.4263229E+06

473.4  0.4260168E+06

473.6  0.4257109E+06

473.8  0.4254052E+06

474.0  0.4250998E+06

474.2  0.4247946E+06

474.4  0.4244896E+06

474.6  0.4241849E+06

474.8  0.4238804E+06

475.0  0.4235761E+06

475.2  0.4232720E+06

475.4  0.4229682E+06

475.6  0.4226645E+06

475.8  0.4223612E+06

476.0  0.4220580E+06

476.2  0.4217551E+06

476.4  0.4214523E+06

476.6  0.4211499E+06

476.8  0.4208476E+06

477.0  0.4205456E+06

477.2  0.4202437E+06

477.4  0.4199422E+06

477.6  0.4196408E+06

477.8  0.4193397E+06

478.0  0.4190387E+06

478.2  0.4187381E+06

478.4  0.4184376E+06

478.6  0.4181374E+06

478.8  0.4178373E+06

479.0  0.4175375E+06

479.2  0.4172380E+06

479.4  0.4169386E+06

479.6  0.4166395E+06

479.8  0.4163406E+06

480.0  0.4160419E+06

480.2  0.4157434E+06

480.4  0.4154452E+06

480.6  0.4151472E+06

480.8  0.4148494E+06

481.0  0.4145518E+06

481.2  0.4142545E+06

481.4  0.4139573E+06

481.6  0.4136604E+06

481.8  0.4133637E+06

482.0  0.4130672E+06

482.2  0.4127710E+06

482.4  0.4124750E+06

482.6  0.4121792E+06

482.8  0.4118836E+06

483.0  0.4115882E+06

483.2  0.4112930E+06

483.4  0.4109981E+06

483.6  0.4107034E+06

483.8  0.4104089E+06

484.0  0.4101146E+06

484.2  0.4098206E+06

484.4  0.4095267E+06

484.6  0.4092331E+06

484.8  0.4089397E+06

485.0  0.4086465E+06

485.2  0.4083535E+06

485.4  0.4080608E+06

485.6  0.4077682E+06

485.8  0.4074759E+06

486.0  0.4071838E+06

486.2  0.4068919E+06

486.4  0.4066002E+06

486.6  0.4063088E+06

486.8  0.4060176E+06

487.0  0.4057265E+06

487.2  0.4054357E+06

487.4  0.4051451E+06

487.6  0.4048548E+06

487.8  0.4045646E+06

488.0  0.4042746E+06

488.2  0.4039849E+06

488.4  0.4036954E+06

488.6  0.4034061E+06

488.8  0.4031170E+06

489.0  0.4028281E+06

489.2  0.4025395E+06

489.4  0.4022510E+06

489.6  0.4019628E+06

489.8  0.4016748E+06

490.0  0.4013869E+06

490.2  0.4010993E+06

490.4  0.4008120E+06

490.6  0.4005248E+06

490.8  0.4002378E+06

491.0  0.3999511E+06

491.2  0.3996646E+06

491.4  0.3993782E+06

491.6  0.3990921E+06

491.8  0.3988062E+06

492.0  0.3985205E+06

492.2  0.3982351E+06

492.4  0.3979498E+06

492.6  0.3976647E+06

492.8  0.3973799E+06

493.0  0.3970952E+06

493.2  0.3968108E+06

493.4  0.3965266E+06

493.6  0.3962426E+06

493.8  0.3959588E+06

494.0  0.3956752E+06

494.2  0.3953918E+06

494.4  0.3951087E+06

494.6  0.3948257E+06

494.8  0.3945430E+06

495.0  0.3942604E+06

495.2  0.3939781E+06

495.4  0.3936960E+06

495.6  0.3934141E+06

495.8  0.3931323E+06

496.0  0.3928508E+06

496.2  0.3925695E+06

496.4  0.3922885E+06

496.6  0.3920076E+06

496.8  0.3917269E+06

497.0  0.3914464E+06

497.2  0.3911662E+06

497.4  0.3908861E+06

497.6  0.3906063E+06

497.8  0.3903267E+06

498.0  0.3900472E+06

498.2  0.3897680E+06

498.4  0.3894890E+06

498.6  0.3892102E+06

498.8  0.3889315E+06

499.0  0.3886531E+06

499.2  0.3883749E+06

499.4  0.3880969E+06

499.6  0.3878192E+06

499.8  0.3875416E+06

500.0  0.3872642E+06

