100  0.1994015E+04

100.2  0.2220055E+04

100.4  0.2456889E+04

100.6  0.2704026E+04

100.8  0.2960964E+04

101.0  0.3227197E+04

101.2  0.3502222E+04

101.4  0.3785540E+04

101.6  0.4076659E+04

101.8  0.4375100E+04

102.0  0.4680397E+04

102.2  0.4992098E+04

102.4  0.5309765E+04

102.6  0.5632980E+04

102.8  0.5961340E+04

103.0  0.6294458E+04

103.2  0.6631968E+04

103.4  0.6973518E+04

103.6  0.7318777E+04

103.8  0.7667426E+04

104.0  0.8019167E+04

104.2  0.8373717E+04

104.4  0.8730806E+04

104.6  0.9090183E+04

104.8  0.9451608E+04

105.0  0.9814858E+04

105.2  0.1017972E+05

105.4  0.1054600E+05

105.6  0.1091351E+05

105.8  0.1128207E+05

106.0  0.1165152E+05

106.2  0.1202171E+05

106.4  0.1239250E+05

106.6  0.1276375E+05

106.8  0.1313533E+05

107.0  0.1350714E+05

107.2  0.1387907E+05

107.4  0.1425100E+05

107.6  0.1462286E+05

107.8  0.1499455E+05

108.0  0.1536600E+05

108.2  0.1573713E+05

108.4  0.1610787E+05

108.6  0.1647816E+05

108.8  0.1684795E+05

109.0  0.1721717E+05

109.2  0.1758579E+05

109.4  0.1795376E+05

109.6  0.1832103E+05

109.8  0.1868757E+05

110.0  0.1905336E+05

110.2  0.1941835E+05

110.4  0.1978252E+05

110.6  0.2014585E+05

110.8  0.2050832E+05

111.0  0.2086991E+05

111.2  0.2123061E+05

111.4  0.2159039E+05

111.6  0.2194925E+05

111.8  0.2230719E+05

112.0  0.2266418E+05

112.2  0.2302023E+05

112.4  0.2337533E+05

112.6  0.2372948E+05

112.8  0.2408268E+05

113.0  0.2443493E+05

113.2  0.2478623E+05

113.4  0.2513657E+05

113.6  0.2548598E+05

113.8  0.2583444E+05

114.0  0.2618197E+05

114.2  0.2652857E+05

114.4  0.2687425E+05

114.6  0.2721902E+05

114.8  0.2756288E+05

115.0  0.2790585E+05

115.2  0.2824794E+05

115.4  0.2858915E+05

115.6  0.2892949E+05

115.8  0.2926899E+05

116.0  0.2960765E+05

116.2  0.2994548E+05

116.4  0.3028250E+05

116.6  0.3061872E+05

116.8  0.3095414E+05

117.0  0.3128880E+05

117.2  0.3162270E+05

117.4  0.3195585E+05

117.6  0.3228827E+05

117.8  0.3261998E+05

118.0  0.3295098E+05

118.2  0.3328130E+05

118.4  0.3361095E+05

118.6  0.3393995E+05

118.8  0.3426830E+05

119.0  0.3459603E+05

119.2  0.3492316E+05

119.4  0.3524969E+05

119.6  0.3557564E+05

119.8  0.3590103E+05

120.0  0.3622588E+05

120.2  0.3655020E+05

120.4  0.3687400E+05

120.6  0.3719731E+05

120.8  0.3752013E+05

121.0  0.3784249E+05

121.2  0.3816440E+05

121.4  0.3848587E+05

121.6  0.3880693E+05

121.8  0.3912758E+05

122.0  0.3944785E+05

122.2  0.3976775E+05

122.4  0.4008729E+05

122.6  0.4040649E+05

122.8  0.4072537E+05

123.0  0.4104394E+05

123.2  0.4136221E+05

123.4  0.4168021E+05

123.6  0.4199795E+05

123.8  0.4231544E+05

124.0  0.4263270E+05

124.2  0.4294974E+05

124.4  0.4326658E+05

124.6  0.4358323E+05

124.8  0.4389972E+05

125.0  0.4421604E+05

125.2  0.4453223E+05

125.4  0.4484828E+05

125.6  0.4516423E+05

125.8  0.4548007E+05

126.0  0.4579584E+05

126.2  0.4611153E+05

126.4  0.4642717E+05

126.6  0.4674276E+05

126.8  0.4705833E+05

127.0  0.4737389E+05

127.2  0.4768945E+05

127.4  0.4800503E+05

127.6  0.4832063E+05

127.8  0.4863628E+05

128.0  0.4895198E+05

128.2  0.4926776E+05

128.4  0.4958361E+05

128.6  0.4989957E+05

128.8  0.5021563E+05

129.0  0.5053182E+05

129.2  0.5084814E+05

129.4  0.5116461E+05

129.6  0.5148125E+05

129.8  0.5179806E+05

130.0  0.5211506E+05

130.2  0.5243226E+05

130.4  0.5274968E+05

130.6  0.5306732E+05

130.8  0.5338520E+05

131.0  0.5370334E+05

131.2  0.5402173E+05

131.4  0.5434041E+05

131.6  0.5465937E+05

131.8  0.5497863E+05

132.0  0.5529821E+05

132.2  0.5561811E+05

132.4  0.5593835E+05

132.6  0.5625894E+05

132.8  0.5657988E+05

133.0  0.5690120E+05

133.2  0.5722291E+05

133.4  0.5754501E+05

133.6  0.5786752E+05

133.8  0.5819045E+05

134.0  0.5851381E+05

134.2  0.5883761E+05

134.4  0.5916187E+05

134.6  0.5948659E+05

134.8  0.5981179E+05

135.0  0.6013747E+05

135.2  0.6046366E+05

135.4  0.6079035E+05

135.6  0.6111757E+05

135.8  0.6144532E+05

136.0  0.6177361E+05

136.2  0.6210245E+05

136.4  0.6243186E+05

136.6  0.6276185E+05

136.8  0.6309242E+05

137.0  0.6342359E+05

137.2  0.6375537E+05

137.4  0.6408776E+05

137.6  0.6442079E+05

137.8  0.6475446E+05

138.0  0.6508877E+05

138.2  0.6542375E+05

138.4  0.6575940E+05

138.6  0.6609573E+05

138.8  0.6643275E+05

139.0  0.6677048E+05

139.2  0.6710892E+05

139.4  0.6744808E+05

139.6  0.6778797E+05

139.8  0.6812861E+05

140.0  0.6847001E+05

140.2  0.6881216E+05

140.4  0.6915509E+05

140.6  0.6949881E+05

140.8  0.6984332E+05

141.0  0.7018863E+05

141.2  0.7053476E+05

141.4  0.7088172E+05

141.6  0.7122950E+05

141.8  0.7157814E+05

142.0  0.7192762E+05

142.2  0.7227797E+05

142.4  0.7262920E+05

142.6  0.7298131E+05

142.8  0.7333431E+05

143.0  0.7368822E+05

143.2  0.7404304E+05

143.4  0.7439878E+05

143.6  0.7475545E+05

143.8  0.7511307E+05

144.0  0.7547164E+05

144.2  0.7583117E+05

144.4  0.7619168E+05

144.6  0.7655316E+05

144.8  0.7691564E+05

145.0  0.7727912E+05

145.2  0.7764360E+05

145.4  0.7800911E+05

145.6  0.7837565E+05

145.8  0.7874322E+05

146.0  0.7911185E+05

146.2  0.7948153E+05

146.4  0.7985228E+05

146.6  0.8022411E+05

146.8  0.8059703E+05

147.0  0.8097104E+05

147.2  0.8134616E+05

147.4  0.8172239E+05

147.6  0.8209975E+05

147.8  0.8247825E+05

148.0  0.8285789E+05

148.2  0.8323868E+05

148.4  0.8362063E+05

148.6  0.8400376E+05

148.8  0.8438807E+05

149.0  0.8477358E+05

149.2  0.8516028E+05

149.4  0.8554819E+05

149.6  0.8593733E+05

149.8  0.8632770E+05

150.0  0.8671930E+05

150.2  0.8711215E+05

150.4  0.8750627E+05

150.6  0.8790165E+05

150.8  0.8829831E+05

151.0  0.8869625E+05

151.2  0.8909549E+05

151.4  0.8949604E+05

151.6  0.8989791E+05

151.8  0.9030110E+05

152.0  0.9070562E+05

152.2  0.9111149E+05

152.4  0.9151871E+05

152.6  0.9192730E+05

152.8  0.9233726E+05

153.0  0.9274860E+05

153.2  0.9316134E+05

153.4  0.9357548E+05

153.6  0.9399103E+05

153.8  0.9440800E+05

154.0  0.9482641E+05

154.2  0.9524625E+05

154.4  0.9566754E+05

154.6  0.9609030E+05

154.8  0.9651453E+05

155.0  0.9694023E+05

155.2  0.9736743E+05

155.4  0.9779612E+05

155.6  0.9822633E+05

155.8  0.9865805E+05

156.0  0.9909131E+05

156.2  0.9952610E+05

156.4  0.9996244E+05

156.6  0.1004003E+06

156.8  0.1008398E+06

157.0  0.1012809E+06

157.2  0.1017235E+06

157.4  0.1021677E+06

157.6  0.1026136E+06

157.8  0.1030610E+06

158.0  0.1035101E+06

158.2  0.1039608E+06

158.4  0.1044132E+06

158.6  0.1048673E+06

158.8  0.1053230E+06

159.0  0.1057804E+06

159.2  0.1062394E+06

159.4  0.1067002E+06

159.6  0.1071627E+06

159.8  0.1076269E+06

160.0  0.1080928E+06

160.2  0.1085605E+06

160.4  0.1090300E+06

160.6  0.1095012E+06

160.8  0.1099741E+06

161.0  0.1104489E+06

161.2  0.1109254E+06

161.4  0.1114038E+06

161.6  0.1118839E+06

161.8  0.1123659E+06

162.0  0.1128497E+06

162.2  0.1133354E+06

162.4  0.1138230E+06

162.6  0.1143124E+06

162.8  0.1148036E+06

163.0  0.1152968E+06

163.2  0.1157919E+06

163.4  0.1162889E+06

163.6  0.1167878E+06

163.8  0.1172886E+06

164.0  0.1177914E+06

164.2  0.1182962E+06

164.4  0.1188029E+06

164.6  0.1193116E+06

164.8  0.1198223E+06

165.0  0.1203349E+06

165.2  0.1208496E+06

165.4  0.1213664E+06

165.6  0.1218851E+06

165.8  0.1224059E+06

166.0  0.1229288E+06

166.2  0.1234538E+06

166.4  0.1239808E+06

166.6  0.1245099E+06

166.8  0.1250411E+06

167.0  0.1255745E+06

167.2  0.1261100E+06

167.4  0.1266476E+06

167.6  0.1271873E+06

167.8  0.1277293E+06

168.0  0.1282734E+06

168.2  0.1288197E+06

168.4  0.1293682E+06

168.6  0.1299190E+06

168.8  0.1304719E+06

169.0  0.1310271E+06

169.2  0.1315846E+06

169.4  0.1321443E+06

169.6  0.1327063E+06

169.8  0.1332706E+06

170.0  0.1338372E+06

170.2  0.1344061E+06

170.4  0.1349773E+06

170.6  0.1355509E+06

170.8  0.1361269E+06

171.0  0.1367052E+06

171.2  0.1372859E+06

171.4  0.1378690E+06

171.6  0.1384545E+06

171.8  0.1390424E+06

172.0  0.1396328E+06

172.2  0.1402256E+06

172.4  0.1408209E+06

172.6  0.1414186E+06

172.8  0.1420189E+06

173.0  0.1426216E+06

173.2  0.1432269E+06

173.4  0.1438348E+06

173.6  0.1444451E+06

173.8  0.1450581E+06

174.0  0.1456736E+06

174.2  0.1462917E+06

174.4  0.1469124E+06

174.6  0.1475358E+06

174.8  0.1481618E+06

175.0  0.1487904E+06

175.2  0.1494218E+06

175.4  0.1500558E+06

175.6  0.1506925E+06

175.8  0.1513319E+06

176.0  0.1519741E+06

176.2  0.1526190E+06

176.4  0.1532667E+06

176.6  0.1539171E+06

176.8  0.1545704E+06

177.0  0.1552265E+06

177.2  0.1558854E+06

177.4  0.1565472E+06

177.6  0.1572118E+06

177.8  0.1578793E+06

178.0  0.1585497E+06

178.2  0.1592231E+06

178.4  0.1598993E+06

178.6  0.1605786E+06

178.8  0.1612608E+06

179.0  0.1619460E+06

179.2  0.1626342E+06

179.4  0.1633254E+06

179.6  0.1640197E+06

179.8  0.1647171E+06

180.0  0.1654175E+06

180.2  0.1661210E+06

180.4  0.1668277E+06

180.6  0.1675375E+06

180.8  0.1682505E+06

181.0  0.1689667E+06

181.2  0.1696861E+06

181.4  0.1704087E+06

181.6  0.1711346E+06

181.8  0.1718637E+06

182.0  0.1725962E+06

182.2  0.1733319E+06

182.4  0.1740710E+06

182.6  0.1748135E+06

182.8  0.1755593E+06

183.0  0.1763086E+06

183.2  0.1770613E+06

183.4  0.1778174E+06

183.6  0.1785771E+06

183.8  0.1793402E+06

184.0  0.1801069E+06

184.2  0.1808771E+06

184.4  0.1816509E+06

184.6  0.1824283E+06

184.8  0.1832093E+06

185.0  0.1839940E+06

185.2  0.1847824E+06

185.4  0.1855745E+06

185.6  0.1863704E+06

185.8  0.1871700E+06

186.0  0.1879735E+06

186.2  0.1887807E+06

186.4  0.1895919E+06

186.6  0.1904069E+06

186.8  0.1912258E+06

187.0  0.1920487E+06

187.2  0.1928756E+06

187.4  0.1937065E+06

187.6  0.1945415E+06

187.8  0.1953805E+06

188.0  0.1962237E+06

188.2  0.1970710E+06

188.4  0.1979225E+06

188.6  0.1987782E+06

188.8  0.1996382E+06

189.0  0.2005024E+06

189.2  0.2013711E+06

189.4  0.2022440E+06

189.6  0.2031214E+06

189.8  0.2040032E+06

190.0  0.2048895E+06

190.2  0.2057804E+06

190.4  0.2066758E+06

190.6  0.2075758E+06

190.8  0.2084804E+06

191.0  0.2093898E+06

191.2  0.2103039E+06

191.4  0.2112227E+06

191.6  0.2121464E+06

191.8  0.2130750E+06

192.0  0.2140084E+06

192.2  0.2149469E+06

192.4  0.2158903E+06

192.6  0.2168388E+06

192.8  0.2177924E+06

193.0  0.2187511E+06

193.2  0.2197150E+06

193.4  0.2206842E+06

193.6  0.2216587E+06

193.8  0.2226386E+06

194.0  0.2236238E+06

194.2  0.2246145E+06

194.4  0.2256107E+06

194.6  0.2266125E+06

194.8  0.2276199E+06

195.0  0.2286330E+06

195.2  0.2296518E+06

195.4  0.2306764E+06

195.6  0.2317069E+06

195.8  0.2327433E+06

196.0  0.2337856E+06

196.2  0.2348340E+06

196.4  0.2358884E+06

196.6  0.2369490E+06

196.8  0.2380158E+06

197.0  0.2390889E+06

197.2  0.2401682E+06

197.4  0.2412540E+06

197.6  0.2423463E+06

197.8  0.2434451E+06

198.0  0.2445504E+06

198.2  0.2456624E+06

198.4  0.2467812E+06

198.6  0.2479067E+06

198.8  0.2490391E+06

199.0  0.2501784E+06

199.2  0.2513247E+06

199.4  0.2524780E+06

199.6  0.2536385E+06

199.8  0.2548061E+06

200.0  0.2559810E+06

200.2  0.2571633E+06

200.4  0.2583529E+06

200.6  0.2595501E+06

200.8  0.2607547E+06

201.0  0.2619670E+06

201.2  0.2631870E+06

201.4  0.2644147E+06

201.6  0.2656502E+06

201.8  0.2668937E+06

202.0  0.2681451E+06

202.2  0.2694045E+06

202.4  0.2706721E+06

202.6  0.2719479E+06

202.8  0.2732319E+06

203.0  0.2745242E+06

203.2  0.2758250E+06

203.4  0.2771342E+06

203.6  0.2784519E+06

203.8  0.2797783E+06

204.0  0.2811133E+06

204.2  0.2824571E+06

204.4  0.2838098E+06

204.6  0.2851713E+06

204.8  0.2865418E+06

205.0  0.2879213E+06

205.2  0.2893099E+06

205.4  0.2907077E+06

205.6  0.2921147E+06

205.8  0.2935311E+06

206.0  0.2949568E+06

206.2  0.2963919E+06

206.4  0.2978366E+06

206.6  0.2992908E+06

206.8  0.3007546E+06

207.0  0.3022282E+06

207.2  0.3037115E+06

207.4  0.3052046E+06

207.6  0.3067076E+06

207.8  0.3082206E+06

208.0  0.3097435E+06

208.2  0.3112765E+06

208.4  0.3128196E+06

208.6  0.3143728E+06

208.8  0.3159363E+06

209.0  0.3175101E+06

209.2  0.3190942E+06

209.4  0.3206886E+06

209.6  0.3222935E+06

209.8  0.3239089E+06

210.0  0.3255347E+06

210.2  0.3271712E+06

210.4  0.3288182E+06

210.6  0.3304759E+06

210.8  0.3321443E+06

211.0  0.3338234E+06

211.2  0.3355133E+06

211.4  0.3372140E+06

211.6  0.3389255E+06

211.8  0.3406478E+06

212.0  0.3423811E+06

212.2  0.3441253E+06

212.4  0.3458805E+06

212.6  0.3476466E+06

212.8  0.3494237E+06

213.0  0.3512119E+06

213.2  0.3530111E+06

213.4  0.3548214E+06

213.6  0.3566427E+06

213.8  0.3584751E+06

214.0  0.3603187E+06

214.2  0.3621733E+06

214.4  0.3640390E+06

214.6  0.3659159E+06

214.8  0.3678039E+06

215.0  0.3697030E+06

215.2  0.3716133E+06

215.4  0.3735347E+06

215.6  0.3754671E+06

215.8  0.3774107E+06

216.0  0.3793654E+06

216.2  0.3813312E+06

216.4  0.3833080E+06

216.6  0.3852959E+06

216.8  0.3872949E+06

217.0  0.3893048E+06

217.2  0.3913257E+06

217.4  0.3933576E+06

217.6  0.3954005E+06

217.8  0.3974542E+06

218.0  0.3995188E+06

218.2  0.4015942E+06

218.4  0.4036804E+06

218.6  0.4057774E+06

218.8  0.4078851E+06

219.0  0.4100035E+06

219.2  0.4121324E+06

219.4  0.4142720E+06

219.6  0.4164220E+06

219.8  0.4185826E+06

220.0  0.4207535E+06

220.2  0.4229348E+06

220.4  0.4251263E+06

220.6  0.4273281E+06

220.8  0.4295400E+06

221.0  0.4317620E+06

221.2  0.4339941E+06

221.4  0.4362360E+06

221.6  0.4384879E+06

221.8  0.4407495E+06

222.0  0.4430208E+06

222.2  0.4453018E+06

222.4  0.4475923E+06

222.6  0.4498922E+06

222.8  0.4522015E+06

223.0  0.4545201E+06

223.2  0.4568479E+06

223.4  0.4591847E+06

223.6  0.4615306E+06

223.8  0.4638853E+06

224.0  0.4662488E+06

224.2  0.4686210E+06

224.4  0.4710018E+06

224.6  0.4733910E+06

224.8  0.4757886E+06

225.0  0.4781945E+06

225.2  0.4806085E+06

225.4  0.4830305E+06

225.6  0.4854604E+06

225.8  0.4878981E+06

226.0  0.4903434E+06

226.2  0.4927963E+06

226.4  0.4952566E+06

226.6  0.4977242E+06

226.8  0.5001990E+06

227.0  0.5026808E+06

227.2  0.5051695E+06

227.4  0.5076649E+06

227.6  0.5101670E+06

227.8  0.5126757E+06

228.0  0.5151906E+06

228.2  0.5177118E+06

228.4  0.5202391E+06

228.6  0.5227723E+06

228.8  0.5253114E+06

229.0  0.5278561E+06

229.2  0.5304063E+06

229.4  0.5329619E+06

229.6  0.5355227E+06

229.8  0.5380886E+06

230.0  0.5406594E+06

230.2  0.5432350E+06

230.4  0.5458152E+06

230.6  0.5483999E+06

230.8  0.5509889E+06

231.0  0.5535821E+06

231.2  0.5561793E+06

231.4  0.5587804E+06

231.6  0.5613851E+06

231.8  0.5639934E+06

232.0  0.5666051E+06

232.2  0.5692200E+06

232.4  0.5718380E+06

232.6  0.5744589E+06

232.8  0.5770825E+06

233.0  0.5797088E+06

233.2  0.5823375E+06

233.4  0.5849684E+06

233.6  0.5876015E+06

233.8  0.5902365E+06

234.0  0.5928732E+06

234.2  0.5955116E+06

234.4  0.5981515E+06

234.6  0.6007927E+06

234.8  0.6034350E+06

235.0  0.6060782E+06

235.2  0.6087223E+06

235.4  0.6113671E+06

235.6  0.6140123E+06

235.8  0.6166578E+06

236.0  0.6193035E+06

236.2  0.6219492E+06

236.4  0.6245947E+06

236.6  0.6272399E+06

236.8  0.6298846E+06

237.0  0.6325287E+06

237.2  0.6351719E+06

237.4  0.6378142E+06

237.6  0.6404553E+06

237.8  0.6430951E+06

238.0  0.6457335E+06

238.2  0.6483703E+06

238.4  0.6510053E+06

238.6  0.6536384E+06

238.8  0.6562694E+06

239.0  0.6588981E+06

239.2  0.6615245E+06

239.4  0.6641483E+06

239.6  0.6667693E+06

239.8  0.6693876E+06

240.0  0.6720028E+06

240.2  0.6746148E+06

240.4  0.6772235E+06

240.6  0.6798287E+06

240.8  0.6824303E+06

241.0  0.6850282E+06

241.2  0.6876221E+06

241.4  0.6902119E+06

241.6  0.6927976E+06

241.8  0.6953788E+06

242.0  0.6979556E+06

242.2  0.7005277E+06

242.4  0.7030951E+06

242.6  0.7056575E+06

242.8  0.7082148E+06

243.0  0.7107669E+06

243.2  0.7133136E+06

243.4  0.7158549E+06

243.6  0.7183906E+06

243.8  0.7209205E+06

244.0  0.7234445E+06

244.2  0.7259625E+06

244.4  0.7284743E+06

244.6  0.7309798E+06

244.8  0.7334790E+06

245.0  0.7359715E+06

245.2  0.7384575E+06

245.4  0.7409366E+06

245.6  0.7434088E+06

245.8  0.7458740E+06

246.0  0.7483321E+06

246.2  0.7507828E+06

246.4  0.7532262E+06

246.6  0.7556621E+06

246.8  0.7580903E+06

247.0  0.7605108E+06

247.2  0.7629235E+06

247.4  0.7653282E+06

247.6  0.7677248E+06

247.8  0.7701133E+06

248.0  0.7724934E+06

248.2  0.7748652E+06

248.4  0.7772285E+06

248.6  0.7795832E+06

248.8  0.7819292E+06

249.0  0.7842664E+06

249.2  0.7865947E+06

249.4  0.7889140E+06

249.6  0.7912243E+06

249.8  0.7935254E+06

250.0  0.7958172E+06

250.2  0.7980996E+06

250.4  0.8003726E+06

250.6  0.8026361E+06

250.8  0.8048899E+06

251.0  0.8071340E+06

251.2  0.8093684E+06

251.4  0.8115929E+06

251.6  0.8138074E+06

251.8  0.8160119E+06

252.0  0.8182063E+06

252.2  0.8203906E+06

252.4  0.8225646E+06

252.6  0.8247282E+06

252.8  0.8268815E+06

253.0  0.8290243E+06

253.2  0.8311565E+06

253.4  0.8332782E+06

253.6  0.8353892E+06

253.8  0.8374895E+06

254.0  0.8395790E+06

254.2  0.8416576E+06

254.4  0.8437254E+06

254.6  0.8457821E+06

254.8  0.8478279E+06

255.0  0.8498626E+06

255.2  0.8518861E+06

255.4  0.8538985E+06

255.6  0.8558996E+06

255.8  0.8578895E+06

256.0  0.8598680E+06

256.2  0.8618352E+06

256.4  0.8637909E+06

256.6  0.8657352E+06

256.8  0.8676679E+06

257.0  0.8695892E+06

257.2  0.8714988E+06

257.4  0.8733969E+06

257.6  0.8752832E+06

257.8  0.8771579E+06

258.0  0.8790209E+06

258.2  0.8808721E+06

258.4  0.8827115E+06

258.6  0.8845391E+06

258.8  0.8863548E+06

259.0  0.8881587E+06

259.2  0.8899507E+06

259.4  0.8917308E+06

259.6  0.8934989E+06

259.8  0.8952550E+06

260.0  0.8969991E+06

260.2  0.8987313E+06

260.4  0.9004514E+06

260.6  0.9021594E+06

260.8  0.9038554E+06

261.0  0.9055394E+06

261.2  0.9072112E+06

261.4  0.9088709E+06

261.6  0.9105185E+06

261.8  0.9121540E+06

262.0  0.9137774E+06

262.2  0.9153886E+06

262.4  0.9169877E+06

262.6  0.9185746E+06

262.8  0.9201493E+06

263.0  0.9217119E+06

263.2  0.9232623E+06

263.4  0.9248006E+06

263.6  0.9263267E+06

263.8  0.9278406E+06

264.0  0.9293424E+06

264.2  0.9308320E+06

264.4  0.9323094E+06

264.6  0.9337747E+06

264.8  0.9352278E+06

265.0  0.9366688E+06

265.2  0.9380977E+06

265.4  0.9395144E+06

265.6  0.9409190E+06

265.8  0.9423116E+06

266.0  0.9436920E+06

266.2  0.9450603E+06

266.4  0.9464166E+06

266.6  0.9477608E+06

266.8  0.9490929E+06

267.0  0.9504130E+06

267.2  0.9517212E+06

267.4  0.9530173E+06

267.6  0.9543014E+06

267.8  0.9555736E+06

268.0  0.9568339E+06

268.2  0.9580822E+06

268.4  0.9593186E+06

268.6  0.9605432E+06

268.8  0.9617559E+06

269.0  0.9629567E+06

269.2  0.9641458E+06

269.4  0.9653231E+06

269.6  0.9664886E+06

269.8  0.9676424E+06

270.0  0.9687845E+06

270.2  0.9699149E+06

270.4  0.9710336E+06

270.6  0.9721407E+06

270.8  0.9732363E+06

271.0  0.9743202E+06

271.2  0.9753926E+06

271.4  0.9764536E+06

271.6  0.9775030E+06

271.8  0.9785410E+06

272.0  0.9795676E+06

272.2  0.9805829E+06

272.4  0.9815868E+06

272.6  0.9825793E+06

272.8  0.9835606E+06

273.0  0.9845307E+06

273.2  0.9854896E+06

273.4  0.9864373E+06

273.6  0.9873738E+06

273.8  0.9882993E+06

274.0  0.9892137E+06

274.2  0.9901171E+06

274.4  0.9910095E+06

274.6  0.9918910E+06

274.8  0.9927616E+06

275.0  0.9936213E+06

275.2  0.9944701E+06

275.4  0.9953082E+06

275.6  0.9961356E+06

275.8  0.9969522E+06

276.0  0.9977582E+06

276.2  0.9985535E+06

276.4  0.9993383E+06

276.6  0.1000113E+07

276.8  0.1000876E+07

277.0  0.1001630E+07

277.2  0.1002373E+07

277.4  0.1003105E+07

277.6  0.1003827E+07

277.8  0.1004539E+07

278.0  0.1005241E+07

278.2  0.1005932E+07

278.4  0.1006614E+07

278.6  0.1007285E+07

278.8  0.1007946E+07

279.0  0.1008597E+07

279.2  0.1009239E+07

279.4  0.1009870E+07

279.6  0.1010491E+07

279.8  0.1011103E+07

280.0  0.1011705E+07

280.2  0.1012297E+07

280.4  0.1012879E+07

280.6  0.1013452E+07

280.8  0.1014015E+07

281.0  0.1014569E+07

281.2  0.1015113E+07

281.4  0.1015648E+07

281.6  0.1016173E+07

281.8  0.1016689E+07

282.0  0.1017196E+07

282.2  0.1017693E+07

282.4  0.1018181E+07

282.6  0.1018660E+07

282.8  0.1019130E+07

283.0  0.1019591E+07

283.2  0.1020043E+07

283.4  0.1020485E+07

283.6  0.1020919E+07

283.8  0.1021344E+07

284.0  0.1021760E+07

284.2  0.1022168E+07

284.4  0.1022567E+07

284.6  0.1022957E+07

284.8  0.1023338E+07

285.0  0.1023711E+07

285.2  0.1024075E+07

285.4  0.1024431E+07

285.6  0.1024778E+07

285.8  0.1025117E+07

286.0  0.1025448E+07

286.2  0.1025770E+07

286.4  0.1026084E+07

286.6  0.1026390E+07

286.8  0.1026688E+07

287.0  0.1026977E+07

287.2  0.1027259E+07

287.4  0.1027532E+07

287.6  0.1027798E+07

287.8  0.1028056E+07

288.0  0.1028306E+07

288.2  0.1028548E+07

288.4  0.1028782E+07

288.6  0.1029009E+07

288.8  0.1029228E+07

289.0  0.1029439E+07

289.2  0.1029643E+07

289.4  0.1029839E+07

289.6  0.1030028E+07

289.8  0.1030209E+07

290.0  0.1030383E+07

290.2  0.1030550E+07

290.4  0.1030710E+07

290.6  0.1030862E+07

290.8  0.1031007E+07

291.0  0.1031145E+07

291.2  0.1031275E+07

291.4  0.1031399E+07

291.6  0.1031516E+07

291.8  0.1031626E+07

292.0  0.1031729E+07

292.2  0.1031825E+07

292.4  0.1031914E+07

292.6  0.1031996E+07

292.8  0.1032072E+07

293.0  0.1032141E+07

293.2  0.1032204E+07

293.4  0.1032260E+07

293.6  0.1032309E+07

293.8  0.1032352E+07

294.0  0.1032388E+07

294.2  0.1032419E+07

294.4  0.1032442E+07

294.6  0.1032460E+07

294.8  0.1032471E+07

295.0  0.1032476E+07

295.2  0.1032475E+07

295.4  0.1032467E+07

295.6  0.1032454E+07

295.8  0.1032434E+07

296.0  0.1032409E+07

296.2  0.1032378E+07

296.4  0.1032340E+07

296.6  0.1032297E+07

296.8  0.1032248E+07

297.0  0.1032193E+07

297.2  0.1032133E+07

297.4  0.1032067E+07

297.6  0.1031995E+07

297.8  0.1031918E+07

298.0  0.1031835E+07

298.2  0.1031746E+07

298.4  0.1031652E+07

298.6  0.1031553E+07

298.8  0.1031448E+07

299.0  0.1031338E+07

299.2  0.1031222E+07

299.4  0.1031102E+07

299.6  0.1030976E+07

299.8  0.1030845E+07

300.0  0.1030708E+07

300.2  0.1030567E+07

300.4  0.1030421E+07

300.6  0.1030269E+07

300.8  0.1030113E+07

301.0  0.1029951E+07

301.2  0.1029785E+07

301.4  0.1029614E+07

301.6  0.1029438E+07

301.8  0.1029257E+07

302.0  0.1029071E+07

302.2  0.1028881E+07

302.4  0.1028686E+07

302.6  0.1028487E+07

302.8  0.1028282E+07

303.0  0.1028074E+07

303.2  0.1027860E+07

303.4  0.1027643E+07

303.6  0.1027421E+07

303.8  0.1027194E+07

304.0  0.1026963E+07

304.2  0.1026728E+07

304.4  0.1026488E+07

304.6  0.1026244E+07

304.8  0.1025996E+07

305.0  0.1025744E+07

305.2  0.1025487E+07

305.4  0.1025227E+07

305.6  0.1024962E+07

305.8  0.1024693E+07

306.0  0.1024421E+07

306.2  0.1024144E+07

306.4  0.1023863E+07

306.6  0.1023579E+07

306.8  0.1023290E+07

307.0  0.1022998E+07

307.2  0.1022702E+07

307.4  0.1022402E+07

307.6  0.1022098E+07

307.8  0.1021791E+07

308.0  0.1021480E+07

308.2  0.1021165E+07

308.4  0.1020847E+07

308.6  0.1020525E+07

308.8  0.1020199E+07

309.0  0.1019870E+07

309.2  0.1019538E+07

309.4  0.1019202E+07

309.6  0.1018863E+07

309.8  0.1018520E+07

310.0  0.1018174E+07

310.2  0.1017824E+07

310.4  0.1017472E+07

310.6  0.1017116E+07

310.8  0.1016757E+07

311.0  0.1016394E+07

311.2  0.1016028E+07

311.4  0.1015660E+07

311.6  0.1015288E+07

311.8  0.1014913E+07

312.0  0.1014535E+07

312.2  0.1014154E+07

312.4  0.1013769E+07

312.6  0.1013382E+07

312.8  0.1012992E+07

313.0  0.1012599E+07

313.2  0.1012204E+07

313.4  0.1011805E+07

313.6  0.1011403E+07

313.8  0.1010999E+07

314.0  0.1010592E+07

314.2  0.1010182E+07

314.4  0.1009769E+07

314.6  0.1009354E+07

314.8  0.1008936E+07

315.0  0.1008515E+07

315.2  0.1008092E+07

315.4  0.1007666E+07

315.6  0.1007237E+07

315.8  0.1006806E+07

316.0  0.1006373E+07

316.2  0.1005937E+07

316.4  0.1005498E+07

316.6  0.1005057E+07

316.8  0.1004614E+07

317.0  0.1004168E+07

317.2  0.1003720E+07

317.4  0.1003270E+07

317.6  0.1002817E+07

317.8  0.1002362E+07

318.0  0.1001904E+07

318.2  0.1001444E+07

318.4  0.1000983E+07

318.6  0.1000518E+07

318.8  0.1000052E+07

319.0  0.9995837E+06

319.2  0.9991131E+06

319.4  0.9986404E+06

319.6  0.9981656E+06

319.8  0.9976887E+06

320.0  0.9972098E+06

320.2  0.9967288E+06

320.4  0.9962458E+06

320.6  0.9957609E+06

320.8  0.9952740E+06

321.0  0.9947851E+06

321.2  0.9942943E+06

321.4  0.9938016E+06

321.6  0.9933071E+06

321.8  0.9928106E+06

322.0  0.9923124E+06

322.2  0.9918123E+06

322.4  0.9913104E+06

322.6  0.9908067E+06

322.8  0.9903013E+06

323.0  0.9897942E+06

323.2  0.9892853E+06

323.4  0.9887747E+06

323.6  0.9882624E+06

323.8  0.9877485E+06

324.0  0.9872329E+06

324.2  0.9867157E+06

324.4  0.9861969E+06

324.6  0.9856766E+06

324.8  0.9851546E+06

325.0  0.9846311E+06

325.2  0.9841061E+06

325.4  0.9835795E+06

325.6  0.9830515E+06

325.8  0.9825219E+06

326.0  0.9819909E+06

326.2  0.9814585E+06

326.4  0.9809246E+06

326.6  0.9803894E+06

326.8  0.9798527E+06

327.0  0.9793147E+06

327.2  0.9787753E+06

327.4  0.9782345E+06

327.6  0.9776924E+06

327.8  0.9771491E+06

328.0  0.9766044E+06

328.2  0.9760584E+06

328.4  0.9755112E+06

328.6  0.9749628E+06

328.8  0.9744131E+06

329.0  0.9738622E+06

329.2  0.9733101E+06

329.4  0.9727568E+06

329.6  0.9722023E+06

329.8  0.9716467E+06

330.0  0.9710900E+06

330.2  0.9705321E+06

330.4  0.9699731E+06

330.6  0.9694130E+06

330.8  0.9688519E+06

331.0  0.9682897E+06

331.2  0.9677264E+06

331.4  0.9671621E+06

331.6  0.9665967E+06

331.8  0.9660304E+06

332.0  0.9654630E+06

332.2  0.9648947E+06

332.4  0.9643254E+06

332.6  0.9637552E+06

332.8  0.9631840E+06

333.0  0.9626119E+06

333.2  0.9620388E+06

333.4  0.9614649E+06

333.6  0.9608900E+06

333.8  0.9603143E+06

334.0  0.9597378E+06

334.2  0.9591603E+06

334.4  0.9585821E+06

334.6  0.9580030E+06

334.8  0.9574231E+06

335.0  0.9568424E+06

335.2  0.9562609E+06

335.4  0.9556786E+06

335.6  0.9550956E+06

335.8  0.9545118E+06

336.0  0.9539272E+06

336.2  0.9533419E+06

336.4  0.9527559E+06

336.6  0.9521692E+06

336.8  0.9515818E+06

337.0  0.9509937E+06

337.2  0.9504050E+06

337.4  0.9498155E+06

337.6  0.9492254E+06

337.8  0.9486347E+06

338.0  0.9480433E+06

338.2  0.9474513E+06

338.4  0.9468587E+06

338.6  0.9462655E+06

338.8  0.9456717E+06

339.0  0.9450774E+06

339.2  0.9444824E+06

339.4  0.9438869E+06

339.6  0.9432909E+06

339.8  0.9426943E+06

340.0  0.9420971E+06

340.2  0.9414995E+06

340.4  0.9409013E+06

340.6  0.9403026E+06

340.8  0.9397035E+06

341.0  0.9391038E+06

341.2  0.9385037E+06

341.4  0.9379031E+06

341.6  0.9373021E+06

341.8  0.9367006E+06

342.0  0.9360987E+06

342.2  0.9354963E+06

342.4  0.9348935E+06

342.6  0.9342903E+06

342.8  0.9336867E+06

343.0  0.9330828E+06

343.2  0.9324784E+06

343.4  0.9318736E+06

343.6  0.9312685E+06

343.8  0.9306630E+06

344.0  0.9300572E+06

344.2  0.9294510E+06

344.4  0.9288445E+06

344.6  0.9282376E+06

344.8  0.9276304E+06

345.0  0.9270229E+06

345.2  0.9264151E+06

345.4  0.9258070E+06

345.6  0.9251987E+06

345.8  0.9245900E+06

346.0  0.9239810E+06

346.2  0.9233718E+06

346.4  0.9227623E+06

346.6  0.9221526E+06

346.8  0.9215426E+06

347.0  0.9209324E+06

347.2  0.9203220E+06

347.4  0.9197113E+06

347.6  0.9191004E+06

347.8  0.9184893E+06

348.0  0.9178780E+06

348.2  0.9172665E+06

348.4  0.9166548E+06

348.6  0.9160429E+06

348.8  0.9154308E+06

349.0  0.9148186E+06

349.2  0.9142061E+06

349.4  0.9135936E+06

349.6  0.9129809E+06

349.8  0.9123680E+06

350.0  0.9117550E+06

350.2  0.9111418E+06

350.4  0.9105286E+06

350.6  0.9099152E+06

350.8  0.9093016E+06

351.0  0.9086880E+06

351.2  0.9080743E+06

351.4  0.9074605E+06

351.6  0.9068465E+06

351.8  0.9062325E+06

352.0  0.9056184E+06

352.2  0.9050042E+06

352.4  0.9043900E+06

352.6  0.9037757E+06

352.8  0.9031613E+06

353.0  0.9025469E+06

353.2  0.9019324E+06

353.4  0.9013179E+06

353.6  0.9007033E+06

353.8  0.9000887E+06

354.0  0.8994741E+06

354.2  0.8988594E+06

354.4  0.8982448E+06

354.6  0.8976301E+06

354.8  0.8970154E+06

355.0  0.8964007E+06

355.2  0.8957860E+06

355.4  0.8951713E+06

355.6  0.8945566E+06

355.8  0.8939419E+06

356.0  0.8933272E+06

356.2  0.8927126E+06

356.4  0.8920980E+06

356.6  0.8914834E+06

356.8  0.8908689E+06

357.0  0.8902544E+06

357.2  0.8896399E+06

357.4  0.8890255E+06

357.6  0.8884112E+06

357.8  0.8877969E+06

358.0  0.8871826E+06

358.2  0.8865685E+06

358.4  0.8859544E+06

358.6  0.8853403E+06

358.8  0.8847264E+06

359.0  0.8841125E+06

359.2  0.8834988E+06

359.4  0.8828851E+06

359.6  0.8822715E+06

359.8  0.8816580E+06

360.0  0.8810446E+06

360.2  0.8804313E+06

360.4  0.8798181E+06

360.6  0.8792050E+06

360.8  0.8785921E+06

361.0  0.8779792E+06

361.2  0.8773665E+06

361.4  0.8767539E+06

361.6  0.8761415E+06

361.8  0.8755292E+06

362.0  0.8749170E+06

362.2  0.8743049E+06

362.4  0.8736930E+06

362.6  0.8730813E+06

362.8  0.8724697E+06

363.0  0.8718582E+06

363.2  0.8712469E+06

363.4  0.8706358E+06

363.6  0.8700248E+06

363.8  0.8694140E+06

364.0  0.8688033E+06

364.2  0.8681928E+06

364.4  0.8675825E+06

364.6  0.8669724E+06

364.8  0.8663625E+06

365.0  0.8657527E+06

365.2  0.8651431E+06

365.4  0.8645338E+06

365.6  0.8639246E+06

365.8  0.8633156E+06

366.0  0.8627068E+06

366.2  0.8620982E+06

366.4  0.8614898E+06

366.6  0.8608816E+06

366.8  0.8602736E+06

367.0  0.8596658E+06

367.2  0.8590582E+06

367.4  0.8584509E+06

367.6  0.8578438E+06

367.8  0.8572368E+06

368.0  0.8566302E+06

368.2  0.8560237E+06

368.4  0.8554175E+06

368.6  0.8548114E+06

368.8  0.8542057E+06

369.0  0.8536001E+06

369.2  0.8529948E+06

369.4  0.8523898E+06

369.6  0.8517849E+06

369.8  0.8511804E+06

370.0  0.8505760E+06

370.2  0.8499719E+06

370.4  0.8493681E+06

370.6  0.8487645E+06

370.8  0.8481612E+06

371.0  0.8475581E+06

371.2  0.8469553E+06

371.4  0.8463527E+06

371.6  0.8457504E+06

371.8  0.8451484E+06

372.0  0.8445466E+06

372.2  0.8439452E+06

372.4  0.8433439E+06

372.6  0.8427430E+06

372.8  0.8421423E+06

373.0  0.8415419E+06

373.2  0.8409418E+06

373.4  0.8403419E+06

373.6  0.8397423E+06

373.8  0.8391431E+06

374.0  0.8385440E+06

374.2  0.8379453E+06

374.4  0.8373469E+06

374.6  0.8367488E+06

374.8  0.8361509E+06

375.0  0.8355534E+06

375.2  0.8349561E+06

375.4  0.8343591E+06

375.6  0.8337625E+06

375.8  0.8331661E+06

376.0  0.8325700E+06

376.2  0.8319743E+06

376.4  0.8313788E+06

376.6  0.8307836E+06

376.8  0.8301888E+06

377.0  0.8295942E+06

377.2  0.8290000E+06

377.4  0.8284061E+06

377.6  0.8278125E+06

377.8  0.8272192E+06

378.0  0.8266262E+06

378.2  0.8260335E+06

378.4  0.8254411E+06

378.6  0.8248491E+06

378.8  0.8242574E+06

379.0  0.8236660E+06

379.2  0.8230749E+06

379.4  0.8224842E+06

379.6  0.8218938E+06

379.8  0.8213037E+06

380.0  0.8207139E+06

380.2  0.8201245E+06

380.4  0.8195353E+06

380.6  0.8189466E+06

380.8  0.8183581E+06

381.0  0.8177700E+06

381.2  0.8171822E+06

381.4  0.8165948E+06

381.6  0.8160076E+06

381.8  0.8154209E+06

382.0  0.8148344E+06

382.2  0.8142483E+06

382.4  0.8136626E+06

382.6  0.8130772E+06

382.8  0.8124921E+06

383.0  0.8119074E+06

383.2  0.8113230E+06

383.4  0.8107389E+06

383.6  0.8101552E+06

383.8  0.8095719E+06

384.0  0.8089889E+06

384.2  0.8084062E+06

384.4  0.8078239E+06

384.6  0.8072420E+06

384.8  0.8066604E+06

385.0  0.8060791E+06

385.2  0.8054982E+06

385.4  0.8049177E+06

385.6  0.8043375E+06

385.8  0.8037576E+06

386.0  0.8031782E+06

386.2  0.8025990E+06

386.4  0.8020203E+06

386.6  0.8014419E+06

386.8  0.8008638E+06

387.0  0.8002861E+06

387.2  0.7997088E+06

387.4  0.7991318E+06

387.6  0.7985552E+06

387.8  0.7979790E+06

388.0  0.7974031E+06

388.2  0.7968276E+06

388.4  0.7962524E+06

388.6  0.7956777E+06

388.8  0.7951032E+06

389.0  0.7945292E+06

389.2  0.7939555E+06

389.4  0.7933822E+06

389.6  0.7928092E+06

389.8  0.7922366E+06

390.0  0.7916644E+06

390.2  0.7910926E+06

390.4  0.7905211E+06

390.6  0.7899500E+06

390.8  0.7893793E+06

391.0  0.7888089E+06

391.2  0.7882389E+06

391.4  0.7876693E+06

391.6  0.7871000E+06

391.8  0.7865312E+06

392.0  0.7859627E+06

392.2  0.7853946E+06

392.4  0.7848268E+06

392.6  0.7842594E+06

392.8  0.7836924E+06

393.0  0.7831258E+06

393.2  0.7825596E+06

393.4  0.7819937E+06

393.6  0.7814282E+06

393.8  0.7808631E+06

394.0  0.7802984E+06

394.2  0.7797340E+06

394.4  0.7791701E+06

394.6  0.7786065E+06

394.8  0.7780433E+06

395.0  0.7774804E+06

395.2  0.7769180E+06

395.4  0.7763559E+06

395.6  0.7757942E+06

395.8  0.7752329E+06

396.0  0.7746720E+06

396.2  0.7741114E+06

396.4  0.7735512E+06

396.6  0.7729915E+06

396.8  0.7724321E+06

397.0  0.7718731E+06

397.2  0.7713144E+06

397.4  0.7707562E+06

397.6  0.7701983E+06

397.8  0.7696408E+06

398.0  0.7690837E+06

398.2  0.7685270E+06

398.4  0.7679707E+06

398.6  0.7674147E+06

398.8  0.7668592E+06

399.0  0.7663040E+06

399.2  0.7657492E+06

399.4  0.7651948E+06

399.6  0.7646408E+06

399.8  0.7640872E+06

400.0  0.7635340E+06

400.2  0.7629811E+06

400.4  0.7624286E+06

400.6  0.7618766E+06

400.8  0.7613249E+06

401.0  0.7607736E+06

401.2  0.7602227E+06

401.4  0.7596721E+06

401.6  0.7591220E+06

401.8  0.7585722E+06

402.0  0.7580229E+06

402.2  0.7574739E+06

402.4  0.7569253E+06

402.6  0.7563771E+06

402.8  0.7558293E+06

403.0  0.7552819E+06

403.2  0.7547348E+06

403.4  0.7541882E+06

403.6  0.7536419E+06

403.8  0.7530961E+06

404.0  0.7525506E+06

404.2  0.7520055E+06

404.4  0.7514608E+06

404.6  0.7509165E+06

404.8  0.7503725E+06

405.0  0.7498290E+06

405.2  0.7492859E+06

405.4  0.7487431E+06

405.6  0.7482007E+06

405.8  0.7476588E+06

406.0  0.7471172E+06

406.2  0.7465760E+06

406.4  0.7460352E+06

406.6  0.7454948E+06

406.8  0.7449547E+06

407.0  0.7444151E+06

407.2  0.7438758E+06

407.4  0.7433370E+06

407.6  0.7427985E+06

407.8  0.7422604E+06

408.0  0.7417227E+06

408.2  0.7411854E+06

408.4  0.7406485E+06

408.6  0.7401120E+06

408.8  0.7395759E+06

409.0  0.7390401E+06

409.2  0.7385048E+06

409.4  0.7379698E+06

409.6  0.7374352E+06

409.8  0.7369011E+06

410.0  0.7363673E+06

410.2  0.7358339E+06

410.4  0.7353008E+06

410.6  0.7347682E+06

410.8  0.7342360E+06

411.0  0.7337041E+06

411.2  0.7331727E+06

411.4  0.7326416E+06

411.6  0.7321109E+06

411.8  0.7315806E+06

412.0  0.7310507E+06

412.2  0.7305212E+06

412.4  0.7299921E+06

412.6  0.7294633E+06

412.8  0.7289350E+06

413.0  0.7284070E+06

413.2  0.7278794E+06

413.4  0.7273522E+06

413.6  0.7268254E+06

413.8  0.7262990E+06

414.0  0.7257730E+06

414.2  0.7252474E+06

414.4  0.7247221E+06

414.6  0.7241973E+06

414.8  0.7236728E+06

415.0  0.7231487E+06

415.2  0.7226250E+06

415.4  0.7221017E+06

415.6  0.7215788E+06

415.8  0.7210562E+06

416.0  0.7205341E+06

416.2  0.7200123E+06

416.4  0.7194909E+06

416.6  0.7189699E+06

416.8  0.7184493E+06

417.0  0.7179291E+06

417.2  0.7174093E+06

417.4  0.7168898E+06

417.6  0.7163708E+06

417.8  0.7158521E+06

418.0  0.7153338E+06

418.2  0.7148159E+06

418.4  0.7142983E+06

418.6  0.7137812E+06

418.8  0.7132645E+06

419.0  0.7127481E+06

419.2  0.7122321E+06

419.4  0.7117165E+06

419.6  0.7112013E+06

419.8  0.7106864E+06

420.0  0.7101720E+06

420.2  0.7096579E+06

420.4  0.7091442E+06

420.6  0.7086309E+06

420.8  0.7081180E+06

421.0  0.7076055E+06

421.2  0.7070933E+06

421.4  0.7065816E+06

421.6  0.7060702E+06

421.8  0.7055592E+06

422.0  0.7050485E+06

422.2  0.7045383E+06

422.4  0.7040284E+06

422.6  0.7035190E+06

422.8  0.7030099E+06

423.0  0.7025011E+06

423.2  0.7019928E+06

423.4  0.7014848E+06

423.6  0.7009773E+06

423.8  0.7004701E+06

424.0  0.6999633E+06

424.2  0.6994568E+06

424.4  0.6989508E+06

424.6  0.6984451E+06

424.8  0.6979398E+06

425.0  0.6974349E+06

425.2  0.6969303E+06

425.4  0.6964262E+06

425.6  0.6959224E+06

425.8  0.6954190E+06

426.0  0.6949159E+06

426.2  0.6944133E+06

426.4  0.6939110E+06

426.6  0.6934091E+06

426.8  0.6929076E+06

427.0  0.6924064E+06

427.2  0.6919057E+06

427.4  0.6914053E+06

427.6  0.6909053E+06

427.8  0.6904056E+06

428.0  0.6899063E+06

428.2  0.6894075E+06

428.4  0.6889089E+06

428.6  0.6884108E+06

428.8  0.6879130E+06

429.0  0.6874156E+06

429.2  0.6869186E+06

429.4  0.6864220E+06

429.6  0.6859257E+06

429.8  0.6854298E+06

430.0  0.6849343E+06

430.2  0.6844391E+06

430.4  0.6839444E+06

430.6  0.6834499E+06

430.8  0.6829559E+06

431.0  0.6824623E+06

431.2  0.6819690E+06

431.4  0.6814760E+06

431.6  0.6809835E+06

431.8  0.6804913E+06

432.0  0.6799995E+06

432.2  0.6795081E+06

432.4  0.6790170E+06

432.6  0.6785263E+06

432.8  0.6780360E+06

433.0  0.6775460E+06

433.2  0.6770564E+06

433.4  0.6765672E+06

433.6  0.6760784E+06

433.8  0.6755899E+06

434.0  0.6751018E+06

434.2  0.6746140E+06

434.4  0.6741267E+06

434.6  0.6736397E+06

434.8  0.6731530E+06

435.0  0.6726667E+06

435.2  0.6721808E+06

435.4  0.6716953E+06

435.6  0.6712101E+06

435.8  0.6707253E+06

436.0  0.6702408E+06

436.2  0.6697568E+06

436.4  0.6692731E+06

436.6  0.6687897E+06

436.8  0.6683067E+06

437.0  0.6678241E+06

437.2  0.6673418E+06

437.4  0.6668599E+06

437.6  0.6663784E+06

437.8  0.6658973E+06

438.0  0.6654164E+06

438.2  0.6649360E+06

438.4  0.6644559E+06

438.6  0.6639762E+06

438.8  0.6634969E+06

439.0  0.6630179E+06

439.2  0.6625392E+06

439.4  0.6620610E+06

439.6  0.6615831E+06

439.8  0.6611055E+06

440.0  0.6606283E+06

440.2  0.6601515E+06

440.4  0.6596750E+06

440.6  0.6591989E+06

440.8  0.6587232E+06

441.0  0.6582478E+06

441.2  0.6577727E+06

441.4  0.6572981E+06

441.6  0.6568237E+06

441.8  0.6563498E+06

442.0  0.6558762E+06

442.2  0.6554029E+06

442.4  0.6549301E+06

442.6  0.6544575E+06

442.8  0.6539854E+06

443.0  0.6535135E+06

443.2  0.6530421E+06

443.4  0.6525710E+06

443.6  0.6521002E+06

443.8  0.6516298E+06

444.0  0.6511598E+06

444.2  0.6506901E+06

444.4  0.6502208E+06

444.6  0.6497518E+06

444.8  0.6492832E+06

445.0  0.6488149E+06

445.2  0.6483470E+06

445.4  0.6478794E+06

445.6  0.6474122E+06

445.8  0.6469454E+06

446.0  0.6464788E+06

446.2  0.6460127E+06

446.4  0.6455469E+06

446.6  0.6450814E+06

446.8  0.6446163E+06

447.0  0.6441516E+06

447.2  0.6436872E+06

447.4  0.6432231E+06

447.6  0.6427594E+06

447.8  0.6422961E+06

448.0  0.6418331E+06

448.2  0.6413704E+06

448.4  0.6409081E+06

448.6  0.6404462E+06

448.8  0.6399846E+06

449.0  0.6395233E+06

449.2  0.6390624E+06

449.4  0.6386018E+06

449.6  0.6381416E+06

449.8  0.6376817E+06

450.0  0.6372222E+06

450.2  0.6367630E+06

450.4  0.6363042E+06

450.6  0.6358457E+06

450.8  0.6353876E+06

451.0  0.6349298E+06

451.2  0.6344723E+06

451.4  0.6340152E+06

451.6  0.6335585E+06

451.8  0.6331020E+06

452.0  0.6326460E+06

452.2  0.6321902E+06

452.4  0.6317348E+06

452.6  0.6312798E+06

452.8  0.6308251E+06

453.0  0.6303707E+06

453.2  0.6299167E+06

453.4  0.6294630E+06

453.6  0.6290097E+06

453.8  0.6285567E+06

454.0  0.6281041E+06

454.2  0.6276517E+06

454.4  0.6271998E+06

454.6  0.6267481E+06

454.8  0.6262968E+06

455.0  0.6258459E+06

455.2  0.6253953E+06

455.4  0.6249450E+06

455.6  0.6244951E+06

455.8  0.6240455E+06

456.0  0.6235962E+06

456.2  0.6231473E+06

456.4  0.6226987E+06

456.6  0.6222505E+06

456.8  0.6218025E+06

457.0  0.6213550E+06

457.2  0.6209077E+06

457.4  0.6204608E+06

457.6  0.6200143E+06

457.8  0.6195680E+06

458.0  0.6191221E+06

458.2  0.6186766E+06

458.4  0.6182314E+06

458.6  0.6177865E+06

458.8  0.6173419E+06

459.0  0.6168977E+06

459.2  0.6164538E+06

459.4  0.6160102E+06

459.6  0.6155670E+06

459.8  0.6151241E+06

460.0  0.6146816E+06

460.2  0.6142393E+06

460.4  0.6137974E+06

460.6  0.6133559E+06

460.8  0.6129147E+06

461.0  0.6124738E+06

461.2  0.6120332E+06

461.4  0.6115929E+06

461.6  0.6111530E+06

461.8  0.6107135E+06

462.0  0.6102742E+06

462.2  0.6098353E+06

462.4  0.6093967E+06

462.6  0.6089584E+06

462.8  0.6085205E+06

463.0  0.6080829E+06

463.2  0.6076456E+06

463.4  0.6072087E+06

463.6  0.6067721E+06

463.8  0.6063358E+06

464.0  0.6058998E+06

464.2  0.6054642E+06

464.4  0.6050288E+06

464.6  0.6045939E+06

464.8  0.6041592E+06

465.0  0.6037249E+06

465.2  0.6032908E+06

465.4  0.6028572E+06

465.6  0.6024238E+06

465.8  0.6019908E+06

466.0  0.6015581E+06

466.2  0.6011257E+06

466.4  0.6006936E+06

466.6  0.6002619E+06

466.8  0.5998304E+06

467.0  0.5993993E+06

467.2  0.5989686E+06

467.4  0.5985381E+06

467.6  0.5981080E+06

467.8  0.5976782E+06

468.0  0.5972487E+06

468.2  0.5968195E+06

468.4  0.5963907E+06

468.6  0.5959622E+06

468.8  0.5955340E+06

469.0  0.5951061E+06

469.2  0.5946785E+06

469.4  0.5942513E+06

469.6  0.5938243E+06

469.8  0.5933977E+06

470.0  0.5929715E+06

470.2  0.5925455E+06

470.4  0.5921198E+06

470.6  0.5916945E+06

470.8  0.5912695E+06

471.0  0.5908448E+06

471.2  0.5904204E+06

471.4  0.5899964E+06

471.6  0.5895726E+06

471.8  0.5891492E+06

472.0  0.5887261E+06

472.2  0.5883033E+06

472.4  0.5878808E+06

472.6  0.5874586E+06

472.8  0.5870368E+06

473.0  0.5866152E+06

473.2  0.5861940E+06

473.4  0.5857731E+06

473.6  0.5853525E+06

473.8  0.5849322E+06

474.0  0.5845123E+06

474.2  0.5840926E+06

474.4  0.5836733E+06

474.6  0.5832542E+06

474.8  0.5828355E+06

475.0  0.5824171E+06

475.2  0.5819990E+06

475.4  0.5815812E+06

475.6  0.5811638E+06

475.8  0.5807466E+06

476.0  0.5803297E+06

476.2  0.5799132E+06

476.4  0.5794970E+06

476.6  0.5790811E+06

476.8  0.5786655E+06

477.0  0.5782502E+06

477.2  0.5778352E+06

477.4  0.5774205E+06

477.6  0.5770061E+06

477.8  0.5765921E+06

478.0  0.5761783E+06

478.2  0.5757648E+06

478.4  0.5753517E+06

478.6  0.5749389E+06

478.8  0.5745263E+06

479.0  0.5741141E+06

479.2  0.5737022E+06

479.4  0.5732906E+06

479.6  0.5728793E+06

479.8  0.5724683E+06

480.0  0.5720576E+06

480.2  0.5716472E+06

480.4  0.5712372E+06

480.6  0.5708274E+06

480.8  0.5704179E+06

481.0  0.5700088E+06

481.2  0.5695999E+06

481.4  0.5691913E+06

481.6  0.5687831E+06

481.8  0.5683751E+06

482.0  0.5679675E+06

482.2  0.5675601E+06

482.4  0.5671531E+06

482.6  0.5667464E+06

482.8  0.5663399E+06

483.0  0.5659338E+06

483.2  0.5655279E+06

483.4  0.5651224E+06

483.6  0.5647172E+06

483.8  0.5643122E+06

484.0  0.5639076E+06

484.2  0.5635033E+06

484.4  0.5630992E+06

484.6  0.5626955E+06

484.8  0.5622921E+06

485.0  0.5618889E+06

485.2  0.5614861E+06

485.4  0.5610836E+06

485.6  0.5606813E+06

485.8  0.5602794E+06

486.0  0.5598777E+06

486.2  0.5594764E+06

486.4  0.5590754E+06

486.6  0.5586746E+06

486.8  0.5582741E+06

487.0  0.5578740E+06

487.2  0.5574741E+06

487.4  0.5570746E+06

487.6  0.5566753E+06

487.8  0.5562763E+06

488.0  0.5558776E+06

488.2  0.5554793E+06

488.4  0.5550812E+06

488.6  0.5546834E+06

488.8  0.5542859E+06

489.0  0.5538887E+06

489.2  0.5534918E+06

489.4  0.5530952E+06

489.6  0.5526988E+06

489.8  0.5523028E+06

490.0  0.5519071E+06

490.2  0.5515116E+06

490.4  0.5511165E+06

490.6  0.5507216E+06

490.8  0.5503270E+06

491.0  0.5499328E+06

491.2  0.5495388E+06

491.4  0.5491451E+06

491.6  0.5487517E+06

491.8  0.5483586E+06

492.0  0.5479657E+06

492.2  0.5475732E+06

492.4  0.5471810E+06

492.6  0.5467890E+06

492.8  0.5463974E+06

493.0  0.5460060E+06

493.2  0.5456149E+06

493.4  0.5452241E+06

493.6  0.5448336E+06

493.8  0.5444434E+06

494.0  0.5440534E+06

494.2  0.5436638E+06

494.4  0.5432744E+06

494.6  0.5428854E+06

494.8  0.5424966E+06

495.0  0.5421081E+06

495.2  0.5417199E+06

495.4  0.5413320E+06

495.6  0.5409443E+06

495.8  0.5405570E+06

496.0  0.5401699E+06

496.2  0.5397831E+06

496.4  0.5393966E+06

496.6  0.5390104E+06

496.8  0.5386245E+06

497.0  0.5382389E+06

497.2  0.5378535E+06

497.4  0.5374685E+06

497.6  0.5370837E+06

497.8  0.5366992E+06

498.0  0.5363149E+06

498.2  0.5359310E+06

498.4  0.5355474E+06

498.6  0.5351640E+06

498.8  0.5347809E+06

499.0  0.5343981E+06

499.2  0.5340156E+06

499.4  0.5336333E+06

499.6  0.5332513E+06

499.8  0.5328697E+06

500.0  0.5324883E+06

