100  0.2175290E+04

100.2  0.2421878E+04

100.4  0.2680243E+04

100.6  0.2949846E+04

100.8  0.3230142E+04

101.0  0.3520579E+04

101.2  0.3820606E+04

101.4  0.4129680E+04

101.6  0.4447265E+04

101.8  0.4772837E+04

102.0  0.5105888E+04

102.2  0.5445925E+04

102.4  0.5792472E+04

102.6  0.6145070E+04

102.8  0.6503280E+04

103.0  0.6866682E+04

103.2  0.7234874E+04

103.4  0.7607475E+04

103.6  0.7984120E+04

103.8  0.8364465E+04

104.0  0.8748183E+04

104.2  0.9134964E+04

104.4  0.9524516E+04

104.6  0.9916563E+04

104.8  0.1031085E+05

105.0  0.1070712E+05

105.2  0.1110515E+05

105.4  0.1150473E+05

105.6  0.1190564E+05

105.8  0.1230771E+05

106.0  0.1271075E+05

106.2  0.1311460E+05

106.4  0.1351909E+05

106.6  0.1392409E+05

106.8  0.1432946E+05

107.0  0.1473507E+05

107.2  0.1514080E+05

107.4  0.1554655E+05

107.6  0.1595221E+05

107.8  0.1635769E+05

108.0  0.1676291E+05

108.2  0.1716778E+05

108.4  0.1757222E+05

108.6  0.1797618E+05

108.8  0.1837958E+05

109.0  0.1878237E+05

109.2  0.1918450E+05

109.4  0.1958592E+05

109.6  0.1998658E+05

109.8  0.2038645E+05

110.0  0.2078548E+05

110.2  0.2118365E+05

110.4  0.2158093E+05

110.6  0.2197729E+05

110.8  0.2237272E+05

111.0  0.2276718E+05

111.2  0.2316066E+05

111.4  0.2355315E+05

111.6  0.2394464E+05

111.8  0.2433511E+05

112.0  0.2472456E+05

112.2  0.2511298E+05

112.4  0.2550036E+05

112.6  0.2588671E+05

112.8  0.2627202E+05

113.0  0.2665629E+05

113.2  0.2703952E+05

113.4  0.2742172E+05

113.6  0.2780289E+05

113.8  0.2818303E+05

114.0  0.2856215E+05

114.2  0.2894026E+05

114.4  0.2931737E+05

114.6  0.2969348E+05

114.8  0.3006860E+05

115.0  0.3044275E+05

115.2  0.3081593E+05

115.4  0.3118816E+05

115.6  0.3155945E+05

115.8  0.3192981E+05

116.0  0.3229926E+05

116.2  0.3266780E+05

116.4  0.3303545E+05

116.6  0.3340224E+05

116.8  0.3376816E+05

117.0  0.3413324E+05

117.2  0.3449749E+05

117.4  0.3486093E+05

117.6  0.3522357E+05

117.8  0.3558543E+05

118.0  0.3594653E+05

118.2  0.3630688E+05

118.4  0.3666650E+05

118.6  0.3702540E+05

118.8  0.3738361E+05

119.0  0.3774113E+05

119.2  0.3809799E+05

119.4  0.3845421E+05

119.6  0.3880979E+05

119.8  0.3916476E+05

120.0  0.3951914E+05

120.2  0.3987294E+05

120.4  0.4022618E+05

120.6  0.4057888E+05

120.8  0.4093105E+05

121.0  0.4128272E+05

121.2  0.4163389E+05

121.4  0.4198459E+05

121.6  0.4233483E+05

121.8  0.4268464E+05

122.0  0.4303402E+05

122.2  0.4338300E+05

122.4  0.4373159E+05

122.6  0.4407981E+05

122.8  0.4442768E+05

123.0  0.4477521E+05

123.2  0.4512242E+05

123.4  0.4546933E+05

123.6  0.4581595E+05

123.8  0.4616230E+05

124.0  0.4650840E+05

124.2  0.4685426E+05

124.4  0.4719991E+05

124.6  0.4754535E+05

124.8  0.4789060E+05

125.0  0.4823569E+05

125.2  0.4858061E+05

125.4  0.4892540E+05

125.6  0.4927007E+05

125.8  0.4961463E+05

126.0  0.4995910E+05

126.2  0.5030349E+05

126.4  0.5064782E+05

126.6  0.5099211E+05

126.8  0.5133637E+05

127.0  0.5168061E+05

127.2  0.5202486E+05

127.4  0.5236912E+05

127.6  0.5271342E+05

127.8  0.5305776E+05

128.0  0.5340217E+05

128.2  0.5374665E+05

128.4  0.5409122E+05

128.6  0.5443589E+05

128.8  0.5478069E+05

129.0  0.5512562E+05

129.2  0.5547070E+05

129.4  0.5581595E+05

129.6  0.5616137E+05

129.8  0.5650698E+05

130.0  0.5685280E+05

130.2  0.5719884E+05

130.4  0.5754511E+05

130.6  0.5789163E+05

130.8  0.5823841E+05

131.0  0.5858546E+05

131.2  0.5893280E+05

131.4  0.5928045E+05

131.6  0.5962841E+05

131.8  0.5997669E+05

132.0  0.6032532E+05

132.2  0.6067431E+05

132.4  0.6102366E+05

132.6  0.6137339E+05

132.8  0.6172351E+05

133.0  0.6207405E+05

133.2  0.6242500E+05

133.4  0.6277638E+05

133.6  0.6312821E+05

133.8  0.6348050E+05

134.0  0.6383325E+05

134.2  0.6418649E+05

134.4  0.6454023E+05

134.6  0.6489447E+05

134.8  0.6524923E+05

135.0  0.6560452E+05

135.2  0.6596036E+05

135.4  0.6631675E+05

135.6  0.6667372E+05

135.8  0.6703126E+05

136.0  0.6738939E+05

136.2  0.6774813E+05

136.4  0.6810749E+05

136.6  0.6846748E+05

136.8  0.6882810E+05

137.0  0.6918938E+05

137.2  0.6955132E+05

137.4  0.6991393E+05

137.6  0.7027723E+05

137.8  0.7064123E+05

138.0  0.7100594E+05

138.2  0.7137137E+05

138.4  0.7173753E+05

138.6  0.7210444E+05

138.8  0.7247210E+05

139.0  0.7284053E+05

139.2  0.7320973E+05

139.4  0.7357973E+05

139.6  0.7395052E+05

139.8  0.7432213E+05

140.0  0.7469456E+05

140.2  0.7506782E+05

140.4  0.7544193E+05

140.6  0.7581689E+05

140.8  0.7619272E+05

141.0  0.7656942E+05

141.2  0.7694702E+05

141.4  0.7732551E+05

141.6  0.7770492E+05

141.8  0.7808525E+05

142.0  0.7846650E+05

142.2  0.7884870E+05

142.4  0.7923186E+05

142.6  0.7961598E+05

142.8  0.8000107E+05

143.0  0.8038715E+05

143.2  0.8077423E+05

143.4  0.8116231E+05

143.6  0.8155141E+05

143.8  0.8194154E+05

144.0  0.8233270E+05

144.2  0.8272492E+05

144.4  0.8311820E+05

144.6  0.8351255E+05

144.8  0.8390798E+05

145.0  0.8430450E+05

145.2  0.8470212E+05

145.4  0.8510085E+05

145.6  0.8550071E+05

145.8  0.8590170E+05

146.0  0.8630384E+05

146.2  0.8670713E+05

146.4  0.8711159E+05

146.6  0.8751722E+05

146.8  0.8792404E+05

147.0  0.8833205E+05

147.2  0.8874127E+05

147.4  0.8915171E+05

147.6  0.8956337E+05

147.8  0.8997628E+05

148.0  0.9039043E+05

148.2  0.9080584E+05

148.4  0.9122252E+05

148.6  0.9164047E+05

148.8  0.9205972E+05

149.0  0.9248027E+05

149.2  0.9290213E+05

149.4  0.9332531E+05

149.6  0.9374982E+05

149.8  0.9417567E+05

150.0  0.9460288E+05

150.2  0.9503145E+05

150.4  0.9546139E+05

150.6  0.9589271E+05

150.8  0.9632543E+05

151.0  0.9675955E+05

151.2  0.9719509E+05

151.4  0.9763205E+05

151.6  0.9807045E+05

151.8  0.9851029E+05

152.0  0.9895159E+05

152.2  0.9939436E+05

152.4  0.9983860E+05

152.6  0.1002843E+06

152.8  0.1007316E+06

153.0  0.1011803E+06

153.2  0.1016306E+06

153.4  0.1020823E+06

153.6  0.1025357E+06

153.8  0.1029906E+06

154.0  0.1034470E+06

154.2  0.1039050E+06

154.4  0.1043646E+06

154.6  0.1048258E+06

154.8  0.1052886E+06

155.0  0.1057530E+06

155.2  0.1062190E+06

155.4  0.1066867E+06

155.6  0.1071560E+06

155.8  0.1076270E+06

156.0  0.1080996E+06

156.2  0.1085739E+06

156.4  0.1090499E+06

156.6  0.1095276E+06

156.8  0.1100071E+06

157.0  0.1104882E+06

157.2  0.1109711E+06

157.4  0.1114557E+06

157.6  0.1119421E+06

157.8  0.1124302E+06

158.0  0.1129201E+06

158.2  0.1134118E+06

158.4  0.1139053E+06

158.6  0.1144007E+06

158.8  0.1148978E+06

159.0  0.1153968E+06

159.2  0.1158976E+06

159.4  0.1164002E+06

159.6  0.1169048E+06

159.8  0.1174112E+06

160.0  0.1179195E+06

160.2  0.1184297E+06

160.4  0.1189418E+06

160.6  0.1194558E+06

160.8  0.1199718E+06

161.0  0.1204897E+06

161.2  0.1210096E+06

161.4  0.1215314E+06

161.6  0.1220552E+06

161.8  0.1225810E+06

162.0  0.1231088E+06

162.2  0.1236387E+06

162.4  0.1241705E+06

162.6  0.1247044E+06

162.8  0.1252403E+06

163.0  0.1257783E+06

163.2  0.1263184E+06

163.4  0.1268606E+06

163.6  0.1274049E+06

163.8  0.1279512E+06

164.0  0.1284997E+06

164.2  0.1290504E+06

164.4  0.1296031E+06

164.6  0.1301581E+06

164.8  0.1307152E+06

165.0  0.1312745E+06

165.2  0.1318360E+06

165.4  0.1323997E+06

165.6  0.1329656E+06

165.8  0.1335338E+06

166.0  0.1341042E+06

166.2  0.1346768E+06

166.4  0.1352518E+06

166.6  0.1358290E+06

166.8  0.1364085E+06

167.0  0.1369904E+06

167.2  0.1375745E+06

167.4  0.1381610E+06

167.6  0.1387498E+06

167.8  0.1393411E+06

168.0  0.1399346E+06

168.2  0.1405306E+06

168.4  0.1411290E+06

168.6  0.1417298E+06

168.8  0.1423330E+06

169.0  0.1429387E+06

169.2  0.1435468E+06

169.4  0.1441574E+06

169.6  0.1447705E+06

169.8  0.1453861E+06

170.0  0.1460042E+06

170.2  0.1466248E+06

170.4  0.1472480E+06

170.6  0.1478737E+06

170.8  0.1485020E+06

171.0  0.1491329E+06

171.2  0.1497664E+06

171.4  0.1504025E+06

171.6  0.1510412E+06

171.8  0.1516826E+06

172.0  0.1523267E+06

172.2  0.1529734E+06

172.4  0.1536228E+06

172.6  0.1542749E+06

172.8  0.1549297E+06

173.0  0.1555873E+06

173.2  0.1562476E+06

173.4  0.1569107E+06

173.6  0.1575765E+06

173.8  0.1582452E+06

174.0  0.1589167E+06

174.2  0.1595910E+06

174.4  0.1602681E+06

174.6  0.1609482E+06

174.8  0.1616311E+06

175.0  0.1623169E+06

175.2  0.1630056E+06

175.4  0.1636972E+06

175.6  0.1643918E+06

175.8  0.1650894E+06

176.0  0.1657899E+06

176.2  0.1664935E+06

176.4  0.1672000E+06

176.6  0.1679096E+06

176.8  0.1686223E+06

177.0  0.1693380E+06

177.2  0.1700568E+06

177.4  0.1707787E+06

177.6  0.1715038E+06

177.8  0.1722320E+06

178.0  0.1729633E+06

178.2  0.1736979E+06

178.4  0.1744356E+06

178.6  0.1751766E+06

178.8  0.1759209E+06

179.0  0.1766683E+06

179.2  0.1774191E+06

179.4  0.1781732E+06

179.6  0.1789306E+06

179.8  0.1796913E+06

180.0  0.1804555E+06

180.2  0.1812230E+06

180.4  0.1819939E+06

180.6  0.1827682E+06

180.8  0.1835461E+06

181.0  0.1843273E+06

181.2  0.1851121E+06

181.4  0.1859004E+06

181.6  0.1866923E+06

181.8  0.1874877E+06

182.0  0.1882868E+06

182.2  0.1890894E+06

182.4  0.1898957E+06

182.6  0.1907056E+06

182.8  0.1915193E+06

183.0  0.1923367E+06

183.2  0.1931578E+06

183.4  0.1939827E+06

183.6  0.1948113E+06

183.8  0.1956439E+06

184.0  0.1964802E+06

184.2  0.1973205E+06

184.4  0.1981646E+06

184.6  0.1990127E+06

184.8  0.1998647E+06

185.0  0.2007208E+06

185.2  0.2015809E+06

185.4  0.2024450E+06

185.6  0.2033132E+06

185.8  0.2041855E+06

186.0  0.2050620E+06

186.2  0.2059426E+06

186.4  0.2068275E+06

186.6  0.2077166E+06

186.8  0.2086100E+06

187.0  0.2095077E+06

187.2  0.2104098E+06

187.4  0.2113162E+06

187.6  0.2122271E+06

187.8  0.2131424E+06

188.0  0.2140622E+06

188.2  0.2149865E+06

188.4  0.2159154E+06

188.6  0.2168490E+06

188.8  0.2177871E+06

189.0  0.2187300E+06

189.2  0.2196775E+06

189.4  0.2206299E+06

189.6  0.2215870E+06

189.8  0.2225490E+06

190.0  0.2235159E+06

190.2  0.2244877E+06

190.4  0.2254645E+06

190.6  0.2264463E+06

190.8  0.2274332E+06

191.0  0.2284252E+06

191.2  0.2294224E+06

191.4  0.2304248E+06

191.6  0.2314325E+06

191.8  0.2324454E+06

192.0  0.2334638E+06

192.2  0.2344875E+06

192.4  0.2355167E+06

192.6  0.2365514E+06

192.8  0.2375917E+06

193.0  0.2386376E+06

193.2  0.2396891E+06

193.4  0.2407464E+06

193.6  0.2418095E+06

193.8  0.2428784E+06

194.0  0.2439533E+06

194.2  0.2450340E+06

194.4  0.2461208E+06

194.6  0.2472137E+06

194.8  0.2483127E+06

195.0  0.2494178E+06

195.2  0.2505293E+06

195.4  0.2516470E+06

195.6  0.2527712E+06

195.8  0.2539018E+06

196.0  0.2550389E+06

196.2  0.2561825E+06

196.4  0.2573328E+06

196.6  0.2584898E+06

196.8  0.2596536E+06

197.0  0.2608242E+06

197.2  0.2620017E+06

197.4  0.2631862E+06

197.6  0.2643778E+06

197.8  0.2655765E+06

198.0  0.2667823E+06

198.2  0.2679954E+06

198.4  0.2692159E+06

198.6  0.2704437E+06

198.8  0.2716790E+06

199.0  0.2729219E+06

199.2  0.2741724E+06

199.4  0.2754306E+06

199.6  0.2766965E+06

199.8  0.2779703E+06

200.0  0.2792520E+06

200.2  0.2805418E+06

200.4  0.2818396E+06

200.6  0.2831455E+06

200.8  0.2844597E+06

201.0  0.2857822E+06

201.2  0.2871131E+06

201.4  0.2884524E+06

201.6  0.2898003E+06

201.8  0.2911568E+06

202.0  0.2925219E+06

202.2  0.2938959E+06

202.4  0.2952787E+06

202.6  0.2966704E+06

202.8  0.2980712E+06

203.0  0.2994810E+06

203.2  0.3009000E+06

203.4  0.3023282E+06

203.6  0.3037657E+06

203.8  0.3052127E+06

204.0  0.3066691E+06

204.2  0.3081351E+06

204.4  0.3096107E+06

204.6  0.3110960E+06

204.8  0.3125910E+06

205.0  0.3140960E+06

205.2  0.3156108E+06

205.4  0.3171357E+06

205.6  0.3186706E+06

205.8  0.3202157E+06

206.0  0.3217710E+06

206.2  0.3233367E+06

206.4  0.3249126E+06

206.6  0.3264991E+06

206.8  0.3280960E+06

207.0  0.3297035E+06

207.2  0.3313216E+06

207.4  0.3329505E+06

207.6  0.3345901E+06

207.8  0.3362406E+06

208.0  0.3379020E+06

208.2  0.3395744E+06

208.4  0.3412577E+06

208.6  0.3429522E+06

208.8  0.3446578E+06

209.0  0.3463747E+06

209.2  0.3481028E+06

209.4  0.3498422E+06

209.6  0.3515929E+06

209.8  0.3533552E+06

210.0  0.3551288E+06

210.2  0.3569140E+06

210.4  0.3587108E+06

210.6  0.3605192E+06

210.8  0.3623393E+06

211.0  0.3641710E+06

211.2  0.3660145E+06

211.4  0.3678698E+06

211.6  0.3697369E+06

211.8  0.3716158E+06

212.0  0.3735067E+06

212.2  0.3754095E+06

212.4  0.3773242E+06

212.6  0.3792509E+06

212.8  0.3811896E+06

213.0  0.3831403E+06

213.2  0.3851030E+06

213.4  0.3870779E+06

213.6  0.3890648E+06

213.8  0.3910638E+06

214.0  0.3930749E+06

214.2  0.3950982E+06

214.4  0.3971335E+06

214.6  0.3991810E+06

214.8  0.4012407E+06

215.0  0.4033124E+06

215.2  0.4053963E+06

215.4  0.4074924E+06

215.6  0.4096005E+06

215.8  0.4117208E+06

216.0  0.4138532E+06

216.2  0.4159977E+06

216.4  0.4181543E+06

216.6  0.4203229E+06

216.8  0.4225035E+06

217.0  0.4246962E+06

217.2  0.4269008E+06

217.4  0.4291174E+06

217.6  0.4313460E+06

217.8  0.4335864E+06

218.0  0.4358387E+06

218.2  0.4381028E+06

218.4  0.4403787E+06

218.6  0.4426663E+06

218.8  0.4449656E+06

219.0  0.4472765E+06

219.2  0.4495991E+06

219.4  0.4519331E+06

219.6  0.4542786E+06

219.8  0.4566356E+06

220.0  0.4590038E+06

220.2  0.4613834E+06

220.4  0.4637742E+06

220.6  0.4661761E+06

220.8  0.4685892E+06

221.0  0.4710132E+06

221.2  0.4734481E+06

221.4  0.4758939E+06

221.6  0.4783504E+06

221.8  0.4808177E+06

222.0  0.4832955E+06

222.2  0.4857838E+06

222.4  0.4882825E+06

222.6  0.4907916E+06

222.8  0.4933108E+06

223.0  0.4958402E+06

223.2  0.4983796E+06

223.4  0.5009288E+06

223.6  0.5034879E+06

223.8  0.5060567E+06

224.0  0.5086351E+06

224.2  0.5112230E+06

224.4  0.5138202E+06

224.6  0.5164266E+06

224.8  0.5190422E+06

225.0  0.5216667E+06

225.2  0.5243002E+06

225.4  0.5269424E+06

225.6  0.5295932E+06

225.8  0.5322525E+06

226.0  0.5349201E+06

226.2  0.5375960E+06

226.4  0.5402800E+06

226.6  0.5429719E+06

226.8  0.5456717E+06

227.0  0.5483791E+06

227.2  0.5510940E+06

227.4  0.5538163E+06

227.6  0.5565459E+06

227.8  0.5592826E+06

228.0  0.5620262E+06

228.2  0.5647766E+06

228.4  0.5675336E+06

228.6  0.5702971E+06

228.8  0.5730670E+06

229.0  0.5758430E+06

229.2  0.5786251E+06

229.4  0.5814130E+06

229.6  0.5842066E+06

229.8  0.5870058E+06

230.0  0.5898103E+06

230.2  0.5926200E+06

230.4  0.5954348E+06

230.6  0.5982545E+06

230.8  0.6010789E+06

231.0  0.6039078E+06

231.2  0.6067411E+06

231.4  0.6095786E+06

231.6  0.6124202E+06

231.8  0.6152656E+06

232.0  0.6181147E+06

232.2  0.6209673E+06

232.4  0.6238233E+06

232.6  0.6266825E+06

232.8  0.6295446E+06

233.0  0.6324096E+06

233.2  0.6352773E+06

233.4  0.6381474E+06

233.6  0.6410198E+06

233.8  0.6438944E+06

234.0  0.6467708E+06

234.2  0.6496491E+06

234.4  0.6525290E+06

234.6  0.6554102E+06

234.8  0.6582927E+06

235.0  0.6611763E+06

235.2  0.6640608E+06

235.4  0.6669459E+06

235.6  0.6698316E+06

235.8  0.6727176E+06

236.0  0.6756038E+06

236.2  0.6784901E+06

236.4  0.6813761E+06

236.6  0.6842617E+06

236.8  0.6871469E+06

237.0  0.6900313E+06

237.2  0.6929148E+06

237.4  0.6957973E+06

237.6  0.6986786E+06

237.8  0.7015584E+06

238.0  0.7044366E+06

238.2  0.7073131E+06

238.4  0.7101877E+06

238.6  0.7130601E+06

238.8  0.7159303E+06

239.0  0.7187980E+06

239.2  0.7216631E+06

239.4  0.7245254E+06

239.6  0.7273848E+06

239.8  0.7302410E+06

240.0  0.7330940E+06

240.2  0.7359435E+06

240.4  0.7387893E+06

240.6  0.7416314E+06

240.8  0.7444695E+06

241.0  0.7473035E+06

241.2  0.7501332E+06

241.4  0.7529585E+06

241.6  0.7557792E+06

241.8  0.7585952E+06

242.0  0.7614062E+06

242.2  0.7642121E+06

242.4  0.7670128E+06

242.6  0.7698082E+06

242.8  0.7725980E+06

243.0  0.7753821E+06

243.2  0.7781604E+06

243.4  0.7809327E+06

243.6  0.7836989E+06

243.8  0.7864587E+06

244.0  0.7892122E+06

244.2  0.7919591E+06

244.4  0.7946993E+06

244.6  0.7974326E+06

244.8  0.8001589E+06

245.0  0.8028781E+06

245.2  0.8055900E+06

245.4  0.8082945E+06

245.6  0.8109915E+06

245.8  0.8136808E+06

246.0  0.8163623E+06

246.2  0.8190359E+06

246.4  0.8217014E+06

246.6  0.8243587E+06

246.8  0.8270077E+06

247.0  0.8296482E+06

247.2  0.8322802E+06

247.4  0.8349035E+06

247.6  0.8375180E+06

247.8  0.8401236E+06

248.0  0.8427202E+06

248.2  0.8453076E+06

248.4  0.8478857E+06

248.6  0.8504545E+06

248.8  0.8530137E+06

249.0  0.8555634E+06

249.2  0.8581034E+06

249.4  0.8606336E+06

249.6  0.8631538E+06

249.8  0.8656641E+06

250.0  0.8681642E+06

250.2  0.8706542E+06

250.4  0.8731338E+06

250.6  0.8756030E+06

250.8  0.8780618E+06

251.0  0.8805099E+06

251.2  0.8829474E+06

251.4  0.8853741E+06

251.6  0.8877900E+06

251.8  0.8901949E+06

252.0  0.8925888E+06

252.2  0.8949716E+06

252.4  0.8973432E+06

252.6  0.8997036E+06

252.8  0.9020526E+06

253.0  0.9043902E+06

253.2  0.9067163E+06

253.4  0.9090308E+06

253.6  0.9113337E+06

253.8  0.9136250E+06

254.0  0.9159044E+06

254.2  0.9181720E+06

254.4  0.9204277E+06

254.6  0.9226715E+06

254.8  0.9249032E+06

255.0  0.9271228E+06

255.2  0.9293304E+06

255.4  0.9315257E+06

255.6  0.9337087E+06

255.8  0.9358795E+06

256.0  0.9380379E+06

256.2  0.9401839E+06

256.4  0.9423174E+06

256.6  0.9444384E+06

256.8  0.9465469E+06

257.0  0.9486428E+06

257.2  0.9507261E+06

257.4  0.9527966E+06

257.6  0.9548545E+06

257.8  0.9568996E+06

258.0  0.9589319E+06

258.2  0.9609514E+06

258.4  0.9629581E+06

258.6  0.9649518E+06

258.8  0.9669326E+06

259.0  0.9689005E+06

259.2  0.9708554E+06

259.4  0.9727972E+06

259.6  0.9747261E+06

259.8  0.9766419E+06

260.0  0.9785446E+06

260.2  0.9804342E+06

260.4  0.9823107E+06

260.6  0.9841740E+06

260.8  0.9860242E+06

261.0  0.9878612E+06

261.2  0.9896850E+06

261.4  0.9914956E+06

261.6  0.9932930E+06

261.8  0.9950772E+06

262.0  0.9968481E+06

262.2  0.9986058E+06

262.4  0.1000350E+07

262.6  0.1002081E+07

262.8  0.1003799E+07

263.0  0.1005504E+07

263.2  0.1007195E+07

263.4  0.1008873E+07

263.6  0.1010538E+07

263.8  0.1012190E+07

264.0  0.1013828E+07

264.2  0.1015453E+07

264.4  0.1017065E+07

264.6  0.1018663E+07

264.8  0.1020249E+07

265.0  0.1021821E+07

265.2  0.1023379E+07

265.4  0.1024925E+07

265.6  0.1026457E+07

265.8  0.1027976E+07

266.0  0.1029482E+07

266.2  0.1030975E+07

266.4  0.1032454E+07

266.6  0.1033921E+07

266.8  0.1035374E+07

267.0  0.1036814E+07

267.2  0.1038241E+07

267.4  0.1039655E+07

267.6  0.1041056E+07

267.8  0.1042444E+07

268.0  0.1043819E+07

268.2  0.1045181E+07

268.4  0.1046529E+07

268.6  0.1047865E+07

268.8  0.1049188E+07

269.0  0.1050498E+07

269.2  0.1051795E+07

269.4  0.1053080E+07

269.6  0.1054351E+07

269.8  0.1055610E+07

270.0  0.1056856E+07

270.2  0.1058089E+07

270.4  0.1059309E+07

270.6  0.1060517E+07

270.8  0.1061712E+07

271.0  0.1062895E+07

271.2  0.1064065E+07

271.4  0.1065222E+07

271.6  0.1066367E+07

271.8  0.1067499E+07

272.0  0.1068619E+07

272.2  0.1069727E+07

272.4  0.1070822E+07

272.6  0.1071905E+07

272.8  0.1072975E+07

273.0  0.1074034E+07

273.2  0.1075080E+07

273.4  0.1076113E+07

273.6  0.1077135E+07

273.8  0.1078145E+07

274.0  0.1079142E+07

274.2  0.1080128E+07

274.4  0.1081101E+07

274.6  0.1082063E+07

274.8  0.1083013E+07

275.0  0.1083951E+07

275.2  0.1084877E+07

275.4  0.1085791E+07

275.6  0.1086693E+07

275.8  0.1087584E+07

276.0  0.1088464E+07

276.2  0.1089331E+07

276.4  0.1090187E+07

276.6  0.1091032E+07

276.8  0.1091865E+07

277.0  0.1092687E+07

277.2  0.1093497E+07

277.4  0.1094296E+07

277.6  0.1095084E+07

277.8  0.1095861E+07

278.0  0.1096626E+07

278.2  0.1097381E+07

278.4  0.1098124E+07

278.6  0.1098856E+07

278.8  0.1099578E+07

279.0  0.1100288E+07

279.2  0.1100988E+07

279.4  0.1101676E+07

279.6  0.1102354E+07

279.8  0.1103022E+07

280.0  0.1103678E+07

280.2  0.1104324E+07

280.4  0.1104959E+07

280.6  0.1105584E+07

280.8  0.1106199E+07

281.0  0.1106803E+07

281.2  0.1107396E+07

281.4  0.1107979E+07

281.6  0.1108553E+07

281.8  0.1109115E+07

282.0  0.1109668E+07

282.2  0.1110211E+07

282.4  0.1110743E+07

282.6  0.1111266E+07

282.8  0.1111778E+07

283.0  0.1112281E+07

283.2  0.1112774E+07

283.4  0.1113257E+07

283.6  0.1113730E+07

283.8  0.1114194E+07

284.0  0.1114648E+07

284.2  0.1115092E+07

284.4  0.1115527E+07

284.6  0.1115953E+07

284.8  0.1116369E+07

285.0  0.1116775E+07

285.2  0.1117173E+07

285.4  0.1117561E+07

285.6  0.1117940E+07

285.8  0.1118310E+07

286.0  0.1118670E+07

286.2  0.1119022E+07

286.4  0.1119364E+07

286.6  0.1119698E+07

286.8  0.1120023E+07

287.0  0.1120339E+07

287.2  0.1120646E+07

287.4  0.1120945E+07

287.6  0.1121234E+07

287.8  0.1121516E+07

288.0  0.1121788E+07

288.2  0.1122052E+07

288.4  0.1122308E+07

288.6  0.1122555E+07

288.8  0.1122794E+07

289.0  0.1123025E+07

289.2  0.1123247E+07

289.4  0.1123461E+07

289.6  0.1123667E+07

289.8  0.1123865E+07

290.0  0.1124055E+07

290.2  0.1124237E+07

290.4  0.1124410E+07

290.6  0.1124576E+07

290.8  0.1124735E+07

291.0  0.1124885E+07

291.2  0.1125028E+07

291.4  0.1125163E+07

291.6  0.1125290E+07

291.8  0.1125410E+07

292.0  0.1125522E+07

292.2  0.1125627E+07

292.4  0.1125724E+07

292.6  0.1125814E+07

292.8  0.1125897E+07

293.0  0.1125972E+07

293.2  0.1126041E+07

293.4  0.1126102E+07

293.6  0.1126155E+07

293.8  0.1126202E+07

294.0  0.1126242E+07

294.2  0.1126275E+07

294.4  0.1126301E+07

294.6  0.1126320E+07

294.8  0.1126332E+07

295.0  0.1126337E+07

295.2  0.1126336E+07

295.4  0.1126328E+07

295.6  0.1126313E+07

295.8  0.1126292E+07

296.0  0.1126264E+07

296.2  0.1126230E+07

296.4  0.1126189E+07

296.6  0.1126142E+07

296.8  0.1126089E+07

297.0  0.1126029E+07

297.2  0.1125963E+07

297.4  0.1125891E+07

297.6  0.1125813E+07

297.8  0.1125728E+07

298.0  0.1125638E+07

298.2  0.1125541E+07

298.4  0.1125439E+07

298.6  0.1125330E+07

298.8  0.1125216E+07

299.0  0.1125096E+07

299.2  0.1124970E+07

299.4  0.1124838E+07

299.6  0.1124701E+07

299.8  0.1124558E+07

300.0  0.1124409E+07

300.2  0.1124255E+07

300.4  0.1124095E+07

300.6  0.1123930E+07

300.8  0.1123759E+07

301.0  0.1123583E+07

301.2  0.1123402E+07

301.4  0.1123215E+07

301.6  0.1123023E+07

301.8  0.1122826E+07

302.0  0.1122623E+07

302.2  0.1122416E+07

302.4  0.1122203E+07

302.6  0.1121985E+07

302.8  0.1121763E+07

303.0  0.1121535E+07

303.2  0.1121302E+07

303.4  0.1121065E+07

303.6  0.1120823E+07

303.8  0.1120575E+07

304.0  0.1120323E+07

304.2  0.1120067E+07

304.4  0.1119805E+07

304.6  0.1119539E+07

304.8  0.1119269E+07

305.0  0.1118993E+07

305.2  0.1118714E+07

305.4  0.1118429E+07

305.6  0.1118141E+07

305.8  0.1117847E+07

306.0  0.1117550E+07

306.2  0.1117248E+07

306.4  0.1116942E+07

306.6  0.1116631E+07

306.8  0.1116317E+07

307.0  0.1115998E+07

307.2  0.1115675E+07

307.4  0.1115348E+07

307.6  0.1115016E+07

307.8  0.1114681E+07

308.0  0.1114342E+07

308.2  0.1113998E+07

308.4  0.1113651E+07

308.6  0.1113300E+07

308.8  0.1112945E+07

309.0  0.1112586E+07

309.2  0.1112223E+07

309.4  0.1111857E+07

309.6  0.1111487E+07

309.8  0.1111113E+07

310.0  0.1110735E+07

310.2  0.1110354E+07

310.4  0.1109969E+07

310.6  0.1109581E+07

310.8  0.1109189E+07

311.0  0.1108794E+07

311.2  0.1108395E+07

311.4  0.1107992E+07

311.6  0.1107587E+07

311.8  0.1107178E+07

312.0  0.1106765E+07

312.2  0.1106349E+07

312.4  0.1105930E+07

312.6  0.1105508E+07

312.8  0.1105083E+07

313.0  0.1104654E+07

313.2  0.1104222E+07

313.4  0.1103787E+07

313.6  0.1103349E+07

313.8  0.1102908E+07

314.0  0.1102464E+07

314.2  0.1102017E+07

314.4  0.1101566E+07

314.6  0.1101113E+07

314.8  0.1100657E+07

315.0  0.1100198E+07

315.2  0.1099737E+07

315.4  0.1099272E+07

315.6  0.1098805E+07

315.8  0.1098334E+07

316.0  0.1097861E+07

316.2  0.1097386E+07

316.4  0.1096907E+07

316.6  0.1096426E+07

316.8  0.1095943E+07

317.0  0.1095456E+07

317.2  0.1094967E+07

317.4  0.1094476E+07

317.6  0.1093982E+07

317.8  0.1093485E+07

318.0  0.1092986E+07

318.2  0.1092485E+07

318.4  0.1091981E+07

318.6  0.1091475E+07

318.8  0.1090966E+07

319.0  0.1090455E+07

319.2  0.1089942E+07

319.4  0.1089426E+07

319.6  0.1088908E+07

319.8  0.1088388E+07

320.0  0.1087865E+07

320.2  0.1087341E+07

320.4  0.1086814E+07

320.6  0.1086285E+07

320.8  0.1085753E+07

321.0  0.1085220E+07

321.2  0.1084685E+07

321.4  0.1084147E+07

321.6  0.1083608E+07

321.8  0.1083066E+07

322.0  0.1082523E+07

322.2  0.1081977E+07

322.4  0.1081430E+07

322.6  0.1080880E+07

322.8  0.1080329E+07

323.0  0.1079776E+07

323.2  0.1079220E+07

323.4  0.1078663E+07

323.6  0.1078105E+07

323.8  0.1077544E+07

324.0  0.1076981E+07

324.2  0.1076417E+07

324.4  0.1075851E+07

324.6  0.1075284E+07

324.8  0.1074714E+07

325.0  0.1074143E+07

325.2  0.1073570E+07

325.4  0.1072996E+07

325.6  0.1072420E+07

325.8  0.1071842E+07

326.0  0.1071263E+07

326.2  0.1070682E+07

326.4  0.1070100E+07

326.6  0.1069516E+07

326.8  0.1068930E+07

327.0  0.1068343E+07

327.2  0.1067755E+07

327.4  0.1067165E+07

327.6  0.1066574E+07

327.8  0.1065981E+07

328.0  0.1065387E+07

328.2  0.1064791E+07

328.4  0.1064194E+07

328.6  0.1063596E+07

328.8  0.1062996E+07

329.0  0.1062395E+07

329.2  0.1061793E+07

329.4  0.1061189E+07

329.6  0.1060584E+07

329.8  0.1059978E+07

330.0  0.1059371E+07

330.2  0.1058762E+07

330.4  0.1058153E+07

330.6  0.1057542E+07

330.8  0.1056929E+07

331.0  0.1056316E+07

331.2  0.1055702E+07

331.4  0.1055086E+07

331.6  0.1054469E+07

331.8  0.1053851E+07

332.0  0.1053232E+07

332.2  0.1052612E+07

332.4  0.1051991E+07

332.6  0.1051369E+07

332.8  0.1050746E+07

333.0  0.1050122E+07

333.2  0.1049497E+07

333.4  0.1048871E+07

333.6  0.1048244E+07

333.8  0.1047616E+07

334.0  0.1046987E+07

334.2  0.1046357E+07

334.4  0.1045726E+07

334.6  0.1045094E+07

334.8  0.1044462E+07

335.0  0.1043828E+07

335.2  0.1043194E+07

335.4  0.1042559E+07

335.6  0.1041922E+07

335.8  0.1041286E+07

336.0  0.1040648E+07

336.2  0.1040009E+07

336.4  0.1039370E+07

336.6  0.1038730E+07

336.8  0.1038089E+07

337.0  0.1037448E+07

337.2  0.1036805E+07

337.4  0.1036162E+07

337.6  0.1035519E+07

337.8  0.1034874E+07

338.0  0.1034229E+07

338.2  0.1033583E+07

338.4  0.1032937E+07

338.6  0.1032290E+07

338.8  0.1031642E+07

339.0  0.1030994E+07

339.2  0.1030345E+07

339.4  0.1029695E+07

339.6  0.1029045E+07

339.8  0.1028394E+07

340.0  0.1027742E+07

340.2  0.1027090E+07

340.4  0.1026438E+07

340.6  0.1025785E+07

340.8  0.1025131E+07

341.0  0.1024477E+07

341.2  0.1023822E+07

341.4  0.1023167E+07

341.6  0.1022511E+07

341.8  0.1021855E+07

342.0  0.1021199E+07

342.2  0.1020541E+07

342.4  0.1019884E+07

342.6  0.1019226E+07

342.8  0.1018567E+07

343.0  0.1017909E+07

343.2  0.1017249E+07

343.4  0.1016589E+07

343.6  0.1015929E+07

343.8  0.1015269E+07

344.0  0.1014608E+07

344.2  0.1013947E+07

344.4  0.1013285E+07

344.6  0.1012623E+07

344.8  0.1011961E+07

345.0  0.1011298E+07

345.2  0.1010635E+07

345.4  0.1009971E+07

345.6  0.1009308E+07

345.8  0.1008644E+07

346.0  0.1007979E+07

346.2  0.1007315E+07

346.4  0.1006650E+07

346.6  0.1005985E+07

346.8  0.1005319E+07

347.0  0.1004654E+07

347.2  0.1003988E+07

347.4  0.1003321E+07

347.6  0.1002655E+07

347.8  0.1001988E+07

348.0  0.1001321E+07

348.2  0.1000654E+07

348.4  0.9999871E+06

348.6  0.9993196E+06

348.8  0.9986518E+06

349.0  0.9979839E+06

349.2  0.9973159E+06

349.4  0.9966476E+06

349.6  0.9959792E+06

349.8  0.9953106E+06

350.0  0.9946419E+06

350.2  0.9939730E+06

350.4  0.9933039E+06

350.6  0.9926348E+06

350.8  0.9919655E+06

351.0  0.9912961E+06

351.2  0.9906266E+06

351.4  0.9899569E+06

351.6  0.9892872E+06

351.8  0.9886174E+06

352.0  0.9879474E+06

352.2  0.9872774E+06

352.4  0.9866073E+06

352.6  0.9859372E+06

352.8  0.9852670E+06

353.0  0.9845967E+06

353.2  0.9839263E+06

353.4  0.9832559E+06

353.6  0.9825855E+06

353.8  0.9819150E+06

354.0  0.9812445E+06

354.2  0.9805740E+06

354.4  0.9799034E+06

354.6  0.9792329E+06

354.8  0.9785623E+06

355.0  0.9778917E+06

355.2  0.9772211E+06

355.4  0.9765505E+06

355.6  0.9758800E+06

355.8  0.9752094E+06

356.0  0.9745389E+06

356.2  0.9738684E+06

356.4  0.9731979E+06

356.6  0.9725274E+06

356.8  0.9718570E+06

357.0  0.9711867E+06

357.2  0.9705163E+06

357.4  0.9698461E+06

357.6  0.9691759E+06

357.8  0.9685057E+06

358.0  0.9678357E+06

358.2  0.9671657E+06

358.4  0.9664957E+06

358.6  0.9658259E+06

358.8  0.9651561E+06

359.0  0.9644865E+06

359.2  0.9638169E+06

359.4  0.9631474E+06

359.6  0.9624780E+06

359.8  0.9618088E+06

360.0  0.9611396E+06

360.2  0.9604706E+06

360.4  0.9598016E+06

360.6  0.9591328E+06

360.8  0.9584642E+06

361.0  0.9577956E+06

361.2  0.9571272E+06

361.4  0.9564589E+06

361.6  0.9557908E+06

361.8  0.9551228E+06

362.0  0.9544549E+06

362.2  0.9537873E+06

362.4  0.9531197E+06

362.6  0.9524524E+06

362.8  0.9517851E+06

363.0  0.9511181E+06

363.2  0.9504512E+06

363.4  0.9497845E+06

363.6  0.9491180E+06

363.8  0.9484517E+06

364.0  0.9477855E+06

364.2  0.9471195E+06

364.4  0.9464537E+06

364.6  0.9457882E+06

364.8  0.9451228E+06

365.0  0.9444576E+06

365.2  0.9437926E+06

365.4  0.9431278E+06

365.6  0.9424632E+06

365.8  0.9417989E+06

366.0  0.9411347E+06

366.2  0.9404708E+06

366.4  0.9398071E+06

366.6  0.9391436E+06

366.8  0.9384803E+06

367.0  0.9378173E+06

367.2  0.9371545E+06

367.4  0.9364919E+06

367.6  0.9358296E+06

367.8  0.9351675E+06

368.0  0.9345057E+06

368.2  0.9338441E+06

368.4  0.9331827E+06

368.6  0.9325216E+06

368.8  0.9318608E+06

369.0  0.9312002E+06

369.2  0.9305399E+06

369.4  0.9298798E+06

369.6  0.9292200E+06

369.8  0.9285605E+06

370.0  0.9279012E+06

370.2  0.9272422E+06

370.4  0.9265834E+06

370.6  0.9259250E+06

370.8  0.9252668E+06

371.0  0.9246089E+06

371.2  0.9239513E+06

371.4  0.9232940E+06

371.6  0.9226369E+06

371.8  0.9219801E+06

372.0  0.9213237E+06

372.2  0.9206675E+06

372.4  0.9200116E+06

372.6  0.9193560E+06

372.8  0.9187007E+06

373.0  0.9180458E+06

373.2  0.9173911E+06

373.4  0.9167367E+06

373.6  0.9160826E+06

373.8  0.9154288E+06

374.0  0.9147754E+06

374.2  0.9141222E+06

374.4  0.9134694E+06

374.6  0.9128169E+06

374.8  0.9121647E+06

375.0  0.9115128E+06

375.2  0.9108613E+06

375.4  0.9102100E+06

375.6  0.9095591E+06

375.8  0.9089085E+06

376.0  0.9082583E+06

376.2  0.9076083E+06

376.4  0.9069587E+06

376.6  0.9063095E+06

376.8  0.9056605E+06

377.0  0.9050119E+06

377.2  0.9043637E+06

377.4  0.9037158E+06

377.6  0.9030682E+06

377.8  0.9024210E+06

378.0  0.9017741E+06

378.2  0.9011275E+06

378.4  0.9004813E+06

378.6  0.8998355E+06

378.8  0.8991899E+06

379.0  0.8985448E+06

379.2  0.8979000E+06

379.4  0.8972555E+06

379.6  0.8966114E+06

379.8  0.8959677E+06

380.0  0.8953243E+06

380.2  0.8946813E+06

380.4  0.8940386E+06

380.6  0.8933963E+06

380.8  0.8927544E+06

381.0  0.8921128E+06

381.2  0.8914716E+06

381.4  0.8908307E+06

381.6  0.8901902E+06

381.8  0.8895501E+06

382.0  0.8889104E+06

382.2  0.8882710E+06

382.4  0.8876320E+06

382.6  0.8869933E+06

382.8  0.8863551E+06

383.0  0.8857172E+06

383.2  0.8850797E+06

383.4  0.8844425E+06

383.6  0.8838058E+06

383.8  0.8831694E+06

384.0  0.8825334E+06

384.2  0.8818978E+06

384.4  0.8812625E+06

384.6  0.8806277E+06

384.8  0.8799932E+06

385.0  0.8793591E+06

385.2  0.8787254E+06

385.4  0.8780921E+06

385.6  0.8774591E+06

385.8  0.8768266E+06

386.0  0.8761944E+06

386.2  0.8755627E+06

386.4  0.8749313E+06

386.6  0.8743003E+06

386.8  0.8736697E+06

387.0  0.8730395E+06

387.2  0.8724097E+06

387.4  0.8717803E+06

387.6  0.8711512E+06

387.8  0.8705226E+06

388.0  0.8698944E+06

388.2  0.8692665E+06

388.4  0.8686391E+06

388.6  0.8680120E+06

388.8  0.8673854E+06

389.0  0.8667592E+06

389.2  0.8661333E+06

389.4  0.8655079E+06

389.6  0.8648828E+06

389.8  0.8642582E+06

390.0  0.8636340E+06

390.2  0.8630101E+06

390.4  0.8623867E+06

390.6  0.8617637E+06

390.8  0.8611411E+06

391.0  0.8605189E+06

391.2  0.8598970E+06

391.4  0.8592756E+06

391.6  0.8586547E+06

391.8  0.8580341E+06

392.0  0.8574139E+06

392.2  0.8567941E+06

392.4  0.8561748E+06

392.6  0.8555558E+06

392.8  0.8549373E+06

393.0  0.8543191E+06

393.2  0.8537014E+06

393.4  0.8530841E+06

393.6  0.8524672E+06

393.8  0.8518507E+06

394.0  0.8512347E+06

394.2  0.8506190E+06

394.4  0.8500038E+06

394.6  0.8493889E+06

394.8  0.8487745E+06

395.0  0.8481605E+06

395.2  0.8475469E+06

395.4  0.8469338E+06

395.6  0.8463210E+06

395.8  0.8457087E+06

396.0  0.8450967E+06

396.2  0.8444852E+06

396.4  0.8438741E+06

396.6  0.8432635E+06

396.8  0.8426532E+06

397.0  0.8420434E+06

397.2  0.8414340E+06

397.4  0.8408250E+06

397.6  0.8402164E+06

397.8  0.8396082E+06

398.0  0.8390005E+06

398.2  0.8383932E+06

398.4  0.8377863E+06

398.6  0.8371798E+06

398.8  0.8365737E+06

399.0  0.8359681E+06

399.2  0.8353629E+06

399.4  0.8347581E+06

399.6  0.8341537E+06

399.8  0.8335497E+06

400.0  0.8329462E+06

400.2  0.8323431E+06

400.4  0.8317404E+06

400.6  0.8311381E+06

400.8  0.8305363E+06

401.0  0.8299349E+06

401.2  0.8293339E+06

401.4  0.8287333E+06

401.6  0.8281331E+06

401.8  0.8275334E+06

402.0  0.8269341E+06

402.2  0.8263352E+06

402.4  0.8257367E+06

402.6  0.8251387E+06

402.8  0.8245411E+06

403.0  0.8239439E+06

403.2  0.8233471E+06

403.4  0.8227508E+06

403.6  0.8221549E+06

403.8  0.8215594E+06

404.0  0.8209643E+06

404.2  0.8203697E+06

404.4  0.8197754E+06

404.6  0.8191817E+06

404.8  0.8185883E+06

405.0  0.8179953E+06

405.2  0.8174028E+06

405.4  0.8168107E+06

405.6  0.8162190E+06

405.8  0.8156278E+06

406.0  0.8150370E+06

406.2  0.8144466E+06

406.4  0.8138566E+06

406.6  0.8132671E+06

406.8  0.8126779E+06

407.0  0.8120892E+06

407.2  0.8115010E+06

407.4  0.8109131E+06

407.6  0.8103257E+06

407.8  0.8097387E+06

408.0  0.8091521E+06

408.2  0.8085660E+06

408.4  0.8079803E+06

408.6  0.8073950E+06

408.8  0.8068101E+06

409.0  0.8062257E+06

409.2  0.8056416E+06

409.4  0.8050580E+06

409.6  0.8044749E+06

409.8  0.8038921E+06

410.0  0.8033098E+06

410.2  0.8027279E+06

410.4  0.8021464E+06

410.6  0.8015654E+06

410.8  0.8009847E+06

411.0  0.8004045E+06

411.2  0.7998248E+06

411.4  0.7992454E+06

411.6  0.7986665E+06

411.8  0.7980880E+06

412.0  0.7975099E+06

412.2  0.7969323E+06

412.4  0.7963550E+06

412.6  0.7957782E+06

412.8  0.7952018E+06

413.0  0.7946259E+06

413.2  0.7940503E+06

413.4  0.7934752E+06

413.6  0.7929005E+06

413.8  0.7923263E+06

414.0  0.7917524E+06

414.2  0.7911790E+06

414.4  0.7906060E+06

414.6  0.7900334E+06

414.8  0.7894613E+06

415.0  0.7888895E+06

415.2  0.7883182E+06

415.4  0.7877473E+06

415.6  0.7871769E+06

415.8  0.7866068E+06

416.0  0.7860372E+06

416.2  0.7854680E+06

416.4  0.7848992E+06

416.6  0.7843309E+06

416.8  0.7837629E+06

417.0  0.7831954E+06

417.2  0.7826283E+06

417.4  0.7820617E+06

417.6  0.7814954E+06

417.8  0.7809296E+06

418.0  0.7803642E+06

418.2  0.7797992E+06

418.4  0.7792346E+06

418.6  0.7786705E+06

418.8  0.7781067E+06

419.0  0.7775434E+06

419.2  0.7769805E+06

419.4  0.7764180E+06

419.6  0.7758560E+06

419.8  0.7752944E+06

420.0  0.7747331E+06

420.2  0.7741723E+06

420.4  0.7736120E+06

420.6  0.7730520E+06

420.8  0.7724924E+06

421.0  0.7719333E+06

421.2  0.7713746E+06

421.4  0.7708163E+06

421.6  0.7702584E+06

421.8  0.7697010E+06

422.0  0.7691439E+06

422.2  0.7685873E+06

422.4  0.7680311E+06

422.6  0.7674753E+06

422.8  0.7669199E+06

423.0  0.7663649E+06

423.2  0.7658104E+06

423.4  0.7652562E+06

423.6  0.7647025E+06

423.8  0.7641492E+06

424.0  0.7635963E+06

424.2  0.7630439E+06

424.4  0.7624918E+06

424.6  0.7619401E+06

424.8  0.7613889E+06

425.0  0.7608381E+06

425.2  0.7602877E+06

425.4  0.7597377E+06

425.6  0.7591881E+06

425.8  0.7586389E+06

426.0  0.7580902E+06

426.2  0.7575418E+06

426.4  0.7569939E+06

426.6  0.7564463E+06

426.8  0.7558992E+06

427.0  0.7553525E+06

427.2  0.7548062E+06

427.4  0.7542603E+06

427.6  0.7537149E+06

427.8  0.7531698E+06

428.0  0.7526252E+06

428.2  0.7520809E+06

428.4  0.7515371E+06

428.6  0.7509936E+06

428.8  0.7504506E+06

429.0  0.7499080E+06

429.2  0.7493658E+06

429.4  0.7488240E+06

429.6  0.7482826E+06

429.8  0.7477417E+06

430.0  0.7472011E+06

430.2  0.7466609E+06

430.4  0.7461212E+06

430.6  0.7455818E+06

430.8  0.7450429E+06

431.0  0.7445043E+06

431.2  0.7439662E+06

431.4  0.7434285E+06

431.6  0.7428911E+06

431.8  0.7423542E+06

432.0  0.7418177E+06

432.2  0.7412816E+06

432.4  0.7407459E+06

432.6  0.7402106E+06

432.8  0.7396757E+06

433.0  0.7391412E+06

433.2  0.7386071E+06

433.4  0.7380734E+06

433.6  0.7375401E+06

433.8  0.7370072E+06

434.0  0.7364747E+06

434.2  0.7359426E+06

434.4  0.7354110E+06

434.6  0.7348797E+06

434.8  0.7343488E+06

435.0  0.7338183E+06

435.2  0.7332882E+06

435.4  0.7327585E+06

435.6  0.7322293E+06

435.8  0.7317004E+06

436.0  0.7311719E+06

436.2  0.7306438E+06

436.4  0.7301161E+06

436.6  0.7295888E+06

436.8  0.7290619E+06

437.0  0.7285354E+06

437.2  0.7280093E+06

437.4  0.7274836E+06

437.6  0.7269583E+06

437.8  0.7264334E+06

438.0  0.7259089E+06

438.2  0.7253848E+06

438.4  0.7248611E+06

438.6  0.7243377E+06

438.8  0.7238148E+06

439.0  0.7232923E+06

439.2  0.7227701E+06

439.4  0.7222484E+06

439.6  0.7217270E+06

439.8  0.7212061E+06

440.0  0.7206855E+06

440.2  0.7201653E+06

440.4  0.7196455E+06

440.6  0.7191261E+06

440.8  0.7186071E+06

441.0  0.7180885E+06

441.2  0.7175703E+06

441.4  0.7170525E+06

441.6  0.7165350E+06

441.8  0.7160180E+06

442.0  0.7155013E+06

442.2  0.7149851E+06

442.4  0.7144692E+06

442.6  0.7139537E+06

442.8  0.7134386E+06

443.0  0.7129239E+06

443.2  0.7124096E+06

443.4  0.7118957E+06

443.6  0.7113821E+06

443.8  0.7108689E+06

444.0  0.7103562E+06

444.2  0.7098438E+06

444.4  0.7093318E+06

444.6  0.7088202E+06

444.8  0.7083090E+06

445.0  0.7077981E+06

445.2  0.7072877E+06

445.4  0.7067776E+06

445.6  0.7062679E+06

445.8  0.7057586E+06

446.0  0.7052497E+06

446.2  0.7047412E+06

446.4  0.7042330E+06

446.6  0.7037252E+06

446.8  0.7032179E+06

447.0  0.7027109E+06

447.2  0.7022042E+06

447.4  0.7016980E+06

447.6  0.7011922E+06

447.8  0.7006867E+06

448.0  0.7001816E+06

448.2  0.6996769E+06

448.4  0.6991725E+06

448.6  0.6986686E+06

448.8  0.6981650E+06

449.0  0.6976618E+06

449.2  0.6971590E+06

449.4  0.6966566E+06

449.6  0.6961545E+06

449.8  0.6956529E+06

450.0  0.6951516E+06

450.2  0.6946506E+06

450.4  0.6941501E+06

450.6  0.6936499E+06

450.8  0.6931501E+06

451.0  0.6926507E+06

451.2  0.6921517E+06

451.4  0.6916530E+06

451.6  0.6911547E+06

451.8  0.6906568E+06

452.0  0.6901593E+06

452.2  0.6896621E+06

452.4  0.6891653E+06

452.6  0.6886689E+06

452.8  0.6881729E+06

453.0  0.6876772E+06

453.2  0.6871819E+06

453.4  0.6866870E+06

453.6  0.6861925E+06

453.8  0.6856983E+06

454.0  0.6852045E+06

454.2  0.6847110E+06

454.4  0.6842180E+06

454.6  0.6837253E+06

454.8  0.6832330E+06

455.0  0.6827410E+06

455.2  0.6822494E+06

455.4  0.6817582E+06

455.6  0.6812674E+06

455.8  0.6807769E+06

456.0  0.6802868E+06

456.2  0.6797971E+06

456.4  0.6793077E+06

456.6  0.6788187E+06

456.8  0.6783301E+06

457.0  0.6778418E+06

457.2  0.6773539E+06

457.4  0.6768664E+06

457.6  0.6763792E+06

457.8  0.6758924E+06

458.0  0.6754060E+06

458.2  0.6749199E+06

458.4  0.6744342E+06

458.6  0.6739489E+06

458.8  0.6734639E+06

459.0  0.6729793E+06

459.2  0.6724951E+06

459.4  0.6720112E+06

459.6  0.6715277E+06

459.8  0.6710445E+06

460.0  0.6705618E+06

460.2  0.6700793E+06

460.4  0.6695973E+06

460.6  0.6691156E+06

460.8  0.6686342E+06

461.0  0.6681532E+06

461.2  0.6676726E+06

461.4  0.6671923E+06

461.6  0.6667124E+06

461.8  0.6662329E+06

462.0  0.6657537E+06

462.2  0.6652749E+06

462.4  0.6647964E+06

462.6  0.6643183E+06

462.8  0.6638406E+06

463.0  0.6633632E+06

463.2  0.6628862E+06

463.4  0.6624095E+06

463.6  0.6619332E+06

463.8  0.6614572E+06

464.0  0.6609816E+06

464.2  0.6605064E+06

464.4  0.6600315E+06

464.6  0.6595570E+06

464.8  0.6590828E+06

465.0  0.6586090E+06

465.2  0.6581355E+06

465.4  0.6576624E+06

465.6  0.6571896E+06

465.8  0.6567172E+06

466.0  0.6562452E+06

466.2  0.6557735E+06

466.4  0.6553021E+06

466.6  0.6548312E+06

466.8  0.6543605E+06

467.0  0.6538902E+06

467.2  0.6534203E+06

467.4  0.6529507E+06

467.6  0.6524815E+06

467.8  0.6520126E+06

468.0  0.6515441E+06

468.2  0.6510759E+06

468.4  0.6506081E+06

468.6  0.6501406E+06

468.8  0.6496735E+06

469.0  0.6492067E+06

469.2  0.6487402E+06

469.4  0.6482742E+06

469.6  0.6478084E+06

469.8  0.6473430E+06

470.0  0.6468780E+06

470.2  0.6464133E+06

470.4  0.6459490E+06

470.6  0.6454850E+06

470.8  0.6450213E+06

471.0  0.6445580E+06

471.2  0.6440950E+06

471.4  0.6436324E+06

471.6  0.6431702E+06

471.8  0.6427082E+06

472.0  0.6422467E+06

472.2  0.6417854E+06

472.4  0.6413245E+06

472.6  0.6408640E+06

472.8  0.6404038E+06

473.0  0.6399439E+06

473.2  0.6394844E+06

473.4  0.6390252E+06

473.6  0.6385664E+06

473.8  0.6381079E+06

474.0  0.6376498E+06

474.2  0.6371920E+06

474.4  0.6367345E+06

474.6  0.6362774E+06

474.8  0.6358206E+06

475.0  0.6353642E+06

475.2  0.6349081E+06

475.4  0.6344523E+06

475.6  0.6339969E+06

475.8  0.6335418E+06

476.0  0.6330870E+06

476.2  0.6326326E+06

476.4  0.6321786E+06

476.6  0.6317248E+06

476.8  0.6312714E+06

477.0  0.6308184E+06

477.2  0.6303657E+06

477.4  0.6299133E+06

477.6  0.6294613E+06

477.8  0.6290096E+06

478.0  0.6285582E+06

478.2  0.6281071E+06

478.4  0.6276564E+06

478.6  0.6272061E+06

478.8  0.6267561E+06

479.0  0.6263064E+06

479.2  0.6258570E+06

479.4  0.6254080E+06

479.6  0.6249593E+06

479.8  0.6245109E+06

480.0  0.6240629E+06

480.2  0.6236152E+06

480.4  0.6231679E+06

480.6  0.6227208E+06

480.8  0.6222741E+06

481.0  0.6218278E+06

481.2  0.6213817E+06

481.4  0.6209360E+06

481.6  0.6204907E+06

481.8  0.6200456E+06

482.0  0.6196009E+06

482.2  0.6191566E+06

482.4  0.6187125E+06

482.6  0.6182688E+06

482.8  0.6178254E+06

483.0  0.6173823E+06

483.2  0.6169396E+06

483.4  0.6164972E+06

483.6  0.6160551E+06

483.8  0.6156134E+06

484.0  0.6151720E+06

484.2  0.6147309E+06

484.4  0.6142901E+06

484.6  0.6138497E+06

484.8  0.6134096E+06

485.0  0.6129698E+06

485.2  0.6125303E+06

485.4  0.6120912E+06

485.6  0.6116524E+06

485.8  0.6112139E+06

486.0  0.6107758E+06

486.2  0.6103379E+06

486.4  0.6099004E+06

486.6  0.6094632E+06

486.8  0.6090264E+06

487.0  0.6085898E+06

487.2  0.6081536E+06

487.4  0.6077177E+06

487.6  0.6072822E+06

487.8  0.6068469E+06

488.0  0.6064120E+06

488.2  0.6059774E+06

488.4  0.6055431E+06

488.6  0.6051092E+06

488.8  0.6046755E+06

489.0  0.6042422E+06

489.2  0.6038092E+06

489.4  0.6033766E+06

489.6  0.6029442E+06

489.8  0.6025122E+06

490.0  0.6020805E+06

490.2  0.6016491E+06

490.4  0.6012180E+06

490.6  0.6007872E+06

490.8  0.6003568E+06

491.0  0.5999267E+06

491.2  0.5994969E+06

491.4  0.5990674E+06

491.6  0.5986382E+06

491.8  0.5982094E+06

492.0  0.5977808E+06

492.2  0.5973526E+06

492.4  0.5969247E+06

492.6  0.5964971E+06

492.8  0.5960699E+06

493.0  0.5956429E+06

493.2  0.5952163E+06

493.4  0.5947900E+06

493.6  0.5943640E+06

493.8  0.5939383E+06

494.0  0.5935129E+06

494.2  0.5930878E+06

494.4  0.5926631E+06

494.6  0.5922386E+06

494.8  0.5918145E+06

495.0  0.5913907E+06

495.2  0.5909672E+06

495.4  0.5905440E+06

495.6  0.5901211E+06

495.8  0.5896986E+06

496.0  0.5892763E+06

496.2  0.5888544E+06

496.4  0.5884327E+06

496.6  0.5880114E+06

496.8  0.5875904E+06

497.0  0.5871697E+06

497.2  0.5867493E+06

497.4  0.5863293E+06

497.6  0.5859095E+06

497.8  0.5854900E+06

498.0  0.5850709E+06

498.2  0.5846520E+06

498.4  0.5842335E+06

498.6  0.5838153E+06

498.8  0.5833974E+06

499.0  0.5829798E+06

499.2  0.5825625E+06

499.4  0.5821455E+06

499.6  0.5817288E+06

499.8  0.5813124E+06

500.0  0.5808963E+06

