100  0.1812741E+04

100.2  0.2018232E+04

100.4  0.2233535E+04

100.6  0.2458205E+04

100.8  0.2691785E+04

101.0  0.2933816E+04

101.2  0.3183838E+04

101.4  0.3441400E+04

101.6  0.3706054E+04

101.8  0.3977364E+04

102.0  0.4254907E+04

102.2  0.4538271E+04

102.4  0.4827060E+04

102.6  0.5120891E+04

102.8  0.5419400E+04

103.0  0.5722235E+04

103.2  0.6029062E+04

103.4  0.6339563E+04

103.6  0.6653434E+04

103.8  0.6970388E+04

104.0  0.7290153E+04

104.2  0.7612471E+04

104.4  0.7937098E+04

104.6  0.8263804E+04

104.8  0.8592373E+04

105.0  0.8922600E+04

105.2  0.9254294E+04

105.4  0.9587274E+04

105.6  0.9921372E+04

105.8  0.1025643E+05

106.0  0.1059229E+05

106.2  0.1092883E+05

106.4  0.1126591E+05

106.6  0.1160341E+05

106.8  0.1194122E+05

107.0  0.1227923E+05

107.2  0.1261734E+05

107.4  0.1295546E+05

107.6  0.1329352E+05

107.8  0.1363142E+05

108.0  0.1396910E+05

108.2  0.1430649E+05

108.4  0.1464353E+05

108.6  0.1498016E+05

108.8  0.1531633E+05

109.0  0.1565199E+05

109.2  0.1598710E+05

109.4  0.1632161E+05

109.6  0.1665550E+05

109.8  0.1698872E+05

110.0  0.1732125E+05

110.2  0.1765306E+05

110.4  0.1798413E+05

110.6  0.1831443E+05

110.8  0.1864395E+05

111.0  0.1897267E+05

111.2  0.1930058E+05

111.4  0.1962766E+05

111.6  0.1995390E+05

111.8  0.2027929E+05

112.0  0.2060383E+05

112.2  0.2092752E+05

112.4  0.2125034E+05

112.6  0.2157229E+05

112.8  0.2189339E+05

113.0  0.2221361E+05

113.2  0.2253298E+05

113.4  0.2285148E+05

113.6  0.2316912E+05

113.8  0.2348590E+05

114.0  0.2380184E+05

114.2  0.2411694E+05

114.4  0.2443119E+05

114.6  0.2474462E+05

114.8  0.2505723E+05

115.0  0.2536902E+05

115.2  0.2568001E+05

115.4  0.2599020E+05

115.6  0.2629961E+05

115.8  0.2660825E+05

116.0  0.2691612E+05

116.2  0.2722324E+05

116.4  0.2752963E+05

116.6  0.2783528E+05

116.8  0.2814022E+05

117.0  0.2844446E+05

117.2  0.2874800E+05

117.4  0.2905087E+05

117.6  0.2935308E+05

117.8  0.2965463E+05

118.0  0.2995555E+05

118.2  0.3025584E+05

118.4  0.3055553E+05

118.6  0.3085462E+05

118.8  0.3115313E+05

119.0  0.3145107E+05

119.2  0.3174846E+05

119.4  0.3204531E+05

119.6  0.3234163E+05

119.8  0.3263745E+05

120.0  0.3293277E+05

120.2  0.3322760E+05

120.4  0.3352198E+05

120.6  0.3381589E+05

120.8  0.3410938E+05

121.0  0.3440243E+05

121.2  0.3469508E+05

121.4  0.3498734E+05

121.6  0.3527921E+05

121.8  0.3557072E+05

122.0  0.3586188E+05

122.2  0.3615270E+05

122.4  0.3644320E+05

122.6  0.3673339E+05

122.8  0.3702328E+05

123.0  0.3731290E+05

123.2  0.3760225E+05

123.4  0.3789134E+05

123.6  0.3818020E+05

123.8  0.3846883E+05

124.0  0.3875726E+05

124.2  0.3904548E+05

124.4  0.3933353E+05

124.6  0.3962140E+05

124.8  0.3990912E+05

125.0  0.4019670E+05

125.2  0.4048414E+05

125.4  0.4077148E+05

125.6  0.4105870E+05

125.8  0.4134585E+05

126.0  0.4163291E+05

126.2  0.4191991E+05

126.4  0.4220686E+05

126.6  0.4249378E+05

126.8  0.4278067E+05

127.0  0.4306755E+05

127.2  0.4335443E+05

127.4  0.4364133E+05

127.6  0.4392825E+05

127.8  0.4421521E+05

128.0  0.4450222E+05

128.2  0.4478930E+05

128.4  0.4507645E+05

128.6  0.4536369E+05

128.8  0.4565104E+05

129.0  0.4593849E+05

129.2  0.4622607E+05

129.4  0.4651378E+05

129.6  0.4680165E+05

129.8  0.4708967E+05

130.0  0.4737786E+05

130.2  0.4766624E+05

130.4  0.4795481E+05

130.6  0.4824359E+05

130.8  0.4853259E+05

131.0  0.4882181E+05

131.2  0.4911128E+05

131.4  0.4940099E+05

131.6  0.4969097E+05

131.8  0.4998122E+05

132.0  0.5027176E+05

132.2  0.5056260E+05

132.4  0.5085374E+05

132.6  0.5114520E+05

132.8  0.5143698E+05

133.0  0.5172911E+05

133.2  0.5202158E+05

133.4  0.5231442E+05

133.6  0.5260763E+05

133.8  0.5290122E+05

134.0  0.5319520E+05

134.2  0.5348958E+05

134.4  0.5378438E+05

134.6  0.5407960E+05

134.8  0.5437525E+05

135.0  0.5467135E+05

135.2  0.5496790E+05

135.4  0.5526492E+05

135.6  0.5556240E+05

135.8  0.5586038E+05

136.0  0.5615885E+05

136.2  0.5645782E+05

136.4  0.5675730E+05

136.6  0.5705731E+05

136.8  0.5735785E+05

137.0  0.5765894E+05

137.2  0.5796058E+05

137.4  0.5826278E+05

137.6  0.5856556E+05

137.8  0.5886892E+05

138.0  0.5917287E+05

138.2  0.5947742E+05

138.4  0.5978258E+05

138.6  0.6008836E+05

138.8  0.6039477E+05

139.0  0.6070183E+05

139.2  0.6100953E+05

139.4  0.6131788E+05

139.6  0.6162691E+05

139.8  0.6193661E+05

140.0  0.6224700E+05

140.2  0.6255808E+05

140.4  0.6286987E+05

140.6  0.6318237E+05

140.8  0.6349560E+05

141.0  0.6380956E+05

141.2  0.6412425E+05

141.4  0.6443970E+05

141.6  0.6475591E+05

141.8  0.6507288E+05

142.0  0.6539064E+05

142.2  0.6570917E+05

142.4  0.6602851E+05

142.6  0.6634865E+05

142.8  0.6666960E+05

143.0  0.6699137E+05

143.2  0.6731398E+05

143.4  0.6763742E+05

143.6  0.6796172E+05

143.8  0.6828687E+05

144.0  0.6861289E+05

144.2  0.6893978E+05

144.4  0.6926756E+05

144.6  0.6959623E+05

144.8  0.6992580E+05

145.0  0.7025629E+05

145.2  0.7058769E+05

145.4  0.7092002E+05

145.6  0.7125329E+05

145.8  0.7158750E+05

146.0  0.7192267E+05

146.2  0.7225880E+05

146.4  0.7259591E+05

146.6  0.7293399E+05

146.8  0.7327307E+05

147.0  0.7361314E+05

147.2  0.7395422E+05

147.4  0.7429631E+05

147.6  0.7463943E+05

147.8  0.7498358E+05

148.0  0.7532877E+05

148.2  0.7567501E+05

148.4  0.7602232E+05

148.6  0.7637068E+05

148.8  0.7672013E+05

149.0  0.7707066E+05

149.2  0.7742228E+05

149.4  0.7777501E+05

149.6  0.7812885E+05

149.8  0.7848380E+05

150.0  0.7883989E+05

150.2  0.7919711E+05

150.4  0.7955548E+05

150.6  0.7991500E+05

150.8  0.8027569E+05

151.0  0.8063754E+05

151.2  0.8100058E+05

151.4  0.8136481E+05

151.6  0.8173023E+05

151.8  0.8209686E+05

152.0  0.8246471E+05

152.2  0.8283378E+05

152.4  0.8320409E+05

152.6  0.8357563E+05

152.8  0.8394843E+05

153.0  0.8432248E+05

153.2  0.8469781E+05

153.4  0.8507441E+05

153.6  0.8545229E+05

153.8  0.8583148E+05

154.0  0.8621196E+05

154.2  0.8659376E+05

154.4  0.8697687E+05

154.6  0.8736132E+05

154.8  0.8774711E+05

155.0  0.8813424E+05

155.2  0.8852274E+05

155.4  0.8891259E+05

155.6  0.8930383E+05

155.8  0.8969644E+05

156.0  0.9009045E+05

156.2  0.9048586E+05

156.4  0.9088268E+05

156.6  0.9128092E+05

156.8  0.9168059E+05

157.0  0.9208170E+05

157.2  0.9248426E+05

157.4  0.9288827E+05

157.6  0.9329375E+05

157.8  0.9370070E+05

158.0  0.9410914E+05

158.2  0.9451907E+05

158.4  0.9493050E+05

158.6  0.9534344E+05

158.8  0.9575791E+05

159.0  0.9617390E+05

159.2  0.9659144E+05

159.4  0.9701052E+05

159.6  0.9743117E+05

159.8  0.9785338E+05

160.0  0.9827717E+05

160.2  0.9870255E+05

160.4  0.9912952E+05

160.6  0.9955810E+05

160.8  0.9998830E+05

161.0  0.1004201E+06

161.2  0.1008536E+06

161.4  0.1012887E+06

161.6  0.1017254E+06

161.8  0.1021639E+06

162.0  0.1026040E+06

162.2  0.1030457E+06

162.4  0.1034892E+06

162.6  0.1039344E+06

162.8  0.1043813E+06

163.0  0.1048299E+06

163.2  0.1052802E+06

163.4  0.1057323E+06

163.6  0.1061862E+06

163.8  0.1066418E+06

164.0  0.1070992E+06

164.2  0.1075584E+06

164.4  0.1080193E+06

164.6  0.1084821E+06

164.8  0.1089467E+06

165.0  0.1094131E+06

165.2  0.1098814E+06

165.4  0.1103515E+06

165.6  0.1108234E+06

165.8  0.1112973E+06

166.0  0.1117730E+06

166.2  0.1122506E+06

166.4  0.1127301E+06

166.6  0.1132115E+06

166.8  0.1136948E+06

167.0  0.1141801E+06

167.2  0.1146673E+06

167.4  0.1151565E+06

167.6  0.1156476E+06

167.8  0.1161408E+06

168.0  0.1166359E+06

168.2  0.1171330E+06

168.4  0.1176321E+06

168.6  0.1181332E+06

168.8  0.1186364E+06

169.0  0.1191417E+06

169.2  0.1196489E+06

169.4  0.1201583E+06

169.6  0.1206697E+06

169.8  0.1211833E+06

170.0  0.1216989E+06

170.2  0.1222167E+06

170.4  0.1227366E+06

170.6  0.1232586E+06

170.8  0.1237828E+06

171.0  0.1243091E+06

171.2  0.1248377E+06

171.4  0.1253684E+06

171.6  0.1259013E+06

171.8  0.1264364E+06

172.0  0.1269738E+06

172.2  0.1275134E+06

172.4  0.1280553E+06

172.6  0.1285995E+06

172.8  0.1291459E+06

173.0  0.1296946E+06

173.2  0.1302456E+06

173.4  0.1307990E+06

173.6  0.1313547E+06

173.8  0.1319127E+06

174.0  0.1324731E+06

174.2  0.1330359E+06

174.4  0.1336010E+06

174.6  0.1341686E+06

174.8  0.1347386E+06

175.0  0.1353110E+06

175.2  0.1358859E+06

175.4  0.1364632E+06

175.6  0.1370431E+06

175.8  0.1376254E+06

176.0  0.1382102E+06

176.2  0.1387975E+06

176.4  0.1393874E+06

176.6  0.1399798E+06

176.8  0.1405748E+06

177.0  0.1411724E+06

177.2  0.1417726E+06

177.4  0.1423754E+06

177.6  0.1429808E+06

177.8  0.1435889E+06

178.0  0.1441996E+06

178.2  0.1448131E+06

178.4  0.1454292E+06

178.6  0.1460480E+06

178.8  0.1466696E+06

179.0  0.1472939E+06

179.2  0.1479210E+06

179.4  0.1485509E+06

179.6  0.1491836E+06

179.8  0.1498192E+06

180.0  0.1504575E+06

180.2  0.1510987E+06

180.4  0.1517429E+06

180.6  0.1523899E+06

180.8  0.1530398E+06

181.0  0.1536927E+06

181.2  0.1543485E+06

181.4  0.1550073E+06

181.6  0.1556691E+06

181.8  0.1563339E+06

182.0  0.1570018E+06

182.2  0.1576727E+06

182.4  0.1583467E+06

182.6  0.1590239E+06

182.8  0.1597041E+06

183.0  0.1603875E+06

183.2  0.1610741E+06

183.4  0.1617639E+06

183.6  0.1624569E+06

183.8  0.1631532E+06

184.0  0.1638527E+06

184.2  0.1645555E+06

184.4  0.1652617E+06

184.6  0.1659712E+06

184.8  0.1666840E+06

185.0  0.1674003E+06

185.2  0.1681200E+06

185.4  0.1688431E+06

185.6  0.1695698E+06

185.8  0.1702999E+06

186.0  0.1710336E+06

186.2  0.1717708E+06

186.4  0.1725116E+06

186.6  0.1732561E+06

186.8  0.1740042E+06

187.0  0.1747560E+06

187.2  0.1755115E+06

187.4  0.1762708E+06

187.6  0.1770338E+06

187.8  0.1778006E+06

188.0  0.1785713E+06

188.2  0.1793459E+06

188.4  0.1801244E+06

188.6  0.1809069E+06

188.8  0.1816933E+06

189.0  0.1824837E+06

189.2  0.1832782E+06

189.4  0.1840768E+06

189.6  0.1848795E+06

189.8  0.1856864E+06

190.0  0.1864975E+06

190.2  0.1873129E+06

190.4  0.1881325E+06

190.6  0.1889565E+06

190.8  0.1897848E+06

191.0  0.1906175E+06

191.2  0.1914547E+06

191.4  0.1922964E+06

191.6  0.1931426E+06

191.8  0.1939934E+06

192.0  0.1948488E+06

192.2  0.1957089E+06

192.4  0.1965737E+06

192.6  0.1974433E+06

192.8  0.1983177E+06

193.0  0.1991969E+06

193.2  0.2000811E+06

193.4  0.2009702E+06

193.6  0.2018643E+06

193.8  0.2027634E+06

194.0  0.2036677E+06

194.2  0.2045771E+06

194.4  0.2054917E+06

194.6  0.2064116E+06

194.8  0.2073368E+06

195.0  0.2082674E+06

195.2  0.2092034E+06

195.4  0.2101448E+06

195.6  0.2110918E+06

195.8  0.2120444E+06

196.0  0.2130026E+06

196.2  0.2139666E+06

196.4  0.2149362E+06

196.6  0.2159117E+06

196.8  0.2168931E+06

197.0  0.2178804E+06

197.2  0.2188737E+06

197.4  0.2198730E+06

197.6  0.2208785E+06

197.8  0.2218901E+06

198.0  0.2229080E+06

198.2  0.2239321E+06

198.4  0.2249626E+06

198.6  0.2259995E+06

198.8  0.2270429E+06

199.0  0.2280929E+06

199.2  0.2291494E+06

199.4  0.2302127E+06

199.6  0.2312826E+06

199.8  0.2323593E+06

200.0  0.2334430E+06

200.2  0.2345335E+06

200.4  0.2356310E+06

200.6  0.2367356E+06

200.8  0.2378472E+06

201.0  0.2389661E+06

201.2  0.2400922E+06

201.4  0.2412256E+06

201.6  0.2423664E+06

201.8  0.2435146E+06

202.0  0.2446704E+06

202.2  0.2458336E+06

202.4  0.2470046E+06

202.6  0.2481832E+06

202.8  0.2493695E+06

203.0  0.2505637E+06

203.2  0.2517658E+06

203.4  0.2529758E+06

203.6  0.2541938E+06

203.8  0.2554199E+06

204.0  0.2566542E+06

204.2  0.2578966E+06

204.4  0.2591473E+06

204.6  0.2604062E+06

204.8  0.2616736E+06

205.0  0.2629494E+06

205.2  0.2642337E+06

205.4  0.2655265E+06

205.6  0.2668279E+06

205.8  0.2681380E+06

206.0  0.2694568E+06

206.2  0.2707844E+06

206.4  0.2721208E+06

206.6  0.2734661E+06

206.8  0.2748203E+06

207.0  0.2761835E+06

207.2  0.2775557E+06

207.4  0.2789370E+06

207.6  0.2803275E+06

207.8  0.2817271E+06

208.0  0.2831359E+06

208.2  0.2845540E+06

208.4  0.2859814E+06

208.6  0.2874181E+06

208.8  0.2888643E+06

209.0  0.2903198E+06

209.2  0.2917849E+06

209.4  0.2932594E+06

209.6  0.2947435E+06

209.8  0.2962371E+06

210.0  0.2977404E+06

210.2  0.2992533E+06

210.4  0.3007759E+06

210.6  0.3023081E+06

210.8  0.3038501E+06

211.0  0.3054019E+06

211.2  0.3069634E+06

211.4  0.3085347E+06

211.6  0.3101158E+06

211.8  0.3117067E+06

212.0  0.3133075E+06

212.2  0.3149181E+06

212.4  0.3165386E+06

212.6  0.3181690E+06

212.8  0.3198092E+06

213.0  0.3214594E+06

213.2  0.3231195E+06

213.4  0.3247895E+06

213.6  0.3264693E+06

213.8  0.3281591E+06

214.0  0.3298588E+06

214.2  0.3315684E+06

214.4  0.3332879E+06

214.6  0.3350172E+06

214.8  0.3367565E+06

215.0  0.3385056E+06

215.2  0.3402645E+06

215.4  0.3420332E+06

215.6  0.3438118E+06

215.8  0.3456002E+06

216.0  0.3473983E+06

216.2  0.3492061E+06

216.4  0.3510237E+06

216.6  0.3528509E+06

216.8  0.3546878E+06

217.0  0.3565343E+06

217.2  0.3583903E+06

217.4  0.3602560E+06

217.6  0.3621311E+06

217.8  0.3640156E+06

218.0  0.3659096E+06

218.2  0.3678129E+06

218.4  0.3697256E+06

218.6  0.3716475E+06

218.8  0.3735786E+06

219.0  0.3755189E+06

219.2  0.3774683E+06

219.4  0.3794267E+06

219.6  0.3813941E+06

219.8  0.3833704E+06

220.0  0.3853556E+06

220.2  0.3873495E+06

220.4  0.3893522E+06

220.6  0.3913634E+06

220.8  0.3933833E+06

221.0  0.3954116E+06

221.2  0.3974484E+06

221.4  0.3994934E+06

221.6  0.4015468E+06

221.8  0.4036082E+06

222.0  0.4056778E+06

222.2  0.4077554E+06

222.4  0.4098408E+06

222.6  0.4119341E+06

222.8  0.4140351E+06

223.0  0.4161437E+06

223.2  0.4182598E+06

223.4  0.4203834E+06

223.6  0.4225143E+06

223.8  0.4246524E+06

224.0  0.4267976E+06

224.2  0.4289498E+06

224.4  0.4311090E+06

224.6  0.4332750E+06

224.8  0.4354476E+06

225.0  0.4376268E+06

225.2  0.4398125E+06

225.4  0.4420046E+06

225.6  0.4442029E+06

225.8  0.4464073E+06

226.0  0.4486176E+06

226.2  0.4508339E+06

226.4  0.4530560E+06

226.6  0.4552836E+06

226.8  0.4575168E+06

227.0  0.4597554E+06

227.2  0.4619992E+06

227.4  0.4642482E+06

227.6  0.4665021E+06

227.8  0.4687610E+06

228.0  0.4710246E+06

228.2  0.4732928E+06

228.4  0.4755654E+06

228.6  0.4778424E+06

228.8  0.4801237E+06

229.0  0.4824090E+06

229.2  0.4846982E+06

229.4  0.4869912E+06

229.6  0.4892879E+06

229.8  0.4915882E+06

230.0  0.4938918E+06

230.2  0.4961987E+06

230.4  0.4985086E+06

230.6  0.5008216E+06

230.8  0.5031373E+06

231.0  0.5054557E+06

231.2  0.5077767E+06

231.4  0.5101001E+06

231.6  0.5124257E+06

231.8  0.5147534E+06

232.0  0.5170831E+06

232.2  0.5194146E+06

232.4  0.5217478E+06

232.6  0.5240825E+06

232.8  0.5264186E+06

233.0  0.5287559E+06

233.2  0.5310944E+06

233.4  0.5334337E+06

233.6  0.5357739E+06

233.8  0.5381147E+06

234.0  0.5404561E+06

234.2  0.5427978E+06

234.4  0.5451397E+06

234.6  0.5474817E+06

234.8  0.5498237E+06

235.0  0.5521654E+06

235.2  0.5545068E+06

235.4  0.5568476E+06

235.6  0.5591879E+06

235.8  0.5615273E+06

236.0  0.5638658E+06

236.2  0.5662032E+06

236.4  0.5685394E+06

236.6  0.5708742E+06

236.8  0.5732075E+06

237.0  0.5755392E+06

237.2  0.5778691E+06

237.4  0.5801970E+06

237.6  0.5825229E+06

237.8  0.5848466E+06

238.0  0.5871679E+06

238.2  0.5894868E+06

238.4  0.5918030E+06

238.6  0.5941165E+06

238.8  0.5964271E+06

239.0  0.5987346E+06

239.2  0.6010390E+06

239.4  0.6033401E+06

239.6  0.6056378E+06

239.8  0.6079319E+06

240.0  0.6102223E+06

240.2  0.6125089E+06

240.4  0.6147916E+06

240.6  0.6170702E+06

240.8  0.6193445E+06

241.0  0.6216146E+06

241.2  0.6238801E+06

241.4  0.6261411E+06

241.6  0.6283974E+06

241.8  0.6306489E+06

242.0  0.6328954E+06

242.2  0.6351368E+06

242.4  0.6373731E+06

242.6  0.6396041E+06

242.8  0.6418296E+06

243.0  0.6440496E+06

243.2  0.6462639E+06

243.4  0.6484725E+06

243.6  0.6506751E+06

243.8  0.6528718E+06

244.0  0.6550624E+06

244.2  0.6572468E+06

244.4  0.6594249E+06

244.6  0.6615965E+06

244.8  0.6637616E+06

245.0  0.6659201E+06

245.2  0.6680719E+06

245.4  0.6702168E+06

245.6  0.6723548E+06

245.8  0.6744857E+06

246.0  0.6766095E+06

246.2  0.6787261E+06

246.4  0.6808354E+06

246.6  0.6829372E+06

246.8  0.6850315E+06

247.0  0.6871182E+06

247.2  0.6891973E+06

247.4  0.6912685E+06

247.6  0.6933319E+06

247.8  0.6953874E+06

248.0  0.6974348E+06

248.2  0.6994741E+06

248.4  0.7015052E+06

248.6  0.7035280E+06

248.8  0.7055424E+06

249.0  0.7075484E+06

249.2  0.7095459E+06

249.4  0.7115349E+06

249.6  0.7135151E+06

249.8  0.7154866E+06

250.0  0.7174494E+06

250.2  0.7194032E+06

250.4  0.7213481E+06

250.6  0.7232840E+06

250.8  0.7252108E+06

251.0  0.7271285E+06

251.2  0.7290370E+06

251.4  0.7309362E+06

251.6  0.7328261E+06

251.8  0.7347066E+06

252.0  0.7365777E+06

252.2  0.7384393E+06

252.4  0.7402913E+06

252.6  0.7421337E+06

252.8  0.7439665E+06

253.0  0.7457896E+06

253.2  0.7476029E+06

253.4  0.7494064E+06

253.6  0.7512001E+06

253.8  0.7529838E+06

254.0  0.7547577E+06

254.2  0.7565215E+06

254.4  0.7582754E+06

254.6  0.7600191E+06

254.8  0.7617528E+06

255.0  0.7634763E+06

255.2  0.7651896E+06

255.4  0.7668927E+06

255.6  0.7685856E+06

255.8  0.7702682E+06

256.0  0.7719405E+06

256.2  0.7736024E+06

256.4  0.7752540E+06

256.6  0.7768952E+06

256.8  0.7785259E+06

257.0  0.7801462E+06

257.2  0.7817560E+06

257.4  0.7833553E+06

257.6  0.7849441E+06

257.8  0.7865223E+06

258.0  0.7880900E+06

258.2  0.7896470E+06

258.4  0.7911935E+06

258.6  0.7927294E+06

258.8  0.7942546E+06

259.0  0.7957692E+06

259.2  0.7972731E+06

259.4  0.7987663E+06

259.6  0.8002488E+06

259.8  0.8017207E+06

260.0  0.8031818E+06

260.2  0.8046322E+06

260.4  0.8060719E+06

260.6  0.8075009E+06

260.8  0.8089191E+06

261.0  0.8103266E+06

261.2  0.8117234E+06

261.4  0.8131094E+06

261.6  0.8144846E+06

261.8  0.8158491E+06

262.0  0.8172029E+06

262.2  0.8185459E+06

262.4  0.8198782E+06

262.6  0.8211997E+06

262.8  0.8225105E+06

263.0  0.8238105E+06

263.2  0.8250999E+06

263.4  0.8263785E+06

263.6  0.8276464E+06

263.8  0.8289036E+06

264.0  0.8301501E+06

264.2  0.8313859E+06

264.4  0.8326110E+06

264.6  0.8338255E+06

264.8  0.8350293E+06

265.0  0.8362225E+06

265.2  0.8374050E+06

265.4  0.8385770E+06

265.6  0.8397383E+06

265.8  0.8408891E+06

266.0  0.8420293E+06

266.2  0.8431590E+06

266.4  0.8442781E+06

266.6  0.8453867E+06

266.8  0.8464848E+06

267.0  0.8475725E+06

267.2  0.8486497E+06

267.4  0.8497165E+06

267.6  0.8507728E+06

267.8  0.8518188E+06

268.0  0.8528544E+06

268.2  0.8538797E+06

268.4  0.8548947E+06

268.6  0.8558994E+06

268.8  0.8568938E+06

269.0  0.8578780E+06

269.2  0.8588519E+06

269.4  0.8598157E+06

269.6  0.8607693E+06

269.8  0.8617128E+06

270.0  0.8626462E+06

270.2  0.8635695E+06

270.4  0.8644828E+06

270.6  0.8653860E+06

270.8  0.8662793E+06

271.0  0.8671626E+06

271.2  0.8680360E+06

271.4  0.8688996E+06

271.6  0.8697532E+06

271.8  0.8705971E+06

272.0  0.8714311E+06

272.2  0.8722554E+06

272.4  0.8730699E+06

272.6  0.8738748E+06

272.8  0.8746700E+06

273.0  0.8754556E+06

273.2  0.8762316E+06

273.4  0.8769981E+06

273.6  0.8777550E+06

273.8  0.8785025E+06

274.0  0.8792405E+06

274.2  0.8799692E+06

274.4  0.8806884E+06

274.6  0.8813983E+06

274.8  0.8820990E+06

275.0  0.8827903E+06

275.2  0.8834725E+06

275.4  0.8841455E+06

275.6  0.8848093E+06

275.8  0.8854641E+06

276.0  0.8861097E+06

276.2  0.8867464E+06

276.4  0.8873741E+06

276.6  0.8879928E+06

276.8  0.8886026E+06

277.0  0.8892036E+06

277.2  0.8897958E+06

277.4  0.8903791E+06

277.6  0.8909538E+06

277.8  0.8915197E+06

278.0  0.8920770E+06

278.2  0.8926257E+06

278.4  0.8931657E+06

278.6  0.8936973E+06

278.8  0.8942204E+06

279.0  0.8947350E+06

279.2  0.8952412E+06

279.4  0.8957390E+06

279.6  0.8962286E+06

279.8  0.8967098E+06

280.0  0.8971828E+06

280.2  0.8976476E+06

280.4  0.8981043E+06

280.6  0.8985529E+06

280.8  0.8989934E+06

281.0  0.8994258E+06

281.2  0.8998503E+06

281.4  0.9002669E+06

281.6  0.9006755E+06

281.8  0.9010763E+06

282.0  0.9014693E+06

282.2  0.9018546E+06

282.4  0.9022321E+06

282.6  0.9026019E+06

282.8  0.9029641E+06

283.0  0.9033187E+06

283.2  0.9036658E+06

283.4  0.9040054E+06

283.6  0.9043375E+06

283.8  0.9046622E+06

284.0  0.9049795E+06

284.2  0.9052895E+06

284.4  0.9055922E+06

284.6  0.9058877E+06

284.8  0.9061759E+06

285.0  0.9064570E+06

285.2  0.9067310E+06

285.4  0.9069979E+06

285.6  0.9072578E+06

285.8  0.9075108E+06

286.0  0.9077567E+06

286.2  0.9079958E+06

286.4  0.9082281E+06

286.6  0.9084535E+06

286.8  0.9086721E+06

287.0  0.9088841E+06

287.2  0.9090893E+06

287.4  0.9092879E+06

287.6  0.9094799E+06

287.8  0.9096654E+06

288.0  0.9098444E+06

288.2  0.9100169E+06

288.4  0.9101829E+06

288.6  0.9103426E+06

288.8  0.9104960E+06

289.0  0.9106430E+06

289.2  0.9107838E+06

289.4  0.9109184E+06

289.6  0.9110468E+06

289.8  0.9111691E+06

290.0  0.9112852E+06

290.2  0.9113954E+06

290.4  0.9114995E+06

290.6  0.9115977E+06

290.8  0.9116900E+06

291.0  0.9117763E+06

291.2  0.9118569E+06

291.4  0.9119316E+06

291.6  0.9120006E+06

291.8  0.9120638E+06

292.0  0.9121214E+06

292.2  0.9121734E+06

292.4  0.9122197E+06

292.6  0.9122605E+06

292.8  0.9122958E+06

293.0  0.9123256E+06

293.2  0.9123500E+06

293.4  0.9123689E+06

293.6  0.9123826E+06

293.8  0.9123909E+06

294.0  0.9123939E+06

294.2  0.9123917E+06

294.4  0.9123842E+06

294.6  0.9123717E+06

294.8  0.9123540E+06

295.0  0.9123312E+06

295.2  0.9123033E+06

295.4  0.9122705E+06

295.6  0.9122327E+06

295.8  0.9121900E+06

296.0  0.9121423E+06

296.2  0.9120898E+06

296.4  0.9120325E+06

296.6  0.9119704E+06

296.8  0.9119036E+06

297.0  0.9118320E+06

297.2  0.9117558E+06

297.4  0.9116750E+06

297.6  0.9115895E+06

297.8  0.9114995E+06

298.0  0.9114050E+06

298.2  0.9113060E+06

298.4  0.9112025E+06

298.6  0.9110946E+06

298.8  0.9109823E+06

299.0  0.9108657E+06

299.2  0.9107447E+06

299.4  0.9106195E+06

299.6  0.9104901E+06

299.8  0.9103564E+06

300.0  0.9102186E+06

300.2  0.9100766E+06

300.4  0.9099305E+06

300.6  0.9097803E+06

300.8  0.9096261E+06

301.0  0.9094679E+06

301.2  0.9093058E+06

301.4  0.9091397E+06

301.6  0.9089696E+06

301.8  0.9087958E+06

302.0  0.9086180E+06

302.2  0.9084365E+06

302.4  0.9082512E+06

302.6  0.9080621E+06

302.8  0.9078694E+06

303.0  0.9076729E+06

303.2  0.9074729E+06

303.4  0.9072692E+06

303.6  0.9070619E+06

303.8  0.9068510E+06

304.0  0.9066367E+06

304.2  0.9064188E+06

304.4  0.9061975E+06

304.6  0.9059728E+06

304.8  0.9057446E+06

305.0  0.9055131E+06

305.2  0.9052783E+06

305.4  0.9050401E+06

305.6  0.9047987E+06

305.8  0.9045540E+06

306.0  0.9043061E+06

306.2  0.9040549E+06

306.4  0.9038007E+06

306.6  0.9035433E+06

306.8  0.9032827E+06

307.0  0.9030191E+06

307.2  0.9027525E+06

307.4  0.9024828E+06

307.6  0.9022101E+06

307.8  0.9019345E+06

308.0  0.9016559E+06

308.2  0.9013744E+06

308.4  0.9010900E+06

308.6  0.9008028E+06

308.8  0.9005127E+06

309.0  0.9002199E+06

309.2  0.8999242E+06

309.4  0.8996258E+06

309.6  0.8993246E+06

309.8  0.8990208E+06

310.0  0.8987143E+06

310.2  0.8984051E+06

310.4  0.8980933E+06

310.6  0.8977789E+06

310.8  0.8974620E+06

311.0  0.8971425E+06

311.2  0.8968204E+06

311.4  0.8964959E+06

311.6  0.8961689E+06

311.8  0.8958394E+06

312.0  0.8955075E+06

312.2  0.8951732E+06

312.4  0.8948365E+06

312.6  0.8944975E+06

312.8  0.8941561E+06

313.0  0.8938124E+06

313.2  0.8934664E+06

313.4  0.8931182E+06

313.6  0.8927677E+06

313.8  0.8924150E+06

314.0  0.8920601E+06

314.2  0.8917031E+06

314.4  0.8913438E+06

314.6  0.8909825E+06

314.8  0.8906190E+06

315.0  0.8902535E+06

315.2  0.8898859E+06

315.4  0.8895162E+06

315.6  0.8891446E+06

315.8  0.8887709E+06

316.0  0.8883952E+06

316.2  0.8880176E+06

316.4  0.8876381E+06

316.6  0.8872566E+06

316.8  0.8868732E+06

317.0  0.8864880E+06

317.2  0.8861009E+06

317.4  0.8857119E+06

317.6  0.8853212E+06

317.8  0.8849286E+06

318.0  0.8845343E+06

318.2  0.8841381E+06

318.4  0.8837403E+06

318.6  0.8833407E+06

318.8  0.8829395E+06

319.0  0.8825365E+06

319.2  0.8821319E+06

319.4  0.8817256E+06

319.6  0.8813177E+06

319.8  0.8809082E+06

320.0  0.8804971E+06

320.2  0.8800844E+06

320.4  0.8796702E+06

320.6  0.8792544E+06

320.8  0.8788371E+06

321.0  0.8784183E+06

321.2  0.8779980E+06

321.4  0.8775763E+06

321.6  0.8771530E+06

321.8  0.8767284E+06

322.0  0.8763023E+06

322.2  0.8758748E+06

322.4  0.8754460E+06

322.6  0.8750157E+06

322.8  0.8745841E+06

323.0  0.8741512E+06

323.2  0.8737169E+06

323.4  0.8732814E+06

323.6  0.8728445E+06

323.8  0.8724064E+06

324.0  0.8719670E+06

324.2  0.8715264E+06

324.4  0.8710845E+06

324.6  0.8706414E+06

324.8  0.8701971E+06

325.0  0.8697517E+06

325.2  0.8693050E+06

325.4  0.8688572E+06

325.6  0.8684083E+06

325.8  0.8679582E+06

326.0  0.8675070E+06

326.2  0.8670548E+06

326.4  0.8666014E+06

326.6  0.8661469E+06

326.8  0.8656915E+06

327.0  0.8652349E+06

327.2  0.8647773E+06

327.4  0.8643188E+06

327.6  0.8638592E+06

327.8  0.8633986E+06

328.0  0.8629370E+06

328.2  0.8624745E+06

328.4  0.8620110E+06

328.6  0.8615466E+06

328.8  0.8610813E+06

329.0  0.8606150E+06

329.2  0.8601479E+06

329.4  0.8596798E+06

329.6  0.8592109E+06

329.8  0.8587411E+06

330.0  0.8582705E+06

330.2  0.8577990E+06

330.4  0.8573267E+06

330.6  0.8568536E+06

330.8  0.8563796E+06

331.0  0.8559049E+06

331.2  0.8554294E+06

331.4  0.8549531E+06

331.6  0.8544761E+06

331.8  0.8539983E+06

332.0  0.8535198E+06

332.2  0.8530405E+06

332.4  0.8525605E+06

332.6  0.8520799E+06

332.8  0.8515985E+06

333.0  0.8511165E+06

333.2  0.8506337E+06

333.4  0.8501503E+06

333.6  0.8496663E+06

333.8  0.8491816E+06

334.0  0.8486963E+06

334.2  0.8482104E+06

334.4  0.8477238E+06

334.6  0.8472367E+06

334.8  0.8467489E+06

335.0  0.8462606E+06

335.2  0.8457717E+06

335.4  0.8452822E+06

335.6  0.8447922E+06

335.8  0.8443016E+06

336.0  0.8438105E+06

336.2  0.8433189E+06

336.4  0.8428268E+06

336.6  0.8423341E+06

336.8  0.8418410E+06

337.0  0.8413473E+06

337.2  0.8408532E+06

337.4  0.8403586E+06

337.6  0.8398635E+06

337.8  0.8393680E+06

338.0  0.8388721E+06

338.2  0.8383756E+06

338.4  0.8378788E+06

338.6  0.8373816E+06

338.8  0.8368839E+06

339.0  0.8363858E+06

339.2  0.8358873E+06

339.4  0.8353885E+06

339.6  0.8348892E+06

339.8  0.8343896E+06

340.0  0.8338896E+06

340.2  0.8333892E+06

340.4  0.8328885E+06

340.6  0.8323875E+06

340.8  0.8318861E+06

341.0  0.8313844E+06

341.2  0.8308823E+06

341.4  0.8303800E+06

341.6  0.8298773E+06

341.8  0.8293744E+06

342.0  0.8288711E+06

342.2  0.8283676E+06

342.4  0.8278638E+06

342.6  0.8273597E+06

342.8  0.8268553E+06

343.0  0.8263507E+06

343.2  0.8258458E+06

343.4  0.8253407E+06

343.6  0.8248354E+06

343.8  0.8243298E+06

344.0  0.8238240E+06

344.2  0.8233179E+06

344.4  0.8228117E+06

344.6  0.8223052E+06

344.8  0.8217986E+06

345.0  0.8212917E+06

345.2  0.8207847E+06

345.4  0.8202775E+06

345.6  0.8197701E+06

345.8  0.8192625E+06

346.0  0.8187547E+06

346.2  0.8182468E+06

346.4  0.8177388E+06

346.6  0.8172306E+06

346.8  0.8167222E+06

347.0  0.8162138E+06

347.2  0.8157052E+06

347.4  0.8151964E+06

347.6  0.8146876E+06

347.8  0.8141786E+06

348.0  0.8136695E+06

348.2  0.8131603E+06

348.4  0.8126510E+06

348.6  0.8121416E+06

348.8  0.8116321E+06

349.0  0.8111226E+06

349.2  0.8106129E+06

349.4  0.8101032E+06

349.6  0.8095934E+06

349.8  0.8090836E+06

350.0  0.8085737E+06

350.2  0.8080637E+06

350.4  0.8075537E+06

350.6  0.8070436E+06

350.8  0.8065335E+06

351.0  0.8060234E+06

351.2  0.8055132E+06

351.4  0.8050030E+06

351.6  0.8044928E+06

351.8  0.8039825E+06

352.0  0.8034723E+06

352.2  0.8029620E+06

352.4  0.8024517E+06

352.6  0.8019414E+06

352.8  0.8014312E+06

353.0  0.8009209E+06

353.2  0.8004106E+06

353.4  0.7999004E+06

353.6  0.7993901E+06

353.8  0.7988799E+06

354.0  0.7983698E+06

354.2  0.7978596E+06

354.4  0.7973495E+06

354.6  0.7968394E+06

354.8  0.7963294E+06

355.0  0.7958194E+06

355.2  0.7953094E+06

355.4  0.7947995E+06

355.6  0.7942897E+06

355.8  0.7937799E+06

356.0  0.7932702E+06

356.2  0.7927605E+06

356.4  0.7922510E+06

356.6  0.7917415E+06

356.8  0.7912320E+06

357.0  0.7907227E+06

357.2  0.7902134E+06

357.4  0.7897042E+06

357.6  0.7891951E+06

357.8  0.7886861E+06

358.0  0.7881772E+06

358.2  0.7876684E+06

358.4  0.7871597E+06

358.6  0.7866511E+06

358.8  0.7861426E+06

359.0  0.7856343E+06

359.2  0.7851260E+06

359.4  0.7846179E+06

359.6  0.7841098E+06

359.8  0.7836019E+06

360.0  0.7830942E+06

360.2  0.7825865E+06

360.4  0.7820790E+06

360.6  0.7815716E+06

360.8  0.7810644E+06

361.0  0.7805573E+06

361.2  0.7800503E+06

361.4  0.7795435E+06

361.6  0.7790368E+06

361.8  0.7785303E+06

362.0  0.7780239E+06

362.2  0.7775177E+06

362.4  0.7770117E+06

362.6  0.7765058E+06

362.8  0.7760000E+06

363.0  0.7754945E+06

363.2  0.7749891E+06

363.4  0.7744838E+06

363.6  0.7739788E+06

363.8  0.7734739E+06

364.0  0.7729692E+06

364.2  0.7724647E+06

364.4  0.7719603E+06

364.6  0.7714561E+06

364.8  0.7709522E+06

365.0  0.7704484E+06

365.2  0.7699448E+06

365.4  0.7694414E+06

365.6  0.7689381E+06

365.8  0.7684351E+06

366.0  0.7679323E+06

366.2  0.7674297E+06

366.4  0.7669272E+06

366.6  0.7664250E+06

366.8  0.7659230E+06

367.0  0.7654212E+06

367.2  0.7649196E+06

367.4  0.7644182E+06

367.6  0.7639171E+06

367.8  0.7634161E+06

368.0  0.7629154E+06

368.2  0.7624148E+06

368.4  0.7619145E+06

368.6  0.7614145E+06

368.8  0.7609146E+06

369.0  0.7604150E+06

369.2  0.7599156E+06

369.4  0.7594164E+06

369.6  0.7589174E+06

369.8  0.7584187E+06

370.0  0.7579202E+06

370.2  0.7574220E+06

370.4  0.7569240E+06

370.6  0.7564262E+06

370.8  0.7559287E+06

371.0  0.7554314E+06

371.2  0.7549344E+06

371.4  0.7544376E+06

371.6  0.7539410E+06

371.8  0.7534447E+06

372.0  0.7529486E+06

372.2  0.7524528E+06

372.4  0.7519573E+06

372.6  0.7514619E+06

372.8  0.7509669E+06

373.0  0.7504721E+06

373.2  0.7499776E+06

373.4  0.7494833E+06

373.6  0.7489892E+06

373.8  0.7484955E+06

374.0  0.7480020E+06

374.2  0.7475087E+06

374.4  0.7470157E+06

374.6  0.7465230E+06

374.8  0.7460306E+06

375.0  0.7455384E+06

375.2  0.7450465E+06

375.4  0.7445548E+06

375.6  0.7440635E+06

375.8  0.7435724E+06

376.0  0.7430815E+06

376.2  0.7425910E+06

376.4  0.7421007E+06

376.6  0.7416107E+06

376.8  0.7411210E+06

377.0  0.7406315E+06

377.2  0.7401423E+06

377.4  0.7396534E+06

377.6  0.7391648E+06

377.8  0.7386765E+06

378.0  0.7381885E+06

378.2  0.7377007E+06

378.4  0.7372132E+06

378.6  0.7367260E+06

378.8  0.7362391E+06

379.0  0.7357525E+06

379.2  0.7352662E+06

379.4  0.7347801E+06

379.6  0.7342944E+06

379.8  0.7338089E+06

380.0  0.7333237E+06

380.2  0.7328388E+06

380.4  0.7323542E+06

380.6  0.7318700E+06

380.8  0.7313859E+06

381.0  0.7309022E+06

381.2  0.7304188E+06

381.4  0.7299357E+06

381.6  0.7294529E+06

381.8  0.7289704E+06

382.0  0.7284882E+06

382.2  0.7280062E+06

382.4  0.7275246E+06

382.6  0.7270433E+06

382.8  0.7265623E+06

383.0  0.7260816E+06

383.2  0.7256011E+06

383.4  0.7251210E+06

383.6  0.7246412E+06

383.8  0.7241617E+06

384.0  0.7236825E+06

384.2  0.7232036E+06

384.4  0.7227250E+06

384.6  0.7222467E+06

384.8  0.7217688E+06

385.0  0.7212911E+06

385.2  0.7208137E+06

385.4  0.7203367E+06

385.6  0.7198599E+06

385.8  0.7193835E+06

386.0  0.7189074E+06

386.2  0.7184316E+06

386.4  0.7179561E+06

386.6  0.7174809E+06

386.8  0.7170060E+06

387.0  0.7165314E+06

387.2  0.7160572E+06

387.4  0.7155832E+06

387.6  0.7151096E+06

387.8  0.7146363E+06

388.0  0.7141633E+06

388.2  0.7136906E+06

388.4  0.7132182E+06

388.6  0.7127462E+06

388.8  0.7122744E+06

389.0  0.7118030E+06

389.2  0.7113319E+06

389.4  0.7108611E+06

389.6  0.7103906E+06

389.8  0.7099205E+06

390.0  0.7094506E+06

390.2  0.7089811E+06

390.4  0.7085119E+06

390.6  0.7080430E+06

390.8  0.7075745E+06

391.0  0.7071062E+06

391.2  0.7066383E+06

391.4  0.7061707E+06

391.6  0.7057034E+06

391.8  0.7052364E+06

392.0  0.7047698E+06

392.2  0.7043035E+06

392.4  0.7038375E+06

392.6  0.7033718E+06

392.8  0.7029064E+06

393.0  0.7024414E+06

393.2  0.7019767E+06

393.4  0.7015123E+06

393.6  0.7010482E+06

393.8  0.7005845E+06

394.0  0.7001210E+06

394.2  0.6996579E+06

394.4  0.6991952E+06

394.6  0.6987327E+06

394.8  0.6982706E+06

395.0  0.6978088E+06

395.2  0.6973473E+06

395.4  0.6968861E+06

395.6  0.6964253E+06

395.8  0.6959648E+06

396.0  0.6955046E+06

396.2  0.6950447E+06

396.4  0.6945852E+06

396.6  0.6941260E+06

396.8  0.6936671E+06

397.0  0.6932085E+06

397.2  0.6927503E+06

397.4  0.6922923E+06

397.6  0.6918347E+06

397.8  0.6913775E+06

398.0  0.6909205E+06

398.2  0.6904639E+06

398.4  0.6900076E+06

398.6  0.6895517E+06

398.8  0.6890960E+06

399.0  0.6886407E+06

399.2  0.6881857E+06

399.4  0.6877311E+06

399.6  0.6872767E+06

399.8  0.6868227E+06

400.0  0.6863690E+06

400.2  0.6859157E+06

400.4  0.6854627E+06

400.6  0.6850099E+06

400.8  0.6845576E+06

401.0  0.6841055E+06

401.2  0.6836538E+06

401.4  0.6832024E+06

401.6  0.6827513E+06

401.8  0.6823006E+06

402.0  0.6818501E+06

402.2  0.6814000E+06

402.4  0.6809503E+06

402.6  0.6805008E+06

402.8  0.6800517E+06

403.0  0.6796029E+06

403.2  0.6791544E+06

403.4  0.6787063E+06

403.6  0.6782585E+06

403.8  0.6778110E+06

404.0  0.6773638E+06

404.2  0.6769170E+06

404.4  0.6764704E+06

404.6  0.6760243E+06

404.8  0.6755784E+06

405.0  0.6751328E+06

405.2  0.6746876E+06

405.4  0.6742427E+06

405.6  0.6737982E+06

405.8  0.6733539E+06

406.0  0.6729100E+06

406.2  0.6724664E+06

406.4  0.6720232E+06

406.6  0.6715802E+06

406.8  0.6711376E+06

407.0  0.6706953E+06

407.2  0.6702534E+06

407.4  0.6698117E+06

407.6  0.6693704E+06

407.8  0.6689294E+06

408.0  0.6684888E+06

408.2  0.6680484E+06

408.4  0.6676084E+06

408.6  0.6671687E+06

408.8  0.6667293E+06

409.0  0.6662903E+06

409.2  0.6658516E+06

409.4  0.6654132E+06

409.6  0.6649751E+06

409.8  0.6645373E+06

410.0  0.6640999E+06

410.2  0.6636628E+06

410.4  0.6632260E+06

410.6  0.6627895E+06

410.8  0.6623534E+06

411.0  0.6619176E+06

411.2  0.6614821E+06

411.4  0.6610469E+06

411.6  0.6606120E+06

411.8  0.6601775E+06

412.0  0.6597433E+06

412.2  0.6593094E+06

412.4  0.6588758E+06

412.6  0.6584426E+06

412.8  0.6580097E+06

413.0  0.6575771E+06

413.2  0.6571448E+06

413.4  0.6567128E+06

413.6  0.6562812E+06

413.8  0.6558499E+06

414.0  0.6554188E+06

414.2  0.6549882E+06

414.4  0.6545578E+06

414.6  0.6541278E+06

414.8  0.6536980E+06

415.0  0.6532686E+06

415.2  0.6528395E+06

415.4  0.6524108E+06

415.6  0.6519823E+06

415.8  0.6515542E+06

416.0  0.6511264E+06

416.2  0.6506989E+06

416.4  0.6502717E+06

416.6  0.6498448E+06

416.8  0.6494183E+06

417.0  0.6489921E+06

417.2  0.6485662E+06

417.4  0.6481406E+06

417.6  0.6477153E+06

417.8  0.6472903E+06

418.0  0.6468657E+06

418.2  0.6464414E+06

418.4  0.6460174E+06

418.6  0.6455937E+06

418.8  0.6451703E+06

419.0  0.6447472E+06

419.2  0.6443245E+06

419.4  0.6439020E+06

419.6  0.6434799E+06

419.8  0.6430581E+06

420.0  0.6426366E+06

420.2  0.6422154E+06

420.4  0.6417946E+06

420.6  0.6413740E+06

420.8  0.6409538E+06

421.0  0.6405338E+06

421.2  0.6401142E+06

421.4  0.6396949E+06

421.6  0.6392759E+06

421.8  0.6388573E+06

422.0  0.6384389E+06

422.2  0.6380208E+06

422.4  0.6376031E+06

422.6  0.6371857E+06

422.8  0.6367686E+06

423.0  0.6363517E+06

423.2  0.6359353E+06

423.4  0.6355191E+06

423.6  0.6351032E+06

423.8  0.6346876E+06

424.0  0.6342724E+06

424.2  0.6338574E+06

424.4  0.6334428E+06

424.6  0.6330284E+06

424.8  0.6326144E+06

425.0  0.6322007E+06

425.2  0.6317873E+06

425.4  0.6313742E+06

425.6  0.6309614E+06

425.8  0.6305489E+06

426.0  0.6301368E+06

426.2  0.6297249E+06

426.4  0.6293133E+06

426.6  0.6289021E+06

426.8  0.6284911E+06

427.0  0.6280805E+06

427.2  0.6276701E+06

427.4  0.6272601E+06

427.6  0.6268504E+06

427.8  0.6264410E+06

428.0  0.6260318E+06

428.2  0.6256230E+06

428.4  0.6252145E+06

428.6  0.6248063E+06

428.8  0.6243984E+06

429.0  0.6239908E+06

429.2  0.6235835E+06

429.4  0.6231765E+06

429.6  0.6227698E+06

429.8  0.6223634E+06

430.0  0.6219574E+06

430.2  0.6215516E+06

430.4  0.6211461E+06

430.6  0.6207409E+06

430.8  0.6203360E+06

431.0  0.6199315E+06

431.2  0.6195272E+06

431.4  0.6191232E+06

431.6  0.6187195E+06

431.8  0.6183161E+06

432.0  0.6179131E+06

432.2  0.6175103E+06

432.4  0.6171078E+06

432.6  0.6167056E+06

432.8  0.6163038E+06

433.0  0.6159022E+06

433.2  0.6155009E+06

433.4  0.6150999E+06

433.6  0.6146992E+06

433.8  0.6142988E+06

434.0  0.6138987E+06

434.2  0.6134989E+06

434.4  0.6130994E+06

434.6  0.6127002E+06

434.8  0.6123013E+06

435.0  0.6119027E+06

435.2  0.6115044E+06

435.4  0.6111063E+06

435.6  0.6107086E+06

435.8  0.6103112E+06

436.0  0.6099140E+06

436.2  0.6095172E+06

436.4  0.6091206E+06

436.6  0.6087244E+06

436.8  0.6083284E+06

437.0  0.6079327E+06

437.2  0.6075373E+06

437.4  0.6071422E+06

437.6  0.6067475E+06

437.8  0.6063529E+06

438.0  0.6059587E+06

438.2  0.6055648E+06

438.4  0.6051712E+06

438.6  0.6047778E+06

438.8  0.6043848E+06

439.0  0.6039920E+06

439.2  0.6035996E+06

439.4  0.6032074E+06

439.6  0.6028155E+06

439.8  0.6024239E+06

440.0  0.6020326E+06

440.2  0.6016416E+06

440.4  0.6012508E+06

440.6  0.6008604E+06

440.8  0.6004702E+06

441.0  0.6000803E+06

441.2  0.5996908E+06

441.4  0.5993015E+06

441.6  0.5989125E+06

441.8  0.5985237E+06

442.0  0.5981353E+06

442.2  0.5977471E+06

442.4  0.5973593E+06

442.6  0.5969717E+06

442.8  0.5965844E+06

443.0  0.5961974E+06

443.2  0.5958107E+06

443.4  0.5954242E+06

443.6  0.5950381E+06

443.8  0.5946522E+06

444.0  0.5942666E+06

444.2  0.5938813E+06

444.4  0.5934963E+06

444.6  0.5931115E+06

444.8  0.5927271E+06

445.0  0.5923429E+06

445.2  0.5919590E+06

445.4  0.5915754E+06

445.6  0.5911921E+06

445.8  0.5908090E+06

446.0  0.5904262E+06

446.2  0.5900437E+06

446.4  0.5896615E+06

446.6  0.5892796E+06

446.8  0.5888980E+06

447.0  0.5885166E+06

447.2  0.5881355E+06

447.4  0.5877547E+06

447.6  0.5873742E+06

447.8  0.5869939E+06

448.0  0.5866139E+06

448.2  0.5862342E+06

448.4  0.5858548E+06

448.6  0.5854757E+06

448.8  0.5850968E+06

449.0  0.5847182E+06

449.2  0.5843399E+06

449.4  0.5839619E+06

449.6  0.5835841E+06

449.8  0.5832066E+06

450.0  0.5828294E+06

450.2  0.5824525E+06

450.4  0.5820758E+06

450.6  0.5816994E+06

450.8  0.5813233E+06

451.0  0.5809475E+06

451.2  0.5805719E+06

451.4  0.5801966E+06

451.6  0.5798216E+06

451.8  0.5794469E+06

452.0  0.5790724E+06

452.2  0.5786982E+06

452.4  0.5783243E+06

452.6  0.5779506E+06

452.8  0.5775773E+06

453.0  0.5772041E+06

453.2  0.5768313E+06

453.4  0.5764587E+06

453.6  0.5760864E+06

453.8  0.5757144E+06

454.0  0.5753427E+06

454.2  0.5749712E+06

454.4  0.5746000E+06

454.6  0.5742290E+06

454.8  0.5738583E+06

455.0  0.5734879E+06

455.2  0.5731178E+06

455.4  0.5727479E+06

455.6  0.5723783E+06

455.8  0.5720090E+06

456.0  0.5716399E+06

456.2  0.5712711E+06

456.4  0.5709026E+06

456.6  0.5705343E+06

456.8  0.5701663E+06

457.0  0.5697986E+06

457.2  0.5694311E+06

457.4  0.5690639E+06

457.6  0.5686970E+06

457.8  0.5683303E+06

458.0  0.5679639E+06

458.2  0.5675977E+06

458.4  0.5672319E+06

458.6  0.5668663E+06

458.8  0.5665009E+06

459.0  0.5661358E+06

459.2  0.5657710E+06

459.4  0.5654064E+06

459.6  0.5650421E+06

459.8  0.5646781E+06

460.0  0.5643143E+06

460.2  0.5639508E+06

460.4  0.5635876E+06

460.6  0.5632246E+06

460.8  0.5628619E+06

461.0  0.5624994E+06

461.2  0.5621372E+06

461.4  0.5617753E+06

461.6  0.5614136E+06

461.8  0.5610521E+06

462.0  0.5606910E+06

462.2  0.5603301E+06

462.4  0.5599694E+06

462.6  0.5596091E+06

462.8  0.5592489E+06

463.0  0.5588891E+06

463.2  0.5585295E+06

463.4  0.5581701E+06

463.6  0.5578110E+06

463.8  0.5574522E+06

464.0  0.5570936E+06

464.2  0.5567353E+06

464.4  0.5563772E+06

464.6  0.5560194E+06

464.8  0.5556618E+06

465.0  0.5553046E+06

465.2  0.5549475E+06

465.4  0.5545907E+06

465.6  0.5542342E+06

465.8  0.5538779E+06

466.0  0.5535219E+06

466.2  0.5531661E+06

466.4  0.5528106E+06

466.6  0.5524554E+06

466.8  0.5521004E+06

467.0  0.5517456E+06

467.2  0.5513911E+06

467.4  0.5510369E+06

467.6  0.5506829E+06

467.8  0.5503291E+06

468.0  0.5499757E+06

468.2  0.5496224E+06

468.4  0.5492694E+06

468.6  0.5489167E+06

468.8  0.5485642E+06

469.0  0.5482120E+06

469.2  0.5478600E+06

469.4  0.5475083E+06

469.6  0.5471568E+06

469.8  0.5468056E+06

470.0  0.5464546E+06

470.2  0.5461039E+06

470.4  0.5457534E+06

470.6  0.5454032E+06

470.8  0.5450532E+06

471.0  0.5447035E+06

471.2  0.5443540E+06

471.4  0.5440048E+06

471.6  0.5436558E+06

471.8  0.5433070E+06

472.0  0.5429586E+06

472.2  0.5426103E+06

472.4  0.5422623E+06

472.6  0.5419146E+06

472.8  0.5415671E+06

473.0  0.5412198E+06

473.2  0.5408728E+06

473.4  0.5405260E+06

473.6  0.5401795E+06

473.8  0.5398332E+06

474.0  0.5394872E+06

474.2  0.5391414E+06

474.4  0.5387959E+06

474.6  0.5384506E+06

474.8  0.5381055E+06

475.0  0.5377607E+06

475.2  0.5374162E+06

475.4  0.5370718E+06

475.6  0.5367278E+06

475.8  0.5363839E+06

476.0  0.5360403E+06

476.2  0.5356970E+06

476.4  0.5353539E+06

476.6  0.5350110E+06

476.8  0.5346684E+06

477.0  0.5343260E+06

477.2  0.5339839E+06

477.4  0.5336420E+06

477.6  0.5333003E+06

477.8  0.5329589E+06

478.0  0.5326177E+06

478.2  0.5322768E+06

478.4  0.5319361E+06

478.6  0.5315956E+06

478.8  0.5312554E+06

479.0  0.5309154E+06

479.2  0.5305757E+06

479.4  0.5302362E+06

479.6  0.5298969E+06

479.8  0.5295579E+06

480.0  0.5292191E+06

480.2  0.5288806E+06

480.4  0.5285423E+06

480.6  0.5282042E+06

480.8  0.5278663E+06

481.0  0.5275287E+06

481.2  0.5271914E+06

481.4  0.5268543E+06

481.6  0.5265174E+06

481.8  0.5261807E+06

482.0  0.5258443E+06

482.2  0.5255081E+06

482.4  0.5251722E+06

482.6  0.5248365E+06

482.8  0.5245010E+06

483.0  0.5241657E+06

483.2  0.5238307E+06

483.4  0.5234960E+06

483.6  0.5231614E+06

483.8  0.5228271E+06

484.0  0.5224930E+06

484.2  0.5221592E+06

484.4  0.5218256E+06

484.6  0.5214922E+06

484.8  0.5211591E+06

485.0  0.5208262E+06

485.2  0.5204935E+06

485.4  0.5201611E+06

485.6  0.5198289E+06

485.8  0.5194969E+06

486.0  0.5191651E+06

486.2  0.5188336E+06

486.4  0.5185023E+06

486.6  0.5181713E+06

486.8  0.5178405E+06

487.0  0.5175099E+06

487.2  0.5171795E+06

487.4  0.5168494E+06

487.6  0.5165195E+06

487.8  0.5161898E+06

488.0  0.5158604E+06

488.2  0.5155311E+06

488.4  0.5152022E+06

488.6  0.5148734E+06

488.8  0.5145449E+06

489.0  0.5142166E+06

489.2  0.5138885E+06

489.4  0.5135606E+06

489.6  0.5132330E+06

489.8  0.5129056E+06

490.0  0.5125785E+06

490.2  0.5122515E+06

490.4  0.5119248E+06

490.6  0.5115983E+06

490.8  0.5112721E+06

491.0  0.5109461E+06

491.2  0.5106203E+06

491.4  0.5102947E+06

491.6  0.5099693E+06

491.8  0.5096442E+06

492.0  0.5093193E+06

492.2  0.5089946E+06

492.4  0.5086702E+06

492.6  0.5083459E+06

492.8  0.5080219E+06

493.0  0.5076981E+06

493.2  0.5073746E+06

493.4  0.5070513E+06

493.6  0.5067281E+06

493.8  0.5064053E+06

494.0  0.5060826E+06

494.2  0.5057602E+06

494.4  0.5054379E+06

494.6  0.5051159E+06

494.8  0.5047942E+06

495.0  0.5044726E+06

495.2  0.5041513E+06

495.4  0.5038302E+06

495.6  0.5035093E+06

495.8  0.5031886E+06

496.0  0.5028682E+06

496.2  0.5025479E+06

496.4  0.5022279E+06

496.6  0.5019082E+06

496.8  0.5015886E+06

497.0  0.5012693E+06

497.2  0.5009501E+06

497.4  0.5006312E+06

497.6  0.5003125E+06

497.8  0.4999941E+06

498.0  0.4996758E+06

498.2  0.4993578E+06

498.4  0.4990400E+06

498.6  0.4987224E+06

498.8  0.4984050E+06

499.0  0.4980879E+06

499.2  0.4977709E+06

499.4  0.4974542E+06

499.6  0.4971377E+06

499.8  0.4968214E+06

500.0  0.4965054E+06

