100  0.1812741E+04

100.2  0.2018232E+04

100.4  0.2233535E+04

100.6  0.2458205E+04

100.8  0.2691785E+04

101.0  0.2933816E+04

101.2  0.3183838E+04

101.4  0.3441400E+04

101.6  0.3706053E+04

101.8  0.3977364E+04

102.0  0.4254907E+04

102.2  0.4538271E+04

102.4  0.4827059E+04

102.6  0.5120891E+04

102.8  0.5419399E+04

103.0  0.5722234E+04

103.2  0.6029061E+04

103.4  0.6339562E+04

103.6  0.6653433E+04

103.8  0.6970387E+04

104.0  0.7290151E+04

104.2  0.7612469E+04

104.4  0.7937095E+04

104.6  0.8263801E+04

104.8  0.8592369E+04

105.0  0.8922596E+04

105.2  0.9254290E+04

105.4  0.9587270E+04

105.6  0.9921367E+04

105.8  0.1025642E+05

106.0  0.1059229E+05

106.2  0.1092883E+05

106.4  0.1126590E+05

106.6  0.1160340E+05

106.8  0.1194121E+05

107.0  0.1227922E+05

107.2  0.1261733E+05

107.4  0.1295545E+05

107.6  0.1329350E+05

107.8  0.1363141E+05

108.0  0.1396908E+05

108.2  0.1430647E+05

108.4  0.1464351E+05

108.6  0.1498014E+05

108.8  0.1531631E+05

109.0  0.1565197E+05

109.2  0.1598707E+05

109.4  0.1632159E+05

109.6  0.1665547E+05

109.8  0.1698869E+05

110.0  0.1732122E+05

110.2  0.1765303E+05

110.4  0.1798410E+05

110.6  0.1831440E+05

110.8  0.1864392E+05

111.0  0.1897263E+05

111.2  0.1930054E+05

111.4  0.1962761E+05

111.6  0.1995385E+05

111.8  0.2027924E+05

112.0  0.2060378E+05

112.2  0.2092746E+05

112.4  0.2125028E+05

112.6  0.2157224E+05

112.8  0.2189333E+05

113.0  0.2221355E+05

113.2  0.2253291E+05

113.4  0.2285141E+05

113.6  0.2316905E+05

113.8  0.2348583E+05

114.0  0.2380176E+05

114.2  0.2411686E+05

114.4  0.2443111E+05

114.6  0.2474453E+05

114.8  0.2505714E+05

115.0  0.2536893E+05

115.2  0.2567991E+05

115.4  0.2599010E+05

115.6  0.2629951E+05

115.8  0.2660814E+05

116.0  0.2691601E+05

116.2  0.2722313E+05

116.4  0.2752951E+05

116.6  0.2783516E+05

116.8  0.2814009E+05

117.0  0.2844433E+05

117.2  0.2874787E+05

117.4  0.2905073E+05

117.6  0.2935293E+05

117.8  0.2965448E+05

118.0  0.2995540E+05

118.2  0.3025569E+05

118.4  0.3055537E+05

118.6  0.3085445E+05

118.8  0.3115296E+05

119.0  0.3145089E+05

119.2  0.3174828E+05

119.4  0.3204512E+05

119.6  0.3234144E+05

119.8  0.3263725E+05

120.0  0.3293256E+05

120.2  0.3322740E+05

120.4  0.3352176E+05

120.6  0.3381568E+05

120.8  0.3410915E+05

121.0  0.3440220E+05

121.2  0.3469485E+05

121.4  0.3498710E+05

121.6  0.3527896E+05

121.8  0.3557047E+05

122.0  0.3586162E+05

122.2  0.3615243E+05

122.4  0.3644292E+05

122.6  0.3673311E+05

122.8  0.3702299E+05

123.0  0.3731260E+05

123.2  0.3760194E+05

123.4  0.3789103E+05

123.6  0.3817988E+05

123.8  0.3846851E+05

124.0  0.3875692E+05

124.2  0.3904514E+05

124.4  0.3933318E+05

124.6  0.3962104E+05

124.8  0.3990875E+05

125.0  0.4019632E+05

125.2  0.4048376E+05

125.4  0.4077108E+05

125.6  0.4105830E+05

125.8  0.4134544E+05

126.0  0.4163249E+05

126.2  0.4191948E+05

126.4  0.4220643E+05

126.6  0.4249333E+05

126.8  0.4278021E+05

127.0  0.4306708E+05

127.2  0.4335396E+05

127.4  0.4364084E+05

127.6  0.4392775E+05

127.8  0.4421470E+05

128.0  0.4450170E+05

128.2  0.4478877E+05

128.4  0.4507591E+05

128.6  0.4536314E+05

128.8  0.4565047E+05

129.0  0.4593791E+05

129.2  0.4622548E+05

129.4  0.4651318E+05

129.6  0.4680103E+05

129.8  0.4708904E+05

130.0  0.4737722E+05

130.2  0.4766558E+05

130.4  0.4795414E+05

130.6  0.4824291E+05

130.8  0.4853189E+05

131.0  0.4882110E+05

131.2  0.4911055E+05

131.4  0.4940025E+05

131.6  0.4969021E+05

131.8  0.4998045E+05

132.0  0.5027097E+05

132.2  0.5056179E+05

132.4  0.5085292E+05

132.6  0.5114436E+05

132.8  0.5143613E+05

133.0  0.5172824E+05

133.2  0.5202069E+05

133.4  0.5231351E+05

133.6  0.5260670E+05

133.8  0.5290027E+05

134.0  0.5319423E+05

134.2  0.5348860E+05

134.4  0.5378338E+05

134.6  0.5407858E+05

134.8  0.5437421E+05

135.0  0.5467029E+05

135.2  0.5496681E+05

135.4  0.5526381E+05

135.6  0.5556128E+05

135.8  0.5585923E+05

136.0  0.5615767E+05

136.2  0.5645662E+05

136.4  0.5675608E+05

136.6  0.5705607E+05

136.8  0.5735659E+05

137.0  0.5765765E+05

137.2  0.5795926E+05

137.4  0.5826144E+05

137.6  0.5856419E+05

137.8  0.5886752E+05

138.0  0.5917144E+05

138.2  0.5947596E+05

138.4  0.5978110E+05

138.6  0.6008685E+05

138.8  0.6039323E+05

139.0  0.6070025E+05

139.2  0.6100792E+05

139.4  0.6131625E+05

139.6  0.6162525E+05

139.8  0.6193492E+05

140.0  0.6224527E+05

140.2  0.6255632E+05

140.4  0.6286807E+05

140.6  0.6318054E+05

140.8  0.6349373E+05

141.0  0.6380765E+05

141.2  0.6412231E+05

141.4  0.6443772E+05

141.6  0.6475389E+05

141.8  0.6507083E+05

142.0  0.6538854E+05

142.2  0.6570704E+05

142.4  0.6602633E+05

142.6  0.6634643E+05

142.8  0.6666734E+05

143.0  0.6698907E+05

143.2  0.6731163E+05

143.4  0.6763503E+05

143.6  0.6795928E+05

143.8  0.6828438E+05

144.0  0.6861035E+05

144.2  0.6893720E+05

144.4  0.6926493E+05

144.6  0.6959355E+05

144.8  0.6992307E+05

145.0  0.7025350E+05

145.2  0.7058485E+05

145.4  0.7091713E+05

145.6  0.7125034E+05

145.8  0.7158450E+05

146.0  0.7191961E+05

146.2  0.7225568E+05

146.4  0.7259273E+05

146.6  0.7293075E+05

146.8  0.7326976E+05

147.0  0.7360977E+05

147.2  0.7395078E+05

147.4  0.7429281E+05

147.6  0.7463586E+05

147.8  0.7497995E+05

148.0  0.7532507E+05

148.2  0.7567124E+05

148.4  0.7601847E+05

148.6  0.7636677E+05

148.8  0.7671614E+05

149.0  0.7706659E+05

149.2  0.7741814E+05

149.4  0.7777079E+05

149.6  0.7812454E+05

149.8  0.7847942E+05

150.0  0.7883542E+05

150.2  0.7919256E+05

150.4  0.7955084E+05

150.6  0.7991027E+05

150.8  0.8027087E+05

151.0  0.8063263E+05

151.2  0.8099558E+05

151.4  0.8135971E+05

151.6  0.8172504E+05

151.8  0.8209157E+05

152.0  0.8245932E+05

152.2  0.8282829E+05

152.4  0.8319849E+05

152.6  0.8356993E+05

152.8  0.8394261E+05

153.0  0.8431656E+05

153.2  0.8469177E+05

153.4  0.8506826E+05

153.6  0.8544603E+05

153.8  0.8582509E+05

154.0  0.8620545E+05

154.2  0.8658713E+05

154.4  0.8697012E+05

154.6  0.8735444E+05

154.8  0.8774009E+05

155.0  0.8812710E+05

155.2  0.8851545E+05

155.4  0.8890517E+05

155.6  0.8929626E+05

155.8  0.8968873E+05

156.0  0.9008260E+05

156.2  0.9047786E+05

156.4  0.9087453E+05

156.6  0.9127262E+05

156.8  0.9167213E+05

157.0  0.9207308E+05

157.2  0.9247547E+05

157.4  0.9287931E+05

157.6  0.9328462E+05

157.8  0.9369140E+05

158.0  0.9409966E+05

158.2  0.9450941E+05

158.4  0.9492066E+05

158.6  0.9533342E+05

158.8  0.9574769E+05

159.0  0.9616349E+05

159.2  0.9658083E+05

159.4  0.9699972E+05

159.6  0.9742015E+05

159.8  0.9784216E+05

160.0  0.9826573E+05

160.2  0.9869089E+05

160.4  0.9911765E+05

160.6  0.9954600E+05

160.8  0.9997597E+05

161.0  0.1004076E+06

161.2  0.1008408E+06

161.4  0.1012756E+06

161.6  0.1017121E+06

161.8  0.1021503E+06

162.0  0.1025901E+06

162.2  0.1030317E+06

162.4  0.1034749E+06

162.6  0.1039198E+06

162.8  0.1043664E+06

163.0  0.1048147E+06

163.2  0.1052648E+06

163.4  0.1057166E+06

163.6  0.1061701E+06

163.8  0.1066254E+06

164.0  0.1070825E+06

164.2  0.1075414E+06

164.4  0.1080020E+06

164.6  0.1084645E+06

164.8  0.1089287E+06

165.0  0.1093948E+06

165.2  0.1098627E+06

165.4  0.1103324E+06

165.6  0.1108040E+06

165.8  0.1112775E+06

166.0  0.1117528E+06

166.2  0.1122300E+06

166.4  0.1127092E+06

166.6  0.1131902E+06

166.8  0.1136731E+06

167.0  0.1141580E+06

167.2  0.1146447E+06

167.4  0.1151335E+06

167.6  0.1156242E+06

167.8  0.1161168E+06

168.0  0.1166115E+06

168.2  0.1171081E+06

168.4  0.1176068E+06

168.6  0.1181074E+06

168.8  0.1186101E+06

169.0  0.1191148E+06

169.2  0.1196216E+06

169.4  0.1201304E+06

169.6  0.1206413E+06

169.8  0.1211543E+06

170.0  0.1216694E+06

170.2  0.1221866E+06

170.4  0.1227059E+06

170.6  0.1232273E+06

170.8  0.1237509E+06

171.0  0.1242766E+06

171.2  0.1248045E+06

171.4  0.1253346E+06

171.6  0.1258669E+06

171.8  0.1264013E+06

172.0  0.1269380E+06

172.2  0.1274770E+06

172.4  0.1280181E+06

172.6  0.1285615E+06

172.8  0.1291072E+06

173.0  0.1296552E+06

173.2  0.1302054E+06

173.4  0.1307580E+06

173.6  0.1313129E+06

173.8  0.1318701E+06

174.0  0.1324296E+06

174.2  0.1329916E+06

174.4  0.1335558E+06

174.6  0.1341225E+06

174.8  0.1346916E+06

175.0  0.1352631E+06

175.2  0.1358370E+06

175.4  0.1364134E+06

175.6  0.1369922E+06

175.8  0.1375735E+06

176.0  0.1381573E+06

176.2  0.1387435E+06

176.4  0.1393323E+06

176.6  0.1399236E+06

176.8  0.1405175E+06

177.0  0.1411139E+06

177.2  0.1417129E+06

177.4  0.1423145E+06

177.6  0.1429187E+06

177.8  0.1435256E+06

178.0  0.1441350E+06

178.2  0.1447471E+06

178.4  0.1453619E+06

178.6  0.1459794E+06

178.8  0.1465996E+06

179.0  0.1472224E+06

179.2  0.1478481E+06

179.4  0.1484765E+06

179.6  0.1491076E+06

179.8  0.1497416E+06

180.0  0.1503783E+06

180.2  0.1510179E+06

180.4  0.1516603E+06

180.6  0.1523056E+06

180.8  0.1529538E+06

181.0  0.1536048E+06

181.2  0.1542588E+06

181.4  0.1549157E+06

181.6  0.1555756E+06

181.8  0.1562384E+06

182.0  0.1569042E+06

182.2  0.1575731E+06

182.4  0.1582450E+06

182.6  0.1589199E+06

182.8  0.1595979E+06

183.0  0.1602791E+06

183.2  0.1609633E+06

183.4  0.1616507E+06

183.6  0.1623412E+06

183.8  0.1630350E+06

184.0  0.1637319E+06

184.2  0.1644321E+06

184.4  0.1651355E+06

184.6  0.1658422E+06

184.8  0.1665523E+06

185.0  0.1672656E+06

185.2  0.1679823E+06

185.4  0.1687024E+06

185.6  0.1694259E+06

185.8  0.1701528E+06

186.0  0.1708831E+06

186.2  0.1716170E+06

186.4  0.1723543E+06

186.6  0.1730952E+06

186.8  0.1738397E+06

187.0  0.1745878E+06

187.2  0.1753394E+06

187.4  0.1760948E+06

187.6  0.1768538E+06

187.8  0.1776165E+06

188.0  0.1783830E+06

188.2  0.1791532E+06

188.4  0.1799273E+06

188.6  0.1807051E+06

188.8  0.1814869E+06

189.0  0.1822725E+06

189.2  0.1830621E+06

189.4  0.1838557E+06

189.6  0.1846533E+06

189.8  0.1854549E+06

190.0  0.1862606E+06

190.2  0.1870704E+06

190.4  0.1878843E+06

190.6  0.1887025E+06

190.8  0.1895248E+06

191.0  0.1903515E+06

191.2  0.1911824E+06

191.4  0.1920177E+06

191.6  0.1928573E+06

191.8  0.1937014E+06

192.0  0.1945500E+06

192.2  0.1954030E+06

192.4  0.1962606E+06

192.6  0.1971228E+06

192.8  0.1979897E+06

193.0  0.1988612E+06

193.2  0.1997374E+06

193.4  0.2006184E+06

193.6  0.2015043E+06

193.8  0.2023950E+06

194.0  0.2032906E+06

194.2  0.2041912E+06

194.4  0.2050968E+06

194.6  0.2060074E+06

194.8  0.2069232E+06

195.0  0.2078441E+06

195.2  0.2087703E+06

195.4  0.2097017E+06

195.6  0.2106384E+06

195.8  0.2115805E+06

196.0  0.2125280E+06

196.2  0.2134810E+06

196.4  0.2144395E+06

196.6  0.2154036E+06

196.8  0.2163734E+06

197.0  0.2173488E+06

197.2  0.2183301E+06

197.4  0.2193171E+06

197.6  0.2203100E+06

197.8  0.2213089E+06

198.0  0.2223137E+06

198.2  0.2233246E+06

198.4  0.2243416E+06

198.6  0.2253647E+06

198.8  0.2263941E+06

199.0  0.2274298E+06

199.2  0.2284719E+06

199.4  0.2295204E+06

199.6  0.2305753E+06

199.8  0.2316368E+06

200.0  0.2327049E+06

200.2  0.2337797E+06

200.4  0.2348612E+06

200.6  0.2359495E+06

200.8  0.2370447E+06

201.0  0.2381468E+06

201.2  0.2392559E+06

201.4  0.2403720E+06

201.6  0.2414953E+06

201.8  0.2426258E+06

202.0  0.2437635E+06

202.2  0.2449085E+06

202.4  0.2460610E+06

202.6  0.2472208E+06

202.8  0.2483882E+06

203.0  0.2495632E+06

203.2  0.2507458E+06

203.4  0.2519361E+06

203.6  0.2531342E+06

203.8  0.2543402E+06

204.0  0.2555540E+06

204.2  0.2567759E+06

204.4  0.2580057E+06

204.6  0.2592437E+06

204.8  0.2604898E+06

205.0  0.2617441E+06

205.2  0.2630068E+06

205.4  0.2642778E+06

205.6  0.2655572E+06

205.8  0.2668451E+06

206.0  0.2681415E+06

206.2  0.2694465E+06

206.4  0.2707602E+06

206.6  0.2720826E+06

206.8  0.2734137E+06

207.0  0.2747537E+06

207.2  0.2761026E+06

207.4  0.2774605E+06

207.6  0.2788273E+06

207.8  0.2802032E+06

208.0  0.2815882E+06

208.2  0.2829824E+06

208.4  0.2843858E+06

208.6  0.2857984E+06

208.8  0.2872204E+06

209.0  0.2886517E+06

209.2  0.2900924E+06

209.4  0.2915426E+06

209.6  0.2930023E+06

209.8  0.2944716E+06

210.0  0.2959504E+06

210.2  0.2974388E+06

210.4  0.2989370E+06

210.6  0.3004448E+06

210.8  0.3019624E+06

211.0  0.3034898E+06

211.2  0.3050270E+06

211.4  0.3065740E+06

211.6  0.3081309E+06

211.8  0.3096977E+06

212.0  0.3112745E+06

212.2  0.3128612E+06

212.4  0.3144579E+06

212.6  0.3160647E+06

212.8  0.3176814E+06

213.0  0.3193082E+06

213.2  0.3209451E+06

213.4  0.3225921E+06

213.6  0.3242492E+06

213.8  0.3259164E+06

214.0  0.3275937E+06

214.2  0.3292812E+06

214.4  0.3309788E+06

214.6  0.3326865E+06

214.8  0.3344044E+06

215.0  0.3361324E+06

215.2  0.3378706E+06

215.4  0.3396190E+06

215.6  0.3413774E+06

215.8  0.3431461E+06

216.0  0.3449248E+06

216.2  0.3467137E+06

216.4  0.3485126E+06

216.6  0.3503217E+06

216.8  0.3521408E+06

217.0  0.3539699E+06

217.2  0.3558091E+06

217.4  0.3576583E+06

217.6  0.3595175E+06

217.8  0.3613866E+06

218.0  0.3632656E+06

218.2  0.3651545E+06

218.4  0.3670533E+06

218.6  0.3689619E+06

218.8  0.3708803E+06

219.0  0.3728084E+06

219.2  0.3747461E+06

219.4  0.3766936E+06

219.6  0.3786506E+06

219.8  0.3806172E+06

220.0  0.3825933E+06

220.2  0.3845788E+06

220.4  0.3865737E+06

220.6  0.3885779E+06

220.8  0.3905914E+06

221.0  0.3926141E+06

221.2  0.3946459E+06

221.4  0.3966868E+06

221.6  0.3987367E+06

221.8  0.4007956E+06

222.0  0.4028633E+06

222.2  0.4049398E+06

222.4  0.4070250E+06

222.6  0.4091188E+06

222.8  0.4112211E+06

223.0  0.4133320E+06

223.2  0.4154512E+06

223.4  0.4175787E+06

223.6  0.4197144E+06

223.8  0.4218582E+06

224.0  0.4240100E+06

224.2  0.4261697E+06

224.4  0.4283373E+06

224.6  0.4305126E+06

224.8  0.4326955E+06

225.0  0.4348859E+06

225.2  0.4370838E+06

225.4  0.4392890E+06

225.6  0.4415013E+06

225.8  0.4437208E+06

226.0  0.4459473E+06

226.2  0.4481806E+06

226.4  0.4504207E+06

226.6  0.4526675E+06

226.8  0.4549208E+06

227.0  0.4571805E+06

227.2  0.4594464E+06

227.4  0.4617186E+06

227.6  0.4639968E+06

227.8  0.4662809E+06

228.0  0.4685709E+06

228.2  0.4708665E+06

228.4  0.4731676E+06

228.6  0.4754742E+06

228.8  0.4777860E+06

229.0  0.4801031E+06

229.2  0.4824251E+06

229.4  0.4847520E+06

229.6  0.4870837E+06

229.8  0.4894200E+06

230.0  0.4917607E+06

230.2  0.4941059E+06

230.4  0.4964552E+06

230.6  0.4988086E+06

230.8  0.5011659E+06

231.0  0.5035270E+06

231.2  0.5058918E+06

231.4  0.5082600E+06

231.6  0.5106317E+06

231.8  0.5130065E+06

232.0  0.5153844E+06

232.2  0.5177652E+06

232.4  0.5201488E+06

232.6  0.5225351E+06

232.8  0.5249238E+06

233.0  0.5273149E+06

233.2  0.5297082E+06

233.4  0.5321035E+06

233.6  0.5345007E+06

233.8  0.5368997E+06

234.0  0.5393003E+06

234.2  0.5417023E+06

234.4  0.5441056E+06

234.6  0.5465101E+06

234.8  0.5489156E+06

235.0  0.5513220E+06

235.2  0.5537290E+06

235.4  0.5561367E+06

235.6  0.5585447E+06

235.8  0.5609530E+06

236.0  0.5633614E+06

236.2  0.5657698E+06

236.4  0.5681780E+06

236.6  0.5705859E+06

236.8  0.5729932E+06

237.0  0.5754000E+06

237.2  0.5778060E+06

237.4  0.5802110E+06

237.6  0.5826150E+06

237.8  0.5850177E+06

238.0  0.5874191E+06

238.2  0.5898190E+06

238.4  0.5922172E+06

238.6  0.5946137E+06

238.8  0.5970081E+06

239.0  0.5994005E+06

239.2  0.6017907E+06

239.4  0.6041785E+06

239.6  0.6065637E+06

239.8  0.6089463E+06

240.0  0.6113262E+06

240.2  0.6137030E+06

240.4  0.6160768E+06

240.6  0.6184474E+06

240.8  0.6208146E+06

241.0  0.6231784E+06

241.2  0.6255385E+06

241.4  0.6278948E+06

241.6  0.6302473E+06

241.8  0.6325957E+06

242.0  0.6349400E+06

242.2  0.6372799E+06

242.4  0.6396155E+06

242.6  0.6419465E+06

242.8  0.6442728E+06

243.0  0.6465943E+06

243.2  0.6489109E+06

243.4  0.6512224E+06

243.6  0.6535287E+06

243.8  0.6558297E+06

244.0  0.6581253E+06

244.2  0.6604153E+06

244.4  0.6626997E+06

244.6  0.6649783E+06

244.8  0.6672509E+06

245.0  0.6695176E+06

245.2  0.6717781E+06

245.4  0.6740323E+06

245.6  0.6762802E+06

245.8  0.6785216E+06

246.0  0.6807564E+06

246.2  0.6829845E+06

246.4  0.6852059E+06

246.6  0.6874203E+06

246.8  0.6896276E+06

247.0  0.6918279E+06

247.2  0.6940210E+06

247.4  0.6962067E+06

247.6  0.6983850E+06

247.8  0.7005557E+06

248.0  0.7027189E+06

248.2  0.7048743E+06

248.4  0.7070219E+06

248.6  0.7091616E+06

248.8  0.7112933E+06

249.0  0.7134170E+06

249.2  0.7155324E+06

249.4  0.7176396E+06

249.6  0.7197384E+06

249.8  0.7218288E+06

250.0  0.7239107E+06

250.2  0.7259840E+06

250.4  0.7280485E+06

250.6  0.7301043E+06

250.8  0.7321513E+06

251.0  0.7341894E+06

251.2  0.7362184E+06

251.4  0.7382384E+06

251.6  0.7402493E+06

251.8  0.7422509E+06

252.0  0.7442432E+06

252.2  0.7462262E+06

252.4  0.7481998E+06

252.6  0.7501639E+06

252.8  0.7521184E+06

253.0  0.7540633E+06

253.2  0.7559985E+06

253.4  0.7579240E+06

253.6  0.7598397E+06

253.8  0.7617456E+06

254.0  0.7636415E+06

254.2  0.7655275E+06

254.4  0.7674034E+06

254.6  0.7692693E+06

254.8  0.7711251E+06

255.0  0.7729707E+06

255.2  0.7748060E+06

255.4  0.7766311E+06

255.6  0.7784459E+06

255.8  0.7802503E+06

256.0  0.7820443E+06

256.2  0.7838279E+06

256.4  0.7856010E+06

256.6  0.7873636E+06

256.8  0.7891156E+06

257.0  0.7908570E+06

257.2  0.7925877E+06

257.4  0.7943078E+06

257.6  0.7960172E+06

257.8  0.7977159E+06

258.0  0.7994038E+06

258.2  0.8010809E+06

258.4  0.8027472E+06

258.6  0.8044026E+06

258.8  0.8060472E+06

259.0  0.8076809E+06

259.2  0.8093036E+06

259.4  0.8109154E+06

259.6  0.8125162E+06

259.8  0.8141061E+06

260.0  0.8156849E+06

260.2  0.8172527E+06

260.4  0.8188095E+06

260.6  0.8203552E+06

260.8  0.8218899E+06

261.0  0.8234135E+06

261.2  0.8249259E+06

261.4  0.8264273E+06

261.6  0.8279176E+06

261.8  0.8293967E+06

262.0  0.8308647E+06

262.2  0.8323216E+06

262.4  0.8337673E+06

262.6  0.8352019E+06

262.8  0.8366253E+06

263.0  0.8380375E+06

263.2  0.8394386E+06

263.4  0.8408286E+06

263.6  0.8422074E+06

263.8  0.8435750E+06

264.0  0.8449314E+06

264.2  0.8462767E+06

264.4  0.8476109E+06

264.6  0.8489339E+06

264.8  0.8502458E+06

265.0  0.8515465E+06

265.2  0.8528361E+06

265.4  0.8541146E+06

265.6  0.8553819E+06

265.8  0.8566382E+06

266.0  0.8578834E+06

266.2  0.8591175E+06

266.4  0.8603405E+06

266.6  0.8615525E+06

266.8  0.8627534E+06

267.0  0.8639433E+06

267.2  0.8651222E+06

267.4  0.8662901E+06

267.6  0.8674470E+06

267.8  0.8685929E+06

268.0  0.8697279E+06

268.2  0.8708520E+06

268.4  0.8719652E+06

268.6  0.8730675E+06

268.8  0.8741589E+06

269.0  0.8752395E+06

269.2  0.8763092E+06

269.4  0.8773682E+06

269.6  0.8784164E+06

269.8  0.8794538E+06

270.0  0.8804805E+06

270.2  0.8814965E+06

270.4  0.8825018E+06

270.6  0.8834965E+06

270.8  0.8844805E+06

271.0  0.8854540E+06

271.2  0.8864168E+06

271.4  0.8873692E+06

271.6  0.8883110E+06

271.8  0.8892424E+06

272.0  0.8901633E+06

272.2  0.8910737E+06

272.4  0.8919738E+06

272.6  0.8928635E+06

272.8  0.8937429E+06

273.0  0.8946121E+06

273.2  0.8954709E+06

273.4  0.8963195E+06

273.6  0.8971579E+06

273.8  0.8979862E+06

274.0  0.8988043E+06

274.2  0.8996124E+06

274.4  0.9004103E+06

274.6  0.9011983E+06

274.8  0.9019763E+06

275.0  0.9027443E+06

275.2  0.9035024E+06

275.4  0.9042507E+06

275.6  0.9049891E+06

275.8  0.9057177E+06

276.0  0.9064365E+06

276.2  0.9071457E+06

276.4  0.9078451E+06

276.6  0.9085349E+06

276.8  0.9092151E+06

277.0  0.9098857E+06

277.2  0.9105468E+06

277.4  0.9111984E+06

277.6  0.9118405E+06

277.8  0.9124733E+06

278.0  0.9130967E+06

278.2  0.9137107E+06

278.4  0.9143155E+06

278.6  0.9149110E+06

278.8  0.9154974E+06

279.0  0.9160745E+06

279.2  0.9166426E+06

279.4  0.9172016E+06

279.6  0.9177515E+06

279.8  0.9182925E+06

280.0  0.9188245E+06

280.2  0.9193476E+06

280.4  0.9198618E+06

280.6  0.9203672E+06

280.8  0.9208639E+06

281.0  0.9213518E+06

281.2  0.9218310E+06

281.4  0.9223016E+06

281.6  0.9227636E+06

281.8  0.9232170E+06

282.0  0.9236619E+06

282.2  0.9240984E+06

282.4  0.9245264E+06

282.6  0.9249461E+06

282.8  0.9253574E+06

283.0  0.9257604E+06

283.2  0.9261551E+06

283.4  0.9265417E+06

283.6  0.9269201E+06

283.8  0.9272904E+06

284.0  0.9276526E+06

284.2  0.9280068E+06

284.4  0.9283530E+06

284.6  0.9286913E+06

284.8  0.9290217E+06

285.0  0.9293443E+06

285.2  0.9296590E+06

285.4  0.9299660E+06

285.6  0.9302653E+06

285.8  0.9305569E+06

286.0  0.9308409E+06

286.2  0.9311174E+06

286.4  0.9313862E+06

286.6  0.9316476E+06

286.8  0.9319016E+06

287.0  0.9321482E+06

287.2  0.9323874E+06

287.4  0.9326193E+06

287.6  0.9328440E+06

287.8  0.9330614E+06

288.0  0.9332716E+06

288.2  0.9334748E+06

288.4  0.9336708E+06

288.6  0.9338598E+06

288.8  0.9340418E+06

289.0  0.9342169E+06

289.2  0.9343850E+06

289.4  0.9345463E+06

289.6  0.9347008E+06

289.8  0.9348485E+06

290.0  0.9349894E+06

290.2  0.9351237E+06

290.4  0.9352514E+06

290.6  0.9353724E+06

290.8  0.9354869E+06

291.0  0.9355948E+06

291.2  0.9356963E+06

291.4  0.9357914E+06

291.6  0.9358801E+06

291.8  0.9359624E+06

292.0  0.9360385E+06

292.2  0.9361083E+06

292.4  0.9361719E+06

292.6  0.9362293E+06

292.8  0.9362806E+06

293.0  0.9363258E+06

293.2  0.9363650E+06

293.4  0.9363982E+06

293.6  0.9364254E+06

293.8  0.9364467E+06

294.0  0.9364622E+06

294.2  0.9364718E+06

294.4  0.9364756E+06

294.6  0.9364737E+06

294.8  0.9364660E+06

295.0  0.9364527E+06

295.2  0.9364338E+06

295.4  0.9364093E+06

295.6  0.9363792E+06

295.8  0.9363437E+06

296.0  0.9363027E+06

296.2  0.9362562E+06

296.4  0.9362044E+06

296.6  0.9361473E+06

296.8  0.9360848E+06

297.0  0.9360171E+06

297.2  0.9359442E+06

297.4  0.9358660E+06

297.6  0.9357828E+06

297.8  0.9356944E+06

298.0  0.9356009E+06

298.2  0.9355025E+06

298.4  0.9353990E+06

298.6  0.9352906E+06

298.8  0.9351773E+06

299.0  0.9350591E+06

299.2  0.9349361E+06

299.4  0.9348083E+06

299.6  0.9346757E+06

299.8  0.9345384E+06

300.0  0.9343964E+06

300.2  0.9342497E+06

300.4  0.9340985E+06

300.6  0.9339427E+06

300.8  0.9337823E+06

301.0  0.9336174E+06

301.2  0.9334481E+06

301.4  0.9332743E+06

301.6  0.9330962E+06

301.8  0.9329136E+06

302.0  0.9327268E+06

302.2  0.9325357E+06

302.4  0.9323403E+06

302.6  0.9321407E+06

302.8  0.9319369E+06

303.0  0.9317290E+06

303.2  0.9315169E+06

303.4  0.9313008E+06

303.6  0.9310807E+06

303.8  0.9308565E+06

304.0  0.9306283E+06

304.2  0.9303962E+06

304.4  0.9301602E+06

304.6  0.9299203E+06

304.8  0.9296766E+06

305.0  0.9294290E+06

305.2  0.9291777E+06

305.4  0.9289226E+06

305.6  0.9286638E+06

305.8  0.9284014E+06

306.0  0.9281352E+06

306.2  0.9278655E+06

306.4  0.9275922E+06

306.6  0.9273153E+06

306.8  0.9270349E+06

307.0  0.9267510E+06

307.2  0.9264636E+06

307.4  0.9261728E+06

307.6  0.9258786E+06

307.8  0.9255810E+06

308.0  0.9252801E+06

308.2  0.9249759E+06

308.4  0.9246684E+06

308.6  0.9243577E+06

308.8  0.9240437E+06

309.0  0.9237265E+06

309.2  0.9234062E+06

309.4  0.9230827E+06

309.6  0.9227561E+06

309.8  0.9224265E+06

310.0  0.9220937E+06

310.2  0.9217580E+06

310.4  0.9214193E+06

310.6  0.9210776E+06

310.8  0.9207330E+06

311.0  0.9203854E+06

311.2  0.9200350E+06

311.4  0.9196817E+06

311.6  0.9193256E+06

311.8  0.9189667E+06

312.0  0.9186050E+06

312.2  0.9182406E+06

312.4  0.9178734E+06

312.6  0.9175036E+06

312.8  0.9171310E+06

313.0  0.9167559E+06

313.2  0.9163781E+06

313.4  0.9159977E+06

313.6  0.9156147E+06

313.8  0.9152292E+06

314.0  0.9148412E+06

314.2  0.9144507E+06

314.4  0.9140577E+06

314.6  0.9136622E+06

314.8  0.9132644E+06

315.0  0.9128641E+06

315.2  0.9124615E+06

315.4  0.9120565E+06

315.6  0.9116492E+06

315.8  0.9112396E+06

316.0  0.9108277E+06

316.2  0.9104136E+06

316.4  0.9099972E+06

316.6  0.9095786E+06

316.8  0.9091578E+06

317.0  0.9087349E+06

317.2  0.9083098E+06

317.4  0.9078826E+06

317.6  0.9074533E+06

317.8  0.9070219E+06

318.0  0.9065884E+06

318.2  0.9061529E+06

318.4  0.9057154E+06

318.6  0.9052760E+06

318.8  0.9048345E+06

319.0  0.9043911E+06

319.2  0.9039458E+06

319.4  0.9034985E+06

319.6  0.9030494E+06

319.8  0.9025984E+06

320.0  0.9021455E+06

320.2  0.9016909E+06

320.4  0.9012344E+06

320.6  0.9007761E+06

320.8  0.9003161E+06

321.0  0.8998543E+06

321.2  0.8993908E+06

321.4  0.8989255E+06

321.6  0.8984586E+06

321.8  0.8979900E+06

322.0  0.8975198E+06

322.2  0.8970479E+06

322.4  0.8965744E+06

322.6  0.8960993E+06

322.8  0.8956226E+06

323.0  0.8951443E+06

323.2  0.8946645E+06

323.4  0.8941832E+06

323.6  0.8937004E+06

323.8  0.8932161E+06

324.0  0.8927303E+06

324.2  0.8922430E+06

324.4  0.8917543E+06

324.6  0.8912642E+06

324.8  0.8907727E+06

325.0  0.8902797E+06

325.2  0.8897855E+06

325.4  0.8892898E+06

325.6  0.8887928E+06

325.8  0.8882945E+06

326.0  0.8877949E+06

326.2  0.8872940E+06

326.4  0.8867918E+06

326.6  0.8862883E+06

326.8  0.8857836E+06

327.0  0.8852777E+06

327.2  0.8847705E+06

327.4  0.8842622E+06

327.6  0.8837527E+06

327.8  0.8832420E+06

328.0  0.8827301E+06

328.2  0.8822171E+06

328.4  0.8817030E+06

328.6  0.8811877E+06

328.8  0.8806714E+06

329.0  0.8801540E+06

329.2  0.8796355E+06

329.4  0.8791160E+06

329.6  0.8785954E+06

329.8  0.8780738E+06

330.0  0.8775511E+06

330.2  0.8770275E+06

330.4  0.8765029E+06

330.6  0.8759773E+06

330.8  0.8754508E+06

331.0  0.8749233E+06

331.2  0.8743949E+06

331.4  0.8738655E+06

331.6  0.8733352E+06

331.8  0.8728041E+06

332.0  0.8722721E+06

332.2  0.8717391E+06

332.4  0.8712054E+06

332.6  0.8706708E+06

332.8  0.8701353E+06

333.0  0.8695991E+06

333.2  0.8690620E+06

333.4  0.8685241E+06

333.6  0.8679854E+06

333.8  0.8674460E+06

334.0  0.8669058E+06

334.2  0.8663648E+06

334.4  0.8658232E+06

334.6  0.8652807E+06

334.8  0.8647376E+06

335.0  0.8641937E+06

335.2  0.8636492E+06

335.4  0.8631040E+06

335.6  0.8625581E+06

335.8  0.8620115E+06

336.0  0.8614643E+06

336.2  0.8609164E+06

336.4  0.8603679E+06

336.6  0.8598188E+06

336.8  0.8592691E+06

337.0  0.8587187E+06

337.2  0.8581678E+06

337.4  0.8576163E+06

337.6  0.8570642E+06

337.8  0.8565116E+06

338.0  0.8559584E+06

338.2  0.8554047E+06

338.4  0.8548504E+06

338.6  0.8542956E+06

338.8  0.8537403E+06

339.0  0.8531845E+06

339.2  0.8526282E+06

339.4  0.8520714E+06

339.6  0.8515141E+06

339.8  0.8509564E+06

340.0  0.8503982E+06

340.2  0.8498396E+06

340.4  0.8492805E+06

340.6  0.8487210E+06

340.8  0.8481610E+06

341.0  0.8476006E+06

341.2  0.8470399E+06

341.4  0.8464787E+06

341.6  0.8459172E+06

341.8  0.8453552E+06

342.0  0.8447929E+06

342.2  0.8442302E+06

342.4  0.8436672E+06

342.6  0.8431038E+06

342.8  0.8425400E+06

343.0  0.8419760E+06

343.2  0.8414116E+06

343.4  0.8408468E+06

343.6  0.8402818E+06

343.8  0.8397165E+06

344.0  0.8391508E+06

344.2  0.8385849E+06

344.4  0.8380187E+06

344.6  0.8374522E+06

344.8  0.8368855E+06

345.0  0.8363185E+06

345.2  0.8357512E+06

345.4  0.8351837E+06

345.6  0.8346159E+06

345.8  0.8340479E+06

346.0  0.8334797E+06

346.2  0.8329113E+06

346.4  0.8323426E+06

346.6  0.8317738E+06

346.8  0.8312047E+06

347.0  0.8306355E+06

347.2  0.8300660E+06

347.4  0.8294964E+06

347.6  0.8289266E+06

347.8  0.8283567E+06

348.0  0.8277865E+06

348.2  0.8272163E+06

348.4  0.8266458E+06

348.6  0.8260753E+06

348.8  0.8255045E+06

349.0  0.8249337E+06

349.2  0.8243627E+06

349.4  0.8237916E+06

349.6  0.8232204E+06

349.8  0.8226491E+06

350.0  0.8220777E+06

350.2  0.8215061E+06

350.4  0.8209345E+06

350.6  0.8203628E+06

350.8  0.8197910E+06

351.0  0.8192192E+06

351.2  0.8186472E+06

351.4  0.8180752E+06

351.6  0.8175032E+06

351.8  0.8169311E+06

352.0  0.8163589E+06

352.2  0.8157867E+06

352.4  0.8152144E+06

352.6  0.8146421E+06

352.8  0.8140698E+06

353.0  0.8134974E+06

353.2  0.8129251E+06

353.4  0.8123527E+06

353.6  0.8117803E+06

353.8  0.8112079E+06

354.0  0.8106355E+06

354.2  0.8100631E+06

354.4  0.8094906E+06

354.6  0.8089183E+06

354.8  0.8083459E+06

355.0  0.8077735E+06

355.2  0.8072012E+06

355.4  0.8066289E+06

355.6  0.8060566E+06

355.8  0.8054844E+06

356.0  0.8049122E+06

356.2  0.8043400E+06

356.4  0.8037679E+06

356.6  0.8031959E+06

356.8  0.8026239E+06

357.0  0.8020519E+06

357.2  0.8014801E+06

357.4  0.8009083E+06

357.6  0.8003365E+06

357.8  0.7997649E+06

358.0  0.7991933E+06

358.2  0.7986218E+06

358.4  0.7980504E+06

358.6  0.7974791E+06

358.8  0.7969079E+06

359.0  0.7963368E+06

359.2  0.7957658E+06

359.4  0.7951949E+06

359.6  0.7946241E+06

359.8  0.7940534E+06

360.0  0.7934828E+06

360.2  0.7929124E+06

360.4  0.7923420E+06

360.6  0.7917718E+06

360.8  0.7912018E+06

361.0  0.7906318E+06

361.2  0.7900620E+06

361.4  0.7894923E+06

361.6  0.7889228E+06

361.8  0.7883534E+06

362.0  0.7877842E+06

362.2  0.7872151E+06

362.4  0.7866462E+06

362.6  0.7860774E+06

362.8  0.7855088E+06

363.0  0.7849403E+06

363.2  0.7843720E+06

363.4  0.7838039E+06

363.6  0.7832360E+06

363.8  0.7826682E+06

364.0  0.7821006E+06

364.2  0.7815332E+06

364.4  0.7809660E+06

364.6  0.7803989E+06

364.8  0.7798320E+06

365.0  0.7792654E+06

365.2  0.7786989E+06

365.4  0.7781326E+06

365.6  0.7775665E+06

365.8  0.7770006E+06

366.0  0.7764349E+06

366.2  0.7758694E+06

366.4  0.7753042E+06

366.6  0.7747391E+06

366.8  0.7741742E+06

367.0  0.7736096E+06

367.2  0.7730452E+06

367.4  0.7724810E+06

367.6  0.7719170E+06

367.8  0.7713532E+06

368.0  0.7707897E+06

368.2  0.7702264E+06

368.4  0.7696633E+06

368.6  0.7691004E+06

368.8  0.7685378E+06

369.0  0.7679755E+06

369.2  0.7674133E+06

369.4  0.7668514E+06

369.6  0.7662898E+06

369.8  0.7657284E+06

370.0  0.7651672E+06

370.2  0.7646063E+06

370.4  0.7640456E+06

370.6  0.7634852E+06

370.8  0.7629250E+06

371.0  0.7623651E+06

371.2  0.7618055E+06

371.4  0.7612461E+06

371.6  0.7606869E+06

371.8  0.7601281E+06

372.0  0.7595695E+06

372.2  0.7590111E+06

372.4  0.7584531E+06

372.6  0.7578953E+06

372.8  0.7573377E+06

373.0  0.7567805E+06

373.2  0.7562235E+06

373.4  0.7556668E+06

373.6  0.7551104E+06

373.8  0.7545542E+06

374.0  0.7539983E+06

374.2  0.7534428E+06

374.4  0.7528875E+06

374.6  0.7523324E+06

374.8  0.7517777E+06

375.0  0.7512233E+06

375.2  0.7506691E+06

375.4  0.7501153E+06

375.6  0.7495617E+06

375.8  0.7490084E+06

376.0  0.7484554E+06

376.2  0.7479028E+06

376.4  0.7473504E+06

376.6  0.7467983E+06

376.8  0.7462465E+06

377.0  0.7456950E+06

377.2  0.7451438E+06

377.4  0.7445930E+06

377.6  0.7440424E+06

377.8  0.7434921E+06

378.0  0.7429422E+06

378.2  0.7423925E+06

378.4  0.7418432E+06

378.6  0.7412942E+06

378.8  0.7407454E+06

379.0  0.7401970E+06

379.2  0.7396490E+06

379.4  0.7391012E+06

379.6  0.7385537E+06

379.8  0.7380066E+06

380.0  0.7374598E+06

380.2  0.7369133E+06

380.4  0.7363671E+06

380.6  0.7358213E+06

380.8  0.7352757E+06

381.0  0.7347305E+06

381.2  0.7341856E+06

381.4  0.7336411E+06

381.6  0.7330968E+06

381.8  0.7325529E+06

382.0  0.7320094E+06

382.2  0.7314661E+06

382.4  0.7309232E+06

382.6  0.7303806E+06

382.8  0.7298384E+06

383.0  0.7292965E+06

383.2  0.7287549E+06

383.4  0.7282136E+06

383.6  0.7276727E+06

383.8  0.7271322E+06

384.0  0.7265919E+06

384.2  0.7260520E+06

384.4  0.7255125E+06

384.6  0.7249732E+06

384.8  0.7244344E+06

385.0  0.7238958E+06

385.2  0.7233576E+06

385.4  0.7228198E+06

385.6  0.7222822E+06

385.8  0.7217451E+06

386.0  0.7212082E+06

386.2  0.7206718E+06

386.4  0.7201356E+06

386.6  0.7195998E+06

386.8  0.7190644E+06

387.0  0.7185293E+06

387.2  0.7179946E+06

387.4  0.7174602E+06

387.6  0.7169261E+06

387.8  0.7163924E+06

388.0  0.7158591E+06

388.2  0.7153261E+06

388.4  0.7147934E+06

388.6  0.7142611E+06

388.8  0.7137292E+06

389.0  0.7131976E+06

389.2  0.7126664E+06

389.4  0.7121355E+06

389.6  0.7116050E+06

389.8  0.7110748E+06

390.0  0.7105450E+06

390.2  0.7100155E+06

390.4  0.7094864E+06

390.6  0.7089577E+06

390.8  0.7084293E+06

391.0  0.7079013E+06

391.2  0.7073736E+06

391.4  0.7068463E+06

391.6  0.7063193E+06

391.8  0.7057927E+06

392.0  0.7052665E+06

392.2  0.7047406E+06

392.4  0.7042151E+06

392.6  0.7036900E+06

392.8  0.7031652E+06

393.0  0.7026408E+06

393.2  0.7021167E+06

393.4  0.7015930E+06

393.6  0.7010697E+06

393.8  0.7005467E+06

394.0  0.7000241E+06

394.2  0.6995018E+06

394.4  0.6989799E+06

394.6  0.6984584E+06

394.8  0.6979373E+06

395.0  0.6974165E+06

395.2  0.6968961E+06

395.4  0.6963760E+06

395.6  0.6958563E+06

395.8  0.6953370E+06

396.0  0.6948180E+06

396.2  0.6942994E+06

396.4  0.6937812E+06

396.6  0.6932633E+06

396.8  0.6927459E+06

397.0  0.6922287E+06

397.2  0.6917120E+06

397.4  0.6911956E+06

397.6  0.6906796E+06

397.8  0.6901639E+06

398.0  0.6896486E+06

398.2  0.6891337E+06

398.4  0.6886192E+06

398.6  0.6881050E+06

398.8  0.6875912E+06

399.0  0.6870778E+06

399.2  0.6865647E+06

399.4  0.6860520E+06

399.6  0.6855397E+06

399.8  0.6850277E+06

400.0  0.6845161E+06

400.2  0.6840049E+06

400.4  0.6834941E+06

400.6  0.6829836E+06

400.8  0.6824735E+06

401.0  0.6819638E+06

401.2  0.6814544E+06

401.4  0.6809454E+06

401.6  0.6804368E+06

401.8  0.6799285E+06

402.0  0.6794207E+06

402.2  0.6789132E+06

402.4  0.6784060E+06

402.6  0.6778993E+06

402.8  0.6773929E+06

403.0  0.6768869E+06

403.2  0.6763812E+06

403.4  0.6758759E+06

403.6  0.6753710E+06

403.8  0.6748665E+06

404.0  0.6743623E+06

404.2  0.6738585E+06

404.4  0.6733551E+06

404.6  0.6728521E+06

404.8  0.6723494E+06

405.0  0.6718471E+06

405.2  0.6713452E+06

405.4  0.6708436E+06

405.6  0.6703425E+06

405.8  0.6698416E+06

406.0  0.6693412E+06

406.2  0.6688411E+06

406.4  0.6683414E+06

406.6  0.6678421E+06

406.8  0.6673432E+06

407.0  0.6668446E+06

407.2  0.6663464E+06

407.4  0.6658486E+06

407.6  0.6653511E+06

407.8  0.6648540E+06

408.0  0.6643573E+06

408.2  0.6638609E+06

408.4  0.6633650E+06

408.6  0.6628694E+06

408.8  0.6623741E+06

409.0  0.6618793E+06

409.2  0.6613848E+06

409.4  0.6608907E+06

409.6  0.6603969E+06

409.8  0.6599036E+06

410.0  0.6594106E+06

410.2  0.6589179E+06

410.4  0.6584257E+06

410.6  0.6579338E+06

410.8  0.6574423E+06

411.0  0.6569512E+06

411.2  0.6564604E+06

411.4  0.6559700E+06

411.6  0.6554799E+06

411.8  0.6549903E+06

412.0  0.6545010E+06

412.2  0.6540121E+06

412.4  0.6535235E+06

412.6  0.6530354E+06

412.8  0.6525476E+06

413.0  0.6520601E+06

413.2  0.6515731E+06

413.4  0.6510864E+06

413.6  0.6506000E+06

413.8  0.6501141E+06

414.0  0.6496285E+06

414.2  0.6491433E+06

414.4  0.6486584E+06

414.6  0.6481739E+06

414.8  0.6476898E+06

415.0  0.6472061E+06

415.2  0.6467227E+06

415.4  0.6462397E+06

415.6  0.6457571E+06

415.8  0.6452748E+06

416.0  0.6447929E+06

416.2  0.6443114E+06

416.4  0.6438302E+06

416.6  0.6433494E+06

416.8  0.6428690E+06

417.0  0.6423889E+06

417.2  0.6419093E+06

417.4  0.6414299E+06

417.6  0.6409510E+06

417.8  0.6404724E+06

418.0  0.6399942E+06

418.2  0.6395163E+06

418.4  0.6390388E+06

418.6  0.6385617E+06

418.8  0.6380849E+06

419.0  0.6376085E+06

419.2  0.6371325E+06

419.4  0.6366569E+06

419.6  0.6361816E+06

419.8  0.6357066E+06

420.0  0.6352321E+06

420.2  0.6347579E+06

420.4  0.6342840E+06

420.6  0.6338106E+06

420.8  0.6333375E+06

421.0  0.6328647E+06

421.2  0.6323923E+06

421.4  0.6319203E+06

421.6  0.6314487E+06

421.8  0.6309774E+06

422.0  0.6305065E+06

422.2  0.6300359E+06

422.4  0.6295657E+06

422.6  0.6290959E+06

422.8  0.6286264E+06

423.0  0.6281573E+06

423.2  0.6276885E+06

423.4  0.6272201E+06

423.6  0.6267521E+06

423.8  0.6262845E+06

424.0  0.6258172E+06

424.2  0.6253502E+06

424.4  0.6248836E+06

424.6  0.6244174E+06

424.8  0.6239516E+06

425.0  0.6234861E+06

425.2  0.6230209E+06

425.4  0.6225561E+06

425.6  0.6220917E+06

425.8  0.6216276E+06

426.0  0.6211639E+06

426.2  0.6207006E+06

426.4  0.6202376E+06

426.6  0.6197750E+06

426.8  0.6193127E+06

427.0  0.6188508E+06

427.2  0.6183893E+06

427.4  0.6179281E+06

427.6  0.6174672E+06

427.8  0.6170067E+06

428.0  0.6165466E+06

428.2  0.6160868E+06

428.4  0.6156274E+06

428.6  0.6151684E+06

428.8  0.6147097E+06

429.0  0.6142513E+06

429.2  0.6137933E+06

429.4  0.6133357E+06

429.6  0.6128784E+06

429.8  0.6124215E+06

430.0  0.6119649E+06

430.2  0.6115087E+06

430.4  0.6110529E+06

430.6  0.6105974E+06

430.8  0.6101422E+06

431.0  0.6096874E+06

431.2  0.6092330E+06

431.4  0.6087789E+06

431.6  0.6083251E+06

431.8  0.6078717E+06

432.0  0.6074187E+06

432.2  0.6069660E+06

432.4  0.6065137E+06

432.6  0.6060617E+06

432.8  0.6056100E+06

433.0  0.6051588E+06

433.2  0.6047078E+06

433.4  0.6042572E+06

433.6  0.6038070E+06

433.8  0.6033571E+06

434.0  0.6029076E+06

434.2  0.6024584E+06

434.4  0.6020096E+06

434.6  0.6015611E+06

434.8  0.6011130E+06

435.0  0.6006652E+06

435.2  0.6002177E+06

435.4  0.5997706E+06

435.6  0.5993239E+06

435.8  0.5988775E+06

436.0  0.5984314E+06

436.2  0.5979857E+06

436.4  0.5975404E+06

436.6  0.5970954E+06

436.8  0.5966507E+06

437.0  0.5962064E+06

437.2  0.5957624E+06

437.4  0.5953188E+06

437.6  0.5948755E+06

437.8  0.5944326E+06

438.0  0.5939900E+06

438.2  0.5935477E+06

438.4  0.5931058E+06

438.6  0.5926642E+06

438.8  0.5922230E+06

439.0  0.5917821E+06

439.2  0.5913416E+06

439.4  0.5909014E+06

439.6  0.5904616E+06

439.8  0.5900220E+06

440.0  0.5895829E+06

440.2  0.5891441E+06

440.4  0.5887056E+06

440.6  0.5882674E+06

440.8  0.5878296E+06

441.0  0.5873922E+06

441.2  0.5869550E+06

441.4  0.5865183E+06

441.6  0.5860818E+06

441.8  0.5856457E+06

442.0  0.5852099E+06

442.2  0.5847745E+06

442.4  0.5843394E+06

442.6  0.5839047E+06

442.8  0.5834703E+06

443.0  0.5830362E+06

443.2  0.5826025E+06

443.4  0.5821691E+06

443.6  0.5817360E+06

443.8  0.5813033E+06

444.0  0.5808709E+06

444.2  0.5804388E+06

444.4  0.5800071E+06

444.6  0.5795757E+06

444.8  0.5791447E+06

445.0  0.5787140E+06

445.2  0.5782836E+06

445.4  0.5778536E+06

445.6  0.5774238E+06

445.8  0.5769945E+06

446.0  0.5765654E+06

446.2  0.5761367E+06

446.4  0.5757083E+06

446.6  0.5752803E+06

446.8  0.5748526E+06

447.0  0.5744252E+06

447.2  0.5739982E+06

447.4  0.5735715E+06

447.6  0.5731451E+06

447.8  0.5727190E+06

448.0  0.5722933E+06

448.2  0.5718679E+06

448.4  0.5714429E+06

448.6  0.5710181E+06

448.8  0.5705937E+06

449.0  0.5701697E+06

449.2  0.5697459E+06

449.4  0.5693225E+06

449.6  0.5688994E+06

449.8  0.5684767E+06

450.0  0.5680543E+06

450.2  0.5676322E+06

450.4  0.5672104E+06

450.6  0.5667889E+06

450.8  0.5663678E+06

451.0  0.5659470E+06

451.2  0.5655266E+06

451.4  0.5651064E+06

451.6  0.5646866E+06

451.8  0.5642671E+06

452.0  0.5638480E+06

452.2  0.5634291E+06

452.4  0.5630106E+06

452.6  0.5625925E+06

452.8  0.5621746E+06

453.0  0.5617571E+06

453.2  0.5613398E+06

453.4  0.5609230E+06

453.6  0.5605064E+06

453.8  0.5600901E+06

454.0  0.5596742E+06

454.2  0.5592586E+06

454.4  0.5588434E+06

454.6  0.5584284E+06

454.8  0.5580138E+06

455.0  0.5575995E+06

455.2  0.5571855E+06

455.4  0.5567718E+06

455.6  0.5563585E+06

455.8  0.5559454E+06

456.0  0.5555327E+06

456.2  0.5551203E+06

456.4  0.5547083E+06

456.6  0.5542965E+06

456.8  0.5538851E+06

457.0  0.5534740E+06

457.2  0.5530632E+06

457.4  0.5526527E+06

457.6  0.5522425E+06

457.8  0.5518327E+06

458.0  0.5514232E+06

458.2  0.5510140E+06

458.4  0.5506051E+06

458.6  0.5501965E+06

458.8  0.5497882E+06

459.0  0.5493803E+06

459.2  0.5489727E+06

459.4  0.5485654E+06

459.6  0.5481584E+06

459.8  0.5477517E+06

460.0  0.5473453E+06

460.2  0.5469393E+06

460.4  0.5465335E+06

460.6  0.5461281E+06

460.8  0.5457230E+06

461.0  0.5453182E+06

461.2  0.5449137E+06

461.4  0.5445095E+06

461.6  0.5441057E+06

461.8  0.5437021E+06

462.0  0.5432989E+06

462.2  0.5428960E+06

462.4  0.5424934E+06

462.6  0.5420911E+06

462.8  0.5416891E+06

463.0  0.5412874E+06

463.2  0.5408860E+06

463.4  0.5404850E+06

463.6  0.5400842E+06

463.8  0.5396838E+06

464.0  0.5392836E+06

464.2  0.5388838E+06

464.4  0.5384843E+06

464.6  0.5380851E+06

464.8  0.5376862E+06

465.0  0.5372876E+06

465.2  0.5368893E+06

465.4  0.5364913E+06

465.6  0.5360937E+06

465.8  0.5356963E+06

466.0  0.5352992E+06

466.2  0.5349025E+06

466.4  0.5345060E+06

466.6  0.5341099E+06

466.8  0.5337141E+06

467.0  0.5333185E+06

467.2  0.5329233E+06

467.4  0.5325284E+06

467.6  0.5321338E+06

467.8  0.5317395E+06

468.0  0.5313455E+06

468.2  0.5309518E+06

468.4  0.5305584E+06

468.6  0.5301653E+06

468.8  0.5297725E+06

469.0  0.5293800E+06

469.2  0.5289878E+06

469.4  0.5285959E+06

469.6  0.5282043E+06

469.8  0.5278131E+06

470.0  0.5274221E+06

470.2  0.5270314E+06

470.4  0.5266410E+06

470.6  0.5262509E+06

470.8  0.5258611E+06

471.0  0.5254717E+06

471.2  0.5250825E+06

471.4  0.5246936E+06

471.6  0.5243050E+06

471.8  0.5239167E+06

472.0  0.5235288E+06

472.2  0.5231411E+06

472.4  0.5227537E+06

472.6  0.5223666E+06

472.8  0.5219798E+06

473.0  0.5215933E+06

473.2  0.5212071E+06

473.4  0.5208212E+06

473.6  0.5204356E+06

473.8  0.5200503E+06

474.0  0.5196653E+06

474.2  0.5192806E+06

474.4  0.5188961E+06

474.6  0.5185120E+06

474.8  0.5181282E+06

475.0  0.5177446E+06

475.2  0.5173614E+06

475.4  0.5169784E+06

475.6  0.5165958E+06

475.8  0.5162134E+06

476.0  0.5158314E+06

476.2  0.5154496E+06

476.4  0.5150681E+06

476.6  0.5146869E+06

476.8  0.5143060E+06

477.0  0.5139254E+06

477.2  0.5135451E+06

477.4  0.5131651E+06

477.6  0.5127854E+06

477.8  0.5124059E+06

478.0  0.5120268E+06

478.2  0.5116479E+06

478.4  0.5112693E+06

478.6  0.5108911E+06

478.8  0.5105131E+06

479.0  0.5101354E+06

479.2  0.5097580E+06

479.4  0.5093809E+06

479.6  0.5090040E+06

479.8  0.5086275E+06

480.0  0.5082512E+06

480.2  0.5078753E+06

480.4  0.5074996E+06

480.6  0.5071242E+06

480.8  0.5067491E+06

481.0  0.5063743E+06

481.2  0.5059998E+06

481.4  0.5056255E+06

481.6  0.5052516E+06

481.8  0.5048779E+06

482.0  0.5045045E+06

482.2  0.5041314E+06

482.4  0.5037586E+06

482.6  0.5033861E+06

482.8  0.5030139E+06

483.0  0.5026419E+06

483.2  0.5022702E+06

483.4  0.5018988E+06

483.6  0.5015277E+06

483.8  0.5011569E+06

484.0  0.5007864E+06

484.2  0.5004161E+06

484.4  0.5000462E+06

484.6  0.4996765E+06

484.8  0.4993071E+06

485.0  0.4989379E+06

485.2  0.4985691E+06

485.4  0.4982005E+06

485.6  0.4978323E+06

485.8  0.4974643E+06

486.0  0.4970965E+06

486.2  0.4967291E+06

486.4  0.4963620E+06

486.6  0.4959951E+06

486.8  0.4956285E+06

487.0  0.4952622E+06

487.2  0.4948961E+06

487.4  0.4945304E+06

487.6  0.4941649E+06

487.8  0.4937997E+06

488.0  0.4934348E+06

488.2  0.4930701E+06

488.4  0.4927058E+06

488.6  0.4923417E+06

488.8  0.4919779E+06

489.0  0.4916144E+06

489.2  0.4912511E+06

489.4  0.4908881E+06

489.6  0.4905254E+06

489.8  0.4901630E+06

490.0  0.4898009E+06

490.2  0.4894390E+06

490.4  0.4890774E+06

490.6  0.4887161E+06

490.8  0.4883550E+06

491.0  0.4879943E+06

491.2  0.4876338E+06

491.4  0.4872735E+06

491.6  0.4869136E+06

491.8  0.4865539E+06

492.0  0.4861945E+06

492.2  0.4858354E+06

492.4  0.4854766E+06

492.6  0.4851180E+06

492.8  0.4847597E+06

493.0  0.4844016E+06

493.2  0.4840439E+06

493.4  0.4836864E+06

493.6  0.4833292E+06

493.8  0.4829722E+06

494.0  0.4826156E+06

494.2  0.4822592E+06

494.4  0.4819030E+06

494.6  0.4815472E+06

494.8  0.4811916E+06

495.0  0.4808363E+06

495.2  0.4804812E+06

495.4  0.4801264E+06

495.6  0.4797719E+06

495.8  0.4794177E+06

496.0  0.4790637E+06

496.2  0.4787100E+06

496.4  0.4783566E+06

496.6  0.4780034E+06

496.8  0.4776505E+06

497.0  0.4772979E+06

497.2  0.4769455E+06

497.4  0.4765934E+06

497.6  0.4762416E+06

497.8  0.4758901E+06

498.0  0.4755388E+06

498.2  0.4751877E+06

498.4  0.4748370E+06

498.6  0.4744865E+06

498.8  0.4741363E+06

499.0  0.4737863E+06

499.2  0.4734366E+06

499.4  0.4730872E+06

499.6  0.4727380E+06

499.8  0.4723891E+06

500.0  0.4720405E+06

