100  0.1812741E+04

100.2  0.2018232E+04

100.4  0.2233535E+04

100.6  0.2458205E+04

100.8  0.2691785E+04

101.0  0.2933816E+04

101.2  0.3183838E+04

101.4  0.3441400E+04

101.6  0.3706053E+04

101.8  0.3977364E+04

102.0  0.4254906E+04

102.2  0.4538270E+04

102.4  0.4827059E+04

102.6  0.5120891E+04

102.8  0.5419399E+04

103.0  0.5722234E+04

103.2  0.6029061E+04

103.4  0.6339561E+04

103.6  0.6653432E+04

103.8  0.6970386E+04

104.0  0.7290150E+04

104.2  0.7612467E+04

104.4  0.7937094E+04

104.6  0.8263800E+04

104.8  0.8592368E+04

105.0  0.8922594E+04

105.2  0.9254288E+04

105.4  0.9587267E+04

105.6  0.9921364E+04

105.8  0.1025642E+05

106.0  0.1059229E+05

106.2  0.1092882E+05

106.4  0.1126590E+05

106.6  0.1160340E+05

106.8  0.1194120E+05

107.0  0.1227921E+05

107.2  0.1261732E+05

107.4  0.1295545E+05

107.6  0.1329350E+05

107.8  0.1363140E+05

108.0  0.1396908E+05

108.2  0.1430647E+05

108.4  0.1464350E+05

108.6  0.1498013E+05

108.8  0.1531630E+05

109.0  0.1565196E+05

109.2  0.1598706E+05

109.4  0.1632158E+05

109.6  0.1665546E+05

109.8  0.1698868E+05

110.0  0.1732121E+05

110.2  0.1765302E+05

110.4  0.1798408E+05

110.6  0.1831438E+05

110.8  0.1864390E+05

111.0  0.1897262E+05

111.2  0.1930052E+05

111.4  0.1962759E+05

111.6  0.1995383E+05

111.8  0.2027922E+05

112.0  0.2060376E+05

112.2  0.2092744E+05

112.4  0.2125026E+05

112.6  0.2157222E+05

112.8  0.2189330E+05

113.0  0.2221353E+05

113.2  0.2253289E+05

113.4  0.2285138E+05

113.6  0.2316902E+05

113.8  0.2348580E+05

114.0  0.2380174E+05

114.2  0.2411683E+05

114.4  0.2443108E+05

114.6  0.2474450E+05

114.8  0.2505711E+05

115.0  0.2536889E+05

115.2  0.2567988E+05

115.4  0.2599007E+05

115.6  0.2629947E+05

115.8  0.2660811E+05

116.0  0.2691598E+05

116.2  0.2722309E+05

116.4  0.2752947E+05

116.6  0.2783512E+05

116.8  0.2814005E+05

117.0  0.2844429E+05

117.2  0.2874783E+05

117.4  0.2905069E+05

117.6  0.2935289E+05

117.8  0.2965444E+05

118.0  0.2995535E+05

118.2  0.3025564E+05

118.4  0.3055532E+05

118.6  0.3085440E+05

118.8  0.3115291E+05

119.0  0.3145084E+05

119.2  0.3174822E+05

119.4  0.3204507E+05

119.6  0.3234139E+05

119.8  0.3263720E+05

120.0  0.3293251E+05

120.2  0.3322734E+05

120.4  0.3352171E+05

120.6  0.3381562E+05

120.8  0.3410909E+05

121.0  0.3440214E+05

121.2  0.3469479E+05

121.4  0.3498703E+05

121.6  0.3527890E+05

121.8  0.3557040E+05

122.0  0.3586155E+05

122.2  0.3615237E+05

122.4  0.3644286E+05

122.6  0.3673304E+05

122.8  0.3702293E+05

123.0  0.3731253E+05

123.2  0.3760187E+05

123.4  0.3789096E+05

123.6  0.3817981E+05

123.8  0.3846844E+05

124.0  0.3875685E+05

124.2  0.3904507E+05

124.4  0.3933310E+05

124.6  0.3962097E+05

124.8  0.3990868E+05

125.0  0.4019624E+05

125.2  0.4048368E+05

125.4  0.4077100E+05

125.6  0.4105822E+05

125.8  0.4134535E+05

126.0  0.4163241E+05

126.2  0.4191940E+05

126.4  0.4220634E+05

126.6  0.4249325E+05

126.8  0.4278013E+05

127.0  0.4306700E+05

127.2  0.4335387E+05

127.4  0.4364075E+05

127.6  0.4392766E+05

127.8  0.4421461E+05

128.0  0.4450161E+05

128.2  0.4478868E+05

128.4  0.4507582E+05

128.6  0.4536305E+05

128.8  0.4565037E+05

129.0  0.4593781E+05

129.2  0.4622538E+05

129.4  0.4651308E+05

129.6  0.4680093E+05

129.8  0.4708894E+05

130.0  0.4737712E+05

130.2  0.4766548E+05

130.4  0.4795404E+05

130.6  0.4824280E+05

130.8  0.4853178E+05

131.0  0.4882099E+05

131.2  0.4911044E+05

131.4  0.4940014E+05

131.6  0.4969011E+05

131.8  0.4998034E+05

132.0  0.5027086E+05

132.2  0.5056168E+05

132.4  0.5085280E+05

132.6  0.5114424E+05

132.8  0.5143601E+05

133.0  0.5172812E+05

133.2  0.5202058E+05

133.4  0.5231340E+05

133.6  0.5260658E+05

133.8  0.5290015E+05

134.0  0.5319411E+05

134.2  0.5348848E+05

134.4  0.5378325E+05

134.6  0.5407845E+05

134.8  0.5437408E+05

135.0  0.5467016E+05

135.2  0.5496669E+05

135.4  0.5526368E+05

135.6  0.5556115E+05

135.8  0.5585910E+05

136.0  0.5615754E+05

136.2  0.5645649E+05

136.4  0.5675595E+05

136.6  0.5705593E+05

136.8  0.5735645E+05

137.0  0.5765751E+05

137.2  0.5795913E+05

137.4  0.5826130E+05

137.6  0.5856405E+05

137.8  0.5886738E+05

138.0  0.5917130E+05

138.2  0.5947582E+05

138.4  0.5978096E+05

138.6  0.6008671E+05

138.8  0.6039309E+05

139.0  0.6070011E+05

139.2  0.6100778E+05

139.4  0.6131611E+05

139.6  0.6162510E+05

139.8  0.6193477E+05

140.0  0.6224512E+05

140.2  0.6255617E+05

140.4  0.6286792E+05

140.6  0.6318039E+05

140.8  0.6349358E+05

141.0  0.6380750E+05

141.2  0.6412216E+05

141.4  0.6443757E+05

141.6  0.6475373E+05

141.8  0.6507067E+05

142.0  0.6538838E+05

142.2  0.6570688E+05

142.4  0.6602617E+05

142.6  0.6634627E+05

142.8  0.6666717E+05

143.0  0.6698890E+05

143.2  0.6731146E+05

143.4  0.6763486E+05

143.6  0.6795911E+05

143.8  0.6828421E+05

144.0  0.6861018E+05

144.2  0.6893703E+05

144.4  0.6926476E+05

144.6  0.6959338E+05

144.8  0.6992290E+05

145.0  0.7025333E+05

145.2  0.7058468E+05

145.4  0.7091695E+05

145.6  0.7125016E+05

145.8  0.7158432E+05

146.0  0.7191943E+05

146.2  0.7225550E+05

146.4  0.7259255E+05

146.6  0.7293057E+05

146.8  0.7326958E+05

147.0  0.7360959E+05

147.2  0.7395060E+05

147.4  0.7429263E+05

147.6  0.7463568E+05

147.8  0.7497976E+05

148.0  0.7532488E+05

148.2  0.7567106E+05

148.4  0.7601828E+05

148.6  0.7636658E+05

148.8  0.7671595E+05

149.0  0.7706640E+05

149.2  0.7741795E+05

149.4  0.7777060E+05

149.6  0.7812435E+05

149.8  0.7847923E+05

150.0  0.7883523E+05

150.2  0.7919236E+05

150.4  0.7955064E+05

150.6  0.7991008E+05

150.8  0.8027067E+05

151.0  0.8063244E+05

151.2  0.8099538E+05

151.4  0.8135951E+05

151.6  0.8172484E+05

151.8  0.8209137E+05

152.0  0.8245912E+05

152.2  0.8282808E+05

152.4  0.8319828E+05

152.6  0.8356972E+05

152.8  0.8394241E+05

153.0  0.8431635E+05

153.2  0.8469156E+05

153.4  0.8506805E+05

153.6  0.8544582E+05

153.8  0.8582488E+05

154.0  0.8620524E+05

154.2  0.8658692E+05

154.4  0.8696991E+05

154.6  0.8735423E+05

154.8  0.8773988E+05

155.0  0.8812688E+05

155.2  0.8851524E+05

155.4  0.8890496E+05

155.6  0.8929605E+05

155.8  0.8968852E+05

156.0  0.9008238E+05

156.2  0.9047765E+05

156.4  0.9087432E+05

156.6  0.9127240E+05

156.8  0.9167191E+05

157.0  0.9207286E+05

157.2  0.9247525E+05

157.4  0.9287910E+05

157.6  0.9328441E+05

157.8  0.9369119E+05

158.0  0.9409945E+05

158.2  0.9450920E+05

158.4  0.9492044E+05

158.6  0.9533320E+05

158.8  0.9574748E+05

159.0  0.9616328E+05

159.2  0.9658062E+05

159.4  0.9699950E+05

159.6  0.9741994E+05

159.8  0.9784194E+05

160.0  0.9826552E+05

160.2  0.9869068E+05

160.4  0.9911743E+05

160.6  0.9954579E+05

160.8  0.9997575E+05

161.0  0.1004073E+06

161.2  0.1008406E+06

161.4  0.1012754E+06

161.6  0.1017119E+06

161.8  0.1021501E+06

162.0  0.1025899E+06

162.2  0.1030315E+06

162.4  0.1034747E+06

162.6  0.1039196E+06

162.8  0.1043662E+06

163.0  0.1048145E+06

163.2  0.1052646E+06

163.4  0.1057164E+06

163.6  0.1061699E+06

163.8  0.1066252E+06

164.0  0.1070823E+06

164.2  0.1075412E+06

164.4  0.1080018E+06

164.6  0.1084643E+06

164.8  0.1089285E+06

165.0  0.1093946E+06

165.2  0.1098625E+06

165.4  0.1103323E+06

165.6  0.1108039E+06

165.8  0.1112773E+06

166.0  0.1117526E+06

166.2  0.1122299E+06

166.4  0.1127090E+06

166.6  0.1131900E+06

166.8  0.1136729E+06

167.0  0.1141578E+06

167.2  0.1146446E+06

167.4  0.1151333E+06

167.6  0.1156240E+06

167.8  0.1161167E+06

168.0  0.1166113E+06

168.2  0.1171080E+06

168.4  0.1176066E+06

168.6  0.1181073E+06

168.8  0.1186100E+06

169.0  0.1191147E+06

169.2  0.1196215E+06

169.4  0.1201303E+06

169.6  0.1206412E+06

169.8  0.1211542E+06

170.0  0.1216693E+06

170.2  0.1221865E+06

170.4  0.1227058E+06

170.6  0.1232272E+06

170.8  0.1237508E+06

171.0  0.1242765E+06

171.2  0.1248044E+06

171.4  0.1253345E+06

171.6  0.1258668E+06

171.8  0.1264013E+06

172.0  0.1269380E+06

172.2  0.1274769E+06

172.4  0.1280180E+06

172.6  0.1285615E+06

172.8  0.1291072E+06

173.0  0.1296551E+06

173.2  0.1302054E+06

173.4  0.1307579E+06

173.6  0.1313128E+06

173.8  0.1318700E+06

174.0  0.1324296E+06

174.2  0.1329915E+06

174.4  0.1335558E+06

174.6  0.1341225E+06

174.8  0.1346916E+06

175.0  0.1352631E+06

175.2  0.1358370E+06

175.4  0.1364134E+06

175.6  0.1369922E+06

175.8  0.1375735E+06

176.0  0.1381573E+06

176.2  0.1387436E+06

176.4  0.1393324E+06

176.6  0.1399237E+06

176.8  0.1405176E+06

177.0  0.1411140E+06

177.2  0.1417130E+06

177.4  0.1423146E+06

177.6  0.1429188E+06

177.8  0.1435257E+06

178.0  0.1441351E+06

178.2  0.1447473E+06

178.4  0.1453621E+06

178.6  0.1459795E+06

178.8  0.1465997E+06

179.0  0.1472226E+06

179.2  0.1478483E+06

179.4  0.1484767E+06

179.6  0.1491078E+06

179.8  0.1497418E+06

180.0  0.1503786E+06

180.2  0.1510181E+06

180.4  0.1516606E+06

180.6  0.1523059E+06

180.8  0.1529540E+06

181.0  0.1536051E+06

181.2  0.1542591E+06

181.4  0.1549160E+06

181.6  0.1555759E+06

181.8  0.1562387E+06

182.0  0.1569046E+06

182.2  0.1575735E+06

182.4  0.1582454E+06

182.6  0.1589203E+06

182.8  0.1595984E+06

183.0  0.1602795E+06

183.2  0.1609637E+06

183.4  0.1616511E+06

183.6  0.1623417E+06

183.8  0.1630354E+06

184.0  0.1637324E+06

184.2  0.1644326E+06

184.4  0.1651360E+06

184.6  0.1658428E+06

184.8  0.1665528E+06

185.0  0.1672662E+06

185.2  0.1679829E+06

185.4  0.1687030E+06

185.6  0.1694264E+06

185.8  0.1701534E+06

186.0  0.1708838E+06

186.2  0.1716176E+06

186.4  0.1723550E+06

186.6  0.1730959E+06

186.8  0.1738404E+06

187.0  0.1745884E+06

187.2  0.1753401E+06

187.4  0.1760955E+06

187.6  0.1768545E+06

187.8  0.1776173E+06

188.0  0.1783837E+06

188.2  0.1791540E+06

188.4  0.1799281E+06

188.6  0.1807060E+06

188.8  0.1814877E+06

189.0  0.1822734E+06

189.2  0.1830630E+06

189.4  0.1838566E+06

189.6  0.1846542E+06

189.8  0.1854558E+06

190.0  0.1862615E+06

190.2  0.1870714E+06

190.4  0.1878853E+06

190.6  0.1887035E+06

190.8  0.1895259E+06

191.0  0.1903525E+06

191.2  0.1911835E+06

191.4  0.1920188E+06

191.6  0.1928585E+06

191.8  0.1937026E+06

192.0  0.1945511E+06

192.2  0.1954042E+06

192.4  0.1962618E+06

192.6  0.1971241E+06

192.8  0.1979909E+06

193.0  0.1988625E+06

193.2  0.1997388E+06

193.4  0.2006198E+06

193.6  0.2015057E+06

193.8  0.2023964E+06

194.0  0.2032921E+06

194.2  0.2041927E+06

194.4  0.2050984E+06

194.6  0.2060091E+06

194.8  0.2069249E+06

195.0  0.2078459E+06

195.2  0.2087721E+06

195.4  0.2097035E+06

195.6  0.2106403E+06

195.8  0.2115825E+06

196.0  0.2125300E+06

196.2  0.2134831E+06

196.4  0.2144417E+06

196.6  0.2154059E+06

196.8  0.2163757E+06

197.0  0.2173513E+06

197.2  0.2183326E+06

197.4  0.2193197E+06

197.6  0.2203128E+06

197.8  0.2213117E+06

198.0  0.2223167E+06

198.2  0.2233277E+06

198.4  0.2243448E+06

198.6  0.2253681E+06

198.8  0.2263976E+06

199.0  0.2274335E+06

199.2  0.2284757E+06

199.4  0.2295243E+06

199.6  0.2305794E+06

199.8  0.2316411E+06

200.0  0.2327094E+06

200.2  0.2337843E+06

200.4  0.2348661E+06

200.6  0.2359546E+06

200.8  0.2370500E+06

201.0  0.2381523E+06

201.2  0.2392616E+06

201.4  0.2403780E+06

201.6  0.2415016E+06

201.8  0.2426323E+06

202.0  0.2437703E+06

202.2  0.2449156E+06

202.4  0.2460684E+06

202.6  0.2472286E+06

202.8  0.2483963E+06

203.0  0.2495716E+06

203.2  0.2507546E+06

203.4  0.2519453E+06

203.6  0.2531438E+06

203.8  0.2543501E+06

204.0  0.2555644E+06

204.2  0.2567867E+06

204.4  0.2580170E+06

204.6  0.2592554E+06

204.8  0.2605020E+06

205.0  0.2617569E+06

205.2  0.2630201E+06

205.4  0.2642916E+06

205.6  0.2655716E+06

205.8  0.2668601E+06

206.0  0.2681571E+06

206.2  0.2694627E+06

206.4  0.2707771E+06

206.6  0.2721001E+06

206.8  0.2734320E+06

207.0  0.2747727E+06

207.2  0.2761223E+06

207.4  0.2774809E+06

207.6  0.2788486E+06

207.8  0.2802253E+06

208.0  0.2816111E+06

208.2  0.2830061E+06

208.4  0.2844104E+06

208.6  0.2858240E+06

208.8  0.2872469E+06

209.0  0.2886792E+06

209.2  0.2901209E+06

209.4  0.2915721E+06

209.6  0.2930328E+06

209.8  0.2945032E+06

210.0  0.2959831E+06

210.2  0.2974727E+06

210.4  0.2989720E+06

210.6  0.3004810E+06

210.8  0.3019998E+06

211.0  0.3035285E+06

211.2  0.3050669E+06

211.4  0.3066153E+06

211.6  0.3081736E+06

211.8  0.3097418E+06

212.0  0.3113200E+06

212.2  0.3129081E+06

212.4  0.3145063E+06

212.6  0.3161146E+06

212.8  0.3177329E+06

213.0  0.3193613E+06

213.2  0.3209998E+06

213.4  0.3226484E+06

213.6  0.3243072E+06

213.8  0.3259761E+06

214.0  0.3276552E+06

214.2  0.3293444E+06

214.4  0.3310439E+06

214.6  0.3327535E+06

214.8  0.3344733E+06

215.0  0.3362032E+06

215.2  0.3379434E+06

215.4  0.3396938E+06

215.6  0.3414543E+06

215.8  0.3432250E+06

216.0  0.3450058E+06

216.2  0.3467968E+06

216.4  0.3485980E+06

216.6  0.3504092E+06

216.8  0.3522306E+06

217.0  0.3540620E+06

217.2  0.3559036E+06

217.4  0.3577551E+06

217.6  0.3596167E+06

217.8  0.3614882E+06

218.0  0.3633697E+06

218.2  0.3652611E+06

218.4  0.3671624E+06

218.6  0.3690736E+06

218.8  0.3709946E+06

219.0  0.3729253E+06

219.2  0.3748658E+06

219.4  0.3768159E+06

219.6  0.3787757E+06

219.8  0.3807450E+06

220.0  0.3827239E+06

220.2  0.3847122E+06

220.4  0.3867100E+06

220.6  0.3887171E+06

220.8  0.3907335E+06

221.0  0.3927592E+06

221.2  0.3947940E+06

221.4  0.3968379E+06

221.6  0.3988909E+06

221.8  0.4009528E+06

222.0  0.4030236E+06

222.2  0.4051032E+06

222.4  0.4071915E+06

222.6  0.4092885E+06

222.8  0.4113941E+06

223.0  0.4135081E+06

223.2  0.4156306E+06

223.4  0.4177613E+06

223.6  0.4199003E+06

223.8  0.4220474E+06

224.0  0.4242026E+06

224.2  0.4263656E+06

224.4  0.4285366E+06

224.6  0.4307152E+06

224.8  0.4329016E+06

225.0  0.4350954E+06

225.2  0.4372967E+06

225.4  0.4395053E+06

225.6  0.4417212E+06

225.8  0.4439441E+06

226.0  0.4461741E+06

226.2  0.4484109E+06

226.4  0.4506545E+06

226.6  0.4529048E+06

226.8  0.4551616E+06

227.0  0.4574248E+06

227.2  0.4596943E+06

227.4  0.4619700E+06

227.6  0.4642518E+06

227.8  0.4665395E+06

228.0  0.4688329E+06

228.2  0.4711321E+06

228.4  0.4734368E+06

228.6  0.4757469E+06

228.8  0.4780623E+06

229.0  0.4803828E+06

229.2  0.4827084E+06

229.4  0.4850388E+06

229.6  0.4873740E+06

229.8  0.4897138E+06

230.0  0.4920581E+06

230.2  0.4944067E+06

230.4  0.4967595E+06

230.6  0.4991163E+06

230.8  0.5014771E+06

231.0  0.5038416E+06

231.2  0.5062098E+06

231.4  0.5085814E+06

231.6  0.5109564E+06

231.8  0.5133346E+06

232.0  0.5157158E+06

232.2  0.5181000E+06

232.4  0.5204868E+06

232.6  0.5228763E+06

232.8  0.5252683E+06

233.0  0.5276626E+06

233.2  0.5300590E+06

233.4  0.5324575E+06

233.6  0.5348578E+06

233.8  0.5372598E+06

234.0  0.5396634E+06

234.2  0.5420685E+06

234.4  0.5444747E+06

234.6  0.5468822E+06

234.8  0.5492905E+06

235.0  0.5516997E+06

235.2  0.5541096E+06

235.4  0.5565200E+06

235.6  0.5589307E+06

235.8  0.5613417E+06

236.0  0.5637527E+06

236.2  0.5661636E+06

236.4  0.5685743E+06

236.6  0.5709847E+06

236.8  0.5733945E+06

237.0  0.5758036E+06

237.2  0.5782118E+06

237.4  0.5806191E+06

237.6  0.5830253E+06

237.8  0.5854302E+06

238.0  0.5878336E+06

238.2  0.5902355E+06

238.4  0.5926357E+06

238.6  0.5950340E+06

238.8  0.5974303E+06

239.0  0.5998244E+06

239.2  0.6022163E+06

239.4  0.6046057E+06

239.6  0.6069925E+06

239.8  0.6093766E+06

240.0  0.6117578E+06

240.2  0.6141360E+06

240.4  0.6165110E+06

240.6  0.6188828E+06

240.8  0.6212511E+06

241.0  0.6236159E+06

241.2  0.6259770E+06

241.4  0.6283342E+06

241.6  0.6306874E+06

241.8  0.6330366E+06

242.0  0.6353815E+06

242.2  0.6377220E+06

242.4  0.6400580E+06

242.6  0.6423894E+06

242.8  0.6447160E+06

243.0  0.6470377E+06

243.2  0.6493544E+06

243.4  0.6516660E+06

243.6  0.6539722E+06

243.8  0.6562731E+06

244.0  0.6585685E+06

244.2  0.6608582E+06

244.4  0.6631421E+06

244.6  0.6654202E+06

244.8  0.6676922E+06

245.0  0.6699582E+06

245.2  0.6722179E+06

245.4  0.6744713E+06

245.6  0.6767182E+06

245.8  0.6789585E+06

246.0  0.6811921E+06

246.2  0.6834189E+06

246.4  0.6856389E+06

246.6  0.6878518E+06

246.8  0.6900576E+06

247.0  0.6922562E+06

247.2  0.6944474E+06

247.4  0.6966313E+06

247.6  0.6988076E+06

247.8  0.7009762E+06

248.0  0.7031372E+06

248.2  0.7052903E+06

248.4  0.7074355E+06

248.6  0.7095727E+06

248.8  0.7117018E+06

249.0  0.7138227E+06

249.2  0.7159353E+06

249.4  0.7180395E+06

249.6  0.7201353E+06

249.8  0.7222225E+06

250.0  0.7243011E+06

250.2  0.7263710E+06

250.4  0.7284321E+06

250.6  0.7304843E+06

250.8  0.7325276E+06

251.0  0.7345618E+06

251.2  0.7365870E+06

251.4  0.7386029E+06

251.6  0.7406096E+06

251.8  0.7426069E+06

252.0  0.7445949E+06

252.2  0.7465734E+06

252.4  0.7485424E+06

252.6  0.7505017E+06

252.8  0.7524514E+06

253.0  0.7543914E+06

253.2  0.7563216E+06

253.4  0.7582419E+06

253.6  0.7601523E+06

253.8  0.7620528E+06

254.0  0.7639432E+06

254.2  0.7658236E+06

254.4  0.7676938E+06

254.6  0.7695538E+06

254.8  0.7714036E+06

255.0  0.7732431E+06

255.2  0.7750723E+06

255.4  0.7768911E+06

255.6  0.7786995E+06

255.8  0.7804974E+06

256.0  0.7822847E+06

256.2  0.7840616E+06

256.4  0.7858278E+06

256.6  0.7875834E+06

256.8  0.7893283E+06

257.0  0.7910625E+06

257.2  0.7927859E+06

257.4  0.7944986E+06

257.6  0.7962004E+06

257.8  0.7978915E+06

258.0  0.7995716E+06

258.2  0.8012408E+06

258.4  0.8028991E+06

258.6  0.8045464E+06

258.8  0.8061828E+06

259.0  0.8078081E+06

259.2  0.8094224E+06

259.4  0.8110257E+06

259.6  0.8126179E+06

259.8  0.8141989E+06

260.0  0.8157689E+06

260.2  0.8173277E+06

260.4  0.8188754E+06

260.6  0.8204119E+06

260.8  0.8219373E+06

261.0  0.8234514E+06

261.2  0.8249544E+06

261.4  0.8264461E+06

261.6  0.8279266E+06

261.8  0.8293959E+06

262.0  0.8308540E+06

262.2  0.8323008E+06

262.4  0.8337363E+06

262.6  0.8351606E+06

262.8  0.8365737E+06

263.0  0.8379754E+06

263.2  0.8393660E+06

263.4  0.8407452E+06

263.6  0.8421132E+06

263.8  0.8434699E+06

264.0  0.8448154E+06

264.2  0.8461496E+06

264.4  0.8474725E+06

264.6  0.8487842E+06

264.8  0.8500847E+06

265.0  0.8513739E+06

265.2  0.8526519E+06

265.4  0.8539187E+06

265.6  0.8551743E+06

265.8  0.8564187E+06

266.0  0.8576519E+06

266.2  0.8588739E+06

266.4  0.8600847E+06

266.6  0.8612844E+06

266.8  0.8624730E+06

267.0  0.8636504E+06

267.2  0.8648167E+06

267.4  0.8659720E+06

267.6  0.8671161E+06

267.8  0.8682493E+06

268.0  0.8693713E+06

268.2  0.8704824E+06

268.4  0.8715825E+06

268.6  0.8726716E+06

268.8  0.8737497E+06

269.0  0.8748169E+06

269.2  0.8758732E+06

269.4  0.8769186E+06

269.6  0.8779531E+06

269.8  0.8789768E+06

270.0  0.8799897E+06

270.2  0.8809918E+06

270.4  0.8819832E+06

270.6  0.8829638E+06

270.8  0.8839337E+06

271.0  0.8848929E+06

271.2  0.8858415E+06

271.4  0.8867795E+06

271.6  0.8877068E+06

271.8  0.8886236E+06

272.0  0.8895299E+06

272.2  0.8904257E+06

272.4  0.8913110E+06

272.6  0.8921858E+06

272.8  0.8930503E+06

273.0  0.8939044E+06

273.2  0.8947482E+06

273.4  0.8955816E+06

273.6  0.8964048E+06

273.8  0.8972178E+06

274.0  0.8980205E+06

274.2  0.8988131E+06

274.4  0.8995956E+06

274.6  0.9003679E+06

274.8  0.9011303E+06

275.0  0.9018825E+06

275.2  0.9026249E+06

275.4  0.9033572E+06

275.6  0.9040797E+06

275.8  0.9047923E+06

276.0  0.9054951E+06

276.2  0.9061881E+06

276.4  0.9068713E+06

276.6  0.9075449E+06

276.8  0.9082087E+06

277.0  0.9088629E+06

277.2  0.9095076E+06

277.4  0.9101427E+06

277.6  0.9107683E+06

277.8  0.9113844E+06

278.0  0.9119911E+06

278.2  0.9125884E+06

278.4  0.9131764E+06

278.6  0.9137550E+06

278.8  0.9143244E+06

279.0  0.9148846E+06

279.2  0.9154356E+06

279.4  0.9159775E+06

279.6  0.9165103E+06

279.8  0.9170341E+06

280.0  0.9175489E+06

280.2  0.9180547E+06

280.4  0.9185516E+06

280.6  0.9190396E+06

280.8  0.9195188E+06

281.0  0.9199892E+06

281.2  0.9204509E+06

281.4  0.9209039E+06

281.6  0.9213482E+06

281.8  0.9217840E+06

282.0  0.9222111E+06

282.2  0.9226298E+06

282.4  0.9230400E+06

282.6  0.9234417E+06

282.8  0.9238351E+06

283.0  0.9242202E+06

283.2  0.9245969E+06

283.4  0.9249655E+06

283.6  0.9253258E+06

283.8  0.9256779E+06

284.0  0.9260220E+06

284.2  0.9263580E+06

284.4  0.9266860E+06

284.6  0.9270060E+06

284.8  0.9273180E+06

285.0  0.9276222E+06

285.2  0.9279186E+06

285.4  0.9282071E+06

285.6  0.9284880E+06

285.8  0.9287611E+06

286.0  0.9290265E+06

286.2  0.9292844E+06

286.4  0.9295347E+06

286.6  0.9297774E+06

286.8  0.9300127E+06

287.0  0.9302406E+06

287.2  0.9304611E+06

287.4  0.9306742E+06

287.6  0.9308801E+06

287.8  0.9310787E+06

288.0  0.9312701E+06

288.2  0.9314543E+06

288.4  0.9316315E+06

288.6  0.9318015E+06

288.8  0.9319646E+06

289.0  0.9321207E+06

289.2  0.9322698E+06

289.4  0.9324120E+06

289.6  0.9325474E+06

289.8  0.9326761E+06

290.0  0.9327979E+06

290.2  0.9329131E+06

290.4  0.9330215E+06

290.6  0.9331234E+06

290.8  0.9332187E+06

291.0  0.9333074E+06

291.2  0.9333897E+06

291.4  0.9334655E+06

291.6  0.9335349E+06

291.8  0.9335980E+06

292.0  0.9336547E+06

292.2  0.9337052E+06

292.4  0.9337494E+06

292.6  0.9337875E+06

292.8  0.9338194E+06

293.0  0.9338452E+06

293.2  0.9338650E+06

293.4  0.9338787E+06

293.6  0.9338865E+06

293.8  0.9338884E+06

294.0  0.9338843E+06

294.2  0.9338745E+06

294.4  0.9338588E+06

294.6  0.9338373E+06

294.8  0.9338102E+06

295.0  0.9337773E+06

295.2  0.9337389E+06

295.4  0.9336948E+06

295.6  0.9336452E+06

295.8  0.9335901E+06

296.0  0.9335295E+06

296.2  0.9334634E+06

296.4  0.9333920E+06

296.6  0.9333153E+06

296.8  0.9332332E+06

297.0  0.9331458E+06

297.2  0.9330533E+06

297.4  0.9329555E+06

297.6  0.9328526E+06

297.8  0.9327446E+06

298.0  0.9326315E+06

298.2  0.9325134E+06

298.4  0.9323903E+06

298.6  0.9322622E+06

298.8  0.9321292E+06

299.0  0.9319913E+06

299.2  0.9318486E+06

299.4  0.9317011E+06

299.6  0.9315489E+06

299.8  0.9313919E+06

300.0  0.9312302E+06

300.2  0.9310639E+06

300.4  0.9308929E+06

300.6  0.9307174E+06

300.8  0.9305374E+06

301.0  0.9303528E+06

301.2  0.9301638E+06

301.4  0.9299704E+06

301.6  0.9297725E+06

301.8  0.9295703E+06

302.0  0.9293638E+06

302.2  0.9291530E+06

302.4  0.9289379E+06

302.6  0.9287187E+06

302.8  0.9284952E+06

303.0  0.9282676E+06

303.2  0.9280359E+06

303.4  0.9278002E+06

303.6  0.9275603E+06

303.8  0.9273165E+06

304.0  0.9270687E+06

304.2  0.9268170E+06

304.4  0.9265613E+06

304.6  0.9263018E+06

304.8  0.9260385E+06

305.0  0.9257713E+06

305.2  0.9255004E+06

305.4  0.9252257E+06

305.6  0.9249474E+06

305.8  0.9246653E+06

306.0  0.9243796E+06

306.2  0.9240903E+06

306.4  0.9237974E+06

306.6  0.9235010E+06

306.8  0.9232011E+06

307.0  0.9228976E+06

307.2  0.9225907E+06

307.4  0.9222804E+06

307.6  0.9219667E+06

307.8  0.9216497E+06

308.0  0.9213293E+06

308.2  0.9210056E+06

308.4  0.9206787E+06

308.6  0.9203485E+06

308.8  0.9200151E+06

309.0  0.9196785E+06

309.2  0.9193387E+06

309.4  0.9189959E+06

309.6  0.9186499E+06

309.8  0.9183009E+06

310.0  0.9179488E+06

310.2  0.9175937E+06

310.4  0.9172357E+06

310.6  0.9168747E+06

310.8  0.9165107E+06

311.0  0.9161439E+06

311.2  0.9157742E+06

311.4  0.9154017E+06

311.6  0.9150263E+06

311.8  0.9146482E+06

312.0  0.9142673E+06

312.2  0.9138837E+06

312.4  0.9134973E+06

312.6  0.9131083E+06

312.8  0.9127166E+06

313.0  0.9123223E+06

313.2  0.9119254E+06

313.4  0.9115259E+06

313.6  0.9111239E+06

313.8  0.9107193E+06

314.0  0.9103122E+06

314.2  0.9099027E+06

314.4  0.9094907E+06

314.6  0.9090762E+06

314.8  0.9086594E+06

315.0  0.9082402E+06

315.2  0.9078186E+06

315.4  0.9073947E+06

315.6  0.9069685E+06

315.8  0.9065400E+06

316.0  0.9061092E+06

316.2  0.9056762E+06

316.4  0.9052410E+06

316.6  0.9048036E+06

316.8  0.9043640E+06

317.0  0.9039223E+06

317.2  0.9034785E+06

317.4  0.9030325E+06

317.6  0.9025845E+06

317.8  0.9021344E+06

318.0  0.9016823E+06

318.2  0.9012281E+06

318.4  0.9007720E+06

318.6  0.9003139E+06

318.8  0.8998539E+06

319.0  0.8993919E+06

319.2  0.8989280E+06

319.4  0.8984622E+06

319.6  0.8979946E+06

319.8  0.8975251E+06

320.0  0.8970538E+06

320.2  0.8965807E+06

320.4  0.8961058E+06

320.6  0.8956291E+06

320.8  0.8951507E+06

321.0  0.8946705E+06

321.2  0.8941887E+06

321.4  0.8937051E+06

321.6  0.8932199E+06

321.8  0.8927331E+06

322.0  0.8922446E+06

322.2  0.8917544E+06

322.4  0.8912627E+06

322.6  0.8907695E+06

322.8  0.8902746E+06

323.0  0.8897782E+06

323.2  0.8892803E+06

323.4  0.8887809E+06

323.6  0.8882801E+06

323.8  0.8877777E+06

324.0  0.8872739E+06

324.2  0.8867686E+06

324.4  0.8862620E+06

324.6  0.8857539E+06

324.8  0.8852445E+06

325.0  0.8847337E+06

325.2  0.8842215E+06

325.4  0.8837080E+06

325.6  0.8831932E+06

325.8  0.8826771E+06

326.0  0.8821597E+06

326.2  0.8816410E+06

326.4  0.8811211E+06

326.6  0.8806000E+06

326.8  0.8800776E+06

327.0  0.8795540E+06

327.2  0.8790292E+06

327.4  0.8785033E+06

327.6  0.8779762E+06

327.8  0.8774479E+06

328.0  0.8769185E+06

328.2  0.8763880E+06

328.4  0.8758564E+06

328.6  0.8753238E+06

328.8  0.8747900E+06

329.0  0.8742552E+06

329.2  0.8737193E+06

329.4  0.8731824E+06

329.6  0.8726445E+06

329.8  0.8721056E+06

330.0  0.8715657E+06

330.2  0.8710249E+06

330.4  0.8704830E+06

330.6  0.8699403E+06

330.8  0.8693966E+06

331.0  0.8688519E+06

331.2  0.8683064E+06

331.4  0.8677599E+06

331.6  0.8672126E+06

331.8  0.8666644E+06

332.0  0.8661154E+06

332.2  0.8655655E+06

332.4  0.8650148E+06

332.6  0.8644632E+06

332.8  0.8639109E+06

333.0  0.8633577E+06

333.2  0.8628038E+06

333.4  0.8622491E+06

333.6  0.8616936E+06

333.8  0.8611374E+06

334.0  0.8605805E+06

334.2  0.8600228E+06

334.4  0.8594644E+06

334.6  0.8589053E+06

334.8  0.8583456E+06

335.0  0.8577851E+06

335.2  0.8572240E+06

335.4  0.8566622E+06

335.6  0.8560997E+06

335.8  0.8555367E+06

336.0  0.8549730E+06

336.2  0.8544087E+06

336.4  0.8538437E+06

336.6  0.8532782E+06

336.8  0.8527121E+06

337.0  0.8521454E+06

337.2  0.8515782E+06

337.4  0.8510104E+06

337.6  0.8504421E+06

337.8  0.8498732E+06

338.0  0.8493038E+06

338.2  0.8487339E+06

338.4  0.8481635E+06

338.6  0.8475926E+06

338.8  0.8470212E+06

339.0  0.8464493E+06

339.2  0.8458769E+06

339.4  0.8453041E+06

339.6  0.8447309E+06

339.8  0.8441572E+06

340.0  0.8435830E+06

340.2  0.8430085E+06

340.4  0.8424335E+06

340.6  0.8418581E+06

340.8  0.8412824E+06

341.0  0.8407062E+06

341.2  0.8401297E+06

341.4  0.8395528E+06

341.6  0.8389755E+06

341.8  0.8383979E+06

342.0  0.8378199E+06

342.2  0.8372416E+06

342.4  0.8366629E+06

342.6  0.8360839E+06

342.8  0.8355046E+06

343.0  0.8349250E+06

343.2  0.8343451E+06

343.4  0.8337650E+06

343.6  0.8331845E+06

343.8  0.8326037E+06

344.0  0.8320227E+06

344.2  0.8314414E+06

344.4  0.8308599E+06

344.6  0.8302781E+06

344.8  0.8296961E+06

345.0  0.8291138E+06

345.2  0.8285313E+06

345.4  0.8279486E+06

345.6  0.8273657E+06

345.8  0.8267825E+06

346.0  0.8261992E+06

346.2  0.8256157E+06

346.4  0.8250320E+06

346.6  0.8244481E+06

346.8  0.8238640E+06

347.0  0.8232798E+06

347.2  0.8226954E+06

347.4  0.8221109E+06

347.6  0.8215262E+06

347.8  0.8209414E+06

348.0  0.8203564E+06

348.2  0.8197713E+06

348.4  0.8191861E+06

348.6  0.8186007E+06

348.8  0.8180153E+06

349.0  0.8174297E+06

349.2  0.8168441E+06

349.4  0.8162583E+06

349.6  0.8156725E+06

349.8  0.8150866E+06

350.0  0.8145006E+06

350.2  0.8139145E+06

350.4  0.8133284E+06

350.6  0.8127422E+06

350.8  0.8121560E+06

351.0  0.8115697E+06

351.2  0.8109833E+06

351.4  0.8103969E+06

351.6  0.8098105E+06

351.8  0.8092241E+06

352.0  0.8086376E+06

352.2  0.8080511E+06

352.4  0.8074646E+06

352.6  0.8068781E+06

352.8  0.8062916E+06

353.0  0.8057051E+06

353.2  0.8051186E+06

353.4  0.8045321E+06

353.6  0.8039456E+06

353.8  0.8033591E+06

354.0  0.8027727E+06

354.2  0.8021863E+06

354.4  0.8015999E+06

354.6  0.8010136E+06

354.8  0.8004273E+06

355.0  0.7998410E+06

355.2  0.7992548E+06

355.4  0.7986687E+06

355.6  0.7980826E+06

355.8  0.7974966E+06

356.0  0.7969106E+06

356.2  0.7963247E+06

356.4  0.7957389E+06

356.6  0.7951532E+06

356.8  0.7945675E+06

357.0  0.7939820E+06

357.2  0.7933965E+06

357.4  0.7928111E+06

357.6  0.7922259E+06

357.8  0.7916407E+06

358.0  0.7910556E+06

358.2  0.7904707E+06

358.4  0.7898858E+06

358.6  0.7893011E+06

358.8  0.7887165E+06

359.0  0.7881320E+06

359.2  0.7875477E+06

359.4  0.7869635E+06

359.6  0.7863794E+06

359.8  0.7857954E+06

360.0  0.7852116E+06

360.2  0.7846280E+06

360.4  0.7840445E+06

360.6  0.7834611E+06

360.8  0.7828779E+06

361.0  0.7822949E+06

361.2  0.7817120E+06

361.4  0.7811293E+06

361.6  0.7805467E+06

361.8  0.7799644E+06

362.0  0.7793822E+06

362.2  0.7788001E+06

362.4  0.7782183E+06

362.6  0.7776366E+06

362.8  0.7770551E+06

363.0  0.7764739E+06

363.2  0.7758928E+06

363.4  0.7753118E+06

363.6  0.7747311E+06

363.8  0.7741506E+06

364.0  0.7735703E+06

364.2  0.7729902E+06

364.4  0.7724103E+06

364.6  0.7718306E+06

364.8  0.7712512E+06

365.0  0.7706719E+06

365.2  0.7700929E+06

365.4  0.7695141E+06

365.6  0.7689355E+06

365.8  0.7683571E+06

366.0  0.7677789E+06

366.2  0.7672010E+06

366.4  0.7666234E+06

366.6  0.7660459E+06

366.8  0.7654687E+06

367.0  0.7648917E+06

367.2  0.7643150E+06

367.4  0.7637385E+06

367.6  0.7631623E+06

367.8  0.7625863E+06

368.0  0.7620106E+06

368.2  0.7614351E+06

368.4  0.7608598E+06

368.6  0.7602849E+06

368.8  0.7597102E+06

369.0  0.7591357E+06

369.2  0.7585615E+06

369.4  0.7579876E+06

369.6  0.7574139E+06

369.8  0.7568406E+06

370.0  0.7562674E+06

370.2  0.7556946E+06

370.4  0.7551220E+06

370.6  0.7545497E+06

370.8  0.7539777E+06

371.0  0.7534060E+06

371.2  0.7528345E+06

371.4  0.7522634E+06

371.6  0.7516925E+06

371.8  0.7511219E+06

372.0  0.7505516E+06

372.2  0.7499816E+06

372.4  0.7494118E+06

372.6  0.7488424E+06

372.8  0.7482733E+06

373.0  0.7477044E+06

373.2  0.7471359E+06

373.4  0.7465677E+06

373.6  0.7459997E+06

373.8  0.7454321E+06

374.0  0.7448648E+06

374.2  0.7442977E+06

374.4  0.7437310E+06

374.6  0.7431646E+06

374.8  0.7425985E+06

375.0  0.7420328E+06

375.2  0.7414673E+06

375.4  0.7409021E+06

375.6  0.7403373E+06

375.8  0.7397728E+06

376.0  0.7392086E+06

376.2  0.7386447E+06

376.4  0.7380812E+06

376.6  0.7375179E+06

376.8  0.7369550E+06

377.0  0.7363924E+06

377.2  0.7358302E+06

377.4  0.7352682E+06

377.6  0.7347066E+06

377.8  0.7341454E+06

378.0  0.7335844E+06

378.2  0.7330238E+06

378.4  0.7324636E+06

378.6  0.7319036E+06

378.8  0.7313440E+06

379.0  0.7307848E+06

379.2  0.7302258E+06

379.4  0.7296672E+06

379.6  0.7291090E+06

379.8  0.7285511E+06

380.0  0.7279935E+06

380.2  0.7274363E+06

380.4  0.7268794E+06

380.6  0.7263229E+06

380.8  0.7257667E+06

381.0  0.7252109E+06

381.2  0.7246554E+06

381.4  0.7241003E+06

381.6  0.7235455E+06

381.8  0.7229910E+06

382.0  0.7224369E+06

382.2  0.7218832E+06

382.4  0.7213298E+06

382.6  0.7207768E+06

382.8  0.7202241E+06

383.0  0.7196718E+06

383.2  0.7191199E+06

383.4  0.7185683E+06

383.6  0.7180170E+06

383.8  0.7174661E+06

384.0  0.7169156E+06

384.2  0.7163654E+06

384.4  0.7158156E+06

384.6  0.7152662E+06

384.8  0.7147171E+06

385.0  0.7141684E+06

385.2  0.7136200E+06

385.4  0.7130721E+06

385.6  0.7125244E+06

385.8  0.7119772E+06

386.0  0.7114303E+06

386.2  0.7108838E+06

386.4  0.7103376E+06

386.6  0.7097918E+06

386.8  0.7092464E+06

387.0  0.7087014E+06

387.2  0.7081567E+06

387.4  0.7076124E+06

387.6  0.7070685E+06

387.8  0.7065249E+06

388.0  0.7059817E+06

388.2  0.7054389E+06

388.4  0.7048965E+06

388.6  0.7043544E+06

388.8  0.7038127E+06

389.0  0.7032714E+06

389.2  0.7027304E+06

389.4  0.7021899E+06

389.6  0.7016497E+06

389.8  0.7011099E+06

390.0  0.7005704E+06

390.2  0.7000314E+06

390.4  0.6994927E+06

390.6  0.6989544E+06

390.8  0.6984165E+06

391.0  0.6978789E+06

391.2  0.6973418E+06

391.4  0.6968050E+06

391.6  0.6962686E+06

391.8  0.6957326E+06

392.0  0.6951969E+06

392.2  0.6946617E+06

392.4  0.6941268E+06

392.6  0.6935923E+06

392.8  0.6930582E+06

393.0  0.6925245E+06

393.2  0.6919911E+06

393.4  0.6914582E+06

393.6  0.6909256E+06

393.8  0.6903934E+06

394.0  0.6898616E+06

394.2  0.6893302E+06

394.4  0.6887991E+06

394.6  0.6882685E+06

394.8  0.6877382E+06

395.0  0.6872084E+06

395.2  0.6866789E+06

395.4  0.6861498E+06

395.6  0.6856210E+06

395.8  0.6850927E+06

396.0  0.6845648E+06

396.2  0.6840372E+06

396.4  0.6835100E+06

396.6  0.6829833E+06

396.8  0.6824569E+06

397.0  0.6819309E+06

397.2  0.6814052E+06

397.4  0.6808800E+06

397.6  0.6803552E+06

397.8  0.6798307E+06

398.0  0.6793067E+06

398.2  0.6787830E+06

398.4  0.6782597E+06

398.6  0.6777368E+06

398.8  0.6772143E+06

399.0  0.6766922E+06

399.2  0.6761705E+06

399.4  0.6756492E+06

399.6  0.6751282E+06

399.8  0.6746077E+06

400.0  0.6740875E+06

400.2  0.6735677E+06

400.4  0.6730483E+06

400.6  0.6725294E+06

400.8  0.6720108E+06

401.0  0.6714925E+06

401.2  0.6709747E+06

401.4  0.6704573E+06

401.6  0.6699403E+06

401.8  0.6694236E+06

402.0  0.6689074E+06

402.2  0.6683915E+06

402.4  0.6678760E+06

402.6  0.6673610E+06

402.8  0.6668463E+06

403.0  0.6663320E+06

403.2  0.6658181E+06

403.4  0.6653046E+06

403.6  0.6647914E+06

403.8  0.6642787E+06

404.0  0.6637664E+06

404.2  0.6632544E+06

404.4  0.6627429E+06

404.6  0.6622317E+06

404.8  0.6617209E+06

405.0  0.6612106E+06

405.2  0.6607006E+06

405.4  0.6601910E+06

405.6  0.6596818E+06

405.8  0.6591729E+06

406.0  0.6586645E+06

406.2  0.6581565E+06

406.4  0.6576489E+06

406.6  0.6571416E+06

406.8  0.6566347E+06

407.0  0.6561283E+06

407.2  0.6556222E+06

407.4  0.6551165E+06

407.6  0.6546112E+06

407.8  0.6541063E+06

408.0  0.6536018E+06

408.2  0.6530977E+06

408.4  0.6525940E+06

408.6  0.6520906E+06

408.8  0.6515877E+06

409.0  0.6510851E+06

409.2  0.6505830E+06

409.4  0.6500812E+06

409.6  0.6495798E+06

409.8  0.6490788E+06

410.0  0.6485782E+06

410.2  0.6480780E+06

410.4  0.6475782E+06

410.6  0.6470787E+06

410.8  0.6465797E+06

411.0  0.6460810E+06

411.2  0.6455827E+06

411.4  0.6450849E+06

411.6  0.6445874E+06

411.8  0.6440903E+06

412.0  0.6435936E+06

412.2  0.6430973E+06

412.4  0.6426013E+06

412.6  0.6421058E+06

412.8  0.6416106E+06

413.0  0.6411159E+06

413.2  0.6406215E+06

413.4  0.6401275E+06

413.6  0.6396339E+06

413.8  0.6391407E+06

414.0  0.6386479E+06

414.2  0.6381554E+06

414.4  0.6376634E+06

414.6  0.6371717E+06

414.8  0.6366804E+06

415.0  0.6361895E+06

415.2  0.6356990E+06

415.4  0.6352089E+06

415.6  0.6347192E+06

415.8  0.6342299E+06

416.0  0.6337409E+06

416.2  0.6332523E+06

416.4  0.6327642E+06

416.6  0.6322764E+06

416.8  0.6317889E+06

417.0  0.6313019E+06

417.2  0.6308153E+06

417.4  0.6303290E+06

417.6  0.6298431E+06

417.8  0.6293577E+06

418.0  0.6288725E+06

418.2  0.6283878E+06

418.4  0.6279035E+06

418.6  0.6274195E+06

418.8  0.6269360E+06

419.0  0.6264528E+06

419.2  0.6259700E+06

419.4  0.6254876E+06

419.6  0.6250055E+06

419.8  0.6245239E+06

420.0  0.6240426E+06

420.2  0.6235617E+06

420.4  0.6230812E+06

420.6  0.6226011E+06

420.8  0.6221213E+06

421.0  0.6216420E+06

421.2  0.6211630E+06

421.4  0.6206844E+06

421.6  0.6202062E+06

421.8  0.6197283E+06

422.0  0.6192509E+06

422.2  0.6187738E+06

422.4  0.6182971E+06

422.6  0.6178208E+06

422.8  0.6173448E+06

423.0  0.6168693E+06

423.2  0.6163941E+06

423.4  0.6159193E+06

423.6  0.6154449E+06

423.8  0.6149708E+06

424.0  0.6144972E+06

424.2  0.6140239E+06

424.4  0.6135509E+06

424.6  0.6130784E+06

424.8  0.6126063E+06

425.0  0.6121345E+06

425.2  0.6116631E+06

425.4  0.6111920E+06

425.6  0.6107214E+06

425.8  0.6102511E+06

426.0  0.6097812E+06

426.2  0.6093117E+06

426.4  0.6088425E+06

426.6  0.6083737E+06

426.8  0.6079053E+06

427.0  0.6074373E+06

427.2  0.6069697E+06

427.4  0.6065024E+06

427.6  0.6060355E+06

427.8  0.6055689E+06

428.0  0.6051028E+06

428.2  0.6046370E+06

428.4  0.6041716E+06

428.6  0.6037065E+06

428.8  0.6032419E+06

429.0  0.6027776E+06

429.2  0.6023136E+06

429.4  0.6018501E+06

429.6  0.6013869E+06

429.8  0.6009241E+06

430.0  0.6004616E+06

430.2  0.5999996E+06

430.4  0.5995379E+06

430.6  0.5990765E+06

430.8  0.5986156E+06

431.0  0.5981550E+06

431.2  0.5976948E+06

431.4  0.5972349E+06

431.6  0.5967754E+06

431.8  0.5963163E+06

432.0  0.5958575E+06

432.2  0.5953991E+06

432.4  0.5949411E+06

432.6  0.5944835E+06

432.8  0.5940262E+06

433.0  0.5935693E+06

433.2  0.5931127E+06

433.4  0.5926565E+06

433.6  0.5922007E+06

433.8  0.5917453E+06

434.0  0.5912902E+06

434.2  0.5908354E+06

434.4  0.5903811E+06

434.6  0.5899271E+06

434.8  0.5894735E+06

435.0  0.5890202E+06

435.2  0.5885673E+06

435.4  0.5881147E+06

435.6  0.5876626E+06

435.8  0.5872107E+06

436.0  0.5867593E+06

436.2  0.5863082E+06

436.4  0.5858575E+06

436.6  0.5854071E+06

436.8  0.5849571E+06

437.0  0.5845074E+06

437.2  0.5840582E+06

437.4  0.5836092E+06

437.6  0.5831607E+06

437.8  0.5827125E+06

438.0  0.5822646E+06

438.2  0.5818171E+06

438.4  0.5813700E+06

438.6  0.5809232E+06

438.8  0.5804768E+06

439.0  0.5800308E+06

439.2  0.5795851E+06

439.4  0.5791397E+06

439.6  0.5786947E+06

439.8  0.5782501E+06

440.0  0.5778058E+06

440.2  0.5773619E+06

440.4  0.5769184E+06

440.6  0.5764752E+06

440.8  0.5760323E+06

441.0  0.5755898E+06

441.2  0.5751477E+06

441.4  0.5747059E+06

441.6  0.5742645E+06

441.8  0.5738234E+06

442.0  0.5733827E+06

442.2  0.5729423E+06

442.4  0.5725023E+06

442.6  0.5720627E+06

442.8  0.5716234E+06

443.0  0.5711844E+06

443.2  0.5707458E+06

443.4  0.5703076E+06

443.6  0.5698697E+06

443.8  0.5694321E+06

444.0  0.5689949E+06

444.2  0.5685581E+06

444.4  0.5681216E+06

444.6  0.5676854E+06

444.8  0.5672496E+06

445.0  0.5668142E+06

445.2  0.5663791E+06

445.4  0.5659443E+06

445.6  0.5655099E+06

445.8  0.5650759E+06

446.0  0.5646422E+06

446.2  0.5642088E+06

446.4  0.5637758E+06

446.6  0.5633431E+06

446.8  0.5629108E+06

447.0  0.5624789E+06

447.2  0.5620472E+06

447.4  0.5616159E+06

447.6  0.5611850E+06

447.8  0.5607544E+06

448.0  0.5603242E+06

448.2  0.5598943E+06

448.4  0.5594647E+06

448.6  0.5590355E+06

448.8  0.5586067E+06

449.0  0.5581781E+06

449.2  0.5577499E+06

449.4  0.5573221E+06

449.6  0.5568946E+06

449.8  0.5564675E+06

450.0  0.5560407E+06

450.2  0.5556142E+06

450.4  0.5551881E+06

450.6  0.5547623E+06

450.8  0.5543368E+06

451.0  0.5539117E+06

451.2  0.5534870E+06

451.4  0.5530625E+06

451.6  0.5526384E+06

451.8  0.5522147E+06

452.0  0.5517913E+06

452.2  0.5513682E+06

452.4  0.5509455E+06

452.6  0.5505231E+06

452.8  0.5501010E+06

453.0  0.5496793E+06

453.2  0.5492579E+06

453.4  0.5488369E+06

453.6  0.5484162E+06

453.8  0.5479958E+06

454.0  0.5475758E+06

454.2  0.5471561E+06

454.4  0.5467367E+06

454.6  0.5463177E+06

454.8  0.5458990E+06

455.0  0.5454807E+06

455.2  0.5450626E+06

455.4  0.5446449E+06

455.6  0.5442276E+06

455.8  0.5438106E+06

456.0  0.5433939E+06

456.2  0.5429775E+06

456.4  0.5425615E+06

456.6  0.5421458E+06

456.8  0.5417305E+06

457.0  0.5413154E+06

457.2  0.5409007E+06

457.4  0.5404864E+06

457.6  0.5400723E+06

457.8  0.5396586E+06

458.0  0.5392453E+06

458.2  0.5388322E+06

458.4  0.5384195E+06

458.6  0.5380071E+06

458.8  0.5375951E+06

459.0  0.5371833E+06

459.2  0.5367719E+06

459.4  0.5363609E+06

459.6  0.5359501E+06

459.8  0.5355397E+06

460.0  0.5351296E+06

460.2  0.5347199E+06

460.4  0.5343104E+06

460.6  0.5339013E+06

460.8  0.5334925E+06

461.0  0.5330841E+06

461.2  0.5326760E+06

461.4  0.5322682E+06

461.6  0.5318607E+06

461.8  0.5314535E+06

462.0  0.5310467E+06

462.2  0.5306402E+06

462.4  0.5302340E+06

462.6  0.5298282E+06

462.8  0.5294226E+06

463.0  0.5290174E+06

463.2  0.5286125E+06

463.4  0.5282079E+06

463.6  0.5278037E+06

463.8  0.5273998E+06

464.0  0.5269962E+06

464.2  0.5265929E+06

464.4  0.5261899E+06

464.6  0.5257873E+06

464.8  0.5253850E+06

465.0  0.5249830E+06

465.2  0.5245813E+06

465.4  0.5241800E+06

465.6  0.5237789E+06

465.8  0.5233782E+06

466.0  0.5229778E+06

466.2  0.5225777E+06

466.4  0.5221779E+06

466.6  0.5217785E+06

466.8  0.5213794E+06

467.0  0.5209806E+06

467.2  0.5205821E+06

467.4  0.5201839E+06

467.6  0.5197860E+06

467.8  0.5193885E+06

468.0  0.5189912E+06

468.2  0.5185943E+06

468.4  0.5181977E+06

468.6  0.5178015E+06

468.8  0.5174055E+06

469.0  0.5170098E+06

469.2  0.5166145E+06

469.4  0.5162195E+06

469.6  0.5158248E+06

469.8  0.5154304E+06

470.0  0.5150363E+06

470.2  0.5146425E+06

470.4  0.5142490E+06

470.6  0.5138559E+06

470.8  0.5134630E+06

471.0  0.5130705E+06

471.2  0.5126783E+06

471.4  0.5122864E+06

471.6  0.5118948E+06

471.8  0.5115035E+06

472.0  0.5111126E+06

472.2  0.5107219E+06

472.4  0.5103316E+06

472.6  0.5099415E+06

472.8  0.5095518E+06

473.0  0.5091624E+06

473.2  0.5087732E+06

473.4  0.5083844E+06

473.6  0.5079959E+06

473.8  0.5076077E+06

474.0  0.5072199E+06

474.2  0.5068323E+06

474.4  0.5064450E+06

474.6  0.5060581E+06

474.8  0.5056714E+06

475.0  0.5052850E+06

475.2  0.5048990E+06

475.4  0.5045133E+06

475.6  0.5041278E+06

475.8  0.5037427E+06

476.0  0.5033579E+06

476.2  0.5029734E+06

476.4  0.5025892E+06

476.6  0.5022052E+06

476.8  0.5018216E+06

477.0  0.5014383E+06

477.2  0.5010553E+06

477.4  0.5006726E+06

477.6  0.5002902E+06

477.8  0.4999081E+06

478.0  0.4995264E+06

478.2  0.4991449E+06

478.4  0.4987637E+06

478.6  0.4983828E+06

478.8  0.4980022E+06

479.0  0.4976219E+06

479.2  0.4972419E+06

479.4  0.4968623E+06

479.6  0.4964829E+06

479.8  0.4961038E+06

480.0  0.4957250E+06

480.2  0.4953465E+06

480.4  0.4949683E+06

480.6  0.4945905E+06

480.8  0.4942129E+06

481.0  0.4938356E+06

481.2  0.4934586E+06

481.4  0.4930819E+06

481.6  0.4927055E+06

481.8  0.4923294E+06

482.0  0.4919536E+06

482.2  0.4915781E+06

482.4  0.4912029E+06

482.6  0.4908280E+06

482.8  0.4904533E+06

483.0  0.4900790E+06

483.2  0.4897050E+06

483.4  0.4893312E+06

483.6  0.4889578E+06

483.8  0.4885847E+06

484.0  0.4882118E+06

484.2  0.4878393E+06

484.4  0.4874670E+06

484.6  0.4870950E+06

484.8  0.4867233E+06

485.0  0.4863520E+06

485.2  0.4859809E+06

485.4  0.4856101E+06

485.6  0.4852396E+06

485.8  0.4848693E+06

486.0  0.4844994E+06

486.2  0.4841298E+06

486.4  0.4837604E+06

486.6  0.4833914E+06

486.8  0.4830226E+06

487.0  0.4826542E+06

487.2  0.4822860E+06

487.4  0.4819181E+06

487.6  0.4815505E+06

487.8  0.4811832E+06

488.0  0.4808162E+06

488.2  0.4804494E+06

488.4  0.4800830E+06

488.6  0.4797168E+06

488.8  0.4793510E+06

489.0  0.4789854E+06

489.2  0.4786201E+06

489.4  0.4782551E+06

489.6  0.4778904E+06

489.8  0.4775259E+06

490.0  0.4771618E+06

490.2  0.4767979E+06

490.4  0.4764343E+06

490.6  0.4760710E+06

490.8  0.4757080E+06

491.0  0.4753453E+06

491.2  0.4749829E+06

491.4  0.4746207E+06

491.6  0.4742589E+06

491.8  0.4738973E+06

492.0  0.4735360E+06

492.2  0.4731750E+06

492.4  0.4728143E+06

492.6  0.4724538E+06

492.8  0.4720936E+06

493.0  0.4717338E+06

493.2  0.4713742E+06

493.4  0.4710148E+06

493.6  0.4706558E+06

493.8  0.4702971E+06

494.0  0.4699386E+06

494.2  0.4695804E+06

494.4  0.4692225E+06

494.6  0.4688649E+06

494.8  0.4685075E+06

495.0  0.4681504E+06

495.2  0.4677937E+06

495.4  0.4674371E+06

495.6  0.4670809E+06

495.8  0.4667250E+06

496.0  0.4663693E+06

496.2  0.4660139E+06

496.4  0.4656588E+06

496.6  0.4653040E+06

496.8  0.4649494E+06

497.0  0.4645951E+06

497.2  0.4642411E+06

497.4  0.4638874E+06

497.6  0.4635339E+06

497.8  0.4631808E+06

498.0  0.4628279E+06

498.2  0.4624753E+06

498.4  0.4621229E+06

498.6  0.4617709E+06

498.8  0.4614191E+06

499.0  0.4610675E+06

499.2  0.4607163E+06

499.4  0.4603653E+06

499.6  0.4600147E+06

499.8  0.4596642E+06

500.0  0.4593141E+06

