100  0.1812741E+04

100.2  0.2018232E+04

100.4  0.2233535E+04

100.6  0.2458205E+04

100.8  0.2691785E+04

101.0  0.2933816E+04

101.2  0.3183838E+04

101.4  0.3441400E+04

101.6  0.3706054E+04

101.8  0.3977364E+04

102.0  0.4254907E+04

102.2  0.4538271E+04

102.4  0.4827060E+04

102.6  0.5120891E+04

102.8  0.5419400E+04

103.0  0.5722235E+04

103.2  0.6029062E+04

103.4  0.6339563E+04

103.6  0.6653434E+04

103.8  0.6970388E+04

104.0  0.7290153E+04

104.2  0.7612471E+04

104.4  0.7937098E+04

104.6  0.8263804E+04

104.8  0.8592373E+04

105.0  0.8922600E+04

105.2  0.9254294E+04

105.4  0.9587275E+04

105.6  0.9921372E+04

105.8  0.1025643E+05

106.0  0.1059230E+05

106.2  0.1092883E+05

106.4  0.1126591E+05

106.6  0.1160341E+05

106.8  0.1194122E+05

107.0  0.1227923E+05

107.2  0.1261734E+05

107.4  0.1295546E+05

107.6  0.1329352E+05

107.8  0.1363142E+05

108.0  0.1396910E+05

108.2  0.1430649E+05

108.4  0.1464353E+05

108.6  0.1498016E+05

108.8  0.1531633E+05

109.0  0.1565199E+05

109.2  0.1598710E+05

109.4  0.1632161E+05

109.6  0.1665550E+05

109.8  0.1698872E+05

110.0  0.1732125E+05

110.2  0.1765306E+05

110.4  0.1798413E+05

110.6  0.1831443E+05

110.8  0.1864395E+05

111.0  0.1897267E+05

111.2  0.1930058E+05

111.4  0.1962765E+05

111.6  0.1995389E+05

111.8  0.2027929E+05

112.0  0.2060383E+05

112.2  0.2092751E+05

112.4  0.2125033E+05

112.6  0.2157229E+05

112.8  0.2189338E+05

113.0  0.2221361E+05

113.2  0.2253297E+05

113.4  0.2285147E+05

113.6  0.2316911E+05

113.8  0.2348590E+05

114.0  0.2380183E+05

114.2  0.2411693E+05

114.4  0.2443118E+05

114.6  0.2474461E+05

114.8  0.2505721E+05

115.0  0.2536901E+05

115.2  0.2567999E+05

115.4  0.2599019E+05

115.6  0.2629960E+05

115.8  0.2660823E+05

116.0  0.2691610E+05

116.2  0.2722322E+05

116.4  0.2752961E+05

116.6  0.2783526E+05

116.8  0.2814020E+05

117.0  0.2844443E+05

117.2  0.2874798E+05

117.4  0.2905084E+05

117.6  0.2935305E+05

117.8  0.2965460E+05

118.0  0.2995552E+05

118.2  0.3025581E+05

118.4  0.3055549E+05

118.6  0.3085458E+05

118.8  0.3115309E+05

119.0  0.3145103E+05

119.2  0.3174841E+05

119.4  0.3204526E+05

119.6  0.3234158E+05

119.8  0.3263739E+05

120.0  0.3293271E+05

120.2  0.3322755E+05

120.4  0.3352192E+05

120.6  0.3381583E+05

120.8  0.3410931E+05

121.0  0.3440237E+05

121.2  0.3469501E+05

121.4  0.3498727E+05

121.6  0.3527914E+05

121.8  0.3557064E+05

122.0  0.3586180E+05

122.2  0.3615261E+05

122.4  0.3644311E+05

122.6  0.3673330E+05

122.8  0.3702319E+05

123.0  0.3731280E+05

123.2  0.3760214E+05

123.4  0.3789123E+05

123.6  0.3818009E+05

123.8  0.3846872E+05

124.0  0.3875714E+05

124.2  0.3904536E+05

124.4  0.3933340E+05

124.6  0.3962127E+05

124.8  0.3990898E+05

125.0  0.4019655E+05

125.2  0.4048400E+05

125.4  0.4077132E+05

125.6  0.4105855E+05

125.8  0.4134568E+05

126.0  0.4163274E+05

126.2  0.4191974E+05

126.4  0.4220669E+05

126.6  0.4249359E+05

126.8  0.4278048E+05

127.0  0.4306735E+05

127.2  0.4335423E+05

127.4  0.4364112E+05

127.6  0.4392803E+05

127.8  0.4421499E+05

128.0  0.4450199E+05

128.2  0.4478906E+05

128.4  0.4507621E+05

128.6  0.4536344E+05

128.8  0.4565078E+05

129.0  0.4593822E+05

129.2  0.4622579E+05

129.4  0.4651350E+05

129.6  0.4680135E+05

129.8  0.4708937E+05

130.0  0.4737755E+05

130.2  0.4766592E+05

130.4  0.4795448E+05

130.6  0.4824325E+05

130.8  0.4853224E+05

131.0  0.4882146E+05

131.2  0.4911091E+05

131.4  0.4940062E+05

131.6  0.4969059E+05

131.8  0.4998083E+05

132.0  0.5027136E+05

132.2  0.5056218E+05

132.4  0.5085331E+05

132.6  0.5114475E+05

132.8  0.5143653E+05

133.0  0.5172864E+05

133.2  0.5202111E+05

133.4  0.5231393E+05

133.6  0.5260713E+05

133.8  0.5290070E+05

134.0  0.5319467E+05

134.2  0.5348904E+05

134.4  0.5378382E+05

134.6  0.5407903E+05

134.8  0.5437467E+05

135.0  0.5467075E+05

135.2  0.5496728E+05

135.4  0.5526428E+05

135.6  0.5556176E+05

135.8  0.5585971E+05

136.0  0.5615816E+05

136.2  0.5645712E+05

136.4  0.5675659E+05

136.6  0.5705658E+05

136.8  0.5735710E+05

137.0  0.5765817E+05

137.2  0.5795979E+05

137.4  0.5826197E+05

137.6  0.5856473E+05

137.8  0.5886807E+05

138.0  0.5917200E+05

138.2  0.5947653E+05

138.4  0.5978167E+05

138.6  0.6008743E+05

138.8  0.6039382E+05

139.0  0.6070084E+05

139.2  0.6100852E+05

139.4  0.6131686E+05

139.6  0.6162586E+05

139.8  0.6193553E+05

140.0  0.6224590E+05

140.2  0.6255695E+05

140.4  0.6286872E+05

140.6  0.6318119E+05

140.8  0.6349439E+05

141.0  0.6380832E+05

141.2  0.6412298E+05

141.4  0.6443840E+05

141.6  0.6475458E+05

141.8  0.6507152E+05

142.0  0.6538925E+05

142.2  0.6570775E+05

142.4  0.6602705E+05

142.6  0.6634716E+05

142.8  0.6666808E+05

143.0  0.6698982E+05

143.2  0.6731239E+05

143.4  0.6763580E+05

143.6  0.6796005E+05

143.8  0.6828517E+05

144.0  0.6861115E+05

144.2  0.6893800E+05

144.4  0.6926574E+05

144.6  0.6959437E+05

144.8  0.6992390E+05

145.0  0.7025434E+05

145.2  0.7058570E+05

145.4  0.7091799E+05

145.6  0.7125121E+05

145.8  0.7158538E+05

146.0  0.7192050E+05

146.2  0.7225659E+05

146.4  0.7259364E+05

146.6  0.7293167E+05

146.8  0.7327070E+05

147.0  0.7361072E+05

147.2  0.7395174E+05

147.4  0.7429378E+05

147.6  0.7463685E+05

147.8  0.7498094E+05

148.0  0.7532607E+05

148.2  0.7567226E+05

148.4  0.7601950E+05

148.6  0.7636781E+05

148.8  0.7671719E+05

149.0  0.7706766E+05

149.2  0.7741922E+05

149.4  0.7777188E+05

149.6  0.7812565E+05

149.8  0.7848053E+05

150.0  0.7883655E+05

150.2  0.7919370E+05

150.4  0.7955199E+05

150.6  0.7991144E+05

150.8  0.8027205E+05

151.0  0.8063383E+05

151.2  0.8099679E+05

151.4  0.8136093E+05

151.6  0.8172628E+05

151.8  0.8209282E+05

152.0  0.8246059E+05

152.2  0.8282957E+05

152.4  0.8319978E+05

152.6  0.8357124E+05

152.8  0.8394394E+05

153.0  0.8431790E+05

153.2  0.8469313E+05

153.4  0.8506963E+05

153.6  0.8544742E+05

153.8  0.8582650E+05

154.0  0.8620688E+05

154.2  0.8658857E+05

154.4  0.8697158E+05

154.6  0.8735591E+05

154.8  0.8774159E+05

155.0  0.8812861E+05

155.2  0.8851698E+05

155.4  0.8890672E+05

155.6  0.8929783E+05

155.8  0.8969032E+05

156.0  0.9008420E+05

156.2  0.9047948E+05

156.4  0.9087617E+05

156.6  0.9127428E+05

156.8  0.9167381E+05

157.0  0.9207478E+05

157.2  0.9247719E+05

157.4  0.9288105E+05

157.6  0.9328638E+05

157.8  0.9369318E+05

158.0  0.9410146E+05

158.2  0.9451123E+05

158.4  0.9492250E+05

158.6  0.9533528E+05

158.8  0.9574958E+05

159.0  0.9616540E+05

159.2  0.9658277E+05

159.4  0.9700167E+05

159.6  0.9742213E+05

159.8  0.9784416E+05

160.0  0.9826776E+05

160.2  0.9869294E+05

160.4  0.9911972E+05

160.6  0.9954810E+05

160.8  0.9997809E+05

161.0  0.1004097E+06

161.2  0.1008429E+06

161.4  0.1012778E+06

161.6  0.1017144E+06

161.8  0.1021526E+06

162.0  0.1025924E+06

162.2  0.1030340E+06

162.4  0.1034772E+06

162.6  0.1039221E+06

162.8  0.1043688E+06

163.0  0.1048171E+06

163.2  0.1052672E+06

163.4  0.1057191E+06

163.6  0.1061726E+06

163.8  0.1066280E+06

164.0  0.1070851E+06

164.2  0.1075440E+06

164.4  0.1080046E+06

164.6  0.1084671E+06

164.8  0.1089314E+06

165.0  0.1093975E+06

165.2  0.1098655E+06

165.4  0.1103352E+06

165.6  0.1108069E+06

165.8  0.1112804E+06

166.0  0.1117557E+06

166.2  0.1122330E+06

166.4  0.1127121E+06

166.6  0.1131932E+06

166.8  0.1136761E+06

167.0  0.1141610E+06

167.2  0.1146478E+06

167.4  0.1151366E+06

167.6  0.1156274E+06

167.8  0.1161201E+06

168.0  0.1166148E+06

168.2  0.1171114E+06

168.4  0.1176101E+06

168.6  0.1181108E+06

168.8  0.1186135E+06

169.0  0.1191183E+06

169.2  0.1196251E+06

169.4  0.1201340E+06

169.6  0.1206449E+06

169.8  0.1211580E+06

170.0  0.1216731E+06

170.2  0.1221903E+06

170.4  0.1227097E+06

170.6  0.1232311E+06

170.8  0.1237548E+06

171.0  0.1242805E+06

171.2  0.1248085E+06

171.4  0.1253386E+06

171.6  0.1258709E+06

171.8  0.1264055E+06

172.0  0.1269422E+06

172.2  0.1274812E+06

172.4  0.1280224E+06

172.6  0.1285659E+06

172.8  0.1291116E+06

173.0  0.1296596E+06

173.2  0.1302099E+06

173.4  0.1307625E+06

173.6  0.1313175E+06

173.8  0.1318747E+06

174.0  0.1324344E+06

174.2  0.1329963E+06

174.4  0.1335607E+06

174.6  0.1341274E+06

174.8  0.1346966E+06

175.0  0.1352681E+06

175.2  0.1358421E+06

175.4  0.1364185E+06

175.6  0.1369974E+06

175.8  0.1375788E+06

176.0  0.1381626E+06

176.2  0.1387490E+06

176.4  0.1393379E+06

176.6  0.1399292E+06

176.8  0.1405232E+06

177.0  0.1411197E+06

177.2  0.1417188E+06

177.4  0.1423204E+06

177.6  0.1429247E+06

177.8  0.1435316E+06

178.0  0.1441412E+06

178.2  0.1447534E+06

178.4  0.1453682E+06

178.6  0.1459858E+06

178.8  0.1466061E+06

179.0  0.1472291E+06

179.2  0.1478548E+06

179.4  0.1484833E+06

179.6  0.1491145E+06

179.8  0.1497486E+06

180.0  0.1503854E+06

180.2  0.1510251E+06

180.4  0.1516676E+06

180.6  0.1523130E+06

180.8  0.1529613E+06

181.0  0.1536125E+06

181.2  0.1542665E+06

181.4  0.1549236E+06

181.6  0.1555836E+06

181.8  0.1562465E+06

182.0  0.1569125E+06

182.2  0.1575815E+06

182.4  0.1582535E+06

182.6  0.1589286E+06

182.8  0.1596067E+06

183.0  0.1602880E+06

183.2  0.1609724E+06

183.4  0.1616599E+06

183.6  0.1623506E+06

183.8  0.1630445E+06

184.0  0.1637416E+06

184.2  0.1644420E+06

184.4  0.1651456E+06

184.6  0.1658524E+06

184.8  0.1665626E+06

185.0  0.1672762E+06

185.2  0.1679930E+06

185.4  0.1687133E+06

185.6  0.1694370E+06

185.8  0.1701641E+06

186.0  0.1708946E+06

186.2  0.1716287E+06

186.4  0.1723663E+06

186.6  0.1731074E+06

186.8  0.1738521E+06

187.0  0.1746003E+06

187.2  0.1753523E+06

187.4  0.1761078E+06

187.6  0.1768671E+06

187.8  0.1776300E+06

188.0  0.1783968E+06

188.2  0.1791673E+06

188.4  0.1799416E+06

188.6  0.1807197E+06

188.8  0.1815018E+06

189.0  0.1822877E+06

189.2  0.1830776E+06

189.4  0.1838715E+06

189.6  0.1846693E+06

189.8  0.1854712E+06

190.0  0.1862773E+06

190.2  0.1870874E+06

190.4  0.1879017E+06

190.6  0.1887201E+06

190.8  0.1895428E+06

191.0  0.1903698E+06

191.2  0.1912011E+06

191.4  0.1920367E+06

191.6  0.1928768E+06

191.8  0.1937212E+06

192.0  0.1945701E+06

192.2  0.1954236E+06

192.4  0.1962816E+06

192.6  0.1971442E+06

192.8  0.1980114E+06

193.0  0.1988834E+06

193.2  0.1997600E+06

193.4  0.2006415E+06

193.6  0.2015277E+06

193.8  0.2024189E+06

194.0  0.2033150E+06

194.2  0.2042160E+06

194.4  0.2051220E+06

194.6  0.2060332E+06

194.8  0.2069494E+06

195.0  0.2078708E+06

195.2  0.2087974E+06

195.4  0.2097293E+06

195.6  0.2106665E+06

195.8  0.2116091E+06

196.0  0.2125571E+06

196.2  0.2135106E+06

196.4  0.2144696E+06

196.6  0.2154342E+06

196.8  0.2164045E+06

197.0  0.2173805E+06

197.2  0.2183622E+06

197.4  0.2193498E+06

197.6  0.2203432E+06

197.8  0.2213425E+06

198.0  0.2223479E+06

198.2  0.2233593E+06

198.4  0.2243768E+06

198.6  0.2254005E+06

198.8  0.2264304E+06

199.0  0.2274666E+06

199.2  0.2285091E+06

199.4  0.2295581E+06

199.6  0.2306135E+06

199.8  0.2316755E+06

200.0  0.2327441E+06

200.2  0.2338193E+06

200.4  0.2349013E+06

200.6  0.2359901E+06

200.8  0.2370857E+06

201.0  0.2381882E+06

201.2  0.2392977E+06

201.4  0.2404143E+06

201.6  0.2415379E+06

201.8  0.2426688E+06

202.0  0.2438069E+06

202.2  0.2449522E+06

202.4  0.2461050E+06

202.6  0.2472651E+06

202.8  0.2484328E+06

203.0  0.2496080E+06

203.2  0.2507909E+06

203.4  0.2519814E+06

203.6  0.2531797E+06

203.8  0.2543858E+06

204.0  0.2555998E+06

204.2  0.2568218E+06

204.4  0.2580517E+06

204.6  0.2592897E+06

204.8  0.2605358E+06

205.0  0.2617902E+06

205.2  0.2630527E+06

205.4  0.2643236E+06

205.6  0.2656029E+06

205.8  0.2668906E+06

206.0  0.2681868E+06

206.2  0.2694916E+06

206.4  0.2708049E+06

206.6  0.2721270E+06

206.8  0.2734578E+06

207.0  0.2747973E+06

207.2  0.2761457E+06

207.4  0.2775030E+06

207.6  0.2788692E+06

207.8  0.2802445E+06

208.0  0.2816287E+06

208.2  0.2830221E+06

208.4  0.2844247E+06

208.6  0.2858364E+06

208.8  0.2872574E+06

209.0  0.2886877E+06

209.2  0.2901274E+06

209.4  0.2915764E+06

209.6  0.2930349E+06

209.8  0.2945028E+06

210.0  0.2959803E+06

210.2  0.2974673E+06

210.4  0.2989639E+06

210.6  0.3004701E+06

210.8  0.3019860E+06

211.0  0.3035116E+06

211.2  0.3050470E+06

211.4  0.3065921E+06

211.6  0.3081470E+06

211.8  0.3097117E+06

212.0  0.3112862E+06

212.2  0.3128707E+06

212.4  0.3144650E+06

212.6  0.3160693E+06

212.8  0.3176835E+06

213.0  0.3193077E+06

213.2  0.3209418E+06

213.4  0.3225859E+06

213.6  0.3242401E+06

213.8  0.3259042E+06

214.0  0.3275784E+06

214.2  0.3292626E+06

214.4  0.3309568E+06

214.6  0.3326611E+06

214.8  0.3343754E+06

215.0  0.3360998E+06

215.2  0.3378342E+06

215.4  0.3395786E+06

215.6  0.3413331E+06

215.8  0.3430976E+06

216.0  0.3448721E+06

216.2  0.3466566E+06

216.4  0.3484511E+06

216.6  0.3502555E+06

216.8  0.3520699E+06

217.0  0.3538943E+06

217.2  0.3557285E+06

217.4  0.3575727E+06

217.6  0.3594267E+06

217.8  0.3612905E+06

218.0  0.3631641E+06

218.2  0.3650475E+06

218.4  0.3669406E+06

218.6  0.3688435E+06

218.8  0.3707559E+06

219.0  0.3726780E+06

219.2  0.3746097E+06

219.4  0.3765509E+06

219.6  0.3785015E+06

219.8  0.3804616E+06

220.0  0.3824311E+06

220.2  0.3844099E+06

220.4  0.3863979E+06

220.6  0.3883952E+06

220.8  0.3904016E+06

221.0  0.3924170E+06

221.2  0.3944415E+06

221.4  0.3964750E+06

221.6  0.3985174E+06

221.8  0.4005685E+06

222.0  0.4026284E+06

222.2  0.4046970E+06

222.4  0.4067741E+06

222.6  0.4088598E+06

222.8  0.4109539E+06

223.0  0.4130564E+06

223.2  0.4151671E+06

223.4  0.4172860E+06

223.6  0.4194130E+06

223.8  0.4215479E+06

224.0  0.4236908E+06

224.2  0.4258416E+06

224.4  0.4280000E+06

224.6  0.4301661E+06

224.8  0.4323396E+06

225.0  0.4345206E+06

225.2  0.4367090E+06

225.4  0.4389045E+06

225.6  0.4411072E+06

225.8  0.4433169E+06

226.0  0.4455334E+06

226.2  0.4477568E+06

226.4  0.4499868E+06

226.6  0.4522234E+06

226.8  0.4544664E+06

227.0  0.4567158E+06

227.2  0.4589714E+06

227.4  0.4612331E+06

227.6  0.4635007E+06

227.8  0.4657742E+06

228.0  0.4680535E+06

228.2  0.4703383E+06

228.4  0.4726286E+06

228.6  0.4749243E+06

228.8  0.4772252E+06

229.0  0.4795312E+06

229.2  0.4818422E+06

229.4  0.4841580E+06

229.6  0.4864785E+06

229.8  0.4888036E+06

230.0  0.4911331E+06

230.2  0.4934669E+06

230.4  0.4958049E+06

230.6  0.4981470E+06

230.8  0.5004929E+06

231.0  0.5028426E+06

231.2  0.5051959E+06

231.4  0.5075526E+06

231.6  0.5099128E+06

231.8  0.5122761E+06

232.0  0.5146425E+06

232.2  0.5170118E+06

232.4  0.5193838E+06

232.6  0.5217585E+06

232.8  0.5241357E+06

233.0  0.5265152E+06

233.2  0.5288970E+06

233.4  0.5312808E+06

233.6  0.5336664E+06

233.8  0.5360539E+06

234.0  0.5384430E+06

234.2  0.5408336E+06

234.4  0.5432254E+06

234.6  0.5456185E+06

234.8  0.5480126E+06

235.0  0.5504077E+06

235.2  0.5528034E+06

235.4  0.5551998E+06

235.6  0.5575966E+06

235.8  0.5599937E+06

236.0  0.5623910E+06

236.2  0.5647883E+06

236.4  0.5671855E+06

236.6  0.5695824E+06

236.8  0.5719789E+06

237.0  0.5743749E+06

237.2  0.5767701E+06

237.4  0.5791645E+06

237.6  0.5815579E+06

237.8  0.5839502E+06

238.0  0.5863411E+06

238.2  0.5887307E+06

238.4  0.5911187E+06

238.6  0.5935050E+06

238.8  0.5958895E+06

239.0  0.5982719E+06

239.2  0.6006523E+06

239.4  0.6030304E+06

239.6  0.6054060E+06

239.8  0.6077792E+06

240.0  0.6101496E+06

240.2  0.6125173E+06

240.4  0.6148820E+06

240.6  0.6172436E+06

240.8  0.6196020E+06

241.0  0.6219570E+06

241.2  0.6243086E+06

241.4  0.6266565E+06

241.6  0.6290007E+06

241.8  0.6313410E+06

242.0  0.6336773E+06

242.2  0.6360095E+06

242.4  0.6383374E+06

242.6  0.6406609E+06

242.8  0.6429799E+06

243.0  0.6452942E+06

243.2  0.6476038E+06

243.4  0.6499085E+06

243.6  0.6522082E+06

243.8  0.6545028E+06

244.0  0.6567921E+06

244.2  0.6590760E+06

244.4  0.6613545E+06

244.6  0.6636274E+06

244.8  0.6658945E+06

245.0  0.6681559E+06

245.2  0.6704113E+06

245.4  0.6726606E+06

245.6  0.6749038E+06

245.8  0.6771407E+06

246.0  0.6793712E+06

246.2  0.6815953E+06

246.4  0.6838127E+06

246.6  0.6860235E+06

246.8  0.6882274E+06

247.0  0.6904245E+06

247.2  0.6926146E+06

247.4  0.6947976E+06

247.6  0.6969733E+06

247.8  0.6991418E+06

248.0  0.7013029E+06

248.2  0.7034565E+06

248.4  0.7056026E+06

248.6  0.7077409E+06

248.8  0.7098715E+06

249.0  0.7119943E+06

249.2  0.7141092E+06

249.4  0.7162160E+06

249.6  0.7183147E+06

249.8  0.7204052E+06

250.0  0.7224875E+06

250.2  0.7245614E+06

250.4  0.7266269E+06

250.6  0.7286839E+06

250.8  0.7307323E+06

251.0  0.7327720E+06

251.2  0.7348030E+06

251.4  0.7368252E+06

251.6  0.7388386E+06

251.8  0.7408429E+06

252.0  0.7428383E+06

252.2  0.7448246E+06

252.4  0.7468017E+06

252.6  0.7487696E+06

252.8  0.7507282E+06

253.0  0.7526775E+06

253.2  0.7546174E+06

253.4  0.7565479E+06

253.6  0.7584688E+06

253.8  0.7603801E+06

254.0  0.7622818E+06

254.2  0.7641739E+06

254.4  0.7660561E+06

254.6  0.7679286E+06

254.8  0.7697913E+06

255.0  0.7716441E+06

255.2  0.7734869E+06

255.4  0.7753198E+06

255.6  0.7771426E+06

255.8  0.7789554E+06

256.0  0.7807580E+06

256.2  0.7825505E+06

256.4  0.7843328E+06

256.6  0.7861049E+06

256.8  0.7878666E+06

257.0  0.7896181E+06

257.2  0.7913593E+06

257.4  0.7930900E+06

257.6  0.7948104E+06

257.8  0.7965203E+06

258.0  0.7982197E+06

258.2  0.7999086E+06

258.4  0.8015871E+06

258.6  0.8032549E+06

258.8  0.8049122E+06

259.0  0.8065588E+06

259.2  0.8081949E+06

259.4  0.8098202E+06

259.6  0.8114350E+06

259.8  0.8130390E+06

260.0  0.8146323E+06

260.2  0.8162148E+06

260.4  0.8177867E+06

260.6  0.8193477E+06

260.8  0.8208980E+06

261.0  0.8224375E+06

261.2  0.8239662E+06

261.4  0.8254841E+06

261.6  0.8269912E+06

261.8  0.8284874E+06

262.0  0.8299728E+06

262.2  0.8314473E+06

262.4  0.8329110E+06

262.6  0.8343638E+06

262.8  0.8358057E+06

263.0  0.8372368E+06

263.2  0.8386570E+06

263.4  0.8400663E+06

263.6  0.8414648E+06

263.8  0.8428524E+06

264.0  0.8442291E+06

264.2  0.8455949E+06

264.4  0.8469499E+06

264.6  0.8482940E+06

264.8  0.8496272E+06

265.0  0.8509496E+06

265.2  0.8522611E+06

265.4  0.8535618E+06

265.6  0.8548517E+06

265.8  0.8561307E+06

266.0  0.8573989E+06

266.2  0.8586564E+06

266.4  0.8599030E+06

266.6  0.8611388E+06

266.8  0.8623639E+06

267.0  0.8635782E+06

267.2  0.8647818E+06

267.4  0.8659746E+06

267.6  0.8671568E+06

267.8  0.8683282E+06

268.0  0.8694890E+06

268.2  0.8706391E+06

268.4  0.8717785E+06

268.6  0.8729073E+06

268.8  0.8740256E+06

269.0  0.8751332E+06

269.2  0.8762303E+06

269.4  0.8773168E+06

269.6  0.8783928E+06

269.8  0.8794584E+06

270.0  0.8805134E+06

270.2  0.8815580E+06

270.4  0.8825922E+06

270.6  0.8836160E+06

270.8  0.8846294E+06

271.0  0.8856324E+06

271.2  0.8866251E+06

271.4  0.8876076E+06

271.6  0.8885797E+06

271.8  0.8895416E+06

272.0  0.8904934E+06

272.2  0.8914349E+06

272.4  0.8923663E+06

272.6  0.8932875E+06

272.8  0.8941987E+06

273.0  0.8950998E+06

273.2  0.8959908E+06

273.4  0.8968719E+06

273.6  0.8977430E+06

273.8  0.8986042E+06

274.0  0.8994555E+06

274.2  0.9002969E+06

274.4  0.9011285E+06

274.6  0.9019502E+06

274.8  0.9027622E+06

275.0  0.9035645E+06

275.2  0.9043571E+06

275.4  0.9051400E+06

275.6  0.9059133E+06

275.8  0.9066770E+06

276.0  0.9074312E+06

276.2  0.9081759E+06

276.4  0.9089110E+06

276.6  0.9096368E+06

276.8  0.9103531E+06

277.0  0.9110601E+06

277.2  0.9117577E+06

277.4  0.9124461E+06

277.6  0.9131252E+06

277.8  0.9137951E+06

278.0  0.9144558E+06

278.2  0.9151074E+06

278.4  0.9157499E+06

278.6  0.9163833E+06

278.8  0.9170077E+06

279.0  0.9176232E+06

279.2  0.9182297E+06

279.4  0.9188274E+06

279.6  0.9194162E+06

279.8  0.9199962E+06

280.0  0.9205674E+06

280.2  0.9211299E+06

280.4  0.9216837E+06

280.6  0.9222288E+06

280.8  0.9227654E+06

281.0  0.9232934E+06

281.2  0.9238128E+06

281.4  0.9243238E+06

281.6  0.9248264E+06

281.8  0.9253206E+06

282.0  0.9258064E+06

282.2  0.9262839E+06

282.4  0.9267532E+06

282.6  0.9272142E+06

282.8  0.9276670E+06

283.0  0.9281118E+06

283.2  0.9285484E+06

283.4  0.9289769E+06

283.6  0.9293975E+06

283.8  0.9298101E+06

284.0  0.9302148E+06

284.2  0.9306116E+06

284.4  0.9310005E+06

284.6  0.9313817E+06

284.8  0.9317551E+06

285.0  0.9321208E+06

285.2  0.9324789E+06

285.4  0.9328293E+06

285.6  0.9331722E+06

285.8  0.9335075E+06

286.0  0.9338353E+06

286.2  0.9341557E+06

286.4  0.9344687E+06

286.6  0.9347744E+06

286.8  0.9350727E+06

287.0  0.9353637E+06

287.2  0.9356475E+06

287.4  0.9359242E+06

287.6  0.9361936E+06

287.8  0.9364560E+06

288.0  0.9367114E+06

288.2  0.9369597E+06

288.4  0.9372010E+06

288.6  0.9374354E+06

288.8  0.9376630E+06

289.0  0.9378836E+06

289.2  0.9380975E+06

289.4  0.9383047E+06

289.6  0.9385051E+06

289.8  0.9386988E+06

290.0  0.9388860E+06

290.2  0.9390665E+06

290.4  0.9392405E+06

290.6  0.9394080E+06

290.8  0.9395690E+06

291.0  0.9397236E+06

291.2  0.9398719E+06

291.4  0.9400138E+06

291.6  0.9401494E+06

291.8  0.9402787E+06

292.0  0.9404019E+06

292.2  0.9405189E+06

292.4  0.9406297E+06

292.6  0.9407345E+06

292.8  0.9408333E+06

293.0  0.9409260E+06

293.2  0.9410128E+06

293.4  0.9410936E+06

293.6  0.9411686E+06

293.8  0.9412377E+06

294.0  0.9413011E+06

294.2  0.9413587E+06

294.4  0.9414105E+06

294.6  0.9414567E+06

294.8  0.9414973E+06

295.0  0.9415322E+06

295.2  0.9415616E+06

295.4  0.9415855E+06

295.6  0.9416039E+06

295.8  0.9416169E+06

296.0  0.9416245E+06

296.2  0.9416267E+06

296.4  0.9416236E+06

296.6  0.9416152E+06

296.8  0.9416015E+06

297.0  0.9415827E+06

297.2  0.9415586E+06

297.4  0.9415295E+06

297.6  0.9414953E+06

297.8  0.9414560E+06

298.0  0.9414117E+06

298.2  0.9413624E+06

298.4  0.9413082E+06

298.6  0.9412490E+06

298.8  0.9411850E+06

299.0  0.9411162E+06

299.2  0.9410426E+06

299.4  0.9409642E+06

299.6  0.9408811E+06

299.8  0.9407934E+06

300.0  0.9407010E+06

300.2  0.9406039E+06

300.4  0.9405023E+06

300.6  0.9403962E+06

300.8  0.9402855E+06

301.0  0.9401704E+06

301.2  0.9400509E+06

301.4  0.9399269E+06

301.6  0.9397986E+06

301.8  0.9396659E+06

302.0  0.9395290E+06

302.2  0.9393878E+06

302.4  0.9392424E+06

302.6  0.9390928E+06

302.8  0.9389390E+06

303.0  0.9387811E+06

303.2  0.9386191E+06

303.4  0.9384531E+06

303.6  0.9382830E+06

303.8  0.9381089E+06

304.0  0.9379309E+06

304.2  0.9377489E+06

304.4  0.9375631E+06

304.6  0.9373734E+06

304.8  0.9371799E+06

305.0  0.9369825E+06

305.2  0.9367814E+06

305.4  0.9365766E+06

305.6  0.9363680E+06

305.8  0.9361558E+06

306.0  0.9359400E+06

306.2  0.9357205E+06

306.4  0.9354975E+06

306.6  0.9352709E+06

306.8  0.9350408E+06

307.0  0.9348072E+06

307.2  0.9345701E+06

307.4  0.9343297E+06

307.6  0.9340858E+06

307.8  0.9338385E+06

308.0  0.9335879E+06

308.2  0.9333340E+06

308.4  0.9330769E+06

308.6  0.9328164E+06

308.8  0.9325528E+06

309.0  0.9322859E+06

309.2  0.9320159E+06

309.4  0.9317427E+06

309.6  0.9314665E+06

309.8  0.9311871E+06

310.0  0.9309047E+06

310.2  0.9306192E+06

310.4  0.9303308E+06

310.6  0.9300394E+06

310.8  0.9297450E+06

311.0  0.9294477E+06

311.2  0.9291476E+06

311.4  0.9288445E+06

311.6  0.9285386E+06

311.8  0.9282299E+06

312.0  0.9279184E+06

312.2  0.9276042E+06

312.4  0.9272872E+06

312.6  0.9269675E+06

312.8  0.9266451E+06

313.0  0.9263200E+06

313.2  0.9259923E+06

313.4  0.9256620E+06

313.6  0.9253291E+06

313.8  0.9249937E+06

314.0  0.9246557E+06

314.2  0.9243152E+06

314.4  0.9239722E+06

314.6  0.9236267E+06

314.8  0.9232788E+06

315.0  0.9229285E+06

315.2  0.9225757E+06

315.4  0.9222206E+06

315.6  0.9218632E+06

315.8  0.9215034E+06

316.0  0.9211413E+06

316.2  0.9207769E+06

316.4  0.9204103E+06

316.6  0.9200415E+06

316.8  0.9196704E+06

317.0  0.9192971E+06

317.2  0.9189216E+06

317.4  0.9185440E+06

317.6  0.9181643E+06

317.8  0.9177825E+06

318.0  0.9173986E+06

318.2  0.9170126E+06

318.4  0.9166245E+06

318.6  0.9162345E+06

318.8  0.9158424E+06

319.0  0.9154484E+06

319.2  0.9150524E+06

319.4  0.9146544E+06

319.6  0.9142546E+06

319.8  0.9138528E+06

320.0  0.9134491E+06

320.2  0.9130436E+06

320.4  0.9126363E+06

320.6  0.9122271E+06

320.8  0.9118161E+06

321.0  0.9114033E+06

321.2  0.9109888E+06

321.4  0.9105725E+06

321.6  0.9101544E+06

321.8  0.9097347E+06

322.0  0.9093133E+06

322.2  0.9088902E+06

322.4  0.9084654E+06

322.6  0.9080390E+06

322.8  0.9076110E+06

323.0  0.9071813E+06

323.2  0.9067501E+06

323.4  0.9063173E+06

323.6  0.9058830E+06

323.8  0.9054471E+06

324.0  0.9050097E+06

324.2  0.9045708E+06

324.4  0.9041304E+06

324.6  0.9036886E+06

324.8  0.9032453E+06

325.0  0.9028006E+06

325.2  0.9023544E+06

325.4  0.9019069E+06

325.6  0.9014579E+06

325.8  0.9010076E+06

326.0  0.9005559E+06

326.2  0.9001029E+06

326.4  0.8996486E+06

326.6  0.8991930E+06

326.8  0.8987360E+06

327.0  0.8982778E+06

327.2  0.8978183E+06

327.4  0.8973576E+06

327.6  0.8968957E+06

327.8  0.8964325E+06

328.0  0.8959681E+06

328.2  0.8955025E+06

328.4  0.8950358E+06

328.6  0.8945679E+06

328.8  0.8940988E+06

329.0  0.8936286E+06

329.2  0.8931573E+06

329.4  0.8926849E+06

329.6  0.8922114E+06

329.8  0.8917368E+06

330.0  0.8912611E+06

330.2  0.8907844E+06

330.4  0.8903067E+06

330.6  0.8898279E+06

330.8  0.8893481E+06

331.0  0.8888673E+06

331.2  0.8883855E+06

331.4  0.8879028E+06

331.6  0.8874191E+06

331.8  0.8869344E+06

332.0  0.8864488E+06

332.2  0.8859623E+06

332.4  0.8854749E+06

332.6  0.8849865E+06

332.8  0.8844973E+06

333.0  0.8840072E+06

333.2  0.8835162E+06

333.4  0.8830244E+06

333.6  0.8825317E+06

333.8  0.8820382E+06

334.0  0.8815439E+06

334.2  0.8810488E+06

334.4  0.8805528E+06

334.6  0.8800561E+06

334.8  0.8795586E+06

335.0  0.8790604E+06

335.2  0.8785614E+06

335.4  0.8780616E+06

335.6  0.8775612E+06

335.8  0.8770600E+06

336.0  0.8765581E+06

336.2  0.8760554E+06

336.4  0.8755521E+06

336.6  0.8750482E+06

336.8  0.8745435E+06

337.0  0.8740382E+06

337.2  0.8735322E+06

337.4  0.8730256E+06

337.6  0.8725184E+06

337.8  0.8720105E+06

338.0  0.8715021E+06

338.2  0.8709930E+06

338.4  0.8704833E+06

338.6  0.8699731E+06

338.8  0.8694623E+06

339.0  0.8689509E+06

339.2  0.8684390E+06

339.4  0.8679265E+06

339.6  0.8674134E+06

339.8  0.8668999E+06

340.0  0.8663858E+06

340.2  0.8658712E+06

340.4  0.8653562E+06

340.6  0.8648406E+06

340.8  0.8643245E+06

341.0  0.8638080E+06

341.2  0.8632910E+06

341.4  0.8627735E+06

341.6  0.8622556E+06

341.8  0.8617372E+06

342.0  0.8612184E+06

342.2  0.8606992E+06

342.4  0.8601795E+06

342.6  0.8596594E+06

342.8  0.8591390E+06

343.0  0.8586181E+06

343.2  0.8580968E+06

343.4  0.8575752E+06

343.6  0.8570532E+06

343.8  0.8565308E+06

344.0  0.8560081E+06

344.2  0.8554850E+06

344.4  0.8549615E+06

344.6  0.8544377E+06

344.8  0.8539136E+06

345.0  0.8533892E+06

345.2  0.8528644E+06

345.4  0.8523394E+06

345.6  0.8518140E+06

345.8  0.8512884E+06

346.0  0.8507624E+06

346.2  0.8502362E+06

346.4  0.8497097E+06

346.6  0.8491829E+06

346.8  0.8486558E+06

347.0  0.8481285E+06

347.2  0.8476010E+06

347.4  0.8470732E+06

347.6  0.8465452E+06

347.8  0.8460169E+06

348.0  0.8454884E+06

348.2  0.8449597E+06

348.4  0.8444308E+06

348.6  0.8439016E+06

348.8  0.8433723E+06

349.0  0.8428427E+06

349.2  0.8423130E+06

349.4  0.8417831E+06

349.6  0.8412530E+06

349.8  0.8407228E+06

350.0  0.8401923E+06

350.2  0.8396617E+06

350.4  0.8391310E+06

350.6  0.8386001E+06

350.8  0.8380690E+06

351.0  0.8375378E+06

351.2  0.8370065E+06

351.4  0.8364751E+06

351.6  0.8359435E+06

351.8  0.8354118E+06

352.0  0.8348800E+06

352.2  0.8343480E+06

352.4  0.8338160E+06

352.6  0.8332839E+06

352.8  0.8327516E+06

353.0  0.8322193E+06

353.2  0.8316869E+06

353.4  0.8311544E+06

353.6  0.8306219E+06

353.8  0.8300893E+06

354.0  0.8295566E+06

354.2  0.8290238E+06

354.4  0.8284910E+06

354.6  0.8279581E+06

354.8  0.8274252E+06

355.0  0.8268922E+06

355.2  0.8263592E+06

355.4  0.8258262E+06

355.6  0.8252931E+06

355.8  0.8247600E+06

356.0  0.8242269E+06

356.2  0.8236937E+06

356.4  0.8231605E+06

356.6  0.8226274E+06

356.8  0.8220942E+06

357.0  0.8215610E+06

357.2  0.8210278E+06

357.4  0.8204946E+06

357.6  0.8199615E+06

357.8  0.8194283E+06

358.0  0.8188952E+06

358.2  0.8183621E+06

358.4  0.8178290E+06

358.6  0.8172959E+06

358.8  0.8167628E+06

359.0  0.8162298E+06

359.2  0.8156969E+06

359.4  0.8151639E+06

359.6  0.8146311E+06

359.8  0.8140982E+06

360.0  0.8135654E+06

360.2  0.8130327E+06

360.4  0.8125001E+06

360.6  0.8119674E+06

360.8  0.8114349E+06

361.0  0.8109024E+06

361.2  0.8103700E+06

361.4  0.8098377E+06

361.6  0.8093055E+06

361.8  0.8087733E+06

362.0  0.8082412E+06

362.2  0.8077092E+06

362.4  0.8071773E+06

362.6  0.8066455E+06

362.8  0.8061138E+06

363.0  0.8055821E+06

363.2  0.8050506E+06

363.4  0.8045192E+06

363.6  0.8039879E+06

363.8  0.8034567E+06

364.0  0.8029256E+06

364.2  0.8023947E+06

364.4  0.8018638E+06

364.6  0.8013331E+06

364.8  0.8008025E+06

365.0  0.8002720E+06

365.2  0.7997417E+06

365.4  0.7992115E+06

365.6  0.7986814E+06

365.8  0.7981514E+06

366.0  0.7976216E+06

366.2  0.7970920E+06

366.4  0.7965624E+06

366.6  0.7960331E+06

366.8  0.7955038E+06

367.0  0.7949748E+06

367.2  0.7944459E+06

367.4  0.7939171E+06

367.6  0.7933885E+06

367.8  0.7928601E+06

368.0  0.7923318E+06

368.2  0.7918037E+06

368.4  0.7912757E+06

368.6  0.7907479E+06

368.8  0.7902203E+06

369.0  0.7896929E+06

369.2  0.7891656E+06

369.4  0.7886386E+06

369.6  0.7881117E+06

369.8  0.7875849E+06

370.0  0.7870584E+06

370.2  0.7865321E+06

370.4  0.7860059E+06

370.6  0.7854799E+06

370.8  0.7849541E+06

371.0  0.7844286E+06

371.2  0.7839032E+06

371.4  0.7833780E+06

371.6  0.7828530E+06

371.8  0.7823282E+06

372.0  0.7818036E+06

372.2  0.7812792E+06

372.4  0.7807550E+06

372.6  0.7802311E+06

372.8  0.7797073E+06

373.0  0.7791838E+06

373.2  0.7786604E+06

373.4  0.7781373E+06

373.6  0.7776144E+06

373.8  0.7770917E+06

374.0  0.7765692E+06

374.2  0.7760470E+06

374.4  0.7755250E+06

374.6  0.7750032E+06

374.8  0.7744816E+06

375.0  0.7739603E+06

375.2  0.7734391E+06

375.4  0.7729182E+06

375.6  0.7723976E+06

375.8  0.7718772E+06

376.0  0.7713570E+06

376.2  0.7708370E+06

376.4  0.7703173E+06

376.6  0.7697978E+06

376.8  0.7692786E+06

377.0  0.7687596E+06

377.2  0.7682409E+06

377.4  0.7677224E+06

377.6  0.7672041E+06

377.8  0.7666861E+06

378.0  0.7661683E+06

378.2  0.7656508E+06

378.4  0.7651335E+06

378.6  0.7646165E+06

378.8  0.7640997E+06

379.0  0.7635832E+06

379.2  0.7630670E+06

379.4  0.7625510E+06

379.6  0.7620352E+06

379.8  0.7615197E+06

380.0  0.7610045E+06

380.2  0.7604896E+06

380.4  0.7599749E+06

380.6  0.7594604E+06

380.8  0.7589462E+06

381.0  0.7584323E+06

381.2  0.7579187E+06

381.4  0.7574053E+06

381.6  0.7568922E+06

381.8  0.7563794E+06

382.0  0.7558668E+06

382.2  0.7553545E+06

382.4  0.7548425E+06

382.6  0.7543307E+06

382.8  0.7538192E+06

383.0  0.7533080E+06

383.2  0.7527971E+06

383.4  0.7522865E+06

383.6  0.7517761E+06

383.8  0.7512660E+06

384.0  0.7507562E+06

384.2  0.7502466E+06

384.4  0.7497374E+06

384.6  0.7492284E+06

384.8  0.7487197E+06

385.0  0.7482113E+06

385.2  0.7477031E+06

385.4  0.7471953E+06

385.6  0.7466877E+06

385.8  0.7461805E+06

386.0  0.7456735E+06

386.2  0.7451668E+06

386.4  0.7446604E+06

386.6  0.7441543E+06

386.8  0.7436484E+06

387.0  0.7431429E+06

387.2  0.7426376E+06

387.4  0.7421327E+06

387.6  0.7416280E+06

387.8  0.7411236E+06

388.0  0.7406196E+06

388.2  0.7401158E+06

388.4  0.7396123E+06

388.6  0.7391091E+06

388.8  0.7386062E+06

389.0  0.7381036E+06

389.2  0.7376013E+06

389.4  0.7370993E+06

389.6  0.7365976E+06

389.8  0.7360962E+06

390.0  0.7355951E+06

390.2  0.7350942E+06

390.4  0.7345937E+06

390.6  0.7340935E+06

390.8  0.7335936E+06

391.0  0.7330940E+06

391.2  0.7325947E+06

391.4  0.7320957E+06

391.6  0.7315970E+06

391.8  0.7310986E+06

392.0  0.7306006E+06

392.2  0.7301028E+06

392.4  0.7296053E+06

392.6  0.7291081E+06

392.8  0.7286113E+06

393.0  0.7281147E+06

393.2  0.7276185E+06

393.4  0.7271225E+06

393.6  0.7266269E+06

393.8  0.7261316E+06

394.0  0.7256365E+06

394.2  0.7251418E+06

394.4  0.7246474E+06

394.6  0.7241534E+06

394.8  0.7236596E+06

395.0  0.7231661E+06

395.2  0.7226730E+06

395.4  0.7221801E+06

395.6  0.7216876E+06

395.8  0.7211954E+06

396.0  0.7207035E+06

396.2  0.7202119E+06

396.4  0.7197206E+06

396.6  0.7192296E+06

396.8  0.7187390E+06

397.0  0.7182486E+06

397.2  0.7177586E+06

397.4  0.7172689E+06

397.6  0.7167795E+06

397.8  0.7162904E+06

398.0  0.7158016E+06

398.2  0.7153132E+06

398.4  0.7148250E+06

398.6  0.7143372E+06

398.8  0.7138497E+06

399.0  0.7133625E+06

399.2  0.7128756E+06

399.4  0.7123891E+06

399.6  0.7119029E+06

399.8  0.7114169E+06

400.0  0.7109313E+06

400.2  0.7104460E+06

400.4  0.7099611E+06

400.6  0.7094764E+06

400.8  0.7089921E+06

401.0  0.7085081E+06

401.2  0.7080244E+06

401.4  0.7075410E+06

401.6  0.7070580E+06

401.8  0.7065752E+06

402.0  0.7060928E+06

402.2  0.7056107E+06

402.4  0.7051289E+06

402.6  0.7046475E+06

402.8  0.7041663E+06

403.0  0.7036855E+06

403.2  0.7032050E+06

403.4  0.7027248E+06

403.6  0.7022450E+06

403.8  0.7017654E+06

404.0  0.7012862E+06

404.2  0.7008073E+06

404.4  0.7003287E+06

404.6  0.6998505E+06

404.8  0.6993725E+06

405.0  0.6988949E+06

405.2  0.6984176E+06

405.4  0.6979407E+06

405.6  0.6974640E+06

405.8  0.6969877E+06

406.0  0.6965117E+06

406.2  0.6960360E+06

406.4  0.6955606E+06

406.6  0.6950856E+06

406.8  0.6946108E+06

407.0  0.6941364E+06

407.2  0.6936624E+06

407.4  0.6931886E+06

407.6  0.6927152E+06

407.8  0.6922421E+06

408.0  0.6917693E+06

408.2  0.6912968E+06

408.4  0.6908247E+06

408.6  0.6903528E+06

408.8  0.6898813E+06

409.0  0.6894101E+06

409.2  0.6889393E+06

409.4  0.6884687E+06

409.6  0.6879985E+06

409.8  0.6875286E+06

410.0  0.6870591E+06

410.2  0.6865898E+06

410.4  0.6861209E+06

410.6  0.6856523E+06

410.8  0.6851840E+06

411.0  0.6847160E+06

411.2  0.6842484E+06

411.4  0.6837811E+06

411.6  0.6833141E+06

411.8  0.6828474E+06

412.0  0.6823811E+06

412.2  0.6819150E+06

412.4  0.6814493E+06

412.6  0.6809839E+06

412.8  0.6805189E+06

413.0  0.6800541E+06

413.2  0.6795897E+06

413.4  0.6791256E+06

413.6  0.6786618E+06

413.8  0.6781984E+06

414.0  0.6777352E+06

414.2  0.6772724E+06

414.4  0.6768099E+06

414.6  0.6763478E+06

414.8  0.6758859E+06

415.0  0.6754244E+06

415.2  0.6749632E+06

415.4  0.6745023E+06

415.6  0.6740417E+06

415.8  0.6735815E+06

416.0  0.6731216E+06

416.2  0.6726620E+06

416.4  0.6722027E+06

416.6  0.6717437E+06

416.8  0.6712851E+06

417.0  0.6708268E+06

417.2  0.6703688E+06

417.4  0.6699111E+06

417.6  0.6694537E+06

417.8  0.6689967E+06

418.0  0.6685400E+06

418.2  0.6680836E+06

418.4  0.6676275E+06

418.6  0.6671717E+06

418.8  0.6667163E+06

419.0  0.6662611E+06

419.2  0.6658063E+06

419.4  0.6653519E+06

419.6  0.6648977E+06

419.8  0.6644439E+06

420.0  0.6639903E+06

420.2  0.6635371E+06

420.4  0.6630842E+06

420.6  0.6626317E+06

420.8  0.6621794E+06

421.0  0.6617275E+06

421.2  0.6612759E+06

421.4  0.6608246E+06

421.6  0.6603736E+06

421.8  0.6599229E+06

422.0  0.6594726E+06

422.2  0.6590225E+06

422.4  0.6585728E+06

422.6  0.6581234E+06

422.8  0.6576744E+06

423.0  0.6572256E+06

423.2  0.6567771E+06

423.4  0.6563290E+06

423.6  0.6558812E+06

423.8  0.6554337E+06

424.0  0.6549865E+06

424.2  0.6545397E+06

424.4  0.6540931E+06

424.6  0.6536469E+06

424.8  0.6532010E+06

425.0  0.6527554E+06

425.2  0.6523101E+06

425.4  0.6518651E+06

425.6  0.6514205E+06

425.8  0.6509761E+06

426.0  0.6505321E+06

426.2  0.6500884E+06

426.4  0.6496450E+06

426.6  0.6492019E+06

426.8  0.6487592E+06

427.0  0.6483167E+06

427.2  0.6478746E+06

427.4  0.6474327E+06

427.6  0.6469912E+06

427.8  0.6465500E+06

428.0  0.6461091E+06

428.2  0.6456686E+06

428.4  0.6452283E+06

428.6  0.6447884E+06

428.8  0.6443487E+06

429.0  0.6439094E+06

429.2  0.6434704E+06

429.4  0.6430317E+06

429.6  0.6425933E+06

429.8  0.6421552E+06

430.0  0.6417174E+06

430.2  0.6412800E+06

430.4  0.6408428E+06

430.6  0.6404060E+06

430.8  0.6399695E+06

431.0  0.6395333E+06

431.2  0.6390974E+06

431.4  0.6386618E+06

431.6  0.6382265E+06

431.8  0.6377915E+06

432.0  0.6373569E+06

432.2  0.6369225E+06

432.4  0.6364884E+06

432.6  0.6360547E+06

432.8  0.6356213E+06

433.0  0.6351882E+06

433.2  0.6347553E+06

433.4  0.6343228E+06

433.6  0.6338906E+06

433.8  0.6334588E+06

434.0  0.6330272E+06

434.2  0.6325959E+06

434.4  0.6321649E+06

434.6  0.6317343E+06

434.8  0.6313039E+06

435.0  0.6308739E+06

435.2  0.6304441E+06

435.4  0.6300147E+06

435.6  0.6295856E+06

435.8  0.6291567E+06

436.0  0.6287282E+06

436.2  0.6283000E+06

436.4  0.6278721E+06

436.6  0.6274445E+06

436.8  0.6270172E+06

437.0  0.6265902E+06

437.2  0.6261635E+06

437.4  0.6257371E+06

437.6  0.6253110E+06

437.8  0.6248853E+06

438.0  0.6244598E+06

438.2  0.6240346E+06

438.4  0.6236098E+06

438.6  0.6231852E+06

438.8  0.6227609E+06

439.0  0.6223370E+06

439.2  0.6219133E+06

439.4  0.6214899E+06

439.6  0.6210669E+06

439.8  0.6206441E+06

440.0  0.6202217E+06

440.2  0.6197995E+06

440.4  0.6193777E+06

440.6  0.6189561E+06

440.8  0.6185349E+06

441.0  0.6181139E+06

441.2  0.6176933E+06

441.4  0.6172729E+06

441.6  0.6168529E+06

441.8  0.6164331E+06

442.0  0.6160137E+06

442.2  0.6155945E+06

442.4  0.6151757E+06

442.6  0.6147571E+06

442.8  0.6143389E+06

443.0  0.6139209E+06

443.2  0.6135033E+06

443.4  0.6130859E+06

443.6  0.6126688E+06

443.8  0.6122521E+06

444.0  0.6118356E+06

444.2  0.6114194E+06

444.4  0.6110036E+06

444.6  0.6105880E+06

444.8  0.6101727E+06

445.0  0.6097577E+06

445.2  0.6093430E+06

445.4  0.6089286E+06

445.6  0.6085145E+06

445.8  0.6081007E+06

446.0  0.6076872E+06

446.2  0.6072740E+06

446.4  0.6068611E+06

446.6  0.6064484E+06

446.8  0.6060361E+06

447.0  0.6056241E+06

447.2  0.6052123E+06

447.4  0.6048009E+06

447.6  0.6043897E+06

447.8  0.6039788E+06

448.0  0.6035683E+06

448.2  0.6031580E+06

448.4  0.6027480E+06

448.6  0.6023383E+06

448.8  0.6019289E+06

449.0  0.6015198E+06

449.2  0.6011109E+06

449.4  0.6007024E+06

449.6  0.6002942E+06

449.8  0.5998862E+06

450.0  0.5994786E+06

450.2  0.5990712E+06

450.4  0.5986641E+06

450.6  0.5982573E+06

450.8  0.5978508E+06

451.0  0.5974446E+06

451.2  0.5970387E+06

451.4  0.5966331E+06

451.6  0.5962277E+06

451.8  0.5958227E+06

452.0  0.5954179E+06

452.2  0.5950134E+06

452.4  0.5946092E+06

452.6  0.5942053E+06

452.8  0.5938017E+06

453.0  0.5933984E+06

453.2  0.5929953E+06

453.4  0.5925926E+06

453.6  0.5921901E+06

453.8  0.5917879E+06

454.0  0.5913860E+06

454.2  0.5909844E+06

454.4  0.5905831E+06

454.6  0.5901820E+06

454.8  0.5897813E+06

455.0  0.5893808E+06

455.2  0.5889806E+06

455.4  0.5885807E+06

455.6  0.5881811E+06

455.8  0.5877818E+06

456.0  0.5873827E+06

456.2  0.5869839E+06

456.4  0.5865855E+06

456.6  0.5861873E+06

456.8  0.5857893E+06

457.0  0.5853917E+06

457.2  0.5849944E+06

457.4  0.5845973E+06

457.6  0.5842005E+06

457.8  0.5838040E+06

458.0  0.5834078E+06

458.2  0.5830118E+06

458.4  0.5826162E+06

458.6  0.5822208E+06

458.8  0.5818257E+06

459.0  0.5814309E+06

459.2  0.5810363E+06

459.4  0.5806421E+06

459.6  0.5802481E+06

459.8  0.5798544E+06

460.0  0.5794610E+06

460.2  0.5790678E+06

460.4  0.5786750E+06

460.6  0.5782824E+06

460.8  0.5778901E+06

461.0  0.5774980E+06

461.2  0.5771063E+06

461.4  0.5767148E+06

461.6  0.5763236E+06

461.8  0.5759327E+06

462.0  0.5755421E+06

462.2  0.5751517E+06

462.4  0.5747616E+06

462.6  0.5743718E+06

462.8  0.5739823E+06

463.0  0.5735930E+06

463.2  0.5732040E+06

463.4  0.5728153E+06

463.6  0.5724269E+06

463.8  0.5720387E+06

464.0  0.5716508E+06

464.2  0.5712632E+06

464.4  0.5708759E+06

464.6  0.5704888E+06

464.8  0.5701021E+06

465.0  0.5697155E+06

465.2  0.5693293E+06

465.4  0.5689433E+06

465.6  0.5685577E+06

465.8  0.5681722E+06

466.0  0.5677871E+06

466.2  0.5674022E+06

466.4  0.5670176E+06

466.6  0.5666333E+06

466.8  0.5662492E+06

467.0  0.5658654E+06

467.2  0.5654819E+06

467.4  0.5650987E+06

467.6  0.5647157E+06

467.8  0.5643330E+06

468.0  0.5639506E+06

468.2  0.5635684E+06

468.4  0.5631865E+06

468.6  0.5628049E+06

468.8  0.5624236E+06

469.0  0.5620425E+06

469.2  0.5616617E+06

469.4  0.5612811E+06

469.6  0.5609008E+06

469.8  0.5605208E+06

470.0  0.5601411E+06

470.2  0.5597616E+06

470.4  0.5593824E+06

470.6  0.5590035E+06

470.8  0.5586248E+06

471.0  0.5582464E+06

471.2  0.5578683E+06

471.4  0.5574904E+06

471.6  0.5571128E+06

471.8  0.5567355E+06

472.0  0.5563584E+06

472.2  0.5559816E+06

472.4  0.5556051E+06

472.6  0.5552288E+06

472.8  0.5548528E+06

473.0  0.5544771E+06

473.2  0.5541016E+06

473.4  0.5537264E+06

473.6  0.5533514E+06

473.8  0.5529768E+06

474.0  0.5526023E+06

474.2  0.5522282E+06

474.4  0.5518543E+06

474.6  0.5514807E+06

474.8  0.5511073E+06

475.0  0.5507342E+06

475.2  0.5503614E+06

475.4  0.5499888E+06

475.6  0.5496165E+06

475.8  0.5492444E+06

476.0  0.5488726E+06

476.2  0.5485011E+06

476.4  0.5481298E+06

476.6  0.5477588E+06

476.8  0.5473881E+06

477.0  0.5470176E+06

477.2  0.5466474E+06

477.4  0.5462774E+06

477.6  0.5459077E+06

477.8  0.5455383E+06

478.0  0.5451691E+06

478.2  0.5448002E+06

478.4  0.5444315E+06

478.6  0.5440631E+06

478.8  0.5436950E+06

479.0  0.5433271E+06

479.2  0.5429595E+06

479.4  0.5425921E+06

479.6  0.5422250E+06

479.8  0.5418581E+06

480.0  0.5414915E+06

480.2  0.5411252E+06

480.4  0.5407591E+06

480.6  0.5403933E+06

480.8  0.5400277E+06

481.0  0.5396624E+06

481.2  0.5392973E+06

481.4  0.5389325E+06

481.6  0.5385680E+06

481.8  0.5382037E+06

482.0  0.5378397E+06

482.2  0.5374759E+06

482.4  0.5371124E+06

482.6  0.5367491E+06

482.8  0.5363861E+06

483.0  0.5360233E+06

483.2  0.5356608E+06

483.4  0.5352986E+06

483.6  0.5349366E+06

483.8  0.5345749E+06

484.0  0.5342134E+06

484.2  0.5338521E+06

484.4  0.5334912E+06

484.6  0.5331304E+06

484.8  0.5327700E+06

485.0  0.5324097E+06

485.2  0.5320498E+06

485.4  0.5316900E+06

485.6  0.5313306E+06

485.8  0.5309714E+06

486.0  0.5306124E+06

486.2  0.5302537E+06

486.4  0.5298952E+06

486.6  0.5295370E+06

486.8  0.5291791E+06

487.0  0.5288213E+06

487.2  0.5284639E+06

487.4  0.5281067E+06

487.6  0.5277497E+06

487.8  0.5273930E+06

488.0  0.5270366E+06

488.2  0.5266803E+06

488.4  0.5263244E+06

488.6  0.5259687E+06

488.8  0.5256132E+06

489.0  0.5252580E+06

489.2  0.5249030E+06

489.4  0.5245483E+06

489.6  0.5241938E+06

489.8  0.5238396E+06

490.0  0.5234856E+06

490.2  0.5231319E+06

490.4  0.5227784E+06

490.6  0.5224252E+06

490.8  0.5220722E+06

491.0  0.5217195E+06

491.2  0.5213670E+06

491.4  0.5210147E+06

491.6  0.5206627E+06

491.8  0.5203110E+06

492.0  0.5199594E+06

492.2  0.5196082E+06

492.4  0.5192572E+06

492.6  0.5189064E+06

492.8  0.5185558E+06

493.0  0.5182056E+06

493.2  0.5178555E+06

493.4  0.5175057E+06

493.6  0.5171562E+06

493.8  0.5168069E+06

494.0  0.5164578E+06

494.2  0.5161090E+06

494.4  0.5157604E+06

494.6  0.5154120E+06

494.8  0.5150639E+06

495.0  0.5147161E+06

495.2  0.5143685E+06

495.4  0.5140211E+06

495.6  0.5136740E+06

495.8  0.5133271E+06

496.0  0.5129805E+06

496.2  0.5126341E+06

496.4  0.5122879E+06

496.6  0.5119420E+06

496.8  0.5115963E+06

497.0  0.5112509E+06

497.2  0.5109057E+06

497.4  0.5105607E+06

497.6  0.5102160E+06

497.8  0.5098715E+06

498.0  0.5095273E+06

498.2  0.5091833E+06

498.4  0.5088395E+06

498.6  0.5084960E+06

498.8  0.5081527E+06

499.0  0.5078097E+06

499.2  0.5074669E+06

499.4  0.5071243E+06

499.6  0.5067820E+06

499.8  0.5064399E+06

500.0  0.5060981E+06

