100  0.1812741E+04

100.2  0.2011648E+04

100.4  0.2219640E+04

100.6  0.2436298E+04

100.8  0.2661197E+04

101.0  0.2893910E+04

101.2  0.3134013E+04

101.4  0.3381088E+04

101.6  0.3634723E+04

101.8  0.3894520E+04

102.0  0.4160088E+04

102.2  0.4431052E+04

102.4  0.4707049E+04

102.6  0.4987732E+04

102.8  0.5272765E+04

103.0  0.5561830E+04

103.2  0.5854622E+04

103.4  0.6150852E+04

103.6  0.6450244E+04

103.8  0.6752536E+04

104.0  0.7057482E+04

104.2  0.7364846E+04

104.4  0.7674409E+04

104.6  0.7985961E+04

104.8  0.8299307E+04

105.0  0.8614260E+04

105.2  0.8930648E+04

105.4  0.9248307E+04

105.6  0.9567083E+04

105.8  0.9886834E+04

106.0  0.1020743E+05

106.2  0.1052873E+05

106.4  0.1085063E+05

106.6  0.1117302E+05

106.8  0.1149580E+05

107.0  0.1181887E+05

107.2  0.1214214E+05

107.4  0.1246553E+05

107.6  0.1278896E+05

107.8  0.1311237E+05

108.0  0.1343568E+05

108.2  0.1375885E+05

108.4  0.1408181E+05

108.6  0.1440451E+05

108.8  0.1472690E+05

109.0  0.1504895E+05

109.2  0.1537061E+05

109.4  0.1569185E+05

109.6  0.1601264E+05

109.8  0.1633294E+05

110.0  0.1665274E+05

110.2  0.1697200E+05

110.4  0.1729070E+05

110.6  0.1760884E+05

110.8  0.1792638E+05

111.0  0.1824333E+05

111.2  0.1855966E+05

111.4  0.1887536E+05

111.6  0.1919043E+05

111.8  0.1950486E+05

112.0  0.1981865E+05

112.2  0.2013178E+05

112.4  0.2044427E+05

112.6  0.2075610E+05

112.8  0.2106728E+05

113.0  0.2137781E+05

113.2  0.2168769E+05

113.4  0.2199693E+05

113.6  0.2230552E+05

113.8  0.2261348E+05

114.0  0.2292081E+05

114.2  0.2322751E+05

114.4  0.2353360E+05

114.6  0.2383907E+05

114.8  0.2414395E+05

115.0  0.2444824E+05

115.2  0.2475194E+05

115.4  0.2505507E+05

115.6  0.2535764E+05

115.8  0.2565966E+05

116.0  0.2596114E+05

116.2  0.2626210E+05

116.4  0.2656253E+05

116.6  0.2686247E+05

116.8  0.2716191E+05

117.0  0.2746088E+05

117.2  0.2775938E+05

117.4  0.2805743E+05

117.6  0.2835504E+05

117.8  0.2865222E+05

118.0  0.2894900E+05

118.2  0.2924537E+05

118.4  0.2954137E+05

118.6  0.2983699E+05

118.8  0.3013226E+05

119.0  0.3042719E+05

119.2  0.3072179E+05

119.4  0.3101608E+05

119.6  0.3131007E+05

119.8  0.3160378E+05

120.0  0.3189722E+05

120.2  0.3219041E+05

120.4  0.3248336E+05

120.6  0.3277608E+05

120.8  0.3306860E+05

121.0  0.3336092E+05

121.2  0.3365306E+05

121.4  0.3394503E+05

121.6  0.3423685E+05

121.8  0.3452854E+05

122.0  0.3482010E+05

122.2  0.3511156E+05

122.4  0.3540292E+05

122.6  0.3569420E+05

122.8  0.3598542E+05

123.0  0.3627660E+05

123.2  0.3656773E+05

123.4  0.3685885E+05

123.6  0.3714996E+05

123.8  0.3744107E+05

124.0  0.3773221E+05

124.2  0.3802339E+05

124.4  0.3831461E+05

124.6  0.3860590E+05

124.8  0.3889727E+05

125.0  0.3918873E+05

125.2  0.3948029E+05

125.4  0.3977198E+05

125.6  0.4006380E+05

125.8  0.4035577E+05

126.0  0.4064789E+05

126.2  0.4094020E+05

126.4  0.4123269E+05

126.6  0.4152538E+05

126.8  0.4181828E+05

127.0  0.4211142E+05

127.2  0.4240480E+05

127.4  0.4269843E+05

127.6  0.4299233E+05

127.8  0.4328651E+05

128.0  0.4358098E+05

128.2  0.4387576E+05

128.4  0.4417086E+05

128.6  0.4446630E+05

128.8  0.4476208E+05

129.0  0.4505822E+05

129.2  0.4535473E+05

129.4  0.4565162E+05

129.6  0.4594891E+05

129.8  0.4624661E+05

130.0  0.4654473E+05

130.2  0.4684328E+05

130.4  0.4714228E+05

130.6  0.4744174E+05

130.8  0.4774167E+05

131.0  0.4804208E+05

131.2  0.4834299E+05

131.4  0.4864440E+05

131.6  0.4894633E+05

131.8  0.4924880E+05

132.0  0.4955181E+05

132.2  0.4985537E+05

132.4  0.5015950E+05

132.6  0.5046421E+05

132.8  0.5076951E+05

133.0  0.5107541E+05

133.2  0.5138193E+05

133.4  0.5168907E+05

133.6  0.5199685E+05

133.8  0.5230528E+05

134.0  0.5261437E+05

134.2  0.5292413E+05

134.4  0.5323458E+05

134.6  0.5354572E+05

134.8  0.5385757E+05

135.0  0.5417013E+05

135.2  0.5448342E+05

135.4  0.5479746E+05

135.6  0.5511225E+05

135.8  0.5542780E+05

136.0  0.5574412E+05

136.2  0.5606123E+05

136.4  0.5637913E+05

136.6  0.5669785E+05

136.8  0.5701738E+05

137.0  0.5733774E+05

137.2  0.5765895E+05

137.4  0.5798100E+05

137.6  0.5830392E+05

137.8  0.5862771E+05

138.0  0.5895239E+05

138.2  0.5927796E+05

138.4  0.5960444E+05

138.6  0.5993184E+05

138.8  0.6026017E+05

139.0  0.6058943E+05

139.2  0.6091965E+05

139.4  0.6125083E+05

139.6  0.6158298E+05

139.8  0.6191611E+05

140.0  0.6225023E+05

140.2  0.6258536E+05

140.4  0.6292151E+05

140.6  0.6325868E+05

140.8  0.6359689E+05

141.0  0.6393614E+05

141.2  0.6427646E+05

141.4  0.6461784E+05

141.6  0.6496030E+05

141.8  0.6530385E+05

142.0  0.6564851E+05

142.2  0.6599427E+05

142.4  0.6634116E+05

142.6  0.6668918E+05

142.8  0.6703834E+05

143.0  0.6738866E+05

143.2  0.6774015E+05

143.4  0.6809281E+05

143.6  0.6844665E+05

143.8  0.6880170E+05

144.0  0.6915795E+05

144.2  0.6951542E+05

144.4  0.6987412E+05

144.6  0.7023406E+05

144.8  0.7059525E+05

145.0  0.7095770E+05

145.2  0.7132142E+05

145.4  0.7168643E+05

145.6  0.7205273E+05

145.8  0.7242033E+05

146.0  0.7278925E+05

146.2  0.7315949E+05

146.4  0.7353108E+05

146.6  0.7390400E+05

146.8  0.7427829E+05

147.0  0.7465395E+05

147.2  0.7503098E+05

147.4  0.7540941E+05

147.6  0.7578924E+05

147.8  0.7617048E+05

148.0  0.7655314E+05

148.2  0.7693724E+05

148.4  0.7732278E+05

148.6  0.7770978E+05

148.8  0.7809824E+05

149.0  0.7848818E+05

149.2  0.7887961E+05

149.4  0.7927255E+05

149.6  0.7966699E+05

149.8  0.8006295E+05

150.0  0.8046045E+05

150.2  0.8085949E+05

150.4  0.8126008E+05

150.6  0.8166225E+05

150.8  0.8206598E+05

151.0  0.8247131E+05

151.2  0.8287824E+05

151.4  0.8328678E+05

151.6  0.8369694E+05

151.8  0.8410874E+05

152.0  0.8452218E+05

152.2  0.8493727E+05

152.4  0.8535404E+05

152.6  0.8577248E+05

152.8  0.8619262E+05

153.0  0.8661445E+05

153.2  0.8703800E+05

153.4  0.8746328E+05

153.6  0.8789029E+05

153.8  0.8831905E+05

154.0  0.8874957E+05

154.2  0.8918187E+05

154.4  0.8961594E+05

154.6  0.9005182E+05

154.8  0.9048950E+05

155.0  0.9092900E+05

155.2  0.9137033E+05

155.4  0.9181350E+05

155.6  0.9225853E+05

155.8  0.9270543E+05

156.0  0.9315421E+05

156.2  0.9360488E+05

156.4  0.9405745E+05

156.6  0.9451194E+05

156.8  0.9496835E+05

157.0  0.9542671E+05

157.2  0.9588702E+05

157.4  0.9634929E+05

157.6  0.9681355E+05

157.8  0.9727979E+05

158.0  0.9774804E+05

158.2  0.9821831E+05

158.4  0.9869060E+05

158.6  0.9916493E+05

158.8  0.9964132E+05

159.0  0.1001198E+06

159.2  0.1006003E+06

159.4  0.1010829E+06

159.6  0.1015677E+06

159.8  0.1020545E+06

160.0  0.1025435E+06

160.2  0.1030347E+06

160.4  0.1035280E+06

160.6  0.1040234E+06

160.8  0.1045211E+06

161.0  0.1050209E+06

161.2  0.1055230E+06

161.4  0.1060273E+06

161.6  0.1065338E+06

161.8  0.1070426E+06

162.0  0.1075537E+06

162.2  0.1080670E+06

162.4  0.1085827E+06

162.6  0.1091006E+06

162.8  0.1096209E+06

163.0  0.1101435E+06

163.2  0.1106685E+06

163.4  0.1111959E+06

163.6  0.1117256E+06

163.8  0.1122577E+06

164.0  0.1127923E+06

164.2  0.1133292E+06

164.4  0.1138687E+06

164.6  0.1144105E+06

164.8  0.1149549E+06

165.0  0.1155017E+06

165.2  0.1160511E+06

165.4  0.1166029E+06

165.6  0.1171573E+06

165.8  0.1177143E+06

166.0  0.1182738E+06

166.2  0.1188359E+06

166.4  0.1194006E+06

166.6  0.1199680E+06

166.8  0.1205379E+06

167.0  0.1211105E+06

167.2  0.1216858E+06

167.4  0.1222638E+06

167.6  0.1228444E+06

167.8  0.1234278E+06

168.0  0.1240139E+06

168.2  0.1246028E+06

168.4  0.1251944E+06

168.6  0.1257888E+06

168.8  0.1263861E+06

169.0  0.1269861E+06

169.2  0.1275890E+06

169.4  0.1281948E+06

169.6  0.1288034E+06

169.8  0.1294149E+06

170.0  0.1300294E+06

170.2  0.1306467E+06

170.4  0.1312671E+06

170.6  0.1318904E+06

170.8  0.1325167E+06

171.0  0.1331460E+06

171.2  0.1337784E+06

171.4  0.1344138E+06

171.6  0.1350523E+06

171.8  0.1356938E+06

172.0  0.1363385E+06

172.2  0.1369864E+06

172.4  0.1376374E+06

172.6  0.1382915E+06

172.8  0.1389489E+06

173.0  0.1396095E+06

173.2  0.1402734E+06

173.4  0.1409405E+06

173.6  0.1416109E+06

173.8  0.1422847E+06

174.0  0.1429617E+06

174.2  0.1436422E+06

174.4  0.1443260E+06

174.6  0.1450133E+06

174.8  0.1457040E+06

175.0  0.1463981E+06

175.2  0.1470958E+06

175.4  0.1477970E+06

175.6  0.1485017E+06

175.8  0.1492100E+06

176.0  0.1499219E+06

176.2  0.1506374E+06

176.4  0.1513566E+06

176.6  0.1520794E+06

176.8  0.1528060E+06

177.0  0.1535363E+06

177.2  0.1542704E+06

177.4  0.1550083E+06

177.6  0.1557500E+06

177.8  0.1564956E+06

178.0  0.1572451E+06

178.2  0.1579986E+06

178.4  0.1587560E+06

178.6  0.1595173E+06

178.8  0.1602828E+06

179.0  0.1610523E+06

179.2  0.1618259E+06

179.4  0.1626036E+06

179.6  0.1633855E+06

179.8  0.1641716E+06

180.0  0.1649620E+06

180.2  0.1657567E+06

180.4  0.1665557E+06

180.6  0.1673590E+06

180.8  0.1681668E+06

181.0  0.1689791E+06

181.2  0.1697958E+06

181.4  0.1706170E+06

181.6  0.1714429E+06

181.8  0.1722733E+06

182.0  0.1731085E+06

182.2  0.1739483E+06

182.4  0.1747930E+06

182.6  0.1756424E+06

182.8  0.1764967E+06

183.0  0.1773559E+06

183.2  0.1782200E+06

183.4  0.1790892E+06

183.6  0.1799634E+06

183.8  0.1808427E+06

184.0  0.1817272E+06

184.2  0.1826169E+06

184.4  0.1835119E+06

184.6  0.1844122E+06

184.8  0.1853179E+06

185.0  0.1862291E+06

185.2  0.1871457E+06

185.4  0.1880679E+06

185.6  0.1889958E+06

185.8  0.1899293E+06

186.0  0.1908686E+06

186.2  0.1918137E+06

186.4  0.1927646E+06

186.6  0.1937215E+06

186.8  0.1946844E+06

187.0  0.1956534E+06

187.2  0.1966285E+06

187.4  0.1976098E+06

187.6  0.1985974E+06

187.8  0.1995913E+06

188.0  0.2005916E+06

188.2  0.2015985E+06

188.4  0.2026119E+06

188.6  0.2036319E+06

188.8  0.2046586E+06

189.0  0.2056921E+06

189.2  0.2067325E+06

189.4  0.2077798E+06

189.6  0.2088341E+06

189.8  0.2098955E+06

190.0  0.2109640E+06

190.2  0.2120398E+06

190.4  0.2131230E+06

190.6  0.2142135E+06

190.8  0.2153115E+06

191.0  0.2164170E+06

191.2  0.2175303E+06

191.4  0.2186512E+06

191.6  0.2197799E+06

191.8  0.2209166E+06

192.0  0.2220612E+06

192.2  0.2232138E+06

192.4  0.2243747E+06

192.6  0.2255437E+06

192.8  0.2267210E+06

193.0  0.2279068E+06

193.2  0.2291010E+06

193.4  0.2303037E+06

193.6  0.2315151E+06

193.8  0.2327353E+06

194.0  0.2339642E+06

194.2  0.2352021E+06

194.4  0.2364489E+06

194.6  0.2377048E+06

194.8  0.2389699E+06

195.0  0.2402442E+06

195.2  0.2415278E+06

195.4  0.2428207E+06

195.6  0.2441232E+06

195.8  0.2454352E+06

196.0  0.2467569E+06

196.2  0.2480883E+06

196.4  0.2494295E+06

196.6  0.2507805E+06

196.8  0.2521416E+06

197.0  0.2535126E+06

197.2  0.2548938E+06

197.4  0.2562851E+06

197.6  0.2576867E+06

197.8  0.2590986E+06

198.0  0.2605210E+06

198.2  0.2619538E+06

198.4  0.2633971E+06

198.6  0.2648510E+06

198.8  0.2663156E+06

199.0  0.2677910E+06

199.2  0.2692772E+06

199.4  0.2707742E+06

199.6  0.2722821E+06

199.8  0.2738011E+06

200.0  0.2753310E+06

200.2  0.2768721E+06

200.4  0.2784243E+06

200.6  0.2799877E+06

200.8  0.2815623E+06

201.0  0.2831483E+06

201.2  0.2847456E+06

201.4  0.2863542E+06

201.6  0.2879743E+06

201.8  0.2896058E+06

202.0  0.2912489E+06

202.2  0.2929035E+06

202.4  0.2945696E+06

202.6  0.2962473E+06

202.8  0.2979367E+06

203.0  0.2996377E+06

203.2  0.3013503E+06

203.4  0.3030746E+06

203.6  0.3048107E+06

203.8  0.3065584E+06

204.0  0.3083179E+06

204.2  0.3100891E+06

204.4  0.3118720E+06

204.6  0.3136667E+06

204.8  0.3154732E+06

205.0  0.3172913E+06

205.2  0.3191212E+06

205.4  0.3209628E+06

205.6  0.3228162E+06

205.8  0.3246812E+06

206.0  0.3265579E+06

206.2  0.3284463E+06

206.4  0.3303463E+06

206.6  0.3322579E+06

206.8  0.3341811E+06

207.0  0.3361159E+06

207.2  0.3380622E+06

207.4  0.3400199E+06

207.6  0.3419891E+06

207.8  0.3439696E+06

208.0  0.3459615E+06

208.2  0.3479647E+06

208.4  0.3499791E+06

208.6  0.3520047E+06

208.8  0.3540414E+06

209.0  0.3560892E+06

209.2  0.3581480E+06

209.4  0.3602176E+06

209.6  0.3622982E+06

209.8  0.3643894E+06

210.0  0.3664914E+06

210.2  0.3686040E+06

210.4  0.3707271E+06

210.6  0.3728607E+06

210.8  0.3750046E+06

211.0  0.3771587E+06

211.2  0.3793230E+06

211.4  0.3814974E+06

211.6  0.3836817E+06

211.8  0.3858759E+06

212.0  0.3880798E+06

212.2  0.3902933E+06

212.4  0.3925164E+06

212.6  0.3947488E+06

212.8  0.3969906E+06

213.0  0.3992415E+06

213.2  0.4015014E+06

213.4  0.4037703E+06

213.6  0.4060479E+06

213.8  0.4083342E+06

214.0  0.4106290E+06

214.2  0.4129322E+06

214.4  0.4152437E+06

214.6  0.4175632E+06

214.8  0.4198907E+06

215.0  0.4222260E+06

215.2  0.4245689E+06

215.4  0.4269194E+06

215.6  0.4292773E+06

215.8  0.4316423E+06

216.0  0.4340144E+06

216.2  0.4363934E+06

216.4  0.4387792E+06

216.6  0.4411715E+06

216.8  0.4435702E+06

217.0  0.4459752E+06

217.2  0.4483862E+06

217.4  0.4508032E+06

217.6  0.4532259E+06

217.8  0.4556542E+06

218.0  0.4580878E+06

218.2  0.4605267E+06

218.4  0.4629707E+06

218.6  0.4654195E+06

218.8  0.4678730E+06

219.0  0.4703310E+06

219.2  0.4727933E+06

219.4  0.4752598E+06

219.6  0.4777303E+06

219.8  0.4802046E+06

220.0  0.4826825E+06

220.2  0.4851638E+06

220.4  0.4876483E+06

220.6  0.4901359E+06

220.8  0.4926263E+06

221.0  0.4951194E+06

221.2  0.4976150E+06

221.4  0.5001129E+06

221.6  0.5026129E+06

221.8  0.5051148E+06

222.0  0.5076185E+06

222.2  0.5101237E+06

222.4  0.5126302E+06

222.6  0.5151379E+06

222.8  0.5176466E+06

223.0  0.5201561E+06

223.2  0.5226661E+06

223.4  0.5251766E+06

223.6  0.5276873E+06

223.8  0.5301980E+06

224.0  0.5327085E+06

224.2  0.5352187E+06

224.4  0.5377283E+06

224.6  0.5402372E+06

224.8  0.5427452E+06

225.0  0.5452521E+06

225.2  0.5477577E+06

225.4  0.5502618E+06

225.6  0.5527642E+06

225.8  0.5552648E+06

226.0  0.5577634E+06

226.2  0.5602598E+06

226.4  0.5627537E+06

226.6  0.5652451E+06

226.8  0.5677337E+06

227.0  0.5702194E+06

227.2  0.5727019E+06

227.4  0.5751812E+06

227.6  0.5776569E+06

227.8  0.5801291E+06

228.0  0.5825974E+06

228.2  0.5850617E+06

228.4  0.5875218E+06

228.6  0.5899776E+06

228.8  0.5924289E+06

229.0  0.5948755E+06

229.2  0.5973173E+06

229.4  0.5997541E+06

229.6  0.6021856E+06

229.8  0.6046119E+06

230.0  0.6070326E+06

230.2  0.6094477E+06

230.4  0.6118570E+06

230.6  0.6142603E+06

230.8  0.6166575E+06

231.0  0.6190484E+06

231.2  0.6214328E+06

231.4  0.6238107E+06

231.6  0.6261819E+06

231.8  0.6285461E+06

232.0  0.6309034E+06

232.2  0.6332534E+06

232.4  0.6355962E+06

232.6  0.6379315E+06

232.8  0.6402592E+06

233.0  0.6425792E+06

233.2  0.6448914E+06

233.4  0.6471955E+06

233.6  0.6494915E+06

233.8  0.6517793E+06

234.0  0.6540587E+06

234.2  0.6563296E+06

234.4  0.6585918E+06

234.6  0.6608453E+06

234.8  0.6630899E+06

235.0  0.6653256E+06

235.2  0.6675521E+06

235.4  0.6697694E+06

235.6  0.6719774E+06

235.8  0.6741759E+06

236.0  0.6763649E+06

236.2  0.6785442E+06

236.4  0.6807138E+06

236.6  0.6828735E+06

236.8  0.6850232E+06

237.0  0.6871629E+06

237.2  0.6892924E+06

237.4  0.6914116E+06

237.6  0.6935205E+06

237.8  0.6956190E+06

238.0  0.6977069E+06

238.2  0.6997842E+06

238.4  0.7018509E+06

238.6  0.7039067E+06

238.8  0.7059517E+06

239.0  0.7079857E+06

239.2  0.7100087E+06

239.4  0.7120206E+06

239.6  0.7140213E+06

239.8  0.7160108E+06

240.0  0.7179890E+06

240.2  0.7199558E+06

240.4  0.7219112E+06

240.6  0.7238550E+06

240.8  0.7257873E+06

241.0  0.7277080E+06

241.2  0.7296169E+06

241.4  0.7315141E+06

241.6  0.7333995E+06

241.8  0.7352731E+06

242.0  0.7371347E+06

242.2  0.7389844E+06

242.4  0.7408221E+06

242.6  0.7426477E+06

242.8  0.7444612E+06

243.0  0.7462626E+06

243.2  0.7480519E+06

243.4  0.7498289E+06

243.6  0.7515936E+06

243.8  0.7533461E+06

244.0  0.7550863E+06

244.2  0.7568141E+06

244.4  0.7585295E+06

244.6  0.7602325E+06

244.8  0.7619230E+06

245.0  0.7636011E+06

245.2  0.7652667E+06

245.4  0.7669198E+06

245.6  0.7685604E+06

245.8  0.7701884E+06

246.0  0.7718038E+06

246.2  0.7734066E+06

246.4  0.7749969E+06

246.6  0.7765745E+06

246.8  0.7781395E+06

247.0  0.7796919E+06

247.2  0.7812316E+06

247.4  0.7827587E+06

247.6  0.7842731E+06

247.8  0.7857749E+06

248.0  0.7872640E+06

248.2  0.7887404E+06

248.4  0.7902041E+06

248.6  0.7916552E+06

248.8  0.7930936E+06

249.0  0.7945194E+06

249.2  0.7959325E+06

249.4  0.7973329E+06

249.6  0.7987207E+06

249.8  0.8000959E+06

250.0  0.8014584E+06

250.2  0.8028083E+06

250.4  0.8041456E+06

250.6  0.8054704E+06

250.8  0.8067825E+06

251.0  0.8080821E+06

251.2  0.8093691E+06

251.4  0.8106436E+06

251.6  0.8119056E+06

251.8  0.8131551E+06

252.0  0.8143922E+06

252.2  0.8156167E+06

252.4  0.8168289E+06

252.6  0.8180287E+06

252.8  0.8192160E+06

253.0  0.8203911E+06

253.2  0.8215538E+06

253.4  0.8227042E+06

253.6  0.8238423E+06

253.8  0.8249682E+06

254.0  0.8260819E+06

254.2  0.8271834E+06

254.4  0.8282728E+06

254.6  0.8293500E+06

254.8  0.8304151E+06

255.0  0.8314682E+06

255.2  0.8325093E+06

255.4  0.8335384E+06

255.6  0.8345556E+06

255.8  0.8355609E+06

256.0  0.8365543E+06

256.2  0.8375358E+06

256.4  0.8385056E+06

256.6  0.8394636E+06

256.8  0.8404099E+06

257.0  0.8413446E+06

257.2  0.8422676E+06

257.4  0.8431790E+06

257.6  0.8440789E+06

257.8  0.8449673E+06

258.0  0.8458442E+06

258.2  0.8467097E+06

258.4  0.8475638E+06

258.6  0.8484066E+06

258.8  0.8492382E+06

259.0  0.8500585E+06

259.2  0.8508676E+06

259.4  0.8516656E+06

259.6  0.8524525E+06

259.8  0.8532284E+06

260.0  0.8539933E+06

260.2  0.8547472E+06

260.4  0.8554903E+06

260.6  0.8562225E+06

260.8  0.8569439E+06

261.0  0.8576545E+06

261.2  0.8583545E+06

261.4  0.8590438E+06

261.6  0.8597226E+06

261.8  0.8603908E+06

262.0  0.8610485E+06

262.2  0.8616958E+06

262.4  0.8623327E+06

262.6  0.8629593E+06

262.8  0.8635756E+06

263.0  0.8641817E+06

263.2  0.8647776E+06

263.4  0.8653634E+06

263.6  0.8659392E+06

263.8  0.8665049E+06

264.0  0.8670607E+06

264.2  0.8676066E+06

264.4  0.8681427E+06

264.6  0.8686690E+06

264.8  0.8691855E+06

265.0  0.8696924E+06

265.2  0.8701896E+06

265.4  0.8706773E+06

265.6  0.8711555E+06

265.8  0.8716242E+06

266.0  0.8720836E+06

266.2  0.8725335E+06

266.4  0.8729742E+06

266.6  0.8734057E+06

266.8  0.8738280E+06

267.0  0.8742412E+06

267.2  0.8746453E+06

267.4  0.8750404E+06

267.6  0.8754266E+06

267.8  0.8758039E+06

268.0  0.8761723E+06

268.2  0.8765320E+06

268.4  0.8768829E+06

268.6  0.8772252E+06

268.8  0.8775589E+06

269.0  0.8778840E+06

269.2  0.8782006E+06

269.4  0.8785087E+06

269.6  0.8788085E+06

269.8  0.8791000E+06

270.0  0.8793832E+06

270.2  0.8796581E+06

270.4  0.8799249E+06

270.6  0.8801836E+06

270.8  0.8804343E+06

271.0  0.8806770E+06

271.2  0.8809117E+06

271.4  0.8811385E+06

271.6  0.8813575E+06

271.8  0.8815688E+06

272.0  0.8817723E+06

272.2  0.8819682E+06

272.4  0.8821564E+06

272.6  0.8823372E+06

272.8  0.8825104E+06

273.0  0.8826762E+06

273.2  0.8828345E+06

273.4  0.8829856E+06

273.6  0.8831294E+06

273.8  0.8832659E+06

274.0  0.8833953E+06

274.2  0.8835176E+06

274.4  0.8836328E+06

274.6  0.8837410E+06

274.8  0.8838423E+06

275.0  0.8839366E+06

275.2  0.8840241E+06

275.4  0.8841048E+06

275.6  0.8841788E+06

275.8  0.8842461E+06

276.0  0.8843067E+06

276.2  0.8843608E+06

276.4  0.8844083E+06

276.6  0.8844493E+06

276.8  0.8844839E+06

277.0  0.8845121E+06

277.2  0.8845340E+06

277.4  0.8845497E+06

277.6  0.8845591E+06

277.8  0.8845623E+06

278.0  0.8845594E+06

278.2  0.8845504E+06

278.4  0.8845354E+06

278.6  0.8845144E+06

278.8  0.8844875E+06

279.0  0.8844547E+06

279.2  0.8844161E+06

279.4  0.8843717E+06

279.6  0.8843216E+06

279.8  0.8842658E+06

280.0  0.8842043E+06

280.2  0.8841373E+06

280.4  0.8840647E+06

280.6  0.8839867E+06

280.8  0.8839032E+06

281.0  0.8838143E+06

281.2  0.8837200E+06

281.4  0.8836205E+06

281.6  0.8835157E+06

281.8  0.8834057E+06

282.0  0.8832905E+06

282.2  0.8831702E+06

282.4  0.8830448E+06

282.6  0.8829144E+06

282.8  0.8827790E+06

283.0  0.8826387E+06

283.2  0.8824935E+06

283.4  0.8823434E+06

283.6  0.8821885E+06

283.8  0.8820289E+06

284.0  0.8818645E+06

284.2  0.8816955E+06

284.4  0.8815218E+06

284.6  0.8813435E+06

284.8  0.8811607E+06

285.0  0.8809733E+06

285.2  0.8807815E+06

285.4  0.8805853E+06

285.6  0.8803847E+06

285.8  0.8801798E+06

286.0  0.8799705E+06

286.2  0.8797570E+06

286.4  0.8795393E+06

286.6  0.8793173E+06

286.8  0.8790913E+06

287.0  0.8788611E+06

287.2  0.8786269E+06

287.4  0.8783887E+06

287.6  0.8781464E+06

287.8  0.8779003E+06

288.0  0.8776502E+06

288.2  0.8773963E+06

288.4  0.8771385E+06

288.6  0.8768769E+06

288.8  0.8766116E+06

289.0  0.8763425E+06

289.2  0.8760698E+06

289.4  0.8757934E+06

289.6  0.8755134E+06

289.8  0.8752299E+06

290.0  0.8749428E+06

290.2  0.8746522E+06

290.4  0.8743581E+06

290.6  0.8740606E+06

290.8  0.8737597E+06

291.0  0.8734554E+06

291.2  0.8731478E+06

291.4  0.8728370E+06

291.6  0.8725228E+06

291.8  0.8722055E+06

292.0  0.8718849E+06

292.2  0.8715612E+06

292.4  0.8712343E+06

292.6  0.8709044E+06

292.8  0.8705714E+06

293.0  0.8702353E+06

293.2  0.8698963E+06

293.4  0.8695543E+06

293.6  0.8692094E+06

293.8  0.8688615E+06

294.0  0.8685108E+06

294.2  0.8681573E+06

294.4  0.8678009E+06

294.6  0.8674417E+06

294.8  0.8670798E+06

295.0  0.8667152E+06

295.2  0.8663479E+06

295.4  0.8659779E+06

295.6  0.8656053E+06

295.8  0.8652301E+06

296.0  0.8648523E+06

296.2  0.8644720E+06

296.4  0.8640892E+06

296.6  0.8637038E+06

296.8  0.8633160E+06

297.0  0.8629258E+06

297.2  0.8625331E+06

297.4  0.8621381E+06

297.6  0.8617407E+06

297.8  0.8613410E+06

298.0  0.8609390E+06

298.2  0.8605348E+06

298.4  0.8601282E+06

298.6  0.8597195E+06

298.8  0.8593086E+06

299.0  0.8588954E+06

299.2  0.8584802E+06

299.4  0.8580628E+06

299.6  0.8576433E+06

299.8  0.8572218E+06

300.0  0.8567982E+06

300.2  0.8563726E+06

300.4  0.8559450E+06

300.6  0.8555154E+06

300.8  0.8550839E+06

301.0  0.8546504E+06

301.2  0.8542151E+06

301.4  0.8537778E+06

301.6  0.8533387E+06

301.8  0.8528978E+06

302.0  0.8524550E+06

302.2  0.8520105E+06

302.4  0.8515642E+06

302.6  0.8511161E+06

302.8  0.8506664E+06

303.0  0.8502149E+06

303.2  0.8497617E+06

303.4  0.8493069E+06

303.6  0.8488505E+06

303.8  0.8483924E+06

304.0  0.8479327E+06

304.2  0.8474715E+06

304.4  0.8470087E+06

304.6  0.8465443E+06

304.8  0.8460785E+06

305.0  0.8456111E+06

305.2  0.8451423E+06

305.4  0.8446720E+06

305.6  0.8442003E+06

305.8  0.8437271E+06

306.0  0.8432526E+06

306.2  0.8427767E+06

306.4  0.8422994E+06

306.6  0.8418207E+06

306.8  0.8413408E+06

307.0  0.8408595E+06

307.2  0.8403769E+06

307.4  0.8398931E+06

307.6  0.8394080E+06

307.8  0.8389217E+06

308.0  0.8384341E+06

308.2  0.8379454E+06

308.4  0.8374554E+06

308.6  0.8369643E+06

308.8  0.8364721E+06

309.0  0.8359787E+06

309.2  0.8354842E+06

309.4  0.8349885E+06

309.6  0.8344918E+06

309.8  0.8339941E+06

310.0  0.8334952E+06

310.2  0.8329954E+06

310.4  0.8324945E+06

310.6  0.8319926E+06

310.8  0.8314897E+06

311.0  0.8309858E+06

311.2  0.8304809E+06

311.4  0.8299751E+06

311.6  0.8294684E+06

311.8  0.8289608E+06

312.0  0.8284522E+06

312.2  0.8279427E+06

312.4  0.8274324E+06

312.6  0.8269212E+06

312.8  0.8264092E+06

313.0  0.8258963E+06

313.2  0.8253826E+06

313.4  0.8248681E+06

313.6  0.8243528E+06

313.8  0.8238367E+06

314.0  0.8233199E+06

314.2  0.8228023E+06

314.4  0.8222839E+06

314.6  0.8217648E+06

314.8  0.8212450E+06

315.0  0.8207245E+06

315.2  0.8202033E+06

315.4  0.8196814E+06

315.6  0.8191589E+06

315.8  0.8186357E+06

316.0  0.8181118E+06

316.2  0.8175873E+06

316.4  0.8170622E+06

316.6  0.8165365E+06

316.8  0.8160102E+06

317.0  0.8154832E+06

317.2  0.8149558E+06

317.4  0.8144277E+06

317.6  0.8138991E+06

317.8  0.8133699E+06

318.0  0.8128403E+06

318.2  0.8123101E+06

318.4  0.8117793E+06

318.6  0.8112481E+06

318.8  0.8107164E+06

319.0  0.8101842E+06

319.2  0.8096515E+06

319.4  0.8091184E+06

319.6  0.8085848E+06

319.8  0.8080508E+06

320.0  0.8075164E+06

320.2  0.8069815E+06

320.4  0.8064462E+06

320.6  0.8059105E+06

320.8  0.8053744E+06

321.0  0.8048380E+06

321.2  0.8043011E+06

321.4  0.8037639E+06

321.6  0.8032264E+06

321.8  0.8026884E+06

322.0  0.8021502E+06

322.2  0.8016116E+06

322.4  0.8010727E+06

322.6  0.8005335E+06

322.8  0.7999940E+06

323.0  0.7994541E+06

323.2  0.7989140E+06

323.4  0.7983736E+06

323.6  0.7978330E+06

323.8  0.7972920E+06

324.0  0.7967509E+06

324.2  0.7962094E+06

324.4  0.7956678E+06

324.6  0.7951258E+06

324.8  0.7945837E+06

325.0  0.7940414E+06

325.2  0.7934988E+06

325.4  0.7929560E+06

325.6  0.7924131E+06

325.8  0.7918699E+06

326.0  0.7913266E+06

326.2  0.7907831E+06

326.4  0.7902394E+06

326.6  0.7896956E+06

326.8  0.7891516E+06

327.0  0.7886074E+06

327.2  0.7880631E+06

327.4  0.7875187E+06

327.6  0.7869742E+06

327.8  0.7864295E+06

328.0  0.7858847E+06

328.2  0.7853399E+06

328.4  0.7847949E+06

328.6  0.7842498E+06

328.8  0.7837046E+06

329.0  0.7831593E+06

329.2  0.7826140E+06

329.4  0.7820686E+06

329.6  0.7815231E+06

329.8  0.7809776E+06

330.0  0.7804320E+06

330.2  0.7798864E+06

330.4  0.7793407E+06

330.6  0.7787950E+06

330.8  0.7782492E+06

331.0  0.7777034E+06

331.2  0.7771576E+06

331.4  0.7766118E+06

331.6  0.7760660E+06

331.8  0.7755201E+06

332.0  0.7749743E+06

332.2  0.7744285E+06

332.4  0.7738827E+06

332.6  0.7733369E+06

332.8  0.7727911E+06

333.0  0.7722453E+06

333.2  0.7716996E+06

333.4  0.7711539E+06

333.6  0.7706082E+06

333.8  0.7700626E+06

334.0  0.7695170E+06

334.2  0.7689715E+06

334.4  0.7684261E+06

334.6  0.7678807E+06

334.8  0.7673353E+06

335.0  0.7667901E+06

335.2  0.7662449E+06

335.4  0.7656998E+06

335.6  0.7651547E+06

335.8  0.7646098E+06

336.0  0.7640650E+06

336.2  0.7635202E+06

336.4  0.7629755E+06

336.6  0.7624310E+06

336.8  0.7618865E+06

337.0  0.7613422E+06

337.2  0.7607980E+06

337.4  0.7602539E+06

337.6  0.7597099E+06

337.8  0.7591660E+06

338.0  0.7586223E+06

338.2  0.7580787E+06

338.4  0.7575353E+06

338.6  0.7569920E+06

338.8  0.7564488E+06

339.0  0.7559057E+06

339.2  0.7553629E+06

339.4  0.7548201E+06

339.6  0.7542776E+06

339.8  0.7537352E+06

340.0  0.7531929E+06

340.2  0.7526509E+06

340.4  0.7521089E+06

340.6  0.7515672E+06

340.8  0.7510256E+06

341.0  0.7504843E+06

341.2  0.7499431E+06

341.4  0.7494021E+06

341.6  0.7488612E+06

341.8  0.7483206E+06

342.0  0.7477802E+06

342.2  0.7472399E+06

342.4  0.7466999E+06

342.6  0.7461600E+06

342.8  0.7456204E+06

343.0  0.7450809E+06

343.2  0.7445417E+06

343.4  0.7440027E+06

343.6  0.7434639E+06

343.8  0.7429253E+06

344.0  0.7423870E+06

344.2  0.7418488E+06

344.4  0.7413109E+06

344.6  0.7407732E+06

344.8  0.7402358E+06

345.0  0.7396986E+06

345.2  0.7391616E+06

345.4  0.7386248E+06

345.6  0.7380883E+06

345.8  0.7375520E+06

346.0  0.7370160E+06

346.2  0.7364802E+06

346.4  0.7359447E+06

346.6  0.7354094E+06

346.8  0.7348744E+06

347.0  0.7343396E+06

347.2  0.7338051E+06

347.4  0.7332708E+06

347.6  0.7327368E+06

347.8  0.7322031E+06

348.0  0.7316696E+06

348.2  0.7311364E+06

348.4  0.7306035E+06

348.6  0.7300708E+06

348.8  0.7295384E+06

349.0  0.7290063E+06

349.2  0.7284744E+06

349.4  0.7279429E+06

349.6  0.7274116E+06

349.8  0.7268805E+06

350.0  0.7263498E+06

350.2  0.7258194E+06

350.4  0.7252892E+06

350.6  0.7247593E+06

350.8  0.7242297E+06

351.0  0.7237004E+06

351.2  0.7231714E+06

351.4  0.7226427E+06

351.6  0.7221143E+06

351.8  0.7215862E+06

352.0  0.7210584E+06

352.2  0.7205308E+06

352.4  0.7200036E+06

352.6  0.7194767E+06

352.8  0.7189501E+06

353.0  0.7184238E+06

353.2  0.7178978E+06

353.4  0.7173721E+06

353.6  0.7168467E+06

353.8  0.7163216E+06

354.0  0.7157968E+06

354.2  0.7152724E+06

354.4  0.7147482E+06

354.6  0.7142244E+06

354.8  0.7137009E+06

355.0  0.7131777E+06

355.2  0.7126548E+06

355.4  0.7121323E+06

355.6  0.7116100E+06

355.8  0.7110881E+06

356.0  0.7105665E+06

356.2  0.7100453E+06

356.4  0.7095243E+06

356.6  0.7090037E+06

356.8  0.7084834E+06

357.0  0.7079635E+06

357.2  0.7074438E+06

357.4  0.7069245E+06

357.6  0.7064056E+06

357.8  0.7058869E+06

358.0  0.7053686E+06

358.2  0.7048507E+06

358.4  0.7043330E+06

358.6  0.7038157E+06

358.8  0.7032988E+06

359.0  0.7027821E+06

359.2  0.7022659E+06

359.4  0.7017499E+06

359.6  0.7012343E+06

359.8  0.7007190E+06

360.0  0.7002041E+06

360.2  0.6996895E+06

360.4  0.6991753E+06

360.6  0.6986614E+06

360.8  0.6981478E+06

361.0  0.6976346E+06

361.2  0.6971218E+06

361.4  0.6966092E+06

361.6  0.6960971E+06

361.8  0.6955853E+06

362.0  0.6950738E+06

362.2  0.6945627E+06

362.4  0.6940519E+06

362.6  0.6935415E+06

362.8  0.6930314E+06

363.0  0.6925217E+06

363.2  0.6920123E+06

363.4  0.6915033E+06

363.6  0.6909946E+06

363.8  0.6904863E+06

364.0  0.6899784E+06

364.2  0.6894708E+06

364.4  0.6889635E+06

364.6  0.6884566E+06

364.8  0.6879501E+06

365.0  0.6874439E+06

365.2  0.6869381E+06

365.4  0.6864326E+06

365.6  0.6859275E+06

365.8  0.6854228E+06

366.0  0.6849184E+06

366.2  0.6844144E+06

366.4  0.6839107E+06

366.6  0.6834074E+06

366.8  0.6829045E+06

367.0  0.6824019E+06

367.2  0.6818997E+06

367.4  0.6813978E+06

367.6  0.6808963E+06

367.8  0.6803952E+06

368.0  0.6798944E+06

368.2  0.6793940E+06

368.4  0.6788939E+06

368.6  0.6783942E+06

368.8  0.6778949E+06

369.0  0.6773960E+06

369.2  0.6768974E+06

369.4  0.6763991E+06

369.6  0.6759013E+06

369.8  0.6754038E+06

370.0  0.6749067E+06

370.2  0.6744099E+06

370.4  0.6739135E+06

370.6  0.6734175E+06

370.8  0.6729218E+06

371.0  0.6724265E+06

371.2  0.6719316E+06

371.4  0.6714370E+06

371.6  0.6709428E+06

371.8  0.6704490E+06

372.0  0.6699555E+06

372.2  0.6694624E+06

372.4  0.6689697E+06

372.6  0.6684773E+06

372.8  0.6679853E+06

373.0  0.6674937E+06

373.2  0.6670025E+06

373.4  0.6665116E+06

373.6  0.6660211E+06

373.8  0.6655309E+06

374.0  0.6650411E+06

374.2  0.6645517E+06

374.4  0.6640627E+06

374.6  0.6635740E+06

374.8  0.6630857E+06

375.0  0.6625978E+06

375.2  0.6621102E+06

375.4  0.6616230E+06

375.6  0.6611362E+06

375.8  0.6606498E+06

376.0  0.6601637E+06

376.2  0.6596780E+06

376.4  0.6591926E+06

376.6  0.6587077E+06

376.8  0.6582231E+06

377.0  0.6577388E+06

377.2  0.6572550E+06

377.4  0.6567715E+06

377.6  0.6562884E+06

377.8  0.6558056E+06

378.0  0.6553232E+06

378.2  0.6548412E+06

378.4  0.6543596E+06

378.6  0.6538783E+06

378.8  0.6533974E+06

379.0  0.6529169E+06

379.2  0.6524367E+06

379.4  0.6519569E+06

379.6  0.6514775E+06

379.8  0.6509985E+06

380.0  0.6505198E+06

380.2  0.6500415E+06

380.4  0.6495635E+06

380.6  0.6490860E+06

380.8  0.6486088E+06

381.0  0.6481319E+06

381.2  0.6476555E+06

381.4  0.6471794E+06

381.6  0.6467036E+06

381.8  0.6462283E+06

382.0  0.6457533E+06

382.2  0.6452787E+06

382.4  0.6448045E+06

382.6  0.6443306E+06

382.8  0.6438571E+06

383.0  0.6433839E+06

383.2  0.6429112E+06

383.4  0.6424388E+06

383.6  0.6419667E+06

383.8  0.6414951E+06

384.0  0.6410238E+06

384.2  0.6405528E+06

384.4  0.6400823E+06

384.6  0.6396121E+06

384.8  0.6391423E+06

385.0  0.6386728E+06

385.2  0.6382037E+06

385.4  0.6377350E+06

385.6  0.6372666E+06

385.8  0.6367986E+06

386.0  0.6363310E+06

386.2  0.6358638E+06

386.4  0.6353969E+06

386.6  0.6349303E+06

386.8  0.6344642E+06

387.0  0.6339984E+06

387.2  0.6335330E+06

387.4  0.6330679E+06

387.6  0.6326032E+06

387.8  0.6321389E+06

388.0  0.6316749E+06

388.2  0.6312113E+06

388.4  0.6307481E+06

388.6  0.6302852E+06

388.8  0.6298227E+06

389.0  0.6293606E+06

389.2  0.6288988E+06

389.4  0.6284374E+06

389.6  0.6279764E+06

389.8  0.6275157E+06

390.0  0.6270554E+06

390.2  0.6265954E+06

390.4  0.6261358E+06

390.6  0.6256766E+06

390.8  0.6252177E+06

391.0  0.6247592E+06

391.2  0.6243011E+06

391.4  0.6238433E+06

391.6  0.6233859E+06

391.8  0.6229288E+06

392.0  0.6224721E+06

392.2  0.6220158E+06

392.4  0.6215598E+06

392.6  0.6211042E+06

392.8  0.6206489E+06

393.0  0.6201941E+06

393.2  0.6197395E+06

393.4  0.6192853E+06

393.6  0.6188315E+06

393.8  0.6183781E+06

394.0  0.6179250E+06

394.2  0.6174722E+06

394.4  0.6170199E+06

394.6  0.6165678E+06

394.8  0.6161162E+06

395.0  0.6156649E+06

395.2  0.6152139E+06

395.4  0.6147633E+06

395.6  0.6143131E+06

395.8  0.6138632E+06

396.0  0.6134137E+06

396.2  0.6129645E+06

396.4  0.6125157E+06

396.6  0.6120673E+06

396.8  0.6116192E+06

397.0  0.6111715E+06

397.2  0.6107241E+06

397.4  0.6102770E+06

397.6  0.6098304E+06

397.8  0.6093840E+06

398.0  0.6089381E+06

398.2  0.6084925E+06

398.4  0.6080472E+06

398.6  0.6076023E+06

398.8  0.6071577E+06

399.0  0.6067135E+06

399.2  0.6062697E+06

399.4  0.6058262E+06

399.6  0.6053830E+06

399.8  0.6049403E+06

400.0  0.6044978E+06

400.2  0.6040557E+06

400.4  0.6036140E+06

400.6  0.6031726E+06

400.8  0.6027316E+06

401.0  0.6022909E+06

401.2  0.6018505E+06

401.4  0.6014105E+06

401.6  0.6009709E+06

401.8  0.6005316E+06

402.0  0.6000927E+06

402.2  0.5996541E+06

402.4  0.5992158E+06

402.6  0.5987779E+06

402.8  0.5983404E+06

403.0  0.5979031E+06

403.2  0.5974663E+06

403.4  0.5970298E+06

403.6  0.5965936E+06

403.8  0.5961578E+06

404.0  0.5957223E+06

404.2  0.5952872E+06

404.4  0.5948524E+06

404.6  0.5944180E+06

404.8  0.5939839E+06

405.0  0.5935501E+06

405.2  0.5931167E+06

405.4  0.5926837E+06

405.6  0.5922509E+06

405.8  0.5918186E+06

406.0  0.5913865E+06

406.2  0.5909548E+06

406.4  0.5905235E+06

406.6  0.5900925E+06

406.8  0.5896618E+06

407.0  0.5892315E+06

407.2  0.5888015E+06

407.4  0.5883719E+06

407.6  0.5879426E+06

407.8  0.5875136E+06

408.0  0.5870850E+06

408.2  0.5866567E+06

408.4  0.5862288E+06

408.6  0.5858012E+06

408.8  0.5853739E+06

409.0  0.5849470E+06

409.2  0.5845204E+06

409.4  0.5840941E+06

409.6  0.5836682E+06

409.8  0.5832426E+06

410.0  0.5828174E+06

410.2  0.5823925E+06

410.4  0.5819679E+06

410.6  0.5815437E+06

410.8  0.5811198E+06

411.0  0.5806962E+06

411.2  0.5802730E+06

411.4  0.5798501E+06

411.6  0.5794276E+06

411.8  0.5790053E+06

412.0  0.5785834E+06

412.2  0.5781619E+06

412.4  0.5777407E+06

412.6  0.5773198E+06

412.8  0.5768992E+06

413.0  0.5764790E+06

413.2  0.5760591E+06

413.4  0.5756395E+06

413.6  0.5752203E+06

413.8  0.5748014E+06

414.0  0.5743829E+06

414.2  0.5739646E+06

414.4  0.5735467E+06

414.6  0.5731291E+06

414.8  0.5727119E+06

415.0  0.5722950E+06

415.2  0.5718784E+06

415.4  0.5714621E+06

415.6  0.5710462E+06

415.8  0.5706306E+06

416.0  0.5702153E+06

416.2  0.5698004E+06

416.4  0.5693857E+06

416.6  0.5689714E+06

416.8  0.5685575E+06

417.0  0.5681438E+06

417.2  0.5677305E+06

417.4  0.5673175E+06

417.6  0.5669048E+06

417.8  0.5664925E+06

418.0  0.5660805E+06

418.2  0.5656688E+06

418.4  0.5652574E+06

418.6  0.5648464E+06

418.8  0.5644357E+06

419.0  0.5640253E+06

419.2  0.5636152E+06

419.4  0.5632054E+06

419.6  0.5627960E+06

419.8  0.5623869E+06

420.0  0.5619781E+06

420.2  0.5615696E+06

420.4  0.5611615E+06

420.6  0.5607537E+06

420.8  0.5603462E+06

421.0  0.5599390E+06

421.2  0.5595321E+06

421.4  0.5591256E+06

421.6  0.5587193E+06

421.8  0.5583134E+06

422.0  0.5579078E+06

422.2  0.5575026E+06

422.4  0.5570976E+06

422.6  0.5566930E+06

422.8  0.5562887E+06

423.0  0.5558847E+06

423.2  0.5554810E+06

423.4  0.5550776E+06

423.6  0.5546746E+06

423.8  0.5542718E+06

424.0  0.5538694E+06

424.2  0.5534673E+06

424.4  0.5530655E+06

424.6  0.5526640E+06

424.8  0.5522629E+06

425.0  0.5518620E+06

425.2  0.5514615E+06

425.4  0.5510613E+06

425.6  0.5506614E+06

425.8  0.5502618E+06

426.0  0.5498625E+06

426.2  0.5494635E+06

426.4  0.5490649E+06

426.6  0.5486665E+06

426.8  0.5482685E+06

427.0  0.5478707E+06

427.2  0.5474733E+06

427.4  0.5470762E+06

427.6  0.5466794E+06

427.8  0.5462830E+06

428.0  0.5458868E+06

428.2  0.5454909E+06

428.4  0.5450954E+06

428.6  0.5447001E+06

428.8  0.5443052E+06

429.0  0.5439105E+06

429.2  0.5435162E+06

429.4  0.5431222E+06

429.6  0.5427285E+06

429.8  0.5423351E+06

430.0  0.5419420E+06

430.2  0.5415492E+06

430.4  0.5411567E+06

430.6  0.5407645E+06

430.8  0.5403727E+06

431.0  0.5399811E+06

431.2  0.5395898E+06

431.4  0.5391989E+06

431.6  0.5388082E+06

431.8  0.5384179E+06

432.0  0.5380278E+06

432.2  0.5376381E+06

432.4  0.5372486E+06

432.6  0.5368595E+06

432.8  0.5364706E+06

433.0  0.5360821E+06

433.2  0.5356939E+06

433.4  0.5353059E+06

433.6  0.5349183E+06

433.8  0.5345310E+06

434.0  0.5341439E+06

434.2  0.5337572E+06

434.4  0.5333708E+06

434.6  0.5329847E+06

434.8  0.5325988E+06

435.0  0.5322133E+06

435.2  0.5318281E+06

435.4  0.5314431E+06

435.6  0.5310585E+06

435.8  0.5306742E+06

436.0  0.5302901E+06

436.2  0.5299064E+06

436.4  0.5295229E+06

436.6  0.5291398E+06

436.8  0.5287569E+06

437.0  0.5283744E+06

437.2  0.5279921E+06

437.4  0.5276101E+06

437.6  0.5272285E+06

437.8  0.5268471E+06

438.0  0.5264660E+06

438.2  0.5260852E+06

438.4  0.5257048E+06

438.6  0.5253246E+06

438.8  0.5249447E+06

439.0  0.5245650E+06

439.2  0.5241857E+06

439.4  0.5238067E+06

439.6  0.5234280E+06

439.8  0.5230495E+06

440.0  0.5226714E+06

440.2  0.5222935E+06

440.4  0.5219160E+06

440.6  0.5215387E+06

440.8  0.5211617E+06

441.0  0.5207850E+06

441.2  0.5204086E+06

441.4  0.5200325E+06

441.6  0.5196567E+06

441.8  0.5192812E+06

442.0  0.5189059E+06

442.2  0.5185310E+06

442.4  0.5181563E+06

442.6  0.5177819E+06

442.8  0.5174079E+06

443.0  0.5170341E+06

443.2  0.5166605E+06

443.4  0.5162873E+06

443.6  0.5159144E+06

443.8  0.5155417E+06

444.0  0.5151694E+06

444.2  0.5147973E+06

444.4  0.5144255E+06

444.6  0.5140540E+06

444.8  0.5136828E+06

445.0  0.5133118E+06

445.2  0.5129412E+06

445.4  0.5125708E+06

445.6  0.5122007E+06

445.8  0.5118309E+06

446.0  0.5114614E+06

446.2  0.5110922E+06

446.4  0.5107232E+06

446.6  0.5103546E+06

446.8  0.5099862E+06

447.0  0.5096181E+06

447.2  0.5092502E+06

447.4  0.5088827E+06

447.6  0.5085155E+06

447.8  0.5081485E+06

448.0  0.5077818E+06

448.2  0.5074154E+06

448.4  0.5070492E+06

448.6  0.5066834E+06

448.8  0.5063178E+06

449.0  0.5059525E+06

449.2  0.5055875E+06

449.4  0.5052228E+06

449.6  0.5048583E+06

449.8  0.5044941E+06

450.0  0.5041302E+06

450.2  0.5037666E+06

450.4  0.5034033E+06

450.6  0.5030402E+06

450.8  0.5026774E+06

451.0  0.5023149E+06

451.2  0.5019527E+06

451.4  0.5015907E+06

451.6  0.5012290E+06

451.8  0.5008676E+06

452.0  0.5005065E+06

452.2  0.5001457E+06

452.4  0.4997851E+06

452.6  0.4994248E+06

452.8  0.4990647E+06

453.0  0.4987050E+06

453.2  0.4983455E+06

453.4  0.4979863E+06

453.6  0.4976274E+06

453.8  0.4972687E+06

454.0  0.4969103E+06

454.2  0.4965522E+06

454.4  0.4961944E+06

454.6  0.4958368E+06

454.8  0.4954795E+06

455.0  0.4951225E+06

455.2  0.4947657E+06

455.4  0.4944092E+06

455.6  0.4940530E+06

455.8  0.4936971E+06

456.0  0.4933414E+06

456.2  0.4929860E+06

456.4  0.4926309E+06

456.6  0.4922760E+06

456.8  0.4919214E+06

457.0  0.4915671E+06

457.2  0.4912131E+06

457.4  0.4908593E+06

457.6  0.4905058E+06

457.8  0.4901525E+06

458.0  0.4897995E+06

458.2  0.4894468E+06

458.4  0.4890944E+06

458.6  0.4887422E+06

458.8  0.4883903E+06

459.0  0.4880387E+06

459.2  0.4876873E+06

459.4  0.4873362E+06

459.6  0.4869853E+06

459.8  0.4866348E+06

460.0  0.4862845E+06

460.2  0.4859344E+06

460.4  0.4855846E+06

460.6  0.4852351E+06

460.8  0.4848859E+06

461.0  0.4845369E+06

461.2  0.4841882E+06

461.4  0.4838397E+06

461.6  0.4834915E+06

461.8  0.4831436E+06

462.0  0.4827959E+06

462.2  0.4824485E+06

462.4  0.4821013E+06

462.6  0.4817545E+06

462.8  0.4814079E+06

463.0  0.4810615E+06

463.2  0.4807154E+06

463.4  0.4803696E+06

463.6  0.4800240E+06

463.8  0.4796787E+06

464.0  0.4793336E+06

464.2  0.4789888E+06

464.4  0.4786443E+06

464.6  0.4783000E+06

464.8  0.4779560E+06

465.0  0.4776123E+06

465.2  0.4772688E+06

465.4  0.4769256E+06

465.6  0.4765826E+06

465.8  0.4762399E+06

466.0  0.4758974E+06

466.2  0.4755552E+06

466.4  0.4752133E+06

466.6  0.4748716E+06

466.8  0.4745302E+06

467.0  0.4741890E+06

467.2  0.4738481E+06

467.4  0.4735074E+06

467.6  0.4731670E+06

467.8  0.4728269E+06

468.0  0.4724870E+06

468.2  0.4721474E+06

468.4  0.4718080E+06

468.6  0.4714689E+06

468.8  0.4711300E+06

469.0  0.4707914E+06

469.2  0.4704530E+06

469.4  0.4701149E+06

469.6  0.4697771E+06

469.8  0.4694395E+06

470.0  0.4691021E+06

470.2  0.4687651E+06

470.4  0.4684282E+06

470.6  0.4680916E+06

470.8  0.4677553E+06

471.0  0.4674192E+06

471.2  0.4670834E+06

471.4  0.4667479E+06

471.6  0.4664125E+06

471.8  0.4660775E+06

472.0  0.4657426E+06

472.2  0.4654081E+06

472.4  0.4650738E+06

472.6  0.4647397E+06

472.8  0.4644059E+06

473.0  0.4640723E+06

473.2  0.4637390E+06

473.4  0.4634060E+06

473.6  0.4630731E+06

473.8  0.4627406E+06

474.0  0.4624083E+06

474.2  0.4620762E+06

474.4  0.4617444E+06

474.6  0.4614128E+06

474.8  0.4610815E+06

475.0  0.4607504E+06

475.2  0.4604196E+06

475.4  0.4600890E+06

475.6  0.4597587E+06

475.8  0.4594286E+06

476.0  0.4590988E+06

476.2  0.4587692E+06

476.4  0.4584398E+06

476.6  0.4581107E+06

476.8  0.4577819E+06

477.0  0.4574533E+06

477.2  0.4571249E+06

477.4  0.4567968E+06

477.6  0.4564689E+06

477.8  0.4561413E+06

478.0  0.4558139E+06

478.2  0.4554868E+06

478.4  0.4551599E+06

478.6  0.4548333E+06

478.8  0.4545069E+06

479.0  0.4541807E+06

479.2  0.4538548E+06

479.4  0.4535291E+06

479.6  0.4532037E+06

479.8  0.4528785E+06

480.0  0.4525536E+06

480.2  0.4522289E+06

480.4  0.4519044E+06

480.6  0.4515802E+06

480.8  0.4512562E+06

481.0  0.4509325E+06

481.2  0.4506090E+06

481.4  0.4502857E+06

481.6  0.4499627E+06

481.8  0.4496400E+06

482.0  0.4493174E+06

482.2  0.4489951E+06

482.4  0.4486731E+06

482.6  0.4483513E+06

482.8  0.4480297E+06

483.0  0.4477084E+06

483.2  0.4473873E+06

483.4  0.4470664E+06

483.6  0.4467458E+06

483.8  0.4464254E+06

484.0  0.4461053E+06

484.2  0.4457854E+06

484.4  0.4454657E+06

484.6  0.4451463E+06

484.8  0.4448271E+06

485.0  0.4445082E+06

485.2  0.4441895E+06

485.4  0.4438710E+06

485.6  0.4435528E+06

485.8  0.4432348E+06

486.0  0.4429170E+06

486.2  0.4425995E+06

486.4  0.4422822E+06

486.6  0.4419651E+06

486.8  0.4416483E+06

487.0  0.4413317E+06

487.2  0.4410153E+06

487.4  0.4406992E+06

487.6  0.4403833E+06

487.8  0.4400677E+06

488.0  0.4397523E+06

488.2  0.4394371E+06

488.4  0.4391222E+06

488.6  0.4388074E+06

488.8  0.4384930E+06

489.0  0.4381787E+06

489.2  0.4378647E+06

489.4  0.4375509E+06

489.6  0.4372374E+06

489.8  0.4369241E+06

490.0  0.4366110E+06

490.2  0.4362981E+06

490.4  0.4359855E+06

490.6  0.4356731E+06

490.8  0.4353610E+06

491.0  0.4350490E+06

491.2  0.4347373E+06

491.4  0.4344259E+06

491.6  0.4341146E+06

491.8  0.4338036E+06

492.0  0.4334929E+06

492.2  0.4331823E+06

492.4  0.4328720E+06

492.6  0.4325619E+06

492.8  0.4322521E+06

493.0  0.4319425E+06

493.2  0.4316331E+06

493.4  0.4313239E+06

493.6  0.4310150E+06

493.8  0.4307062E+06

494.0  0.4303978E+06

494.2  0.4300895E+06

494.4  0.4297815E+06

494.6  0.4294737E+06

494.8  0.4291661E+06

495.0  0.4288588E+06

495.2  0.4285517E+06

495.4  0.4282448E+06

495.6  0.4279381E+06

495.8  0.4276317E+06

496.0  0.4273255E+06

496.2  0.4270195E+06

496.4  0.4267137E+06

496.6  0.4264082E+06

496.8  0.4261029E+06

497.0  0.4257978E+06

497.2  0.4254929E+06

497.4  0.4251883E+06

497.6  0.4248839E+06

497.8  0.4245797E+06

498.0  0.4242758E+06

498.2  0.4239720E+06

498.4  0.4236685E+06

498.6  0.4233652E+06

498.8  0.4230622E+06

499.0  0.4227593E+06

499.2  0.4224567E+06

499.4  0.4221543E+06

499.6  0.4218522E+06

499.8  0.4215502E+06

500.0  0.4212485E+06

