100  0.1812741E+04

100.2  0.2003440E+04

100.4  0.2202357E+04

100.6  0.2409107E+04

100.8  0.2623302E+04

101.0  0.2844555E+04

101.2  0.3072482E+04

101.4  0.3306708E+04

101.6  0.3546863E+04

101.8  0.3792590E+04

102.0  0.4043542E+04

102.2  0.4299382E+04

102.4  0.4559790E+04

102.6  0.4824454E+04

102.8  0.5093080E+04

103.0  0.5365384E+04

103.2  0.5641096E+04

103.4  0.5919961E+04

103.6  0.6201736E+04

103.8  0.6486189E+04

104.0  0.6773102E+04

104.2  0.7062270E+04

104.4  0.7353497E+04

104.6  0.7646600E+04

104.8  0.7941407E+04

105.0  0.8237754E+04

105.2  0.8535489E+04

105.4  0.8834469E+04

105.6  0.9134560E+04

105.8  0.9435636E+04

106.0  0.9737579E+04

106.2  0.1004028E+05

106.4  0.1034364E+05

106.6  0.1064755E+05

106.8  0.1095194E+05

107.0  0.1125671E+05

107.2  0.1156180E+05

107.4  0.1186712E+05

107.6  0.1217262E+05

107.8  0.1247824E+05

108.0  0.1278390E+05

108.2  0.1308958E+05

108.4  0.1339521E+05

108.6  0.1370076E+05

108.8  0.1400618E+05

109.0  0.1431144E+05

109.2  0.1461650E+05

109.4  0.1492134E+05

109.6  0.1522593E+05

109.8  0.1553024E+05

110.0  0.1583426E+05

110.2  0.1613795E+05

110.4  0.1644131E+05

110.6  0.1674433E+05

110.8  0.1704698E+05

111.0  0.1734926E+05

111.2  0.1765116E+05

111.4  0.1795267E+05

111.6  0.1825378E+05

111.8  0.1855450E+05

112.0  0.1885481E+05

112.2  0.1915473E+05

112.4  0.1945424E+05

112.6  0.1975334E+05

112.8  0.2005205E+05

113.0  0.2035036E+05

113.2  0.2064827E+05

113.4  0.2094580E+05

113.6  0.2124294E+05

113.8  0.2153970E+05

114.0  0.2183609E+05

114.2  0.2213212E+05

114.4  0.2242780E+05

114.6  0.2272313E+05

114.8  0.2301812E+05

115.0  0.2331279E+05

115.2  0.2360714E+05

115.4  0.2390118E+05

115.6  0.2419493E+05

115.8  0.2448840E+05

116.0  0.2478160E+05

116.2  0.2507454E+05

116.4  0.2536724E+05

116.6  0.2565970E+05

116.8  0.2595194E+05

117.0  0.2624398E+05

117.2  0.2653582E+05

117.4  0.2682749E+05

117.6  0.2711898E+05

117.8  0.2741033E+05

118.0  0.2770155E+05

118.2  0.2799263E+05

118.4  0.2828362E+05

118.6  0.2857451E+05

118.8  0.2886532E+05

119.0  0.2915606E+05

119.2  0.2944676E+05

119.4  0.2973742E+05

119.6  0.3002807E+05

119.8  0.3031871E+05

120.0  0.3060936E+05

120.2  0.3090004E+05

120.4  0.3119076E+05

120.6  0.3148154E+05

120.8  0.3177239E+05

121.0  0.3206333E+05

121.2  0.3235437E+05

121.4  0.3264553E+05

121.6  0.3293682E+05

121.8  0.3322826E+05

122.0  0.3351986E+05

122.2  0.3381164E+05

122.4  0.3410362E+05

122.6  0.3439580E+05

122.8  0.3468821E+05

123.0  0.3498086E+05

123.2  0.3527377E+05

123.4  0.3556694E+05

123.6  0.3586040E+05

123.8  0.3615416E+05

124.0  0.3644823E+05

124.2  0.3674263E+05

124.4  0.3703738E+05

124.6  0.3733248E+05

124.8  0.3762796E+05

125.0  0.3792384E+05

125.2  0.3822011E+05

125.4  0.3851680E+05

125.6  0.3881393E+05

125.8  0.3911150E+05

126.0  0.3940954E+05

126.2  0.3970806E+05

126.4  0.4000706E+05

126.6  0.4030658E+05

126.8  0.4060661E+05

127.0  0.4090718E+05

127.2  0.4120830E+05

127.4  0.4150998E+05

127.6  0.4181225E+05

127.8  0.4211510E+05

128.0  0.4241856E+05

128.2  0.4272264E+05

128.4  0.4302736E+05

128.6  0.4333273E+05

128.8  0.4363876E+05

129.0  0.4394547E+05

129.2  0.4425286E+05

129.4  0.4456097E+05

129.6  0.4486979E+05

129.8  0.4517935E+05

130.0  0.4548965E+05

130.2  0.4580072E+05

130.4  0.4611256E+05

130.6  0.4642519E+05

130.8  0.4673862E+05

131.0  0.4705286E+05

131.2  0.4736794E+05

131.4  0.4768386E+05

131.6  0.4800064E+05

131.8  0.4831828E+05

132.0  0.4863681E+05

132.2  0.4895624E+05

132.4  0.4927658E+05

132.6  0.4959785E+05

132.8  0.4992005E+05

133.0  0.5024321E+05

133.2  0.5056733E+05

133.4  0.5089242E+05

133.6  0.5121851E+05

133.8  0.5154561E+05

134.0  0.5187372E+05

134.2  0.5220287E+05

134.4  0.5253306E+05

134.6  0.5286431E+05

134.8  0.5319664E+05

135.0  0.5353004E+05

135.2  0.5386455E+05

135.4  0.5420017E+05

135.6  0.5453691E+05

135.8  0.5487480E+05

136.0  0.5521383E+05

136.2  0.5555403E+05

136.4  0.5589541E+05

136.6  0.5623798E+05

136.8  0.5658175E+05

137.0  0.5692675E+05

137.2  0.5727297E+05

137.4  0.5762044E+05

137.6  0.5796917E+05

137.8  0.5831916E+05

138.0  0.5867045E+05

138.2  0.5902303E+05

138.4  0.5937692E+05

138.6  0.5973213E+05

138.8  0.6008868E+05

139.0  0.6044659E+05

139.2  0.6080585E+05

139.4  0.6116650E+05

139.6  0.6152853E+05

139.8  0.6189197E+05

140.0  0.6225682E+05

140.2  0.6262311E+05

140.4  0.6299084E+05

140.6  0.6336003E+05

140.8  0.6373069E+05

141.0  0.6410283E+05

141.2  0.6447647E+05

141.4  0.6485162E+05

141.6  0.6522829E+05

141.8  0.6560651E+05

142.0  0.6598627E+05

142.2  0.6636760E+05

142.4  0.6675051E+05

142.6  0.6713501E+05

142.8  0.6752112E+05

143.0  0.6790884E+05

143.2  0.6829820E+05

143.4  0.6868920E+05

143.6  0.6908187E+05

143.8  0.6947621E+05

144.0  0.6987224E+05

144.2  0.7026997E+05

144.4  0.7066941E+05

144.6  0.7107059E+05

144.8  0.7147350E+05

145.0  0.7187818E+05

145.2  0.7228463E+05

145.4  0.7269286E+05

145.6  0.7310289E+05

145.8  0.7351473E+05

146.0  0.7392841E+05

146.2  0.7434392E+05

146.4  0.7476129E+05

146.6  0.7518053E+05

146.8  0.7560166E+05

147.0  0.7602468E+05

147.2  0.7644962E+05

147.4  0.7687649E+05

147.6  0.7730530E+05

147.8  0.7773606E+05

148.0  0.7816880E+05

148.2  0.7860352E+05

148.4  0.7904025E+05

148.6  0.7947899E+05

148.8  0.7991976E+05

149.0  0.8036258E+05

149.2  0.8080746E+05

149.4  0.8125441E+05

149.6  0.8170346E+05

149.8  0.8215461E+05

150.0  0.8260788E+05

150.2  0.8306329E+05

150.4  0.8352085E+05

150.6  0.8398057E+05

150.8  0.8444248E+05

151.0  0.8490659E+05

151.2  0.8537291E+05

151.4  0.8584146E+05

151.6  0.8631226E+05

151.8  0.8678532E+05

152.0  0.8726065E+05

152.2  0.8773828E+05

152.4  0.8821822E+05

152.6  0.8870048E+05

152.8  0.8918508E+05

153.0  0.8967204E+05

153.2  0.9016138E+05

153.4  0.9065311E+05

153.6  0.9114724E+05

153.8  0.9164380E+05

154.0  0.9214280E+05

154.2  0.9264426E+05

154.4  0.9314819E+05

154.6  0.9365462E+05

154.8  0.9416355E+05

155.0  0.9467501E+05

155.2  0.9518902E+05

155.4  0.9570558E+05

155.6  0.9622473E+05

155.8  0.9674647E+05

156.0  0.9727083E+05

156.2  0.9779781E+05

156.4  0.9832745E+05

156.6  0.9885976E+05

156.8  0.9939475E+05

157.0  0.9993245E+05

157.2  0.1004729E+06

157.4  0.1010160E+06

157.6  0.1015620E+06

157.8  0.1021107E+06

158.0  0.1026622E+06

158.2  0.1032165E+06

158.4  0.1037737E+06

158.6  0.1043337E+06

158.8  0.1048966E+06

159.0  0.1054624E+06

159.2  0.1060311E+06

159.4  0.1066028E+06

159.6  0.1071774E+06

159.8  0.1077550E+06

160.0  0.1083356E+06

160.2  0.1089192E+06

160.4  0.1095058E+06

160.6  0.1100955E+06

160.8  0.1106883E+06

161.0  0.1112842E+06

161.2  0.1118832E+06

161.4  0.1124854E+06

161.6  0.1130907E+06

161.8  0.1136993E+06

162.0  0.1143110E+06

162.2  0.1149260E+06

162.4  0.1155442E+06

162.6  0.1161658E+06

162.8  0.1167906E+06

163.0  0.1174188E+06

163.2  0.1180503E+06

163.4  0.1186852E+06

163.6  0.1193235E+06

163.8  0.1199652E+06

164.0  0.1206104E+06

164.2  0.1212591E+06

164.4  0.1219113E+06

164.6  0.1225670E+06

164.8  0.1232263E+06

165.0  0.1238891E+06

165.2  0.1245556E+06

165.4  0.1252257E+06

165.6  0.1258994E+06

165.8  0.1265769E+06

166.0  0.1272580E+06

166.2  0.1279430E+06

166.4  0.1286317E+06

166.6  0.1293242E+06

166.8  0.1300205E+06

167.0  0.1307207E+06

167.2  0.1314249E+06

167.4  0.1321329E+06

167.6  0.1328449E+06

167.8  0.1335609E+06

168.0  0.1342810E+06

168.2  0.1350051E+06

168.4  0.1357332E+06

168.6  0.1364656E+06

168.8  0.1372020E+06

169.0  0.1379427E+06

169.2  0.1386876E+06

169.4  0.1394368E+06

169.6  0.1401903E+06

169.8  0.1409482E+06

170.0  0.1417104E+06

170.2  0.1424770E+06

170.4  0.1432482E+06

170.6  0.1440238E+06

170.8  0.1448040E+06

171.0  0.1455887E+06

171.2  0.1463781E+06

171.4  0.1471722E+06

171.6  0.1479710E+06

171.8  0.1487745E+06

172.0  0.1495829E+06

172.2  0.1503961E+06

172.4  0.1512142E+06

172.6  0.1520373E+06

172.8  0.1528654E+06

173.0  0.1536986E+06

173.2  0.1545369E+06

173.4  0.1553803E+06

173.6  0.1562289E+06

173.8  0.1570829E+06

174.0  0.1579421E+06

174.2  0.1588068E+06

174.4  0.1596769E+06

174.6  0.1605525E+06

174.8  0.1614336E+06

175.0  0.1623204E+06

175.2  0.1632129E+06

175.4  0.1641111E+06

175.6  0.1650152E+06

175.8  0.1659251E+06

176.0  0.1668410E+06

176.2  0.1677630E+06

176.4  0.1686910E+06

176.6  0.1696252E+06

176.8  0.1705656E+06

177.0  0.1715124E+06

177.2  0.1724655E+06

177.4  0.1734252E+06

177.6  0.1743913E+06

177.8  0.1753641E+06

178.0  0.1763437E+06

178.2  0.1773300E+06

178.4  0.1783231E+06

178.6  0.1793233E+06

178.8  0.1803305E+06

179.0  0.1813448E+06

179.2  0.1823664E+06

179.4  0.1833953E+06

179.6  0.1844316E+06

179.8  0.1854753E+06

180.0  0.1865267E+06

180.2  0.1875858E+06

180.4  0.1886527E+06

180.6  0.1897274E+06

180.8  0.1908102E+06

181.0  0.1919010E+06

181.2  0.1930000E+06

181.4  0.1941073E+06

181.6  0.1952230E+06

181.8  0.1963472E+06

182.0  0.1974800E+06

182.2  0.1986215E+06

182.4  0.1997718E+06

182.6  0.2009310E+06

182.8  0.2020993E+06

183.0  0.2032767E+06

183.2  0.2044633E+06

183.4  0.2056594E+06

183.6  0.2068648E+06

183.8  0.2080799E+06

184.0  0.2093047E+06

184.2  0.2105392E+06

184.4  0.2117837E+06

184.6  0.2130382E+06

184.8  0.2143029E+06

185.0  0.2155778E+06

185.2  0.2168630E+06

185.4  0.2181588E+06

185.6  0.2194651E+06

185.8  0.2207822E+06

186.0  0.2221100E+06

186.2  0.2234488E+06

186.4  0.2247986E+06

186.6  0.2261595E+06

186.8  0.2275317E+06

187.0  0.2289153E+06

187.2  0.2303103E+06

187.4  0.2317169E+06

187.6  0.2331352E+06

187.8  0.2345652E+06

188.0  0.2360071E+06

188.2  0.2374610E+06

188.4  0.2389270E+06

188.6  0.2404052E+06

188.8  0.2418956E+06

189.0  0.2433984E+06

189.2  0.2449136E+06

189.4  0.2464415E+06

189.6  0.2479819E+06

189.8  0.2495351E+06

190.0  0.2511010E+06

190.2  0.2526799E+06

190.4  0.2542717E+06

190.6  0.2558765E+06

190.8  0.2574945E+06

191.0  0.2591256E+06

191.2  0.2607700E+06

191.4  0.2624277E+06

191.6  0.2640988E+06

191.8  0.2657833E+06

192.0  0.2674813E+06

192.2  0.2691929E+06

192.4  0.2709180E+06

192.6  0.2726568E+06

192.8  0.2744092E+06

193.0  0.2761753E+06

193.2  0.2779552E+06

193.4  0.2797489E+06

193.6  0.2815563E+06

193.8  0.2833776E+06

194.0  0.2852127E+06

194.2  0.2870617E+06

194.4  0.2889245E+06

194.6  0.2908012E+06

194.8  0.2926918E+06

195.0  0.2945962E+06

195.2  0.2965145E+06

195.4  0.2984467E+06

195.6  0.3003927E+06

195.8  0.3023525E+06

196.0  0.3043260E+06

196.2  0.3063134E+06

196.4  0.3083145E+06

196.6  0.3103292E+06

196.8  0.3123576E+06

197.0  0.3143996E+06

197.2  0.3164552E+06

197.4  0.3185242E+06

197.6  0.3206067E+06

197.8  0.3227025E+06

198.0  0.3248116E+06

198.2  0.3269339E+06

198.4  0.3290694E+06

198.6  0.3312179E+06

198.8  0.3333794E+06

199.0  0.3355538E+06

199.2  0.3377409E+06

199.4  0.3399407E+06

199.6  0.3421531E+06

199.8  0.3443779E+06

200.0  0.3466151E+06

200.2  0.3488644E+06

200.4  0.3511259E+06

200.6  0.3533993E+06

200.8  0.3556846E+06

201.0  0.3579815E+06

201.2  0.3602900E+06

201.4  0.3626099E+06

201.6  0.3649410E+06

201.8  0.3672832E+06

202.0  0.3696364E+06

202.2  0.3720004E+06

202.4  0.3743749E+06

202.6  0.3767600E+06

202.8  0.3791552E+06

203.0  0.3815606E+06

203.2  0.3839759E+06

203.4  0.3864009E+06

203.6  0.3888354E+06

203.8  0.3912793E+06

204.0  0.3937323E+06

204.2  0.3961943E+06

204.4  0.3986651E+06

204.6  0.4011444E+06

204.8  0.4036320E+06

205.0  0.4061278E+06

205.2  0.4086315E+06

205.4  0.4111429E+06

205.6  0.4136618E+06

205.8  0.4161880E+06

206.0  0.4187212E+06

206.2  0.4212612E+06

206.4  0.4238079E+06

206.6  0.4263608E+06

206.8  0.4289200E+06

207.0  0.4314850E+06

207.2  0.4340557E+06

207.4  0.4366318E+06

207.6  0.4392132E+06

207.8  0.4417994E+06

208.0  0.4443904E+06

208.2  0.4469859E+06

208.4  0.4495856E+06

208.6  0.4521892E+06

208.8  0.4547966E+06

209.0  0.4574075E+06

209.2  0.4600216E+06

209.4  0.4626387E+06

209.6  0.4652586E+06

209.8  0.4678809E+06

210.0  0.4705055E+06

210.2  0.4731320E+06

210.4  0.4757603E+06

210.6  0.4783901E+06

210.8  0.4810212E+06

211.0  0.4836532E+06

211.2  0.4862859E+06

211.4  0.4889191E+06

211.6  0.4915526E+06

211.8  0.4941860E+06

212.0  0.4968192E+06

212.2  0.4994518E+06

212.4  0.5020837E+06

212.6  0.5047146E+06

212.8  0.5073441E+06

213.0  0.5099722E+06

213.2  0.5125985E+06

213.4  0.5152229E+06

213.6  0.5178449E+06

213.8  0.5204645E+06

214.0  0.5230814E+06

214.2  0.5256952E+06

214.4  0.5283059E+06

214.6  0.5309131E+06

214.8  0.5335166E+06

215.0  0.5361163E+06

215.2  0.5387117E+06

215.4  0.5413028E+06

215.6  0.5438893E+06

215.8  0.5464709E+06

216.0  0.5490475E+06

216.2  0.5516187E+06

216.4  0.5541845E+06

216.6  0.5567445E+06

216.8  0.5592986E+06

217.0  0.5618465E+06

217.2  0.5643881E+06

217.4  0.5669230E+06

217.6  0.5694512E+06

217.8  0.5719723E+06

218.0  0.5744863E+06

218.2  0.5769928E+06

218.4  0.5794918E+06

218.6  0.5819829E+06

218.8  0.5844660E+06

219.0  0.5869409E+06

219.2  0.5894074E+06

219.4  0.5918654E+06

219.6  0.5943146E+06

219.8  0.5967549E+06

220.0  0.5991861E+06

220.2  0.6016080E+06

220.4  0.6040204E+06

220.6  0.6064232E+06

220.8  0.6088161E+06

221.0  0.6111991E+06

221.2  0.6135720E+06

221.4  0.6159346E+06

221.6  0.6182868E+06

221.8  0.6206283E+06

222.0  0.6229591E+06

222.2  0.6252790E+06

222.4  0.6275878E+06

222.6  0.6298855E+06

222.8  0.6321718E+06

223.0  0.6344467E+06

223.2  0.6367100E+06

223.4  0.6389615E+06

223.6  0.6412012E+06

223.8  0.6434289E+06

224.0  0.6456446E+06

224.2  0.6478479E+06

224.4  0.6500390E+06

224.6  0.6522176E+06

224.8  0.6543836E+06

225.0  0.6565370E+06

225.2  0.6586776E+06

225.4  0.6608053E+06

225.6  0.6629201E+06

225.8  0.6650218E+06

226.0  0.6671103E+06

226.2  0.6691855E+06

226.4  0.6712475E+06

226.6  0.6732959E+06

226.8  0.6753309E+06

227.0  0.6773523E+06

227.2  0.6793600E+06

227.4  0.6813540E+06

227.6  0.6833342E+06

227.8  0.6853005E+06

228.0  0.6872528E+06

228.2  0.6891912E+06

228.4  0.6911155E+06

228.6  0.6930256E+06

228.8  0.6949216E+06

229.0  0.6968033E+06

229.2  0.6986708E+06

229.4  0.7005239E+06

229.6  0.7023626E+06

229.8  0.7041869E+06

230.0  0.7059968E+06

230.2  0.7077922E+06

230.4  0.7095730E+06

230.6  0.7113393E+06

230.8  0.7130909E+06

231.0  0.7148280E+06

231.2  0.7165504E+06

231.4  0.7182581E+06

231.6  0.7199511E+06

231.8  0.7216294E+06

232.0  0.7232930E+06

232.2  0.7249418E+06

232.4  0.7265759E+06

232.6  0.7281952E+06

232.8  0.7297997E+06

233.0  0.7313895E+06

233.2  0.7329645E+06

233.4  0.7345246E+06

233.6  0.7360700E+06

233.8  0.7376006E+06

234.0  0.7391164E+06

234.2  0.7406174E+06

234.4  0.7421037E+06

234.6  0.7435752E+06

234.8  0.7450319E+06

235.0  0.7464740E+06

235.2  0.7479012E+06

235.4  0.7493138E+06

235.6  0.7507117E+06

235.8  0.7520949E+06

236.0  0.7534635E+06

236.2  0.7548174E+06

236.4  0.7561568E+06

236.6  0.7574815E+06

236.8  0.7587918E+06

237.0  0.7600875E+06

237.2  0.7613687E+06

237.4  0.7626354E+06

237.6  0.7638878E+06

237.8  0.7651257E+06

238.0  0.7663493E+06

238.2  0.7675586E+06

238.4  0.7687536E+06

238.6  0.7699343E+06

238.8  0.7711009E+06

239.0  0.7722533E+06

239.2  0.7733916E+06

239.4  0.7745159E+06

239.6  0.7756261E+06

239.8  0.7767224E+06

240.0  0.7778047E+06

240.2  0.7788732E+06

240.4  0.7799278E+06

240.6  0.7809687E+06

240.8  0.7819958E+06

241.0  0.7830093E+06

241.2  0.7840091E+06

241.4  0.7849954E+06

241.6  0.7859682E+06

241.8  0.7869276E+06

242.0  0.7878735E+06

242.2  0.7888062E+06

242.4  0.7897255E+06

242.6  0.7906316E+06

242.8  0.7915246E+06

243.0  0.7924045E+06

243.2  0.7932714E+06

243.4  0.7941253E+06

243.6  0.7949663E+06

243.8  0.7957945E+06

244.0  0.7966099E+06

244.2  0.7974126E+06

244.4  0.7982026E+06

244.6  0.7989800E+06

244.8  0.7997450E+06

245.0  0.8004975E+06

245.2  0.8012376E+06

245.4  0.8019654E+06

245.6  0.8026810E+06

245.8  0.8033844E+06

246.0  0.8040757E+06

246.2  0.8047550E+06

246.4  0.8054223E+06

246.6  0.8060777E+06

246.8  0.8067213E+06

247.0  0.8073531E+06

247.2  0.8079733E+06

247.4  0.8085819E+06

247.6  0.8091789E+06

247.8  0.8097645E+06

248.0  0.8103386E+06

248.2  0.8109015E+06

248.4  0.8114531E+06

248.6  0.8119935E+06

248.8  0.8125229E+06

249.0  0.8130412E+06

249.2  0.8135485E+06

249.4  0.8140450E+06

249.6  0.8145307E+06

249.8  0.8150056E+06

250.0  0.8154699E+06

250.2  0.8159236E+06

250.4  0.8163668E+06

250.6  0.8167996E+06

250.8  0.8172220E+06

251.0  0.8176341E+06

251.2  0.8180360E+06

251.4  0.8184277E+06

251.6  0.8188094E+06

251.8  0.8191811E+06

252.0  0.8195429E+06

252.2  0.8198948E+06

252.4  0.8202370E+06

252.6  0.8205695E+06

252.8  0.8208923E+06

253.0  0.8212056E+06

253.2  0.8215095E+06

253.4  0.8218039E+06

253.6  0.8220890E+06

253.8  0.8223649E+06

254.0  0.8226315E+06

254.2  0.8228891E+06

254.4  0.8231376E+06

254.6  0.8233772E+06

254.8  0.8236078E+06

255.0  0.8238297E+06

255.2  0.8240428E+06

255.4  0.8242472E+06

255.6  0.8244430E+06

255.8  0.8246303E+06

256.0  0.8248091E+06

256.2  0.8249796E+06

256.4  0.8251417E+06

256.6  0.8252956E+06

256.8  0.8254413E+06

257.0  0.8255789E+06

257.2  0.8257084E+06

257.4  0.8258300E+06

257.6  0.8259437E+06

257.8  0.8260496E+06

258.0  0.8261477E+06

258.2  0.8262381E+06

258.4  0.8263209E+06

258.6  0.8263961E+06

258.8  0.8264638E+06

259.0  0.8265242E+06

259.2  0.8265771E+06

259.4  0.8266228E+06

259.6  0.8266613E+06

259.8  0.8266926E+06

260.0  0.8267168E+06

260.2  0.8267340E+06

260.4  0.8267442E+06

260.6  0.8267475E+06

260.8  0.8267440E+06

261.0  0.8267338E+06

261.2  0.8267168E+06

261.4  0.8266933E+06

261.6  0.8266631E+06

261.8  0.8266264E+06

262.0  0.8265833E+06

262.2  0.8265338E+06

262.4  0.8264780E+06

262.6  0.8264159E+06

262.8  0.8263476E+06

263.0  0.8262731E+06

263.2  0.8261926E+06

263.4  0.8261061E+06

263.6  0.8260136E+06

263.8  0.8259152E+06

264.0  0.8258109E+06

264.2  0.8257009E+06

264.4  0.8255851E+06

264.6  0.8254637E+06

264.8  0.8253367E+06

265.0  0.8252041E+06

265.2  0.8250660E+06

265.4  0.8249225E+06

265.6  0.8247736E+06

265.8  0.8246193E+06

266.0  0.8244598E+06

266.2  0.8242951E+06

266.4  0.8241252E+06

266.6  0.8239502E+06

266.8  0.8237701E+06

267.0  0.8235851E+06

267.2  0.8233951E+06

267.4  0.8232002E+06

267.6  0.8230004E+06

267.8  0.8227959E+06

268.0  0.8225866E+06

268.2  0.8223726E+06

268.4  0.8221540E+06

268.6  0.8219308E+06

268.8  0.8217031E+06

269.0  0.8214708E+06

269.2  0.8212342E+06

269.4  0.8209931E+06

269.6  0.8207477E+06

269.8  0.8204980E+06

270.0  0.8202441E+06

270.2  0.8199859E+06

270.4  0.8197236E+06

270.6  0.8194572E+06

270.8  0.8191868E+06

271.0  0.8189123E+06

271.2  0.8186339E+06

271.4  0.8183515E+06

271.6  0.8180653E+06

271.8  0.8177752E+06

272.0  0.8174814E+06

272.2  0.8171838E+06

272.4  0.8168825E+06

272.6  0.8165775E+06

272.8  0.8162689E+06

273.0  0.8159568E+06

273.2  0.8156411E+06

273.4  0.8153220E+06

273.6  0.8149994E+06

273.8  0.8146734E+06

274.0  0.8143440E+06

274.2  0.8140113E+06

274.4  0.8136753E+06

274.6  0.8133361E+06

274.8  0.8129936E+06

275.0  0.8126480E+06

275.2  0.8122993E+06

275.4  0.8119475E+06

275.6  0.8115926E+06

275.8  0.8112347E+06

276.0  0.8108738E+06

276.2  0.8105100E+06

276.4  0.8101433E+06

276.6  0.8097738E+06

276.8  0.8094014E+06

277.0  0.8090262E+06

277.2  0.8086482E+06

277.4  0.8082675E+06

277.6  0.8078841E+06

277.8  0.8074981E+06

278.0  0.8071095E+06

278.2  0.8067182E+06

278.4  0.8063244E+06

278.6  0.8059281E+06

278.8  0.8055293E+06

279.0  0.8051281E+06

279.2  0.8047244E+06

279.4  0.8043183E+06

279.6  0.8039099E+06

279.8  0.8034991E+06

280.0  0.8030861E+06

280.2  0.8026708E+06

280.4  0.8022532E+06

280.6  0.8018334E+06

280.8  0.8014115E+06

281.0  0.8009874E+06

281.2  0.8005612E+06

281.4  0.8001329E+06

281.6  0.7997026E+06

281.8  0.7992702E+06

282.0  0.7988359E+06

282.2  0.7983995E+06

282.4  0.7979612E+06

282.6  0.7975210E+06

282.8  0.7970789E+06

283.0  0.7966349E+06

283.2  0.7961891E+06

283.4  0.7957415E+06

283.6  0.7952921E+06

283.8  0.7948409E+06

284.0  0.7943880E+06

284.2  0.7939334E+06

284.4  0.7934771E+06

284.6  0.7930192E+06

284.8  0.7925596E+06

285.0  0.7920984E+06

285.2  0.7916357E+06

285.4  0.7911713E+06

285.6  0.7907055E+06

285.8  0.7902381E+06

286.0  0.7897692E+06

286.2  0.7892988E+06

286.4  0.7888270E+06

286.6  0.7883538E+06

286.8  0.7878792E+06

287.0  0.7874032E+06

287.2  0.7869259E+06

287.4  0.7864472E+06

287.6  0.7859672E+06

287.8  0.7854859E+06

288.0  0.7850033E+06

288.2  0.7845195E+06

288.4  0.7840344E+06

288.6  0.7835482E+06

288.8  0.7830607E+06

289.0  0.7825721E+06

289.2  0.7820823E+06

289.4  0.7815914E+06

289.6  0.7810994E+06

289.8  0.7806063E+06

290.0  0.7801121E+06

290.2  0.7796169E+06

290.4  0.7791206E+06

290.6  0.7786233E+06

290.8  0.7781250E+06

291.0  0.7776257E+06

291.2  0.7771254E+06

291.4  0.7766242E+06

291.6  0.7761221E+06

291.8  0.7756191E+06

292.0  0.7751151E+06

292.2  0.7746103E+06

292.4  0.7741046E+06

292.6  0.7735981E+06

292.8  0.7730907E+06

293.0  0.7725825E+06

293.2  0.7720735E+06

293.4  0.7715637E+06

293.6  0.7710532E+06

293.8  0.7705419E+06

294.0  0.7700299E+06

294.2  0.7695171E+06

294.4  0.7690037E+06

294.6  0.7684895E+06

294.8  0.7679747E+06

295.0  0.7674591E+06

295.2  0.7669430E+06

295.4  0.7664262E+06

295.6  0.7659088E+06

295.8  0.7653908E+06

296.0  0.7648721E+06

296.2  0.7643529E+06

296.4  0.7638331E+06

296.6  0.7633128E+06

296.8  0.7627919E+06

297.0  0.7622705E+06

297.2  0.7617486E+06

297.4  0.7612262E+06

297.6  0.7607032E+06

297.8  0.7601798E+06

298.0  0.7596559E+06

298.2  0.7591316E+06

298.4  0.7586068E+06

298.6  0.7580816E+06

298.8  0.7575560E+06

299.0  0.7570299E+06

299.2  0.7565035E+06

299.4  0.7559766E+06

299.6  0.7554494E+06

299.8  0.7549219E+06

300.0  0.7543939E+06

300.2  0.7538656E+06

300.4  0.7533370E+06

300.6  0.7528081E+06

300.8  0.7522788E+06

301.0  0.7517493E+06

301.2  0.7512194E+06

301.4  0.7506893E+06

301.6  0.7501588E+06

301.8  0.7496282E+06

302.0  0.7490972E+06

302.2  0.7485660E+06

302.4  0.7480346E+06

302.6  0.7475030E+06

302.8  0.7469711E+06

303.0  0.7464390E+06

303.2  0.7459068E+06

303.4  0.7453743E+06

303.6  0.7448416E+06

303.8  0.7443088E+06

304.0  0.7437758E+06

304.2  0.7432427E+06

304.4  0.7427094E+06

304.6  0.7421759E+06

304.8  0.7416424E+06

305.0  0.7411087E+06

305.2  0.7405749E+06

305.4  0.7400409E+06

305.6  0.7395069E+06

305.8  0.7389728E+06

306.0  0.7384386E+06

306.2  0.7379043E+06

306.4  0.7373699E+06

306.6  0.7368355E+06

306.8  0.7363010E+06

307.0  0.7357665E+06

307.2  0.7352319E+06

307.4  0.7346972E+06

307.6  0.7341626E+06

307.8  0.7336279E+06

308.0  0.7330932E+06

308.2  0.7325585E+06

308.4  0.7320238E+06

308.6  0.7314891E+06

308.8  0.7309544E+06

309.0  0.7304197E+06

309.2  0.7298851E+06

309.4  0.7293504E+06

309.6  0.7288158E+06

309.8  0.7282813E+06

310.0  0.7277467E+06

310.2  0.7272123E+06

310.4  0.7266778E+06

310.6  0.7261435E+06

310.8  0.7256092E+06

311.0  0.7250750E+06

311.2  0.7245408E+06

311.4  0.7240068E+06

311.6  0.7234728E+06

311.8  0.7229389E+06

312.0  0.7224052E+06

312.2  0.7218715E+06

312.4  0.7213379E+06

312.6  0.7208045E+06

312.8  0.7202711E+06

313.0  0.7197379E+06

313.2  0.7192048E+06

313.4  0.7186719E+06

313.6  0.7181390E+06

313.8  0.7176064E+06

314.0  0.7170738E+06

314.2  0.7165414E+06

314.4  0.7160092E+06

314.6  0.7154771E+06

314.8  0.7149452E+06

315.0  0.7144135E+06

315.2  0.7138819E+06

315.4  0.7133505E+06

315.6  0.7128193E+06

315.8  0.7122882E+06

316.0  0.7117574E+06

316.2  0.7112267E+06

316.4  0.7106963E+06

316.6  0.7101660E+06

316.8  0.7096359E+06

317.0  0.7091061E+06

317.2  0.7085764E+06

317.4  0.7080470E+06

317.6  0.7075177E+06

317.8  0.7069887E+06

318.0  0.7064599E+06

318.2  0.7059314E+06

318.4  0.7054030E+06

318.6  0.7048749E+06

318.8  0.7043471E+06

319.0  0.7038195E+06

319.2  0.7032921E+06

319.4  0.7027649E+06

319.6  0.7022380E+06

319.8  0.7017114E+06

320.0  0.7011850E+06

320.2  0.7006589E+06

320.4  0.7001330E+06

320.6  0.6996074E+06

320.8  0.6990821E+06

321.0  0.6985570E+06

321.2  0.6980322E+06

321.4  0.6975076E+06

321.6  0.6969834E+06

321.8  0.6964594E+06

322.0  0.6959357E+06

322.2  0.6954123E+06

322.4  0.6948891E+06

322.6  0.6943663E+06

322.8  0.6938437E+06

323.0  0.6933215E+06

323.2  0.6927995E+06

323.4  0.6922778E+06

323.6  0.6917564E+06

323.8  0.6912354E+06

324.0  0.6907146E+06

324.2  0.6901941E+06

324.4  0.6896740E+06

324.6  0.6891541E+06

324.8  0.6886346E+06

325.0  0.6881153E+06

325.2  0.6875964E+06

325.4  0.6870778E+06

325.6  0.6865596E+06

325.8  0.6860416E+06

326.0  0.6855240E+06

326.2  0.6850067E+06

326.4  0.6844897E+06

326.6  0.6839731E+06

326.8  0.6834567E+06

327.0  0.6829407E+06

327.2  0.6824251E+06

327.4  0.6819098E+06

327.6  0.6813948E+06

327.8  0.6808801E+06

328.0  0.6803658E+06

328.2  0.6798519E+06

328.4  0.6793382E+06

328.6  0.6788249E+06

328.8  0.6783120E+06

329.0  0.6777994E+06

329.2  0.6772872E+06

329.4  0.6767753E+06

329.6  0.6762637E+06

329.8  0.6757526E+06

330.0  0.6752417E+06

330.2  0.6747312E+06

330.4  0.6742211E+06

330.6  0.6737113E+06

330.8  0.6732019E+06

331.0  0.6726929E+06

331.2  0.6721842E+06

331.4  0.6716759E+06

331.6  0.6711679E+06

331.8  0.6706603E+06

332.0  0.6701530E+06

332.2  0.6696462E+06

332.4  0.6691397E+06

332.6  0.6686335E+06

332.8  0.6681278E+06

333.0  0.6676224E+06

333.2  0.6671173E+06

333.4  0.6666127E+06

333.6  0.6661084E+06

333.8  0.6656045E+06

334.0  0.6651009E+06

334.2  0.6645978E+06

334.4  0.6640950E+06

334.6  0.6635926E+06

334.8  0.6630906E+06

335.0  0.6625889E+06

335.2  0.6620876E+06

335.4  0.6615867E+06

335.6  0.6610862E+06

335.8  0.6605861E+06

336.0  0.6600863E+06

336.2  0.6595870E+06

336.4  0.6590880E+06

336.6  0.6585894E+06

336.8  0.6580912E+06

337.0  0.6575933E+06

337.2  0.6570959E+06

337.4  0.6565988E+06

337.6  0.6561022E+06

337.8  0.6556059E+06

338.0  0.6551100E+06

338.2  0.6546145E+06

338.4  0.6541193E+06

338.6  0.6536246E+06

338.8  0.6531303E+06

339.0  0.6526363E+06

339.2  0.6521428E+06

339.4  0.6516496E+06

339.6  0.6511568E+06

339.8  0.6506644E+06

340.0  0.6501724E+06

340.2  0.6496808E+06

340.4  0.6491896E+06

340.6  0.6486988E+06

340.8  0.6482084E+06

341.0  0.6477184E+06

341.2  0.6472288E+06

341.4  0.6467395E+06

341.6  0.6462507E+06

341.8  0.6457622E+06

342.0  0.6452742E+06

342.2  0.6447865E+06

342.4  0.6442993E+06

342.6  0.6438124E+06

342.8  0.6433260E+06

343.0  0.6428399E+06

343.2  0.6423542E+06

343.4  0.6418690E+06

343.6  0.6413841E+06

343.8  0.6408996E+06

344.0  0.6404155E+06

344.2  0.6399319E+06

344.4  0.6394486E+06

344.6  0.6389657E+06

344.8  0.6384832E+06

345.0  0.6380011E+06

345.2  0.6375194E+06

345.4  0.6370381E+06

345.6  0.6365573E+06

345.8  0.6360768E+06

346.0  0.6355967E+06

346.2  0.6351170E+06

346.4  0.6346377E+06

346.6  0.6341588E+06

346.8  0.6336803E+06

347.0  0.6332022E+06

347.2  0.6327245E+06

347.4  0.6322472E+06

347.6  0.6317704E+06

347.8  0.6312939E+06

348.0  0.6308178E+06

348.2  0.6303421E+06

348.4  0.6298668E+06

348.6  0.6293919E+06

348.8  0.6289174E+06

349.0  0.6284433E+06

349.2  0.6279696E+06

349.4  0.6274963E+06

349.6  0.6270234E+06

349.8  0.6265509E+06

350.0  0.6260788E+06

350.2  0.6256071E+06

350.4  0.6251358E+06

350.6  0.6246649E+06

350.8  0.6241944E+06

351.0  0.6237243E+06

351.2  0.6232546E+06

351.4  0.6227853E+06

351.6  0.6223164E+06

351.8  0.6218479E+06

352.0  0.6213798E+06

352.2  0.6209121E+06

352.4  0.6204448E+06

352.6  0.6199779E+06

352.8  0.6195113E+06

353.0  0.6190452E+06

353.2  0.6185795E+06

353.4  0.6181142E+06

353.6  0.6176493E+06

353.8  0.6171847E+06

354.0  0.6167206E+06

354.2  0.6162569E+06

354.4  0.6157935E+06

354.6  0.6153306E+06

354.8  0.6148680E+06

355.0  0.6144059E+06

355.2  0.6139441E+06

355.4  0.6134828E+06

355.6  0.6130218E+06

355.8  0.6125613E+06

356.0  0.6121011E+06

356.2  0.6116413E+06

356.4  0.6111819E+06

356.6  0.6107229E+06

356.8  0.6102644E+06

357.0  0.6098062E+06

357.2  0.6093484E+06

357.4  0.6088909E+06

357.6  0.6084339E+06

357.8  0.6079773E+06

358.0  0.6075211E+06

358.2  0.6070652E+06

358.4  0.6066098E+06

358.6  0.6061547E+06

358.8  0.6057001E+06

359.0  0.6052458E+06

359.2  0.6047919E+06

359.4  0.6043384E+06

359.6  0.6038853E+06

359.8  0.6034326E+06

360.0  0.6029803E+06

360.2  0.6025284E+06

360.4  0.6020768E+06

360.6  0.6016257E+06

360.8  0.6011749E+06

361.0  0.6007245E+06

361.2  0.6002746E+06

361.4  0.5998250E+06

361.6  0.5993758E+06

361.8  0.5989269E+06

362.0  0.5984785E+06

362.2  0.5980305E+06

362.4  0.5975828E+06

362.6  0.5971355E+06

362.8  0.5966886E+06

363.0  0.5962421E+06

363.2  0.5957960E+06

363.4  0.5953503E+06

363.6  0.5949049E+06

363.8  0.5944600E+06

364.0  0.5940154E+06

364.2  0.5935712E+06

364.4  0.5931274E+06

364.6  0.5926840E+06

364.8  0.5922409E+06

365.0  0.5917982E+06

365.2  0.5913560E+06

365.4  0.5909141E+06

365.6  0.5904725E+06

365.8  0.5900314E+06

366.0  0.5895906E+06

366.2  0.5891503E+06

366.4  0.5887103E+06

366.6  0.5882707E+06

366.8  0.5878314E+06

367.0  0.5873926E+06

367.2  0.5869541E+06

367.4  0.5865160E+06

367.6  0.5860782E+06

367.8  0.5856409E+06

368.0  0.5852039E+06

368.2  0.5847673E+06

368.4  0.5843311E+06

368.6  0.5838953E+06

368.8  0.5834598E+06

369.0  0.5830247E+06

369.2  0.5825900E+06

369.4  0.5821556E+06

369.6  0.5817217E+06

369.8  0.5812881E+06

370.0  0.5808549E+06

370.2  0.5804220E+06

370.4  0.5799895E+06

370.6  0.5795574E+06

370.8  0.5791257E+06

371.0  0.5786943E+06

371.2  0.5782634E+06

371.4  0.5778327E+06

371.6  0.5774025E+06

371.8  0.5769726E+06

372.0  0.5765431E+06

372.2  0.5761140E+06

372.4  0.5756852E+06

372.6  0.5752568E+06

372.8  0.5748288E+06

373.0  0.5744011E+06

373.2  0.5739738E+06

373.4  0.5735469E+06

373.6  0.5731203E+06

373.8  0.5726941E+06

374.0  0.5722683E+06

374.2  0.5718428E+06

374.4  0.5714177E+06

374.6  0.5709930E+06

374.8  0.5705686E+06

375.0  0.5701446E+06

375.2  0.5697209E+06

375.4  0.5692976E+06

375.6  0.5688747E+06

375.8  0.5684522E+06

376.0  0.5680300E+06

376.2  0.5676081E+06

376.4  0.5671867E+06

376.6  0.5667655E+06

376.8  0.5663448E+06

377.0  0.5659244E+06

377.2  0.5655044E+06

377.4  0.5650847E+06

377.6  0.5646654E+06

377.8  0.5642464E+06

378.0  0.5638278E+06

378.2  0.5634096E+06

378.4  0.5629917E+06

378.6  0.5625741E+06

378.8  0.5621570E+06

379.0  0.5617402E+06

379.2  0.5613237E+06

379.4  0.5609076E+06

379.6  0.5604918E+06

379.8  0.5600764E+06

380.0  0.5596614E+06

380.2  0.5592467E+06

380.4  0.5588324E+06

380.6  0.5584184E+06

380.8  0.5580047E+06

381.0  0.5575915E+06

381.2  0.5571785E+06

381.4  0.5567659E+06

381.6  0.5563537E+06

381.8  0.5559418E+06

382.0  0.5555303E+06

382.2  0.5551191E+06

382.4  0.5547083E+06

382.6  0.5542978E+06

382.8  0.5538877E+06

383.0  0.5534779E+06

383.2  0.5530685E+06

383.4  0.5526594E+06

383.6  0.5522506E+06

383.8  0.5518422E+06

384.0  0.5514342E+06

384.2  0.5510265E+06

384.4  0.5506191E+06

384.6  0.5502121E+06

384.8  0.5498054E+06

385.0  0.5493991E+06

385.2  0.5489931E+06

385.4  0.5485875E+06

385.6  0.5481822E+06

385.8  0.5477772E+06

386.0  0.5473726E+06

386.2  0.5469684E+06

386.4  0.5465644E+06

386.6  0.5461608E+06

386.8  0.5457576E+06

387.0  0.5453547E+06

387.2  0.5449521E+06

387.4  0.5445499E+06

387.6  0.5441480E+06

387.8  0.5437464E+06

388.0  0.5433452E+06

388.2  0.5429443E+06

388.4  0.5425438E+06

388.6  0.5421436E+06

388.8  0.5417437E+06

389.0  0.5413442E+06

389.2  0.5409450E+06

389.4  0.5405461E+06

389.6  0.5401476E+06

389.8  0.5397494E+06

390.0  0.5393516E+06

390.2  0.5389540E+06

390.4  0.5385568E+06

390.6  0.5381600E+06

390.8  0.5377635E+06

391.0  0.5373673E+06

391.2  0.5369714E+06

391.4  0.5365759E+06

391.6  0.5361807E+06

391.8  0.5357858E+06

392.0  0.5353913E+06

392.2  0.5349971E+06

392.4  0.5346032E+06

392.6  0.5342096E+06

392.8  0.5338164E+06

393.0  0.5334235E+06

393.2  0.5330309E+06

393.4  0.5326387E+06

393.6  0.5322468E+06

393.8  0.5318552E+06

394.0  0.5314640E+06

394.2  0.5310730E+06

394.4  0.5306824E+06

394.6  0.5302921E+06

394.8  0.5299022E+06

395.0  0.5295125E+06

395.2  0.5291232E+06

395.4  0.5287343E+06

395.6  0.5283456E+06

395.8  0.5279573E+06

396.0  0.5275692E+06

396.2  0.5271815E+06

396.4  0.5267942E+06

396.6  0.5264071E+06

396.8  0.5260204E+06

397.0  0.5256340E+06

397.2  0.5252479E+06

397.4  0.5248621E+06

397.6  0.5244767E+06

397.8  0.5240915E+06

398.0  0.5237067E+06

398.2  0.5233222E+06

398.4  0.5229381E+06

398.6  0.5225542E+06

398.8  0.5221707E+06

399.0  0.5217874E+06

399.2  0.5214045E+06

399.4  0.5210219E+06

399.6  0.5206397E+06

399.8  0.5202577E+06

400.0  0.5198761E+06

400.2  0.5194947E+06

400.4  0.5191137E+06

400.6  0.5187330E+06

400.8  0.5183526E+06

401.0  0.5179726E+06

401.2  0.5175928E+06

401.4  0.5172133E+06

401.6  0.5168342E+06

401.8  0.5164554E+06

402.0  0.5160769E+06

402.2  0.5156987E+06

402.4  0.5153208E+06

402.6  0.5149432E+06

402.8  0.5145659E+06

403.0  0.5141890E+06

403.2  0.5138123E+06

403.4  0.5134360E+06

403.6  0.5130599E+06

403.8  0.5126842E+06

404.0  0.5123088E+06

404.2  0.5119337E+06

404.4  0.5115589E+06

404.6  0.5111844E+06

404.8  0.5108102E+06

405.0  0.5104363E+06

405.2  0.5100627E+06

405.4  0.5096894E+06

405.6  0.5093164E+06

405.8  0.5089438E+06

406.0  0.5085714E+06

406.2  0.5081994E+06

406.4  0.5078276E+06

406.6  0.5074562E+06

406.8  0.5070850E+06

407.0  0.5067142E+06

407.2  0.5063436E+06

407.4  0.5059734E+06

407.6  0.5056034E+06

407.8  0.5052338E+06

408.0  0.5048645E+06

408.2  0.5044954E+06

408.4  0.5041267E+06

408.6  0.5037582E+06

408.8  0.5033901E+06

409.0  0.5030223E+06

409.2  0.5026547E+06

409.4  0.5022875E+06

409.6  0.5019205E+06

409.8  0.5015539E+06

410.0  0.5011875E+06

410.2  0.5008215E+06

410.4  0.5004557E+06

410.6  0.5000903E+06

410.8  0.4997251E+06

411.0  0.4993602E+06

411.2  0.4989957E+06

411.4  0.4986314E+06

411.6  0.4982674E+06

411.8  0.4979037E+06

412.0  0.4975403E+06

412.2  0.4971772E+06

412.4  0.4968144E+06

412.6  0.4964519E+06

412.8  0.4960897E+06

413.0  0.4957277E+06

413.2  0.4953661E+06

413.4  0.4950048E+06

413.6  0.4946437E+06

413.8  0.4942829E+06

414.0  0.4939225E+06

414.2  0.4935623E+06

414.4  0.4932024E+06

414.6  0.4928428E+06

414.8  0.4924835E+06

415.0  0.4921244E+06

415.2  0.4917657E+06

415.4  0.4914073E+06

415.6  0.4910491E+06

415.8  0.4906912E+06

416.0  0.4903336E+06

416.2  0.4899763E+06

416.4  0.4896193E+06

416.6  0.4892626E+06

416.8  0.4889062E+06

417.0  0.4885500E+06

417.2  0.4881942E+06

417.4  0.4878386E+06

417.6  0.4874833E+06

417.8  0.4871283E+06

418.0  0.4867735E+06

418.2  0.4864191E+06

418.4  0.4860649E+06

418.6  0.4857110E+06

418.8  0.4853575E+06

419.0  0.4850041E+06

419.2  0.4846511E+06

419.4  0.4842984E+06

419.6  0.4839459E+06

419.8  0.4835937E+06

420.0  0.4832418E+06

420.2  0.4828902E+06

420.4  0.4825388E+06

420.6  0.4821878E+06

420.8  0.4818370E+06

421.0  0.4814865E+06

421.2  0.4811363E+06

421.4  0.4807863E+06

421.6  0.4804367E+06

421.8  0.4800873E+06

422.0  0.4797382E+06

422.2  0.4793893E+06

422.4  0.4790408E+06

422.6  0.4786925E+06

422.8  0.4783445E+06

423.0  0.4779968E+06

423.2  0.4776493E+06

423.4  0.4773021E+06

423.6  0.4769552E+06

423.8  0.4766086E+06

424.0  0.4762623E+06

424.2  0.4759162E+06

424.4  0.4755704E+06

424.6  0.4752249E+06

424.8  0.4748796E+06

425.0  0.4745347E+06

425.2  0.4741900E+06

425.4  0.4738455E+06

425.6  0.4735014E+06

425.8  0.4731575E+06

426.0  0.4728139E+06

426.2  0.4724705E+06

426.4  0.4721275E+06

426.6  0.4717847E+06

426.8  0.4714421E+06

427.0  0.4710999E+06

427.2  0.4707579E+06

427.4  0.4704162E+06

427.6  0.4700747E+06

427.8  0.4697335E+06

428.0  0.4693926E+06

428.2  0.4690520E+06

428.4  0.4687116E+06

428.6  0.4683715E+06

428.8  0.4680317E+06

429.0  0.4676921E+06

429.2  0.4673528E+06

429.4  0.4670138E+06

429.6  0.4666750E+06

429.8  0.4663365E+06

430.0  0.4659983E+06

430.2  0.4656603E+06

430.4  0.4653226E+06

430.6  0.4649851E+06

430.8  0.4646480E+06

431.0  0.4643111E+06

431.2  0.4639744E+06

431.4  0.4636380E+06

431.6  0.4633019E+06

431.8  0.4629661E+06

432.0  0.4626305E+06

432.2  0.4622952E+06

432.4  0.4619601E+06

432.6  0.4616253E+06

432.8  0.4612908E+06

433.0  0.4609565E+06

433.2  0.4606225E+06

433.4  0.4602887E+06

433.6  0.4599552E+06

433.8  0.4596220E+06

434.0  0.4592890E+06

434.2  0.4589563E+06

434.4  0.4586239E+06

434.6  0.4582917E+06

434.8  0.4579597E+06

435.0  0.4576281E+06

435.2  0.4572967E+06

435.4  0.4569655E+06

435.6  0.4566346E+06

435.8  0.4563040E+06

436.0  0.4559736E+06

436.2  0.4556435E+06

436.4  0.4553136E+06

436.6  0.4549840E+06

436.8  0.4546547E+06

437.0  0.4543256E+06

437.2  0.4539967E+06

437.4  0.4536681E+06

437.6  0.4533398E+06

437.8  0.4530117E+06

438.0  0.4526839E+06

438.2  0.4523564E+06

438.4  0.4520291E+06

438.6  0.4517020E+06

438.8  0.4513752E+06

439.0  0.4510487E+06

439.2  0.4507224E+06

439.4  0.4503964E+06

439.6  0.4500706E+06

439.8  0.4497450E+06

440.0  0.4494198E+06

440.2  0.4490947E+06

440.4  0.4487700E+06

440.6  0.4484455E+06

440.8  0.4481212E+06

441.0  0.4477972E+06

441.2  0.4474734E+06

441.4  0.4471499E+06

441.6  0.4468266E+06

441.8  0.4465036E+06

442.0  0.4461808E+06

442.2  0.4458583E+06

442.4  0.4455361E+06

442.6  0.4452140E+06

442.8  0.4448923E+06

443.0  0.4445708E+06

443.2  0.4442495E+06

443.4  0.4439285E+06

443.6  0.4436077E+06

443.8  0.4432872E+06

444.0  0.4429669E+06

444.2  0.4426469E+06

444.4  0.4423271E+06

444.6  0.4420075E+06

444.8  0.4416883E+06

445.0  0.4413692E+06

445.2  0.4410504E+06

445.4  0.4407319E+06

445.6  0.4404136E+06

445.8  0.4400955E+06

446.0  0.4397777E+06

446.2  0.4394601E+06

446.4  0.4391428E+06

446.6  0.4388257E+06

446.8  0.4385089E+06

447.0  0.4381923E+06

447.2  0.4378759E+06

447.4  0.4375598E+06

447.6  0.4372440E+06

447.8  0.4369283E+06

448.0  0.4366130E+06

448.2  0.4362978E+06

448.4  0.4359829E+06

448.6  0.4356683E+06

448.8  0.4353539E+06

449.0  0.4350397E+06

449.2  0.4347258E+06

449.4  0.4344121E+06

449.6  0.4340986E+06

449.8  0.4337854E+06

450.0  0.4334725E+06

450.2  0.4331597E+06

450.4  0.4328472E+06

450.6  0.4325350E+06

450.8  0.4322230E+06

451.0  0.4319112E+06

451.2  0.4315997E+06

451.4  0.4312884E+06

451.6  0.4309774E+06

451.8  0.4306665E+06

452.0  0.4303560E+06

452.2  0.4300456E+06

452.4  0.4297355E+06

452.6  0.4294257E+06

452.8  0.4291160E+06

453.0  0.4288066E+06

453.2  0.4284975E+06

453.4  0.4281886E+06

453.6  0.4278799E+06

453.8  0.4275714E+06

454.0  0.4272632E+06

454.2  0.4269553E+06

454.4  0.4266475E+06

454.6  0.4263400E+06

454.8  0.4260327E+06

455.0  0.4257257E+06

455.2  0.4254189E+06

455.4  0.4251123E+06

455.6  0.4248060E+06

455.8  0.4244999E+06

456.0  0.4241940E+06

456.2  0.4238884E+06

456.4  0.4235830E+06

456.6  0.4232778E+06

456.8  0.4229729E+06

457.0  0.4226682E+06

457.2  0.4223637E+06

457.4  0.4220595E+06

457.6  0.4217555E+06

457.8  0.4214517E+06

458.0  0.4211482E+06

458.2  0.4208448E+06

458.4  0.4205418E+06

458.6  0.4202389E+06

458.8  0.4199363E+06

459.0  0.4196339E+06

459.2  0.4193317E+06

459.4  0.4190298E+06

459.6  0.4187281E+06

459.8  0.4184266E+06

460.0  0.4181254E+06

460.2  0.4178243E+06

460.4  0.4175235E+06

460.6  0.4172230E+06

460.8  0.4169226E+06

461.0  0.4166225E+06

461.2  0.4163227E+06

461.4  0.4160230E+06

461.6  0.4157236E+06

461.8  0.4154244E+06

462.0  0.4151254E+06

462.2  0.4148267E+06

462.4  0.4145282E+06

462.6  0.4142299E+06

462.8  0.4139318E+06

463.0  0.4136340E+06

463.2  0.4133363E+06

463.4  0.4130389E+06

463.6  0.4127418E+06

463.8  0.4124448E+06

464.0  0.4121481E+06

464.2  0.4118516E+06

464.4  0.4115554E+06

464.6  0.4112593E+06

464.8  0.4109635E+06

465.0  0.4106679E+06

465.2  0.4103725E+06

465.4  0.4100774E+06

465.6  0.4097825E+06

465.8  0.4094878E+06

466.0  0.4091933E+06

466.2  0.4088990E+06

466.4  0.4086050E+06

466.6  0.4083112E+06

466.8  0.4080176E+06

467.0  0.4077242E+06

467.2  0.4074310E+06

467.4  0.4071381E+06

467.6  0.4068454E+06

467.8  0.4065529E+06

468.0  0.4062606E+06

468.2  0.4059686E+06

468.4  0.4056768E+06

468.6  0.4053852E+06

468.8  0.4050938E+06

469.0  0.4048026E+06

469.2  0.4045116E+06

469.4  0.4042209E+06

469.6  0.4039304E+06

469.8  0.4036401E+06

470.0  0.4033500E+06

470.2  0.4030602E+06

470.4  0.4027705E+06

470.6  0.4024811E+06

470.8  0.4021919E+06

471.0  0.4019029E+06

471.2  0.4016142E+06

471.4  0.4013256E+06

471.6  0.4010373E+06

471.8  0.4007492E+06

472.0  0.4004612E+06

472.2  0.4001736E+06

472.4  0.3998861E+06

472.6  0.3995988E+06

472.8  0.3993118E+06

473.0  0.3990250E+06

473.2  0.3987384E+06

473.4  0.3984520E+06

473.6  0.3981658E+06

473.8  0.3978798E+06

474.0  0.3975941E+06

474.2  0.3973085E+06

474.4  0.3970232E+06

474.6  0.3967381E+06

474.8  0.3964532E+06

475.0  0.3961685E+06

475.2  0.3958841E+06

475.4  0.3955998E+06

475.6  0.3953158E+06

475.8  0.3950320E+06

476.0  0.3947483E+06

476.2  0.3944649E+06

476.4  0.3941817E+06

476.6  0.3938988E+06

476.8  0.3936160E+06

477.0  0.3933334E+06

477.2  0.3930511E+06

477.4  0.3927690E+06

477.6  0.3924870E+06

477.8  0.3922053E+06

478.0  0.3919238E+06

478.2  0.3916425E+06

478.4  0.3913615E+06

478.6  0.3910806E+06

478.8  0.3907999E+06

479.0  0.3905195E+06

479.2  0.3902392E+06

479.4  0.3899592E+06

479.6  0.3896794E+06

479.8  0.3893998E+06

480.0  0.3891204E+06

480.2  0.3888412E+06

480.4  0.3885622E+06

480.6  0.3882834E+06

480.8  0.3880048E+06

481.0  0.3877264E+06

481.2  0.3874483E+06

481.4  0.3871703E+06

481.6  0.3868926E+06

481.8  0.3866151E+06

482.0  0.3863377E+06

482.2  0.3860606E+06

482.4  0.3857837E+06

482.6  0.3855070E+06

482.8  0.3852305E+06

483.0  0.3849542E+06

483.2  0.3846781E+06

483.4  0.3844022E+06

483.6  0.3841265E+06

483.8  0.3838510E+06

484.0  0.3835758E+06

484.2  0.3833007E+06

484.4  0.3830259E+06

484.6  0.3827512E+06

484.8  0.3824767E+06

485.0  0.3822025E+06

485.2  0.3819284E+06

485.4  0.3816546E+06

485.6  0.3813810E+06

485.8  0.3811075E+06

486.0  0.3808343E+06

486.2  0.3805613E+06

486.4  0.3802885E+06

486.6  0.3800158E+06

486.8  0.3797434E+06

487.0  0.3794712E+06

487.2  0.3791992E+06

487.4  0.3789274E+06

487.6  0.3786558E+06

487.8  0.3783844E+06

488.0  0.3781131E+06

488.2  0.3778421E+06

488.4  0.3775713E+06

488.6  0.3773007E+06

488.8  0.3770303E+06

489.0  0.3767601E+06

489.2  0.3764901E+06

489.4  0.3762203E+06

489.6  0.3759507E+06

489.8  0.3756813E+06

490.0  0.3754121E+06

490.2  0.3751431E+06

490.4  0.3748743E+06

490.6  0.3746057E+06

490.8  0.3743373E+06

491.0  0.3740691E+06

491.2  0.3738011E+06

491.4  0.3735333E+06

491.6  0.3732657E+06

491.8  0.3729983E+06

492.0  0.3727310E+06

492.2  0.3724640E+06

492.4  0.3721972E+06

492.6  0.3719306E+06

492.8  0.3716642E+06

493.0  0.3713979E+06

493.2  0.3711319E+06

493.4  0.3708661E+06

493.6  0.3706004E+06

493.8  0.3703350E+06

494.0  0.3700697E+06

494.2  0.3698047E+06

494.4  0.3695398E+06

494.6  0.3692752E+06

494.8  0.3690107E+06

495.0  0.3687465E+06

495.2  0.3684824E+06

495.4  0.3682185E+06

495.6  0.3679548E+06

495.8  0.3676914E+06

496.0  0.3674281E+06

496.2  0.3671650E+06

496.4  0.3669021E+06

496.6  0.3666394E+06

496.8  0.3663768E+06

497.0  0.3661145E+06

497.2  0.3658524E+06

497.4  0.3655905E+06

497.6  0.3653287E+06

497.8  0.3650672E+06

498.0  0.3648058E+06

498.2  0.3645447E+06

498.4  0.3642837E+06

498.6  0.3640229E+06

498.8  0.3637623E+06

499.0  0.3635020E+06

499.2  0.3632418E+06

499.4  0.3629817E+06

499.6  0.3627219E+06

499.8  0.3624623E+06

500.0  0.3622029E+06

