100  0.1812741E+04

100.2  0.2023630E+04

100.4  0.2244949E+04

100.6  0.2476231E+04

100.8  0.2716991E+04

101.0  0.2966745E+04

101.2  0.3225003E+04

101.4  0.3491282E+04

101.6  0.3765106E+04

101.8  0.4046008E+04

102.0  0.4333534E+04

102.2  0.4627243E+04

102.4  0.4926708E+04

102.6  0.5231519E+04

102.8  0.5541283E+04

103.0  0.5855621E+04

103.2  0.6174175E+04

103.4  0.6496600E+04

103.6  0.6822570E+04

103.8  0.7151775E+04

104.0  0.7483921E+04

104.2  0.7818729E+04

104.4  0.8155937E+04

104.6  0.8495296E+04

104.8  0.8836572E+04

105.0  0.9179545E+04

105.2  0.9524007E+04

105.4  0.9869764E+04

105.6  0.1021663E+05

105.8  0.1056444E+05

106.0  0.1091303E+05

106.2  0.1126225E+05

106.4  0.1161195E+05

106.6  0.1196202E+05

106.8  0.1231232E+05

107.0  0.1266274E+05

107.2  0.1301317E+05

107.4  0.1336352E+05

107.6  0.1371370E+05

107.8  0.1406361E+05

108.0  0.1441319E+05

108.2  0.1476235E+05

108.4  0.1511103E+05

108.6  0.1545918E+05

108.8  0.1580672E+05

109.0  0.1615361E+05

109.2  0.1649981E+05

109.4  0.1684526E+05

109.6  0.1718993E+05

109.8  0.1753378E+05

110.0  0.1787678E+05

110.2  0.1821890E+05

110.4  0.1856011E+05

110.6  0.1890039E+05

110.8  0.1923971E+05

111.0  0.1957807E+05

111.2  0.1991543E+05

111.4  0.2025180E+05

111.6  0.2058715E+05

111.8  0.2092148E+05

112.0  0.2125478E+05

112.2  0.2158704E+05

112.4  0.2191826E+05

112.6  0.2224843E+05

112.8  0.2257755E+05

113.0  0.2290562E+05

113.2  0.2323265E+05

113.4  0.2355863E+05

113.6  0.2388356E+05

113.8  0.2420746E+05

114.0  0.2453032E+05

114.2  0.2485214E+05

114.4  0.2517295E+05

114.6  0.2549273E+05

114.8  0.2581151E+05

115.0  0.2612929E+05

115.2  0.2644607E+05

115.4  0.2676188E+05

115.6  0.2707671E+05

115.8  0.2739057E+05

116.0  0.2770349E+05

116.2  0.2801547E+05

116.4  0.2832651E+05

116.6  0.2863664E+05

116.8  0.2894587E+05

117.0  0.2925421E+05

117.2  0.2956166E+05

117.4  0.2986825E+05

117.6  0.3017399E+05

117.8  0.3047889E+05

118.0  0.3078297E+05

118.2  0.3108623E+05

118.4  0.3138869E+05

118.6  0.3169037E+05

118.8  0.3199128E+05

119.0  0.3229144E+05

119.2  0.3259085E+05

119.4  0.3288954E+05

119.6  0.3318752E+05

119.8  0.3348479E+05

120.0  0.3378139E+05

120.2  0.3407731E+05

120.4  0.3437258E+05

120.6  0.3466721E+05

120.8  0.3496121E+05

121.0  0.3525461E+05

121.2  0.3554740E+05

121.4  0.3583962E+05

121.6  0.3613126E+05

121.8  0.3642235E+05

122.0  0.3671291E+05

122.2  0.3700293E+05

122.4  0.3729245E+05

122.6  0.3758147E+05

122.8  0.3787001E+05

123.0  0.3815808E+05

123.2  0.3844570E+05

123.4  0.3873287E+05

123.6  0.3901962E+05

123.8  0.3930596E+05

124.0  0.3959189E+05

124.2  0.3987744E+05

124.4  0.4016262E+05

124.6  0.4044744E+05

124.8  0.4073192E+05

125.0  0.4101607E+05

125.2  0.4129989E+05

125.4  0.4158341E+05

125.6  0.4186664E+05

125.8  0.4214959E+05

126.0  0.4243228E+05

126.2  0.4271471E+05

126.4  0.4299690E+05

126.6  0.4327886E+05

126.8  0.4356061E+05

127.0  0.4384215E+05

127.2  0.4412351E+05

127.4  0.4440468E+05

127.6  0.4468569E+05

127.8  0.4496655E+05

128.0  0.4524726E+05

128.2  0.4552785E+05

128.4  0.4580832E+05

128.6  0.4608868E+05

128.8  0.4636895E+05

129.0  0.4664913E+05

129.2  0.4692925E+05

129.4  0.4720930E+05

129.6  0.4748931E+05

129.8  0.4776928E+05

130.0  0.4804922E+05

130.2  0.4832915E+05

130.4  0.4860908E+05

130.6  0.4888902E+05

130.8  0.4916897E+05

131.0  0.4944895E+05

131.2  0.4972898E+05

131.4  0.5000905E+05

131.6  0.5028919E+05

131.8  0.5056940E+05

132.0  0.5084969E+05

132.2  0.5113008E+05

132.4  0.5141057E+05

132.6  0.5169117E+05

132.8  0.5197190E+05

133.0  0.5225276E+05

133.2  0.5253377E+05

133.4  0.5281493E+05

133.6  0.5309625E+05

133.8  0.5337775E+05

134.0  0.5365943E+05

134.2  0.5394131E+05

134.4  0.5422339E+05

134.6  0.5450569E+05

134.8  0.5478820E+05

135.0  0.5507095E+05

135.2  0.5535394E+05

135.4  0.5563718E+05

135.6  0.5592069E+05

135.8  0.5620446E+05

136.0  0.5648851E+05

136.2  0.5677285E+05

136.4  0.5705748E+05

136.6  0.5734242E+05

136.8  0.5762768E+05

137.0  0.5791326E+05

137.2  0.5819918E+05

137.4  0.5848544E+05

137.6  0.5877205E+05

137.8  0.5905901E+05

138.0  0.5934635E+05

138.2  0.5963407E+05

138.4  0.5992216E+05

138.6  0.6021066E+05

138.8  0.6049956E+05

139.0  0.6078886E+05

139.2  0.6107859E+05

139.4  0.6136875E+05

139.6  0.6165934E+05

139.8  0.6195038E+05

140.0  0.6224188E+05

140.2  0.6253383E+05

140.4  0.6282625E+05

140.6  0.6311916E+05

140.8  0.6341254E+05

141.0  0.6370643E+05

141.2  0.6400081E+05

141.4  0.6429571E+05

141.6  0.6459112E+05

141.8  0.6488706E+05

142.0  0.6518354E+05

142.2  0.6548056E+05

142.4  0.6577813E+05

142.6  0.6607625E+05

142.8  0.6637495E+05

143.0  0.6667421E+05

143.2  0.6697406E+05

143.4  0.6727450E+05

143.6  0.6757554E+05

143.8  0.6787718E+05

144.0  0.6817943E+05

144.2  0.6848230E+05

144.4  0.6878580E+05

144.6  0.6908994E+05

144.8  0.6939472E+05

145.0  0.6970015E+05

145.2  0.7000623E+05

145.4  0.7031299E+05

145.6  0.7062041E+05

145.8  0.7092852E+05

146.0  0.7123731E+05

146.2  0.7154680E+05

146.4  0.7185700E+05

146.6  0.7216790E+05

146.8  0.7247952E+05

147.0  0.7279187E+05

147.2  0.7310495E+05

147.4  0.7341877E+05

147.6  0.7373333E+05

147.8  0.7404865E+05

148.0  0.7436473E+05

148.2  0.7468158E+05

148.4  0.7499921E+05

148.6  0.7531762E+05

148.8  0.7563682E+05

149.0  0.7595681E+05

149.2  0.7627762E+05

149.4  0.7659923E+05

149.6  0.7692167E+05

149.8  0.7724493E+05

150.0  0.7756902E+05

150.2  0.7789396E+05

150.4  0.7821974E+05

150.6  0.7854638E+05

150.8  0.7887388E+05

151.0  0.7920225E+05

151.2  0.7953150E+05

151.4  0.7986163E+05

151.6  0.8019265E+05

151.8  0.8052457E+05

152.0  0.8085739E+05

152.2  0.8119113E+05

152.4  0.8152578E+05

152.6  0.8186136E+05

152.8  0.8219788E+05

153.0  0.8253533E+05

153.2  0.8287373E+05

153.4  0.8321309E+05

153.6  0.8355341E+05

153.8  0.8389469E+05

154.0  0.8423695E+05

154.2  0.8458020E+05

154.4  0.8492443E+05

154.6  0.8526966E+05

154.8  0.8561590E+05

155.0  0.8596314E+05

155.2  0.8631141E+05

155.4  0.8666069E+05

155.6  0.8701101E+05

155.8  0.8736237E+05

156.0  0.8771478E+05

156.2  0.8806824E+05

156.4  0.8842276E+05

156.6  0.8877834E+05

156.8  0.8913500E+05

157.0  0.8949275E+05

157.2  0.8985158E+05

157.4  0.9021150E+05

157.6  0.9057253E+05

157.8  0.9093467E+05

158.0  0.9129793E+05

158.2  0.9166231E+05

158.4  0.9202782E+05

158.6  0.9239447E+05

158.8  0.9276227E+05

159.0  0.9313121E+05

159.2  0.9350132E+05

159.4  0.9387260E+05

159.6  0.9424505E+05

159.8  0.9461868E+05

160.0  0.9499350E+05

160.2  0.9536951E+05

160.4  0.9574673E+05

160.6  0.9612516E+05

160.8  0.9650480E+05

161.0  0.9688567E+05

161.2  0.9726777E+05

161.4  0.9765111E+05

161.6  0.9803570E+05

161.8  0.9842154E+05

162.0  0.9880865E+05

162.2  0.9919702E+05

162.4  0.9958666E+05

162.6  0.9997759E+05

162.8  0.1003698E+06

163.0  0.1007633E+06

163.2  0.1011582E+06

163.4  0.1015543E+06

163.6  0.1019517E+06

163.8  0.1023505E+06

164.0  0.1027506E+06

164.2  0.1031521E+06

164.4  0.1035549E+06

164.6  0.1039591E+06

164.8  0.1043646E+06

165.0  0.1047715E+06

165.2  0.1051798E+06

165.4  0.1055895E+06

165.6  0.1060006E+06

165.8  0.1064130E+06

166.0  0.1068269E+06

166.2  0.1072422E+06

166.4  0.1076589E+06

166.6  0.1080771E+06

166.8  0.1084967E+06

167.0  0.1089178E+06

167.2  0.1093403E+06

167.4  0.1097642E+06

167.6  0.1101897E+06

167.8  0.1106166E+06

168.0  0.1110450E+06

168.2  0.1114749E+06

168.4  0.1119064E+06

168.6  0.1123393E+06

168.8  0.1127737E+06

169.0  0.1132097E+06

169.2  0.1136472E+06

169.4  0.1140863E+06

169.6  0.1145269E+06

169.8  0.1149691E+06

170.0  0.1154128E+06

170.2  0.1158581E+06

170.4  0.1163050E+06

170.6  0.1167535E+06

170.8  0.1172036E+06

171.0  0.1176553E+06

171.2  0.1181087E+06

171.4  0.1185636E+06

171.6  0.1190202E+06

171.8  0.1194785E+06

172.0  0.1199383E+06

172.2  0.1203999E+06

172.4  0.1208631E+06

172.6  0.1213280E+06

172.8  0.1217946E+06

173.0  0.1222629E+06

173.2  0.1227328E+06

173.4  0.1232045E+06

173.6  0.1236780E+06

173.8  0.1241531E+06

174.0  0.1246300E+06

174.2  0.1251086E+06

174.4  0.1255890E+06

174.6  0.1260712E+06

174.8  0.1265551E+06

175.0  0.1270408E+06

175.2  0.1275284E+06

175.4  0.1280177E+06

175.6  0.1285088E+06

175.8  0.1290018E+06

176.0  0.1294965E+06

176.2  0.1299932E+06

176.4  0.1304916E+06

176.6  0.1309920E+06

176.8  0.1314942E+06

177.0  0.1319982E+06

177.2  0.1325042E+06

177.4  0.1330121E+06

177.6  0.1335218E+06

177.8  0.1340335E+06

178.0  0.1345471E+06

178.2  0.1350627E+06

178.4  0.1355802E+06

178.6  0.1360996E+06

178.8  0.1366211E+06

179.0  0.1371445E+06

179.2  0.1376699E+06

179.4  0.1381972E+06

179.6  0.1387266E+06

179.8  0.1392581E+06

180.0  0.1397915E+06

180.2  0.1403270E+06

180.4  0.1408645E+06

180.6  0.1414041E+06

180.8  0.1419458E+06

181.0  0.1424895E+06

181.2  0.1430354E+06

181.4  0.1435833E+06

181.6  0.1441334E+06

181.8  0.1446856E+06

182.0  0.1452399E+06

182.2  0.1457964E+06

182.4  0.1463550E+06

182.6  0.1469158E+06

182.8  0.1474788E+06

183.0  0.1480440E+06

183.2  0.1486114E+06

183.4  0.1491810E+06

183.6  0.1497529E+06

183.8  0.1503270E+06

184.0  0.1509033E+06

184.2  0.1514820E+06

184.4  0.1520629E+06

184.6  0.1526461E+06

184.8  0.1532316E+06

185.0  0.1538194E+06

185.2  0.1544095E+06

185.4  0.1550020E+06

185.6  0.1555969E+06

185.8  0.1561941E+06

186.0  0.1567937E+06

186.2  0.1573957E+06

186.4  0.1580001E+06

186.6  0.1586070E+06

186.8  0.1592163E+06

187.0  0.1598280E+06

187.2  0.1604422E+06

187.4  0.1610589E+06

187.6  0.1616781E+06

187.8  0.1622998E+06

188.0  0.1629240E+06

188.2  0.1635508E+06

188.4  0.1641801E+06

188.6  0.1648120E+06

188.8  0.1654464E+06

189.0  0.1660835E+06

189.2  0.1667232E+06

189.4  0.1673655E+06

189.6  0.1680105E+06

189.8  0.1686581E+06

190.0  0.1693085E+06

190.2  0.1699615E+06

190.4  0.1706172E+06

190.6  0.1712757E+06

190.8  0.1719369E+06

191.0  0.1726009E+06

191.2  0.1732677E+06

191.4  0.1739373E+06

191.6  0.1746097E+06

191.8  0.1752850E+06

192.0  0.1759631E+06

192.2  0.1766441E+06

192.4  0.1773280E+06

192.6  0.1780148E+06

192.8  0.1787045E+06

193.0  0.1793972E+06

193.2  0.1800929E+06

193.4  0.1807916E+06

193.6  0.1814933E+06

193.8  0.1821981E+06

194.0  0.1829059E+06

194.2  0.1836167E+06

194.4  0.1843307E+06

194.6  0.1850479E+06

194.8  0.1857681E+06

195.0  0.1864916E+06

195.2  0.1872182E+06

195.4  0.1879481E+06

195.6  0.1886812E+06

195.8  0.1894176E+06

196.0  0.1901573E+06

196.2  0.1909003E+06

196.4  0.1916466E+06

196.6  0.1923963E+06

196.8  0.1931494E+06

197.0  0.1939059E+06

197.2  0.1946659E+06

197.4  0.1954293E+06

197.6  0.1961963E+06

197.8  0.1969668E+06

198.0  0.1977408E+06

198.2  0.1985184E+06

198.4  0.1992997E+06

198.6  0.2000846E+06

198.8  0.2008731E+06

199.0  0.2016654E+06

199.2  0.2024614E+06

199.4  0.2032612E+06

199.6  0.2040648E+06

199.8  0.2048722E+06

200.0  0.2056835E+06

200.2  0.2064986E+06

200.4  0.2073177E+06

200.6  0.2081408E+06

200.8  0.2089679E+06

201.0  0.2097990E+06

201.2  0.2106341E+06

201.4  0.2114734E+06

201.6  0.2123168E+06

201.8  0.2131644E+06

202.0  0.2140161E+06

202.2  0.2148722E+06

202.4  0.2157325E+06

202.6  0.2165971E+06

202.8  0.2174661E+06

203.0  0.2183395E+06

203.2  0.2192174E+06

203.4  0.2200997E+06

203.6  0.2209866E+06

203.8  0.2218780E+06

204.0  0.2227740E+06

204.2  0.2236746E+06

204.4  0.2245800E+06

204.6  0.2254900E+06

204.8  0.2264048E+06

205.0  0.2273245E+06

205.2  0.2282490E+06

205.4  0.2291784E+06

205.6  0.2301127E+06

205.8  0.2310521E+06

206.0  0.2319964E+06

206.2  0.2329459E+06

206.4  0.2339005E+06

206.6  0.2348602E+06

206.8  0.2358252E+06

207.0  0.2367954E+06

207.2  0.2377709E+06

207.4  0.2387518E+06

207.6  0.2397381E+06

207.8  0.2407299E+06

208.0  0.2417272E+06

208.2  0.2427300E+06

208.4  0.2437384E+06

208.6  0.2447525E+06

208.8  0.2457723E+06

209.0  0.2467978E+06

209.2  0.2478291E+06

209.4  0.2488663E+06

209.6  0.2499094E+06

209.8  0.2509584E+06

210.0  0.2520134E+06

210.2  0.2530745E+06

210.4  0.2541417E+06

210.6  0.2552150E+06

210.8  0.2562946E+06

211.0  0.2573804E+06

211.2  0.2584725E+06

211.4  0.2595710E+06

211.6  0.2606759E+06

211.8  0.2617873E+06

212.0  0.2629051E+06

212.2  0.2640296E+06

212.4  0.2651606E+06

212.6  0.2662983E+06

212.8  0.2674428E+06

213.0  0.2685940E+06

213.2  0.2697521E+06

213.4  0.2709170E+06

213.6  0.2720888E+06

213.8  0.2732676E+06

214.0  0.2744535E+06

214.2  0.2756464E+06

214.4  0.2768465E+06

214.6  0.2780537E+06

214.8  0.2792681E+06

215.0  0.2804899E+06

215.2  0.2817189E+06

215.4  0.2829553E+06

215.6  0.2841992E+06

215.8  0.2854505E+06

216.0  0.2867093E+06

216.2  0.2879757E+06

216.4  0.2892497E+06

216.6  0.2905313E+06

216.8  0.2918207E+06

217.0  0.2931178E+06

217.2  0.2944226E+06

217.4  0.2957353E+06

217.6  0.2970559E+06

217.8  0.2983844E+06

218.0  0.2997209E+06

218.2  0.3010653E+06

218.4  0.3024178E+06

218.6  0.3037784E+06

218.8  0.3051471E+06

219.0  0.3065239E+06

219.2  0.3079090E+06

219.4  0.3093022E+06

219.6  0.3107038E+06

219.8  0.3121136E+06

220.0  0.3135317E+06

220.2  0.3149583E+06

220.4  0.3163932E+06

220.6  0.3178366E+06

220.8  0.3192884E+06

221.0  0.3207487E+06

221.2  0.3222175E+06

221.4  0.3236948E+06

221.6  0.3251807E+06

221.8  0.3266752E+06

222.0  0.3281784E+06

222.2  0.3296901E+06

222.4  0.3312105E+06

222.6  0.3327396E+06

222.8  0.3342774E+06

223.0  0.3358240E+06

223.2  0.3373792E+06

223.4  0.3389432E+06

223.6  0.3405159E+06

223.8  0.3420975E+06

224.0  0.3436878E+06

224.2  0.3452869E+06

224.4  0.3468948E+06

224.6  0.3485115E+06

224.8  0.3501370E+06

225.0  0.3517714E+06

225.2  0.3534145E+06

225.4  0.3550665E+06

225.6  0.3567274E+06

225.8  0.3583970E+06

226.0  0.3600755E+06

226.2  0.3617628E+06

226.4  0.3634589E+06

226.6  0.3651638E+06

226.8  0.3668775E+06

227.0  0.3686000E+06

227.2  0.3703313E+06

227.4  0.3720713E+06

227.6  0.3738201E+06

227.8  0.3755776E+06

228.0  0.3773439E+06

228.2  0.3791188E+06

228.4  0.3809024E+06

228.6  0.3826947E+06

228.8  0.3844956E+06

229.0  0.3863051E+06

229.2  0.3881232E+06

229.4  0.3899498E+06

229.6  0.3917850E+06

229.8  0.3936286E+06

230.0  0.3954808E+06

230.2  0.3973413E+06

230.4  0.3992102E+06

230.6  0.4010875E+06

230.8  0.4029731E+06

231.0  0.4048669E+06

231.2  0.4067690E+06

231.4  0.4086793E+06

231.6  0.4105977E+06

231.8  0.4125242E+06

232.0  0.4144587E+06

232.2  0.4164012E+06

232.4  0.4183517E+06

232.6  0.4203101E+06

232.8  0.4222763E+06

233.0  0.4242503E+06

233.2  0.4262320E+06

233.4  0.4282214E+06

233.6  0.4302183E+06

233.8  0.4322229E+06

234.0  0.4342349E+06

234.2  0.4362543E+06

234.4  0.4382810E+06

234.6  0.4403151E+06

234.8  0.4423563E+06

235.0  0.4444047E+06

235.2  0.4464602E+06

235.4  0.4485226E+06

235.6  0.4505920E+06

235.8  0.4526682E+06

236.0  0.4547512E+06

236.2  0.4568409E+06

236.4  0.4589372E+06

236.6  0.4610400E+06

236.8  0.4631493E+06

237.0  0.4652650E+06

237.2  0.4673869E+06

237.4  0.4695150E+06

237.6  0.4716492E+06

237.8  0.4737895E+06

238.0  0.4759357E+06

238.2  0.4780877E+06

238.4  0.4802454E+06

238.6  0.4824089E+06

238.8  0.4845778E+06

239.0  0.4867523E+06

239.2  0.4889321E+06

239.4  0.4911172E+06

239.6  0.4933075E+06

239.8  0.4955029E+06

240.0  0.4977032E+06

240.2  0.4999084E+06

240.4  0.5021184E+06

240.6  0.5043331E+06

240.8  0.5065524E+06

241.0  0.5087761E+06

241.2  0.5110042E+06

241.4  0.5132365E+06

241.6  0.5154730E+06

241.8  0.5177135E+06

242.0  0.5199580E+06

242.2  0.5222063E+06

242.4  0.5244583E+06

242.6  0.5267140E+06

242.8  0.5289731E+06

243.0  0.5312356E+06

243.2  0.5335014E+06

243.4  0.5357704E+06

243.6  0.5380424E+06

243.8  0.5403174E+06

244.0  0.5425952E+06

244.2  0.5448756E+06

244.4  0.5471587E+06

244.6  0.5494443E+06

244.8  0.5517323E+06

245.0  0.5540224E+06

245.2  0.5563148E+06

245.4  0.5586091E+06

245.6  0.5609054E+06

245.8  0.5632034E+06

246.0  0.5655031E+06

246.2  0.5678044E+06

246.4  0.5701071E+06

246.6  0.5724111E+06

246.8  0.5747163E+06

247.0  0.5770226E+06

247.2  0.5793298E+06

247.4  0.5816379E+06

247.6  0.5839467E+06

247.8  0.5862561E+06

248.0  0.5885661E+06

248.2  0.5908763E+06

248.4  0.5931869E+06

248.6  0.5954976E+06

248.8  0.5978083E+06

249.0  0.6001188E+06

249.2  0.6024292E+06

249.4  0.6047393E+06

249.6  0.6070488E+06

249.8  0.6093579E+06

250.0  0.6116662E+06

250.2  0.6139737E+06

250.4  0.6162803E+06

250.6  0.6185858E+06

250.8  0.6208903E+06

251.0  0.6231934E+06

251.2  0.6254951E+06

251.4  0.6277954E+06

251.6  0.6300940E+06

251.8  0.6323909E+06

252.0  0.6346860E+06

252.2  0.6369791E+06

252.4  0.6392701E+06

252.6  0.6415589E+06

252.8  0.6438455E+06

253.0  0.6461296E+06

253.2  0.6484112E+06

253.4  0.6506902E+06

253.6  0.6529664E+06

253.8  0.6552398E+06

254.0  0.6575103E+06

254.2  0.6597776E+06

254.4  0.6620418E+06

254.6  0.6643027E+06

254.8  0.6665602E+06

255.0  0.6688143E+06

255.2  0.6710647E+06

255.4  0.6733114E+06

255.6  0.6755543E+06

255.8  0.6777933E+06

256.0  0.6800282E+06

256.2  0.6822591E+06

256.4  0.6844857E+06

256.6  0.6867080E+06

256.8  0.6889259E+06

257.0  0.6911393E+06

257.2  0.6933480E+06

257.4  0.6955520E+06

257.6  0.6977513E+06

257.8  0.6999456E+06

258.0  0.7021349E+06

258.2  0.7043191E+06

258.4  0.7064981E+06

258.6  0.7086718E+06

258.8  0.7108402E+06

259.0  0.7130031E+06

259.2  0.7151604E+06

259.4  0.7173121E+06

259.6  0.7194581E+06

259.8  0.7215982E+06

260.0  0.7237324E+06

260.2  0.7258606E+06

260.4  0.7279828E+06

260.6  0.7300988E+06

260.8  0.7322085E+06

261.0  0.7343120E+06

261.2  0.7364090E+06

261.4  0.7384995E+06

261.6  0.7405835E+06

261.8  0.7426608E+06

262.0  0.7447314E+06

262.2  0.7467952E+06

262.4  0.7488521E+06

262.6  0.7509021E+06

262.8  0.7529451E+06

263.0  0.7549809E+06

263.2  0.7570096E+06

263.4  0.7590311E+06

263.6  0.7610453E+06

263.8  0.7630520E+06

264.0  0.7650514E+06

264.2  0.7670432E+06

264.4  0.7690275E+06

264.6  0.7710042E+06

264.8  0.7729731E+06

265.0  0.7749343E+06

265.2  0.7768876E+06

265.4  0.7788331E+06

265.6  0.7807706E+06

265.8  0.7827002E+06

266.0  0.7846216E+06

266.2  0.7865350E+06

266.4  0.7884402E+06

266.6  0.7903371E+06

266.8  0.7922258E+06

267.0  0.7941062E+06

267.2  0.7959781E+06

267.4  0.7978417E+06

267.6  0.7996967E+06

267.8  0.8015432E+06

268.0  0.8033811E+06

268.2  0.8052105E+06

268.4  0.8070311E+06

268.6  0.8088430E+06

268.8  0.8106462E+06

269.0  0.8124405E+06

269.2  0.8142260E+06

269.4  0.8160027E+06

269.6  0.8177704E+06

269.8  0.8195291E+06

270.0  0.8212788E+06

270.2  0.8230195E+06

270.4  0.8247511E+06

270.6  0.8264737E+06

270.8  0.8281870E+06

271.0  0.8298912E+06

271.2  0.8315862E+06

271.4  0.8332719E+06

271.6  0.8349484E+06

271.8  0.8366155E+06

272.0  0.8382734E+06

272.2  0.8399218E+06

272.4  0.8415609E+06

272.6  0.8431906E+06

272.8  0.8448108E+06

273.0  0.8464216E+06

273.2  0.8480229E+06

273.4  0.8496147E+06

273.6  0.8511970E+06

273.8  0.8527697E+06

274.0  0.8543328E+06

274.2  0.8558864E+06

274.4  0.8574303E+06

274.6  0.8589646E+06

274.8  0.8604893E+06

275.0  0.8620044E+06

275.2  0.8635097E+06

275.4  0.8650054E+06

275.6  0.8664914E+06

275.8  0.8679677E+06

276.0  0.8694342E+06

276.2  0.8708911E+06

276.4  0.8723381E+06

276.6  0.8737755E+06

276.8  0.8752030E+06

277.0  0.8766208E+06

277.2  0.8780289E+06

277.4  0.8794271E+06

277.6  0.8808156E+06

277.8  0.8821942E+06

278.0  0.8835631E+06

278.2  0.8849222E+06

278.4  0.8862714E+06

278.6  0.8876109E+06

278.8  0.8889406E+06

279.0  0.8902604E+06

279.2  0.8915705E+06

279.4  0.8928707E+06

279.6  0.8941612E+06

279.8  0.8954418E+06

280.0  0.8967127E+06

280.2  0.8979737E+06

280.4  0.8992250E+06

280.6  0.9004665E+06

280.8  0.9016982E+06

281.0  0.9029201E+06

281.2  0.9041322E+06

281.4  0.9053346E+06

281.6  0.9065273E+06

281.8  0.9077102E+06

282.0  0.9088833E+06

282.2  0.9100468E+06

282.4  0.9112005E+06

282.6  0.9123445E+06

282.8  0.9134788E+06

283.0  0.9146035E+06

283.2  0.9157184E+06

283.4  0.9168238E+06

283.6  0.9179194E+06

283.8  0.9190055E+06

284.0  0.9200819E+06

284.2  0.9211487E+06

284.4  0.9222059E+06

284.6  0.9232536E+06

284.8  0.9242917E+06

285.0  0.9253203E+06

285.2  0.9263394E+06

285.4  0.9273489E+06

285.6  0.9283490E+06

285.8  0.9293396E+06

286.0  0.9303208E+06

286.2  0.9312925E+06

286.4  0.9322549E+06

286.6  0.9332078E+06

286.8  0.9341514E+06

287.0  0.9350857E+06

287.2  0.9360106E+06

287.4  0.9369262E+06

287.6  0.9378326E+06

287.8  0.9387297E+06

288.0  0.9396175E+06

288.2  0.9404962E+06

288.4  0.9413657E+06

288.6  0.9422260E+06

288.8  0.9430772E+06

289.0  0.9439192E+06

289.2  0.9447522E+06

289.4  0.9455762E+06

289.6  0.9463911E+06

289.8  0.9471970E+06

290.0  0.9479939E+06

290.2  0.9487818E+06

290.4  0.9495609E+06

290.6  0.9503310E+06

290.8  0.9510923E+06

291.0  0.9518447E+06

291.2  0.9525883E+06

291.4  0.9533231E+06

291.6  0.9540492E+06

291.8  0.9547665E+06

292.0  0.9554751E+06

292.2  0.9561751E+06

292.4  0.9568664E+06

292.6  0.9575492E+06

292.8  0.9582233E+06

293.0  0.9588889E+06

293.2  0.9595460E+06

293.4  0.9601946E+06

293.6  0.9608347E+06

293.8  0.9614664E+06

294.0  0.9620897E+06

294.2  0.9627047E+06

294.4  0.9633113E+06

294.6  0.9639097E+06

294.8  0.9644998E+06

295.0  0.9650816E+06

295.2  0.9656552E+06

295.4  0.9662207E+06

295.6  0.9667781E+06

295.8  0.9673273E+06

296.0  0.9678685E+06

296.2  0.9684016E+06

296.4  0.9689268E+06

296.6  0.9694439E+06

296.8  0.9699532E+06

297.0  0.9704545E+06

297.2  0.9709480E+06

297.4  0.9714337E+06

297.6  0.9719115E+06

297.8  0.9723816E+06

298.0  0.9728440E+06

298.2  0.9732987E+06

298.4  0.9737457E+06

298.6  0.9741851E+06

298.8  0.9746169E+06

299.0  0.9750412E+06

299.2  0.9754579E+06

299.4  0.9758672E+06

299.6  0.9762690E+06

299.8  0.9766634E+06

300.0  0.9770504E+06

300.2  0.9774301E+06

300.4  0.9778024E+06

300.6  0.9781675E+06

300.8  0.9785254E+06

301.0  0.9788760E+06

301.2  0.9792195E+06

301.4  0.9795559E+06

301.6  0.9798852E+06

301.8  0.9802074E+06

302.0  0.9805226E+06

302.2  0.9808308E+06

302.4  0.9811321E+06

302.6  0.9814264E+06

302.8  0.9817139E+06

303.0  0.9819945E+06

303.2  0.9822683E+06

303.4  0.9825354E+06

303.6  0.9827957E+06

303.8  0.9830493E+06

304.0  0.9832962E+06

304.2  0.9835366E+06

304.4  0.9837703E+06

304.6  0.9839975E+06

304.8  0.9842181E+06

305.0  0.9844323E+06

305.2  0.9846400E+06

305.4  0.9848413E+06

305.6  0.9850362E+06

305.8  0.9852248E+06

306.0  0.9854071E+06

306.2  0.9855831E+06

306.4  0.9857528E+06

306.6  0.9859164E+06

306.8  0.9860738E+06

307.0  0.9862251E+06

307.2  0.9863703E+06

307.4  0.9865094E+06

307.6  0.9866425E+06

307.8  0.9867696E+06

308.0  0.9868907E+06

308.2  0.9870060E+06

308.4  0.9871153E+06

308.6  0.9872188E+06

308.8  0.9873165E+06

309.0  0.9874085E+06

309.2  0.9874946E+06

309.4  0.9875751E+06

309.6  0.9876499E+06

309.8  0.9877190E+06

310.0  0.9877826E+06

310.2  0.9878406E+06

310.4  0.9878930E+06

310.6  0.9879400E+06

310.8  0.9879814E+06

311.0  0.9880175E+06

311.2  0.9880481E+06

311.4  0.9880734E+06

311.6  0.9880933E+06

311.8  0.9881080E+06

312.0  0.9881174E+06

312.2  0.9881215E+06

312.4  0.9881205E+06

312.6  0.9881143E+06

312.8  0.9881029E+06

313.0  0.9880865E+06

313.2  0.9880650E+06

313.4  0.9880385E+06

313.6  0.9880069E+06

313.8  0.9879705E+06

314.0  0.9879290E+06

314.2  0.9878827E+06

314.4  0.9878315E+06

314.6  0.9877755E+06

314.8  0.9877147E+06

315.0  0.9876491E+06

315.2  0.9875788E+06

315.4  0.9875037E+06

315.6  0.9874240E+06

315.8  0.9873396E+06

316.0  0.9872507E+06

316.2  0.9871571E+06

316.4  0.9870590E+06

316.6  0.9869564E+06

316.8  0.9868493E+06

317.0  0.9867378E+06

317.2  0.9866218E+06

317.4  0.9865015E+06

317.6  0.9863768E+06

317.8  0.9862477E+06

318.0  0.9861143E+06

318.2  0.9859767E+06

318.4  0.9858349E+06

318.6  0.9856888E+06

318.8  0.9855385E+06

319.0  0.9853841E+06

319.2  0.9852256E+06

319.4  0.9850630E+06

319.6  0.9848963E+06

319.8  0.9847256E+06

320.0  0.9845509E+06

320.2  0.9843723E+06

320.4  0.9841896E+06

320.6  0.9840031E+06

320.8  0.9838127E+06

321.0  0.9836184E+06

321.2  0.9834203E+06

321.4  0.9832184E+06

321.6  0.9830127E+06

321.8  0.9828033E+06

322.0  0.9825902E+06

322.2  0.9823733E+06

322.4  0.9821528E+06

322.6  0.9819287E+06

322.8  0.9817010E+06

323.0  0.9814697E+06

323.2  0.9812349E+06

323.4  0.9809965E+06

323.6  0.9807546E+06

323.8  0.9805093E+06

324.0  0.9802605E+06

324.2  0.9800083E+06

324.4  0.9797527E+06

324.6  0.9794937E+06

324.8  0.9792315E+06

325.0  0.9789659E+06

325.2  0.9786970E+06

325.4  0.9784248E+06

325.6  0.9781494E+06

325.8  0.9778709E+06

326.0  0.9775891E+06

326.2  0.9773042E+06

326.4  0.9770161E+06

326.6  0.9767249E+06

326.8  0.9764307E+06

327.0  0.9761334E+06

327.2  0.9758330E+06

327.4  0.9755297E+06

327.6  0.9752234E+06

327.8  0.9749141E+06

328.0  0.9746019E+06

328.2  0.9742867E+06

328.4  0.9739687E+06

328.6  0.9736478E+06

328.8  0.9733241E+06

329.0  0.9729975E+06

329.2  0.9726682E+06

329.4  0.9723361E+06

329.6  0.9720012E+06

329.8  0.9716636E+06

330.0  0.9713233E+06

330.2  0.9709804E+06

330.4  0.9706348E+06

330.6  0.9702865E+06

330.8  0.9699357E+06

331.0  0.9695822E+06

331.2  0.9692262E+06

331.4  0.9688676E+06

331.6  0.9685065E+06

331.8  0.9681429E+06

332.0  0.9677769E+06

332.2  0.9674083E+06

332.4  0.9670374E+06

332.6  0.9666640E+06

332.8  0.9662882E+06

333.0  0.9659100E+06

333.2  0.9655295E+06

333.4  0.9651467E+06

333.6  0.9647615E+06

333.8  0.9643741E+06

334.0  0.9639844E+06

334.2  0.9635924E+06

334.4  0.9631982E+06

334.6  0.9628018E+06

334.8  0.9624032E+06

335.0  0.9620024E+06

335.2  0.9615995E+06

335.4  0.9611945E+06

335.6  0.9607873E+06

335.8  0.9603780E+06

336.0  0.9599667E+06

336.2  0.9595533E+06

336.4  0.9591379E+06

336.6  0.9587204E+06

336.8  0.9583010E+06

337.0  0.9578795E+06

337.2  0.9574561E+06

337.4  0.9570308E+06

337.6  0.9566035E+06

337.8  0.9561744E+06

338.0  0.9557433E+06

338.2  0.9553104E+06

338.4  0.9548756E+06

338.6  0.9544389E+06

338.8  0.9540005E+06

339.0  0.9535603E+06

339.2  0.9531182E+06

339.4  0.9526744E+06

339.6  0.9522289E+06

339.8  0.9517816E+06

340.0  0.9513326E+06

340.2  0.9508819E+06

340.4  0.9504295E+06

340.6  0.9499754E+06

340.8  0.9495197E+06

341.0  0.9490624E+06

341.2  0.9486034E+06

341.4  0.9481429E+06

341.6  0.9476807E+06

341.8  0.9472170E+06

342.0  0.9467517E+06

342.2  0.9462849E+06

342.4  0.9458166E+06

342.6  0.9453467E+06

342.8  0.9448754E+06

343.0  0.9444026E+06

343.2  0.9439283E+06

343.4  0.9434526E+06

343.6  0.9429754E+06

343.8  0.9424968E+06

344.0  0.9420169E+06

344.2  0.9415355E+06

344.4  0.9410527E+06

344.6  0.9405686E+06

344.8  0.9400832E+06

345.0  0.9395964E+06

345.2  0.9391083E+06

345.4  0.9386189E+06

345.6  0.9381282E+06

345.8  0.9376363E+06

346.0  0.9371430E+06

346.2  0.9366486E+06

346.4  0.9361529E+06

346.6  0.9356559E+06

346.8  0.9351578E+06

347.0  0.9346585E+06

347.2  0.9341580E+06

347.4  0.9336563E+06

347.6  0.9331534E+06

347.8  0.9326495E+06

348.0  0.9321444E+06

348.2  0.9316381E+06

348.4  0.9311308E+06

348.6  0.9306224E+06

348.8  0.9301129E+06

349.0  0.9296023E+06

349.2  0.9290907E+06

349.4  0.9285780E+06

349.6  0.9280643E+06

349.8  0.9275496E+06

350.0  0.9270339E+06

350.2  0.9265172E+06

350.4  0.9259995E+06

350.6  0.9254808E+06

350.8  0.9249612E+06

351.0  0.9244406E+06

351.2  0.9239191E+06

351.4  0.9233966E+06

351.6  0.9228733E+06

351.8  0.9223490E+06

352.0  0.9218238E+06

352.2  0.9212978E+06

352.4  0.9207709E+06

352.6  0.9202431E+06

352.8  0.9197145E+06

353.0  0.9191851E+06

353.2  0.9186548E+06

353.4  0.9181237E+06

353.6  0.9175918E+06

353.8  0.9170591E+06

354.0  0.9165256E+06

354.2  0.9159913E+06

354.4  0.9154563E+06

354.6  0.9149205E+06

354.8  0.9143839E+06

355.0  0.9138467E+06

355.2  0.9133087E+06

355.4  0.9127699E+06

355.6  0.9122305E+06

355.8  0.9116904E+06

356.0  0.9111496E+06

356.2  0.9106081E+06

356.4  0.9100659E+06

356.6  0.9095231E+06

356.8  0.9089797E+06

357.0  0.9084355E+06

357.2  0.9078908E+06

357.4  0.9073454E+06

357.6  0.9067994E+06

357.8  0.9062529E+06

358.0  0.9057057E+06

358.2  0.9051579E+06

358.4  0.9046095E+06

358.6  0.9040606E+06

358.8  0.9035111E+06

359.0  0.9029611E+06

359.2  0.9024105E+06

359.4  0.9018594E+06

359.6  0.9013077E+06

359.8  0.9007555E+06

360.0  0.9002028E+06

360.2  0.8996496E+06

360.4  0.8990960E+06

360.6  0.8985418E+06

360.8  0.8979871E+06

361.0  0.8974320E+06

361.2  0.8968764E+06

361.4  0.8963203E+06

361.6  0.8957638E+06

361.8  0.8952069E+06

362.0  0.8946495E+06

362.2  0.8940917E+06

362.4  0.8935334E+06

362.6  0.8929748E+06

362.8  0.8924157E+06

363.0  0.8918563E+06

363.2  0.8912964E+06

363.4  0.8907362E+06

363.6  0.8901756E+06

363.8  0.8896146E+06

364.0  0.8890533E+06

364.2  0.8884916E+06

364.4  0.8879296E+06

364.6  0.8873672E+06

364.8  0.8868044E+06

365.0  0.8862414E+06

365.2  0.8856780E+06

365.4  0.8851143E+06

365.6  0.8845503E+06

365.8  0.8839860E+06

366.0  0.8834214E+06

366.2  0.8828565E+06

366.4  0.8822914E+06

366.6  0.8817259E+06

366.8  0.8811602E+06

367.0  0.8805942E+06

367.2  0.8800279E+06

367.4  0.8794614E+06

367.6  0.8788947E+06

367.8  0.8783277E+06

368.0  0.8777605E+06

368.2  0.8771930E+06

368.4  0.8766253E+06

368.6  0.8760574E+06

368.8  0.8754893E+06

369.0  0.8749210E+06

369.2  0.8743525E+06

369.4  0.8737837E+06

369.6  0.8732148E+06

369.8  0.8726457E+06

370.0  0.8720764E+06

370.2  0.8715070E+06

370.4  0.8709374E+06

370.6  0.8703676E+06

370.8  0.8697976E+06

371.0  0.8692275E+06

371.2  0.8686573E+06

371.4  0.8680869E+06

371.6  0.8675164E+06

371.8  0.8669457E+06

372.0  0.8663749E+06

372.2  0.8658040E+06

372.4  0.8652330E+06

372.6  0.8646619E+06

372.8  0.8640906E+06

373.0  0.8635192E+06

373.2  0.8629478E+06

373.4  0.8623762E+06

373.6  0.8618046E+06

373.8  0.8612329E+06

374.0  0.8606611E+06

374.2  0.8600892E+06

374.4  0.8595172E+06

374.6  0.8589452E+06

374.8  0.8583731E+06

375.0  0.8578010E+06

375.2  0.8572288E+06

375.4  0.8566565E+06

375.6  0.8560842E+06

375.8  0.8555119E+06

376.0  0.8549395E+06

376.2  0.8543671E+06

376.4  0.8537947E+06

376.6  0.8532222E+06

376.8  0.8526497E+06

377.0  0.8520772E+06

377.2  0.8515047E+06

377.4  0.8509322E+06

377.6  0.8503596E+06

377.8  0.8497871E+06

378.0  0.8492146E+06

378.2  0.8486420E+06

378.4  0.8480695E+06

378.6  0.8474970E+06

378.8  0.8469245E+06

379.0  0.8463521E+06

379.2  0.8457796E+06

379.4  0.8452072E+06

379.6  0.8446348E+06

379.8  0.8440625E+06

380.0  0.8434902E+06

380.2  0.8429179E+06

380.4  0.8423457E+06

380.6  0.8417735E+06

380.8  0.8412014E+06

381.0  0.8406293E+06

381.2  0.8400573E+06

381.4  0.8394854E+06

381.6  0.8389135E+06

381.8  0.8383417E+06

382.0  0.8377700E+06

382.2  0.8371983E+06

382.4  0.8366267E+06

382.6  0.8360552E+06

382.8  0.8354838E+06

383.0  0.8349125E+06

383.2  0.8343412E+06

383.4  0.8337701E+06

383.6  0.8331990E+06

383.8  0.8326281E+06

384.0  0.8320572E+06

384.2  0.8314864E+06

384.4  0.8309158E+06

384.6  0.8303453E+06

384.8  0.8297749E+06

385.0  0.8292045E+06

385.2  0.8286344E+06

385.4  0.8280643E+06

385.6  0.8274944E+06

385.8  0.8269245E+06

386.0  0.8263549E+06

386.2  0.8257853E+06

386.4  0.8252159E+06

386.6  0.8246466E+06

386.8  0.8240775E+06

387.0  0.8235085E+06

387.2  0.8229396E+06

387.4  0.8223709E+06

387.6  0.8218024E+06

387.8  0.8212339E+06

388.0  0.8206657E+06

388.2  0.8200976E+06

388.4  0.8195297E+06

388.6  0.8189619E+06

388.8  0.8183943E+06

389.0  0.8178268E+06

389.2  0.8172596E+06

389.4  0.8166925E+06

389.6  0.8161255E+06

389.8  0.8155588E+06

390.0  0.8149922E+06

390.2  0.8144258E+06

390.4  0.8138596E+06

390.6  0.8132935E+06

390.8  0.8127277E+06

391.0  0.8121620E+06

391.2  0.8115965E+06

391.4  0.8110312E+06

391.6  0.8104661E+06

391.8  0.8099013E+06

392.0  0.8093366E+06

392.2  0.8087721E+06

392.4  0.8082078E+06

392.6  0.8076437E+06

392.8  0.8070798E+06

393.0  0.8065161E+06

393.2  0.8059526E+06

393.4  0.8053894E+06

393.6  0.8048263E+06

393.8  0.8042635E+06

394.0  0.8037009E+06

394.2  0.8031385E+06

394.4  0.8025763E+06

394.6  0.8020143E+06

394.8  0.8014526E+06

395.0  0.8008911E+06

395.2  0.8003298E+06

395.4  0.7997687E+06

395.6  0.7992079E+06

395.8  0.7986473E+06

396.0  0.7980869E+06

396.2  0.7975268E+06

396.4  0.7969669E+06

396.6  0.7964073E+06

396.8  0.7958479E+06

397.0  0.7952887E+06

397.2  0.7947297E+06

397.4  0.7941711E+06

397.6  0.7936126E+06

397.8  0.7930544E+06

398.0  0.7924965E+06

398.2  0.7919388E+06

398.4  0.7913813E+06

398.6  0.7908241E+06

398.8  0.7902672E+06

399.0  0.7897105E+06

399.2  0.7891540E+06

399.4  0.7885979E+06

399.6  0.7880420E+06

399.8  0.7874863E+06

400.0  0.7869309E+06

400.2  0.7863758E+06

400.4  0.7858209E+06

400.6  0.7852663E+06

400.8  0.7847120E+06

401.0  0.7841579E+06

401.2  0.7836041E+06

401.4  0.7830506E+06

401.6  0.7824973E+06

401.8  0.7819443E+06

402.0  0.7813916E+06

402.2  0.7808392E+06

402.4  0.7802870E+06

402.6  0.7797352E+06

402.8  0.7791835E+06

403.0  0.7786322E+06

403.2  0.7780812E+06

403.4  0.7775304E+06

403.6  0.7769799E+06

403.8  0.7764297E+06

404.0  0.7758798E+06

404.2  0.7753302E+06

404.4  0.7747809E+06

404.6  0.7742318E+06

404.8  0.7736830E+06

405.0  0.7731346E+06

405.2  0.7725864E+06

405.4  0.7720385E+06

405.6  0.7714909E+06

405.8  0.7709436E+06

406.0  0.7703966E+06

406.2  0.7698498E+06

406.4  0.7693034E+06

406.6  0.7687573E+06

406.8  0.7682115E+06

407.0  0.7676659E+06

407.2  0.7671207E+06

407.4  0.7665758E+06

407.6  0.7660312E+06

407.8  0.7654868E+06

408.0  0.7649428E+06

408.2  0.7643991E+06

408.4  0.7638557E+06

408.6  0.7633126E+06

408.8  0.7627698E+06

409.0  0.7622273E+06

409.2  0.7616851E+06

409.4  0.7611432E+06

409.6  0.7606016E+06

409.8  0.7600603E+06

410.0  0.7595194E+06

410.2  0.7589787E+06

410.4  0.7584384E+06

410.6  0.7578984E+06

410.8  0.7573587E+06

411.0  0.7568193E+06

411.2  0.7562802E+06

411.4  0.7557415E+06

411.6  0.7552030E+06

411.8  0.7546649E+06

412.0  0.7541271E+06

412.2  0.7535896E+06

412.4  0.7530524E+06

412.6  0.7525155E+06

412.8  0.7519790E+06

413.0  0.7514428E+06

413.2  0.7509069E+06

413.4  0.7503713E+06

413.6  0.7498360E+06

413.8  0.7493011E+06

414.0  0.7487665E+06

414.2  0.7482322E+06

414.4  0.7476982E+06

414.6  0.7471646E+06

414.8  0.7466313E+06

415.0  0.7460983E+06

415.2  0.7455656E+06

415.4  0.7450333E+06

415.6  0.7445012E+06

415.8  0.7439695E+06

416.0  0.7434382E+06

416.2  0.7429072E+06

416.4  0.7423765E+06

416.6  0.7418461E+06

416.8  0.7413160E+06

417.0  0.7407863E+06

417.2  0.7402569E+06

417.4  0.7397279E+06

417.6  0.7391992E+06

417.8  0.7386708E+06

418.0  0.7381427E+06

418.2  0.7376150E+06

418.4  0.7370876E+06

418.6  0.7365605E+06

418.8  0.7360338E+06

419.0  0.7355074E+06

419.2  0.7349813E+06

419.4  0.7344556E+06

419.6  0.7339302E+06

419.8  0.7334052E+06

420.0  0.7328804E+06

420.2  0.7323561E+06

420.4  0.7318320E+06

420.6  0.7313083E+06

420.8  0.7307849E+06

421.0  0.7302619E+06

421.2  0.7297392E+06

421.4  0.7292168E+06

421.6  0.7286948E+06

421.8  0.7281731E+06

422.0  0.7276518E+06

422.2  0.7271307E+06

422.4  0.7266101E+06

422.6  0.7260897E+06

422.8  0.7255698E+06

423.0  0.7250501E+06

423.2  0.7245308E+06

423.4  0.7240118E+06

423.6  0.7234932E+06

423.8  0.7229749E+06

424.0  0.7224569E+06

424.2  0.7219393E+06

424.4  0.7214221E+06

424.6  0.7209051E+06

424.8  0.7203886E+06

425.0  0.7198723E+06

425.2  0.7193564E+06

425.4  0.7188409E+06

425.6  0.7183256E+06

425.8  0.7178108E+06

426.0  0.7172962E+06

426.2  0.7167821E+06

426.4  0.7162682E+06

426.6  0.7157547E+06

426.8  0.7152416E+06

427.0  0.7147288E+06

427.2  0.7142163E+06

427.4  0.7137042E+06

427.6  0.7131924E+06

427.8  0.7126810E+06

428.0  0.7121699E+06

428.2  0.7116591E+06

428.4  0.7111487E+06

428.6  0.7106387E+06

428.8  0.7101290E+06

429.0  0.7096196E+06

429.2  0.7091106E+06

429.4  0.7086019E+06

429.6  0.7080936E+06

429.8  0.7075856E+06

430.0  0.7070779E+06

430.2  0.7065707E+06

430.4  0.7060637E+06

430.6  0.7055571E+06

430.8  0.7050509E+06

431.0  0.7045449E+06

431.2  0.7040394E+06

431.4  0.7035342E+06

431.6  0.7030293E+06

431.8  0.7025248E+06

432.0  0.7020206E+06

432.2  0.7015168E+06

432.4  0.7010133E+06

432.6  0.7005102E+06

432.8  0.7000074E+06

433.0  0.6995049E+06

433.2  0.6990028E+06

433.4  0.6985011E+06

433.6  0.6979997E+06

433.8  0.6974986E+06

434.0  0.6969979E+06

434.2  0.6964975E+06

434.4  0.6959975E+06

434.6  0.6954979E+06

434.8  0.6949985E+06

435.0  0.6944996E+06

435.2  0.6940009E+06

435.4  0.6935027E+06

435.6  0.6930047E+06

435.8  0.6925071E+06

436.0  0.6920099E+06

436.2  0.6915130E+06

436.4  0.6910165E+06

436.6  0.6905203E+06

436.8  0.6900244E+06

437.0  0.6895289E+06

437.2  0.6890337E+06

437.4  0.6885389E+06

437.6  0.6880445E+06

437.8  0.6875503E+06

438.0  0.6870566E+06

438.2  0.6865632E+06

438.4  0.6860701E+06

438.6  0.6855773E+06

438.8  0.6850850E+06

439.0  0.6845929E+06

439.2  0.6841012E+06

439.4  0.6836099E+06

439.6  0.6831189E+06

439.8  0.6826282E+06

440.0  0.6821379E+06

440.2  0.6816480E+06

440.4  0.6811584E+06

440.6  0.6806691E+06

440.8  0.6801802E+06

441.0  0.6796916E+06

441.2  0.6792034E+06

441.4  0.6787155E+06

441.6  0.6782280E+06

441.8  0.6777408E+06

442.0  0.6772539E+06

442.2  0.6767674E+06

442.4  0.6762813E+06

442.6  0.6757955E+06

442.8  0.6753100E+06

443.0  0.6748249E+06

443.2  0.6743401E+06

443.4  0.6738557E+06

443.6  0.6733716E+06

443.8  0.6728879E+06

444.0  0.6724045E+06

444.2  0.6719215E+06

444.4  0.6714388E+06

444.6  0.6709564E+06

444.8  0.6704744E+06

445.0  0.6699927E+06

445.2  0.6695114E+06

445.4  0.6690304E+06

445.6  0.6685498E+06

445.8  0.6680695E+06

446.0  0.6675896E+06

446.2  0.6671100E+06

446.4  0.6666307E+06

446.6  0.6661518E+06

446.8  0.6656732E+06

447.0  0.6651950E+06

447.2  0.6647171E+06

447.4  0.6642396E+06

447.6  0.6637624E+06

447.8  0.6632855E+06

448.0  0.6628090E+06

448.2  0.6623328E+06

448.4  0.6618570E+06

448.6  0.6613815E+06

448.8  0.6609064E+06

449.0  0.6604316E+06

449.2  0.6599571E+06

449.4  0.6594830E+06

449.6  0.6590092E+06

449.8  0.6585358E+06

450.0  0.6580627E+06

450.2  0.6575900E+06

450.4  0.6571175E+06

450.6  0.6566455E+06

450.8  0.6561737E+06

451.0  0.6557024E+06

451.2  0.6552313E+06

451.4  0.6547606E+06

451.6  0.6542902E+06

451.8  0.6538202E+06

452.0  0.6533505E+06

452.2  0.6528812E+06

452.4  0.6524122E+06

452.6  0.6519435E+06

452.8  0.6514752E+06

453.0  0.6510072E+06

453.2  0.6505395E+06

453.4  0.6500722E+06

453.6  0.6496053E+06

453.8  0.6491386E+06

454.0  0.6486723E+06

454.2  0.6482064E+06

454.4  0.6477408E+06

454.6  0.6472755E+06

454.8  0.6468105E+06

455.0  0.6463459E+06

455.2  0.6458817E+06

455.4  0.6454177E+06

455.6  0.6449541E+06

455.8  0.6444909E+06

456.0  0.6440280E+06

456.2  0.6435654E+06

456.4  0.6431031E+06

456.6  0.6426412E+06

456.8  0.6421796E+06

457.0  0.6417184E+06

457.2  0.6412575E+06

457.4  0.6407969E+06

457.6  0.6403367E+06

457.8  0.6398768E+06

458.0  0.6394172E+06

458.2  0.6389580E+06

458.4  0.6384991E+06

458.6  0.6380406E+06

458.8  0.6375823E+06

459.0  0.6371244E+06

459.2  0.6366669E+06

459.4  0.6362097E+06

459.6  0.6357528E+06

459.8  0.6352962E+06

460.0  0.6348400E+06

460.2  0.6343841E+06

460.4  0.6339285E+06

460.6  0.6334733E+06

460.8  0.6330184E+06

461.0  0.6325639E+06

461.2  0.6321096E+06

461.4  0.6316557E+06

461.6  0.6312022E+06

461.8  0.6307489E+06

462.0  0.6302960E+06

462.2  0.6298435E+06

462.4  0.6293912E+06

462.6  0.6289393E+06

462.8  0.6284877E+06

463.0  0.6280365E+06

463.2  0.6275856E+06

463.4  0.6271350E+06

463.6  0.6266847E+06

463.8  0.6262348E+06

464.0  0.6257852E+06

464.2  0.6253359E+06

464.4  0.6248869E+06

464.6  0.6244383E+06

464.8  0.6239900E+06

465.0  0.6235421E+06

465.2  0.6230944E+06

465.4  0.6226471E+06

465.6  0.6222002E+06

465.8  0.6217535E+06

466.0  0.6213072E+06

466.2  0.6208612E+06

466.4  0.6204155E+06

466.6  0.6199702E+06

466.8  0.6195252E+06

467.0  0.6190805E+06

467.2  0.6186361E+06

467.4  0.6181921E+06

467.6  0.6177483E+06

467.8  0.6173050E+06

468.0  0.6168619E+06

468.2  0.6164192E+06

468.4  0.6159767E+06

468.6  0.6155346E+06

468.8  0.6150929E+06

469.0  0.6146514E+06

469.2  0.6142103E+06

469.4  0.6137695E+06

469.6  0.6133290E+06

469.8  0.6128889E+06

470.0  0.6124491E+06

470.2  0.6120096E+06

470.4  0.6115704E+06

470.6  0.6111315E+06

470.8  0.6106930E+06

471.0  0.6102548E+06

471.2  0.6098169E+06

471.4  0.6093793E+06

471.6  0.6089421E+06

471.8  0.6085051E+06

472.0  0.6080685E+06

472.2  0.6076322E+06

472.4  0.6071963E+06

472.6  0.6067606E+06

472.8  0.6063253E+06

473.0  0.6058903E+06

473.2  0.6054556E+06

473.4  0.6050212E+06

473.6  0.6045872E+06

473.8  0.6041534E+06

474.0  0.6037200E+06

474.2  0.6032869E+06

474.4  0.6028541E+06

474.6  0.6024217E+06

474.8  0.6019895E+06

475.0  0.6015577E+06

475.2  0.6011262E+06

475.4  0.6006950E+06

475.6  0.6002641E+06

475.8  0.5998336E+06

476.0  0.5994033E+06

476.2  0.5989734E+06

476.4  0.5985438E+06

476.6  0.5981145E+06

476.8  0.5976855E+06

477.0  0.5972568E+06

477.2  0.5968285E+06

477.4  0.5964004E+06

477.6  0.5959727E+06

477.8  0.5955453E+06

478.0  0.5951182E+06

478.2  0.5946914E+06

478.4  0.5942650E+06

478.6  0.5938388E+06

478.8  0.5934130E+06

479.0  0.5929875E+06

479.2  0.5925622E+06

479.4  0.5921373E+06

479.6  0.5917127E+06

479.8  0.5912885E+06

480.0  0.5908645E+06

480.2  0.5904408E+06

480.4  0.5900175E+06

480.6  0.5895945E+06

480.8  0.5891718E+06

481.0  0.5887493E+06

481.2  0.5883272E+06

481.4  0.5879054E+06

481.6  0.5874840E+06

481.8  0.5870628E+06

482.0  0.5866419E+06

482.2  0.5862214E+06

482.4  0.5858011E+06

482.6  0.5853812E+06

482.8  0.5849616E+06

483.0  0.5845423E+06

483.2  0.5841233E+06

483.4  0.5837046E+06

483.6  0.5832862E+06

483.8  0.5828681E+06

484.0  0.5824503E+06

484.2  0.5820328E+06

484.4  0.5816157E+06

484.6  0.5811988E+06

484.8  0.5807822E+06

485.0  0.5803660E+06

485.2  0.5799501E+06

485.4  0.5795344E+06

485.6  0.5791191E+06

485.8  0.5787041E+06

486.0  0.5782893E+06

486.2  0.5778749E+06

486.4  0.5774608E+06

486.6  0.5770470E+06

486.8  0.5766335E+06

487.0  0.5762203E+06

487.2  0.5758074E+06

487.4  0.5753948E+06

487.6  0.5749825E+06

487.8  0.5745705E+06

488.0  0.5741589E+06

488.2  0.5737475E+06

488.4  0.5733364E+06

488.6  0.5729256E+06

488.8  0.5725151E+06

489.0  0.5721050E+06

489.2  0.5716951E+06

489.4  0.5712855E+06

489.6  0.5708762E+06

489.8  0.5704673E+06

490.0  0.5700586E+06

490.2  0.5696502E+06

490.4  0.5692422E+06

490.6  0.5688344E+06

490.8  0.5684269E+06

491.0  0.5680197E+06

491.2  0.5676129E+06

491.4  0.5672063E+06

491.6  0.5668000E+06

491.8  0.5663940E+06

492.0  0.5659884E+06

492.2  0.5655830E+06

492.4  0.5651779E+06

492.6  0.5647731E+06

492.8  0.5643686E+06

493.0  0.5639644E+06

493.2  0.5635605E+06

493.4  0.5631569E+06

493.6  0.5627536E+06

493.8  0.5623506E+06

494.0  0.5619479E+06

494.2  0.5615455E+06

494.4  0.5611434E+06

494.6  0.5607415E+06

494.8  0.5603400E+06

495.0  0.5599388E+06

495.2  0.5595378E+06

495.4  0.5591372E+06

495.6  0.5587368E+06

495.8  0.5583368E+06

496.0  0.5579370E+06

496.2  0.5575375E+06

496.4  0.5571383E+06

496.6  0.5567395E+06

496.8  0.5563409E+06

497.0  0.5559426E+06

497.2  0.5555445E+06

497.4  0.5551468E+06

497.6  0.5547494E+06

497.8  0.5543523E+06

498.0  0.5539554E+06

498.2  0.5535589E+06

498.4  0.5531626E+06

498.6  0.5527666E+06

498.8  0.5523709E+06

499.0  0.5519756E+06

499.2  0.5515805E+06

499.4  0.5511856E+06

499.6  0.5507911E+06

499.8  0.5503969E+06

500.0  0.5500029E+06

