100  0.1812741E+04

100.2  0.2028136E+04

100.4  0.2254492E+04

100.6  0.2491322E+04

100.8  0.2738121E+04

101.0  0.2994378E+04

101.2  0.3259581E+04

101.4  0.3533220E+04

101.6  0.3814793E+04

101.8  0.4103807E+04

102.0  0.4399780E+04

102.2  0.4702246E+04

102.4  0.5010752E+04

102.6  0.5324865E+04

102.8  0.5644165E+04

103.0  0.5968253E+04

103.2  0.6296745E+04

103.4  0.6629277E+04

103.6  0.6965501E+04

103.8  0.7305088E+04

104.0  0.7647725E+04

104.2  0.7993116E+04

104.4  0.8340981E+04

104.6  0.8691056E+04

104.8  0.9043091E+04

105.0  0.9396853E+04

105.2  0.9752119E+04

105.4  0.1010868E+05

105.6  0.1046635E+05

105.8  0.1082494E+05

106.0  0.1118428E+05

106.2  0.1154421E+05

106.4  0.1190457E+05

106.6  0.1226524E+05

106.8  0.1262607E+05

107.0  0.1298696E+05

107.2  0.1334778E+05

107.4  0.1370842E+05

107.6  0.1406880E+05

107.8  0.1442882E+05

108.0  0.1478840E+05

108.2  0.1514745E+05

108.4  0.1550592E+05

108.6  0.1586372E+05

108.8  0.1622080E+05

109.0  0.1657711E+05

109.2  0.1693259E+05

109.4  0.1728720E+05

109.6  0.1764089E+05

109.8  0.1799363E+05

110.0  0.1834537E+05

110.2  0.1869609E+05

110.4  0.1904576E+05

110.6  0.1939435E+05

110.8  0.1974184E+05

111.0  0.2008822E+05

111.2  0.2043345E+05

111.4  0.2077753E+05

111.6  0.2112045E+05

111.8  0.2146218E+05

112.0  0.2180274E+05

112.2  0.2214209E+05

112.4  0.2248025E+05

112.6  0.2281721E+05

112.8  0.2315296E+05

113.0  0.2348750E+05

113.2  0.2382083E+05

113.4  0.2415296E+05

113.6  0.2448389E+05

113.8  0.2481361E+05

114.0  0.2514214E+05

114.2  0.2546948E+05

114.4  0.2579563E+05

114.6  0.2612061E+05

114.8  0.2644442E+05

115.0  0.2676706E+05

115.2  0.2708855E+05

115.4  0.2740890E+05

115.6  0.2772811E+05

115.8  0.2804621E+05

116.0  0.2836319E+05

116.2  0.2867906E+05

116.4  0.2899385E+05

116.6  0.2930757E+05

116.8  0.2962022E+05

117.0  0.2993181E+05

117.2  0.3024237E+05

117.4  0.3055191E+05

117.6  0.3086043E+05

117.8  0.3116795E+05

118.0  0.3147449E+05

118.2  0.3178005E+05

118.4  0.3208466E+05

118.6  0.3238833E+05

118.8  0.3269107E+05

119.0  0.3299290E+05

119.2  0.3329382E+05

119.4  0.3359386E+05

119.6  0.3389303E+05

119.8  0.3419135E+05

120.0  0.3448882E+05

120.2  0.3478547E+05

120.4  0.3508130E+05

120.6  0.3537634E+05

120.8  0.3567060E+05

121.0  0.3596408E+05

121.2  0.3625682E+05

121.4  0.3654881E+05

121.6  0.3684008E+05

121.8  0.3713065E+05

122.0  0.3742051E+05

122.2  0.3770970E+05

122.4  0.3799822E+05

122.6  0.3828608E+05

122.8  0.3857331E+05

123.0  0.3885991E+05

123.2  0.3914591E+05

123.4  0.3943131E+05

123.6  0.3971612E+05

123.8  0.4000037E+05

124.0  0.4028407E+05

124.2  0.4056722E+05

124.4  0.4084985E+05

124.6  0.4113196E+05

124.8  0.4141357E+05

125.0  0.4169470E+05

125.2  0.4197535E+05

125.4  0.4225554E+05

125.6  0.4253529E+05

125.8  0.4281460E+05

126.0  0.4309348E+05

126.2  0.4337196E+05

126.4  0.4365005E+05

126.6  0.4392775E+05

126.8  0.4420508E+05

127.0  0.4448205E+05

127.2  0.4475867E+05

127.4  0.4503497E+05

127.6  0.4531093E+05

127.8  0.4558659E+05

128.0  0.4586195E+05

128.2  0.4613703E+05

128.4  0.4641183E+05

128.6  0.4668637E+05

128.8  0.4696066E+05

129.0  0.4723470E+05

129.2  0.4750852E+05

129.4  0.4778212E+05

129.6  0.4805552E+05

129.8  0.4832872E+05

130.0  0.4860174E+05

130.2  0.4887459E+05

130.4  0.4914727E+05

130.6  0.4941980E+05

130.8  0.4969220E+05

131.0  0.4996446E+05

131.2  0.5023660E+05

131.4  0.5050864E+05

131.6  0.5078057E+05

131.8  0.5105242E+05

132.0  0.5132419E+05

132.2  0.5159590E+05

132.4  0.5186754E+05

132.6  0.5213914E+05

132.8  0.5241070E+05

133.0  0.5268223E+05

133.2  0.5295374E+05

133.4  0.5322524E+05

133.6  0.5349675E+05

133.8  0.5376826E+05

134.0  0.5403979E+05

134.2  0.5431136E+05

134.4  0.5458296E+05

134.6  0.5485461E+05

134.8  0.5512631E+05

135.0  0.5539809E+05

135.2  0.5566993E+05

135.4  0.5594186E+05

135.6  0.5621389E+05

135.8  0.5648601E+05

136.0  0.5675825E+05

136.2  0.5703060E+05

136.4  0.5730308E+05

136.6  0.5757570E+05

136.8  0.5784846E+05

137.0  0.5812138E+05

137.2  0.5839446E+05

137.4  0.5866770E+05

137.6  0.5894113E+05

137.8  0.5921474E+05

138.0  0.5948855E+05

138.2  0.5976256E+05

138.4  0.6003678E+05

138.6  0.6031122E+05

138.8  0.6058589E+05

139.0  0.6086079E+05

139.2  0.6113594E+05

139.4  0.6141134E+05

139.6  0.6168699E+05

139.8  0.6196291E+05

140.0  0.6223911E+05

140.2  0.6251558E+05

140.4  0.6279235E+05

140.6  0.6306941E+05

140.8  0.6334678E+05

141.0  0.6362446E+05

141.2  0.6390246E+05

141.4  0.6418078E+05

141.6  0.6445944E+05

141.8  0.6473844E+05

142.0  0.6501779E+05

142.2  0.6529750E+05

142.4  0.6557756E+05

142.6  0.6585800E+05

142.8  0.6613882E+05

143.0  0.6642002E+05

143.2  0.6670161E+05

143.4  0.6698360E+05

143.6  0.6726599E+05

143.8  0.6754880E+05

144.0  0.6783203E+05

144.2  0.6811568E+05

144.4  0.6839977E+05

144.6  0.6868429E+05

144.8  0.6896927E+05

145.0  0.6925470E+05

145.2  0.6954058E+05

145.4  0.6982694E+05

145.6  0.7011376E+05

145.8  0.7040107E+05

146.0  0.7068887E+05

146.2  0.7097716E+05

146.4  0.7126595E+05

146.6  0.7155524E+05

146.8  0.7184505E+05

147.0  0.7213538E+05

147.2  0.7242623E+05

147.4  0.7271762E+05

147.6  0.7300955E+05

147.8  0.7330202E+05

148.0  0.7359504E+05

148.2  0.7388863E+05

148.4  0.7418277E+05

148.6  0.7447749E+05

148.8  0.7477279E+05

149.0  0.7506867E+05

149.2  0.7536513E+05

149.4  0.7566220E+05

149.6  0.7595987E+05

149.8  0.7625814E+05

150.0  0.7655703E+05

150.2  0.7685654E+05

150.4  0.7715668E+05

150.6  0.7745745E+05

150.8  0.7775886E+05

151.0  0.7806092E+05

151.2  0.7836362E+05

151.4  0.7866699E+05

151.6  0.7897102E+05

151.8  0.7927572E+05

152.0  0.7958109E+05

152.2  0.7988715E+05

152.4  0.8019389E+05

152.6  0.8050133E+05

152.8  0.8080947E+05

153.0  0.8111831E+05

153.2  0.8142786E+05

153.4  0.8173814E+05

153.6  0.8204913E+05

153.8  0.8236086E+05

154.0  0.8267332E+05

154.2  0.8298652E+05

154.4  0.8330047E+05

154.6  0.8361518E+05

154.8  0.8393064E+05

155.0  0.8424687E+05

155.2  0.8456387E+05

155.4  0.8488165E+05

155.6  0.8520020E+05

155.8  0.8551955E+05

156.0  0.8583969E+05

156.2  0.8616064E+05

156.4  0.8648239E+05

156.6  0.8680495E+05

156.8  0.8712832E+05

157.0  0.8745253E+05

157.2  0.8777756E+05

157.4  0.8810342E+05

157.6  0.8843013E+05

157.8  0.8875769E+05

158.0  0.8908609E+05

158.2  0.8941536E+05

158.4  0.8974549E+05

158.6  0.9007649E+05

158.8  0.9040837E+05

159.0  0.9074113E+05

159.2  0.9107477E+05

159.4  0.9140931E+05

159.6  0.9174475E+05

159.8  0.9208109E+05

160.0  0.9241835E+05

160.2  0.9275652E+05

160.4  0.9309561E+05

160.6  0.9343563E+05

160.8  0.9377659E+05

161.0  0.9411849E+05

161.2  0.9446133E+05

161.4  0.9480512E+05

161.6  0.9514987E+05

161.8  0.9549558E+05

162.0  0.9584226E+05

162.2  0.9618992E+05

162.4  0.9653855E+05

162.6  0.9688817E+05

162.8  0.9723879E+05

163.0  0.9759040E+05

163.2  0.9794302E+05

163.4  0.9829664E+05

163.6  0.9865128E+05

163.8  0.9900695E+05

164.0  0.9936364E+05

164.2  0.9972136E+05

164.4  0.1000801E+06

164.6  0.1004399E+06

164.8  0.1008008E+06

165.0  0.1011627E+06

165.2  0.1015257E+06

165.4  0.1018897E+06

165.6  0.1022548E+06

165.8  0.1026210E+06

166.0  0.1029883E+06

166.2  0.1033567E+06

166.4  0.1037262E+06

166.6  0.1040967E+06

166.8  0.1044684E+06

167.0  0.1048412E+06

167.2  0.1052152E+06

167.4  0.1055902E+06

167.6  0.1059664E+06

167.8  0.1063437E+06

168.0  0.1067222E+06

168.2  0.1071018E+06

168.4  0.1074826E+06

168.6  0.1078645E+06

168.8  0.1082477E+06

169.0  0.1086320E+06

169.2  0.1090174E+06

169.4  0.1094041E+06

169.6  0.1097919E+06

169.8  0.1101810E+06

170.0  0.1105713E+06

170.2  0.1109627E+06

170.4  0.1113554E+06

170.6  0.1117494E+06

170.8  0.1121445E+06

171.0  0.1125409E+06

171.2  0.1129385E+06

171.4  0.1133374E+06

171.6  0.1137375E+06

171.8  0.1141389E+06

172.0  0.1145416E+06

172.2  0.1149456E+06

172.4  0.1153508E+06

172.6  0.1157573E+06

172.8  0.1161651E+06

173.0  0.1165742E+06

173.2  0.1169846E+06

173.4  0.1173963E+06

173.6  0.1178094E+06

173.8  0.1182238E+06

174.0  0.1186395E+06

174.2  0.1190565E+06

174.4  0.1194749E+06

174.6  0.1198946E+06

174.8  0.1203157E+06

175.0  0.1207382E+06

175.2  0.1211620E+06

175.4  0.1215873E+06

175.6  0.1220139E+06

175.8  0.1224419E+06

176.0  0.1228712E+06

176.2  0.1233020E+06

176.4  0.1237342E+06

176.6  0.1241679E+06

176.8  0.1246029E+06

177.0  0.1250394E+06

177.2  0.1254773E+06

177.4  0.1259167E+06

177.6  0.1263575E+06

177.8  0.1267998E+06

178.0  0.1272435E+06

178.2  0.1276887E+06

178.4  0.1281354E+06

178.6  0.1285836E+06

178.8  0.1290333E+06

179.0  0.1294845E+06

179.2  0.1299372E+06

179.4  0.1303914E+06

179.6  0.1308471E+06

179.8  0.1313044E+06

180.0  0.1317631E+06

180.2  0.1322235E+06

180.4  0.1326854E+06

180.6  0.1331488E+06

180.8  0.1336138E+06

181.0  0.1340804E+06

181.2  0.1345486E+06

181.4  0.1350183E+06

181.6  0.1354897E+06

181.8  0.1359626E+06

182.0  0.1364372E+06

182.2  0.1369134E+06

182.4  0.1373912E+06

182.6  0.1378706E+06

182.8  0.1383517E+06

183.0  0.1388345E+06

183.2  0.1393188E+06

183.4  0.1398049E+06

183.6  0.1402926E+06

183.8  0.1407820E+06

184.0  0.1412731E+06

184.2  0.1417659E+06

184.4  0.1422604E+06

184.6  0.1427566E+06

184.8  0.1432545E+06

185.0  0.1437542E+06

185.2  0.1442556E+06

185.4  0.1447587E+06

185.6  0.1452636E+06

185.8  0.1457702E+06

186.0  0.1462787E+06

186.2  0.1467889E+06

186.4  0.1473008E+06

186.6  0.1478146E+06

186.8  0.1483302E+06

187.0  0.1488476E+06

187.2  0.1493668E+06

187.4  0.1498878E+06

187.6  0.1504107E+06

187.8  0.1509354E+06

188.0  0.1514620E+06

188.2  0.1519905E+06

188.4  0.1525208E+06

188.6  0.1530530E+06

188.8  0.1535871E+06

189.0  0.1541231E+06

189.2  0.1546610E+06

189.4  0.1552008E+06

189.6  0.1557426E+06

189.8  0.1562863E+06

190.0  0.1568319E+06

190.2  0.1573795E+06

190.4  0.1579291E+06

190.6  0.1584806E+06

190.8  0.1590342E+06

191.0  0.1595897E+06

191.2  0.1601472E+06

191.4  0.1607068E+06

191.6  0.1612684E+06

191.8  0.1618320E+06

192.0  0.1623976E+06

192.2  0.1629654E+06

192.4  0.1635352E+06

192.6  0.1641070E+06

192.8  0.1646810E+06

193.0  0.1652570E+06

193.2  0.1658352E+06

193.4  0.1664155E+06

193.6  0.1669979E+06

193.8  0.1675825E+06

194.0  0.1681692E+06

194.2  0.1687581E+06

194.4  0.1693492E+06

194.6  0.1699424E+06

194.8  0.1705379E+06

195.0  0.1711356E+06

195.2  0.1717354E+06

195.4  0.1723376E+06

195.6  0.1729420E+06

195.8  0.1735486E+06

196.0  0.1741575E+06

196.2  0.1747687E+06

196.4  0.1753822E+06

196.6  0.1759980E+06

196.8  0.1766162E+06

197.0  0.1772366E+06

197.2  0.1778595E+06

197.4  0.1784846E+06

197.6  0.1791122E+06

197.8  0.1797422E+06

198.0  0.1803745E+06

198.2  0.1810093E+06

198.4  0.1816465E+06

198.6  0.1822861E+06

198.8  0.1829283E+06

199.0  0.1835728E+06

199.2  0.1842199E+06

199.4  0.1848695E+06

199.6  0.1855216E+06

199.8  0.1861762E+06

200.0  0.1868334E+06

200.2  0.1874932E+06

200.4  0.1881555E+06

200.6  0.1888205E+06

200.8  0.1894880E+06

201.0  0.1901582E+06

201.2  0.1908310E+06

201.4  0.1915065E+06

201.6  0.1921846E+06

201.8  0.1928655E+06

202.0  0.1935491E+06

202.2  0.1942354E+06

202.4  0.1949245E+06

202.6  0.1956163E+06

202.8  0.1963109E+06

203.0  0.1970083E+06

203.2  0.1977086E+06

203.4  0.1984116E+06

203.6  0.1991176E+06

203.8  0.1998264E+06

204.0  0.2005382E+06

204.2  0.2012528E+06

204.4  0.2019704E+06

204.6  0.2026909E+06

204.8  0.2034145E+06

205.0  0.2041410E+06

205.2  0.2048706E+06

205.4  0.2056032E+06

205.6  0.2063389E+06

205.8  0.2070776E+06

206.0  0.2078195E+06

206.2  0.2085645E+06

206.4  0.2093127E+06

206.6  0.2100641E+06

206.8  0.2108186E+06

207.0  0.2115764E+06

207.2  0.2123374E+06

207.4  0.2131018E+06

207.6  0.2138694E+06

207.8  0.2146403E+06

208.0  0.2154146E+06

208.2  0.2161923E+06

208.4  0.2169734E+06

208.6  0.2177579E+06

208.8  0.2185458E+06

209.0  0.2193373E+06

209.2  0.2201322E+06

209.4  0.2209307E+06

209.6  0.2217328E+06

209.8  0.2225384E+06

210.0  0.2233477E+06

210.2  0.2241606E+06

210.4  0.2249772E+06

210.6  0.2257975E+06

210.8  0.2266216E+06

211.0  0.2274494E+06

211.2  0.2282810E+06

211.4  0.2291164E+06

211.6  0.2299558E+06

211.8  0.2307990E+06

212.0  0.2316461E+06

212.2  0.2324972E+06

212.4  0.2333522E+06

212.6  0.2342113E+06

212.8  0.2350745E+06

213.0  0.2359417E+06

213.2  0.2368130E+06

213.4  0.2376885E+06

213.6  0.2385682E+06

213.8  0.2394522E+06

214.0  0.2403403E+06

214.2  0.2412328E+06

214.4  0.2421296E+06

214.6  0.2430307E+06

214.8  0.2439363E+06

215.0  0.2448463E+06

215.2  0.2457608E+06

215.4  0.2466797E+06

215.6  0.2476033E+06

215.8  0.2485314E+06

216.0  0.2494641E+06

216.2  0.2504015E+06

216.4  0.2513436E+06

216.6  0.2522904E+06

216.8  0.2532420E+06

217.0  0.2541984E+06

217.2  0.2551596E+06

217.4  0.2561258E+06

217.6  0.2570969E+06

217.8  0.2580729E+06

218.0  0.2590540E+06

218.2  0.2600401E+06

218.4  0.2610312E+06

218.6  0.2620276E+06

218.8  0.2630291E+06

219.0  0.2640358E+06

219.2  0.2650477E+06

219.4  0.2660650E+06

219.6  0.2670875E+06

219.8  0.2681155E+06

220.0  0.2691489E+06

220.2  0.2701877E+06

220.4  0.2712320E+06

220.6  0.2722819E+06

220.8  0.2733373E+06

221.0  0.2743984E+06

221.2  0.2754651E+06

221.4  0.2765375E+06

221.6  0.2776157E+06

221.8  0.2786996E+06

222.0  0.2797894E+06

222.2  0.2808851E+06

222.4  0.2819867E+06

222.6  0.2830942E+06

222.8  0.2842077E+06

223.0  0.2853273E+06

223.2  0.2864529E+06

223.4  0.2875846E+06

223.6  0.2887225E+06

223.8  0.2898666E+06

224.0  0.2910170E+06

224.2  0.2921736E+06

224.4  0.2933365E+06

224.6  0.2945058E+06

224.8  0.2956815E+06

225.0  0.2968636E+06

225.2  0.2980522E+06

225.4  0.2992474E+06

225.6  0.3004490E+06

225.8  0.3016573E+06

226.0  0.3028722E+06

226.2  0.3040938E+06

226.4  0.3053220E+06

226.6  0.3065570E+06

226.8  0.3077988E+06

227.0  0.3090474E+06

227.2  0.3103029E+06

227.4  0.3115652E+06

227.6  0.3128345E+06

227.8  0.3141107E+06

228.0  0.3153939E+06

228.2  0.3166841E+06

228.4  0.3179813E+06

228.6  0.3192857E+06

228.8  0.3205972E+06

229.0  0.3219158E+06

229.2  0.3232416E+06

229.4  0.3245746E+06

229.6  0.3259149E+06

229.8  0.3272624E+06

230.0  0.3286172E+06

230.2  0.3299793E+06

230.4  0.3313488E+06

230.6  0.3327257E+06

230.8  0.3341099E+06

231.0  0.3355016E+06

231.2  0.3369008E+06

231.4  0.3383074E+06

231.6  0.3397215E+06

231.8  0.3411431E+06

232.0  0.3425723E+06

232.2  0.3440090E+06

232.4  0.3454533E+06

232.6  0.3469052E+06

232.8  0.3483647E+06

233.0  0.3498319E+06

233.2  0.3513067E+06

233.4  0.3527891E+06

233.6  0.3542792E+06

233.8  0.3557771E+06

234.0  0.3572826E+06

234.2  0.3587958E+06

234.4  0.3603168E+06

234.6  0.3618454E+06

234.8  0.3633819E+06

235.0  0.3649260E+06

235.2  0.3664780E+06

235.4  0.3680377E+06

235.6  0.3696051E+06

235.8  0.3711803E+06

236.0  0.3727633E+06

236.2  0.3743541E+06

236.4  0.3759526E+06

236.6  0.3775590E+06

236.8  0.3791730E+06

237.0  0.3807949E+06

237.2  0.3824245E+06

237.4  0.3840619E+06

237.6  0.3857070E+06

237.8  0.3873599E+06

238.0  0.3890205E+06

238.2  0.3906888E+06

238.4  0.3923648E+06

238.6  0.3940486E+06

238.8  0.3957400E+06

239.0  0.3974392E+06

239.2  0.3991459E+06

239.4  0.4008604E+06

239.6  0.4025825E+06

239.8  0.4043121E+06

240.0  0.4060494E+06

240.2  0.4077942E+06

240.4  0.4095466E+06

240.6  0.4113065E+06

240.8  0.4130740E+06

241.0  0.4148489E+06

241.2  0.4166312E+06

241.4  0.4184210E+06

241.6  0.4202181E+06

241.8  0.4220227E+06

242.0  0.4238345E+06

242.2  0.4256537E+06

242.4  0.4274801E+06

242.6  0.4293138E+06

242.8  0.4311546E+06

243.0  0.4330026E+06

243.2  0.4348578E+06

243.4  0.4367200E+06

243.6  0.4385892E+06

243.8  0.4404655E+06

244.0  0.4423487E+06

244.2  0.4442389E+06

244.4  0.4461359E+06

244.6  0.4480397E+06

244.8  0.4499503E+06

245.0  0.4518676E+06

245.2  0.4537916E+06

245.4  0.4557223E+06

245.6  0.4576595E+06

245.8  0.4596032E+06

246.0  0.4615535E+06

246.2  0.4635101E+06

246.4  0.4654731E+06

246.6  0.4674424E+06

246.8  0.4694179E+06

247.0  0.4713997E+06

247.2  0.4733875E+06

247.4  0.4753815E+06

247.6  0.4773814E+06

247.8  0.4793873E+06

248.0  0.4813991E+06

248.2  0.4834166E+06

248.4  0.4854400E+06

248.6  0.4874690E+06

248.8  0.4895036E+06

249.0  0.4915438E+06

249.2  0.4935894E+06

249.4  0.4956405E+06

249.6  0.4976969E+06

249.8  0.4997586E+06

250.0  0.5018254E+06

250.2  0.5038974E+06

250.4  0.5059745E+06

250.6  0.5080564E+06

250.8  0.5101433E+06

251.0  0.5122350E+06

251.2  0.5143315E+06

251.4  0.5164326E+06

251.6  0.5185383E+06

251.8  0.5206485E+06

252.0  0.5227631E+06

252.2  0.5248820E+06

252.4  0.5270053E+06

252.6  0.5291326E+06

252.8  0.5312641E+06

253.0  0.5333996E+06

253.2  0.5355390E+06

253.4  0.5376823E+06

253.6  0.5398293E+06

253.8  0.5419800E+06

254.0  0.5441342E+06

254.2  0.5462920E+06

254.4  0.5484531E+06

254.6  0.5506176E+06

254.8  0.5527853E+06

255.0  0.5549562E+06

255.2  0.5571301E+06

255.4  0.5593069E+06

255.6  0.5614866E+06

255.8  0.5636691E+06

256.0  0.5658543E+06

256.2  0.5680421E+06

256.4  0.5702323E+06

256.6  0.5724250E+06

256.8  0.5746200E+06

257.0  0.5768172E+06

257.2  0.5790166E+06

257.4  0.5812180E+06

257.6  0.5834213E+06

257.8  0.5856265E+06

258.0  0.5878334E+06

258.2  0.5900420E+06

258.4  0.5922521E+06

258.6  0.5944637E+06

258.8  0.5966767E+06

259.0  0.5988909E+06

259.2  0.6011064E+06

259.4  0.6033229E+06

259.6  0.6055404E+06

259.8  0.6077588E+06

260.0  0.6099779E+06

260.2  0.6121978E+06

260.4  0.6144183E+06

260.6  0.6166393E+06

260.8  0.6188607E+06

261.0  0.6210824E+06

261.2  0.6233043E+06

261.4  0.6255264E+06

261.6  0.6277485E+06

261.8  0.6299705E+06

262.0  0.6321923E+06

262.2  0.6344139E+06

262.4  0.6366351E+06

262.6  0.6388558E+06

262.8  0.6410760E+06

263.0  0.6432956E+06

263.2  0.6455144E+06

263.4  0.6477324E+06

263.6  0.6499494E+06

263.8  0.6521654E+06

264.0  0.6543803E+06

264.2  0.6565940E+06

264.4  0.6588063E+06

264.6  0.6610173E+06

264.8  0.6632267E+06

265.0  0.6654346E+06

265.2  0.6676407E+06

265.4  0.6698451E+06

265.6  0.6720477E+06

265.8  0.6742482E+06

266.0  0.6764467E+06

266.2  0.6786431E+06

266.4  0.6808372E+06

266.6  0.6830290E+06

266.8  0.6852184E+06

267.0  0.6874052E+06

267.2  0.6895895E+06

267.4  0.6917711E+06

267.6  0.6939499E+06

267.8  0.6961258E+06

268.0  0.6982988E+06

268.2  0.7004687E+06

268.4  0.7026355E+06

268.6  0.7047991E+06

268.8  0.7069594E+06

269.0  0.7091164E+06

269.2  0.7112698E+06

269.4  0.7134197E+06

269.6  0.7155659E+06

269.8  0.7177085E+06

270.0  0.7198472E+06

270.2  0.7219821E+06

270.4  0.7241129E+06

270.6  0.7262397E+06

270.8  0.7283624E+06

271.0  0.7304809E+06

271.2  0.7325951E+06

271.4  0.7347049E+06

271.6  0.7368103E+06

271.8  0.7389112E+06

272.0  0.7410074E+06

272.2  0.7430990E+06

272.4  0.7451858E+06

272.6  0.7472678E+06

272.8  0.7493449E+06

273.0  0.7514170E+06

273.2  0.7534841E+06

273.4  0.7555460E+06

273.6  0.7576028E+06

273.8  0.7596543E+06

274.0  0.7617004E+06

274.2  0.7637411E+06

274.4  0.7657764E+06

274.6  0.7678061E+06

274.8  0.7698302E+06

275.0  0.7718487E+06

275.2  0.7738613E+06

275.4  0.7758682E+06

275.6  0.7778692E+06

275.8  0.7798643E+06

276.0  0.7818533E+06

276.2  0.7838363E+06

276.4  0.7858132E+06

276.6  0.7877838E+06

276.8  0.7897482E+06

277.0  0.7917064E+06

277.2  0.7936581E+06

277.4  0.7956034E+06

277.6  0.7975422E+06

277.8  0.7994745E+06

278.0  0.8014002E+06

278.2  0.8033192E+06

278.4  0.8052315E+06

278.6  0.8071371E+06

278.8  0.8090358E+06

279.0  0.8109277E+06

279.2  0.8128126E+06

279.4  0.8146906E+06

279.6  0.8165615E+06

279.8  0.8184254E+06

280.0  0.8202821E+06

280.2  0.8221317E+06

280.4  0.8239741E+06

280.6  0.8258092E+06

280.8  0.8276370E+06

281.0  0.8294574E+06

281.2  0.8312704E+06

281.4  0.8330760E+06

281.6  0.8348741E+06

281.8  0.8366647E+06

282.0  0.8384477E+06

282.2  0.8402231E+06

282.4  0.8419908E+06

282.6  0.8437509E+06

282.8  0.8455032E+06

283.0  0.8472477E+06

283.2  0.8489845E+06

283.4  0.8507134E+06

283.6  0.8524345E+06

283.8  0.8541476E+06

284.0  0.8558528E+06

284.2  0.8575500E+06

284.4  0.8592392E+06

284.6  0.8609203E+06

284.8  0.8625934E+06

285.0  0.8642584E+06

285.2  0.8659152E+06

285.4  0.8675639E+06

285.6  0.8692044E+06

285.8  0.8708367E+06

286.0  0.8724607E+06

286.2  0.8740764E+06

286.4  0.8756839E+06

286.6  0.8772830E+06

286.8  0.8788738E+06

287.0  0.8804562E+06

287.2  0.8820302E+06

287.4  0.8835958E+06

287.6  0.8851530E+06

287.8  0.8867017E+06

288.0  0.8882419E+06

288.2  0.8897736E+06

288.4  0.8912969E+06

288.6  0.8928115E+06

288.8  0.8943177E+06

289.0  0.8958152E+06

289.2  0.8973042E+06

289.4  0.8987845E+06

289.6  0.9002563E+06

289.8  0.9017194E+06

290.0  0.9031739E+06

290.2  0.9046197E+06

290.4  0.9060568E+06

290.6  0.9074853E+06

290.8  0.9089051E+06

291.0  0.9103161E+06

291.2  0.9117185E+06

291.4  0.9131121E+06

291.6  0.9144970E+06

291.8  0.9158731E+06

292.0  0.9172405E+06

292.2  0.9185992E+06

292.4  0.9199491E+06

292.6  0.9212902E+06

292.8  0.9226225E+06

293.0  0.9239461E+06

293.2  0.9252609E+06

293.4  0.9265669E+06

293.6  0.9278641E+06

293.8  0.9291525E+06

294.0  0.9304321E+06

294.2  0.9317029E+06

294.4  0.9329649E+06

294.6  0.9342182E+06

294.8  0.9354626E+06

295.0  0.9366982E+06

295.2  0.9379251E+06

295.4  0.9391431E+06

295.6  0.9403523E+06

295.8  0.9415528E+06

296.0  0.9427445E+06

296.2  0.9439273E+06

296.4  0.9451014E+06

296.6  0.9462668E+06

296.8  0.9474233E+06

297.0  0.9485711E+06

297.2  0.9497102E+06

297.4  0.9508404E+06

297.6  0.9519620E+06

297.8  0.9530748E+06

298.0  0.9541788E+06

298.2  0.9552742E+06

298.4  0.9563608E+06

298.6  0.9574387E+06

298.8  0.9585079E+06

299.0  0.9595685E+06

299.2  0.9606203E+06

299.4  0.9616635E+06

299.6  0.9626980E+06

299.8  0.9637239E+06

300.0  0.9647412E+06

300.2  0.9657498E+06

300.4  0.9667498E+06

300.6  0.9677413E+06

300.8  0.9687241E+06

301.0  0.9696984E+06

301.2  0.9706641E+06

301.4  0.9716213E+06

301.6  0.9725699E+06

301.8  0.9735101E+06

302.0  0.9744417E+06

302.2  0.9753649E+06

302.4  0.9762796E+06

302.6  0.9771859E+06

302.8  0.9780837E+06

303.0  0.9789731E+06

303.2  0.9798542E+06

303.4  0.9807268E+06

303.6  0.9815911E+06

303.8  0.9824470E+06

304.0  0.9832946E+06

304.2  0.9841339E+06

304.4  0.9849650E+06

304.6  0.9857877E+06

304.8  0.9866022E+06

305.0  0.9874085E+06

305.2  0.9882066E+06

305.4  0.9889964E+06

305.6  0.9897782E+06

305.8  0.9905517E+06

306.0  0.9913172E+06

306.2  0.9920745E+06

306.4  0.9928238E+06

306.6  0.9935650E+06

306.8  0.9942982E+06

307.0  0.9950233E+06

307.2  0.9957405E+06

307.4  0.9964497E+06

307.6  0.9971509E+06

307.8  0.9978442E+06

308.0  0.9985297E+06

308.2  0.9992072E+06

308.4  0.9998769E+06

308.6  0.1000539E+07

308.8  0.1001193E+07

309.0  0.1001839E+07

309.2  0.1002478E+07

309.4  0.1003108E+07

309.6  0.1003732E+07

309.8  0.1004347E+07

310.0  0.1004955E+07

310.2  0.1005555E+07

310.4  0.1006147E+07

310.6  0.1006732E+07

310.8  0.1007310E+07

311.0  0.1007880E+07

311.2  0.1008442E+07

311.4  0.1008997E+07

311.6  0.1009544E+07

311.8  0.1010084E+07

312.0  0.1010617E+07

312.2  0.1011142E+07

312.4  0.1011660E+07

312.6  0.1012171E+07

312.8  0.1012674E+07

313.0  0.1013170E+07

313.2  0.1013659E+07

313.4  0.1014141E+07

313.6  0.1014615E+07

313.8  0.1015083E+07

314.0  0.1015543E+07

314.2  0.1015996E+07

314.4  0.1016442E+07

314.6  0.1016881E+07

314.8  0.1017313E+07

315.0  0.1017738E+07

315.2  0.1018156E+07

315.4  0.1018567E+07

315.6  0.1018972E+07

315.8  0.1019369E+07

316.0  0.1019760E+07

316.2  0.1020143E+07

316.4  0.1020520E+07

316.6  0.1020891E+07

316.8  0.1021254E+07

317.0  0.1021611E+07

317.2  0.1021961E+07

317.4  0.1022305E+07

317.6  0.1022642E+07

317.8  0.1022972E+07

318.0  0.1023296E+07

318.2  0.1023613E+07

318.4  0.1023924E+07

318.6  0.1024228E+07

318.8  0.1024526E+07

319.0  0.1024818E+07

319.2  0.1025103E+07

319.4  0.1025382E+07

319.6  0.1025655E+07

319.8  0.1025921E+07

320.0  0.1026181E+07

320.2  0.1026435E+07

320.4  0.1026682E+07

320.6  0.1026924E+07

320.8  0.1027159E+07

321.0  0.1027388E+07

321.2  0.1027611E+07

321.4  0.1027828E+07

321.6  0.1028040E+07

321.8  0.1028245E+07

322.0  0.1028444E+07

322.2  0.1028637E+07

322.4  0.1028824E+07

322.6  0.1029006E+07

322.8  0.1029181E+07

323.0  0.1029351E+07

323.2  0.1029515E+07

323.4  0.1029674E+07

323.6  0.1029826E+07

323.8  0.1029973E+07

324.0  0.1030114E+07

324.2  0.1030250E+07

324.4  0.1030380E+07

324.6  0.1030504E+07

324.8  0.1030623E+07

325.0  0.1030737E+07

325.2  0.1030845E+07

325.4  0.1030947E+07

325.6  0.1031044E+07

325.8  0.1031136E+07

326.0  0.1031222E+07

326.2  0.1031303E+07

326.4  0.1031379E+07

326.6  0.1031449E+07

326.8  0.1031514E+07

327.0  0.1031574E+07

327.2  0.1031629E+07

327.4  0.1031678E+07

327.6  0.1031723E+07

327.8  0.1031762E+07

328.0  0.1031796E+07

328.2  0.1031826E+07

328.4  0.1031850E+07

328.6  0.1031869E+07

328.8  0.1031883E+07

329.0  0.1031892E+07

329.2  0.1031897E+07

329.4  0.1031896E+07

329.6  0.1031891E+07

329.8  0.1031881E+07

330.0  0.1031866E+07

330.2  0.1031846E+07

330.4  0.1031822E+07

330.6  0.1031793E+07

330.8  0.1031759E+07

331.0  0.1031720E+07

331.2  0.1031677E+07

331.4  0.1031629E+07

331.6  0.1031577E+07

331.8  0.1031520E+07

332.0  0.1031459E+07

332.2  0.1031393E+07

332.4  0.1031323E+07

332.6  0.1031248E+07

332.8  0.1031169E+07

333.0  0.1031086E+07

333.2  0.1030998E+07

333.4  0.1030906E+07

333.6  0.1030809E+07

333.8  0.1030708E+07

334.0  0.1030603E+07

334.2  0.1030494E+07

334.4  0.1030381E+07

334.6  0.1030263E+07

334.8  0.1030142E+07

335.0  0.1030016E+07

335.2  0.1029886E+07

335.4  0.1029752E+07

335.6  0.1029614E+07

335.8  0.1029472E+07

336.0  0.1029326E+07

336.2  0.1029176E+07

336.4  0.1029022E+07

336.6  0.1028864E+07

336.8  0.1028703E+07

337.0  0.1028537E+07

337.2  0.1028368E+07

337.4  0.1028195E+07

337.6  0.1028018E+07

337.8  0.1027837E+07

338.0  0.1027653E+07

338.2  0.1027465E+07

338.4  0.1027273E+07

338.6  0.1027077E+07

338.8  0.1026878E+07

339.0  0.1026676E+07

339.2  0.1026469E+07

339.4  0.1026260E+07

339.6  0.1026046E+07

339.8  0.1025829E+07

340.0  0.1025609E+07

340.2  0.1025385E+07

340.4  0.1025158E+07

340.6  0.1024927E+07

340.8  0.1024693E+07

341.0  0.1024456E+07

341.2  0.1024215E+07

341.4  0.1023971E+07

341.6  0.1023723E+07

341.8  0.1023473E+07

342.0  0.1023219E+07

342.2  0.1022962E+07

342.4  0.1022701E+07

342.6  0.1022438E+07

342.8  0.1022171E+07

343.0  0.1021901E+07

343.2  0.1021628E+07

343.4  0.1021352E+07

343.6  0.1021073E+07

343.8  0.1020791E+07

344.0  0.1020506E+07

344.2  0.1020218E+07

344.4  0.1019926E+07

344.6  0.1019632E+07

344.8  0.1019335E+07

345.0  0.1019035E+07

345.2  0.1018732E+07

345.4  0.1018426E+07

345.6  0.1018118E+07

345.8  0.1017806E+07

346.0  0.1017492E+07

346.2  0.1017175E+07

346.4  0.1016855E+07

346.6  0.1016533E+07

346.8  0.1016207E+07

347.0  0.1015879E+07

347.2  0.1015548E+07

347.4  0.1015215E+07

347.6  0.1014879E+07

347.8  0.1014540E+07

348.0  0.1014199E+07

348.2  0.1013855E+07

348.4  0.1013509E+07

348.6  0.1013160E+07

348.8  0.1012808E+07

349.0  0.1012454E+07

349.2  0.1012098E+07

349.4  0.1011739E+07

349.6  0.1011377E+07

349.8  0.1011013E+07

350.0  0.1010647E+07

350.2  0.1010278E+07

350.4  0.1009907E+07

350.6  0.1009534E+07

350.8  0.1009158E+07

351.0  0.1008780E+07

351.2  0.1008400E+07

351.4  0.1008017E+07

351.6  0.1007632E+07

351.8  0.1007245E+07

352.0  0.1006855E+07

352.2  0.1006464E+07

352.4  0.1006070E+07

352.6  0.1005674E+07

352.8  0.1005276E+07

353.0  0.1004875E+07

353.2  0.1004473E+07

353.4  0.1004069E+07

353.6  0.1003662E+07

353.8  0.1003253E+07

354.0  0.1002842E+07

354.2  0.1002430E+07

354.4  0.1002015E+07

354.6  0.1001598E+07

354.8  0.1001179E+07

355.0  0.1000759E+07

355.2  0.1000336E+07

355.4  0.9999113E+06

355.6  0.9994847E+06

355.8  0.9990562E+06

356.0  0.9986259E+06

356.2  0.9981937E+06

356.4  0.9977596E+06

356.6  0.9973237E+06

356.8  0.9968859E+06

357.0  0.9964464E+06

357.2  0.9960050E+06

357.4  0.9955619E+06

357.6  0.9951170E+06

357.8  0.9946704E+06

358.0  0.9942220E+06

358.2  0.9937719E+06

358.4  0.9933202E+06

358.6  0.9928667E+06

358.8  0.9924116E+06

359.0  0.9919548E+06

359.2  0.9914963E+06

359.4  0.9910363E+06

359.6  0.9905746E+06

359.8  0.9901114E+06

360.0  0.9896465E+06

360.2  0.9891801E+06

360.4  0.9887121E+06

360.6  0.9882426E+06

360.8  0.9877716E+06

361.0  0.9872990E+06

361.2  0.9868249E+06

361.4  0.9863494E+06

361.6  0.9858724E+06

361.8  0.9853939E+06

362.0  0.9849140E+06

362.2  0.9844327E+06

362.4  0.9839499E+06

362.6  0.9834658E+06

362.8  0.9829802E+06

363.0  0.9824933E+06

363.2  0.9820050E+06

363.4  0.9815154E+06

363.6  0.9810244E+06

363.8  0.9805321E+06

364.0  0.9800385E+06

364.2  0.9795435E+06

364.4  0.9790473E+06

364.6  0.9785499E+06

364.8  0.9780511E+06

365.0  0.9775511E+06

365.2  0.9770499E+06

365.4  0.9765474E+06

365.6  0.9760438E+06

365.8  0.9755389E+06

366.0  0.9750328E+06

366.2  0.9745256E+06

366.4  0.9740172E+06

366.6  0.9735076E+06

366.8  0.9729970E+06

367.0  0.9724851E+06

367.2  0.9719722E+06

367.4  0.9714581E+06

367.6  0.9709430E+06

367.8  0.9704267E+06

368.0  0.9699094E+06

368.2  0.9693910E+06

368.4  0.9688716E+06

368.6  0.9683512E+06

368.8  0.9678297E+06

369.0  0.9673071E+06

369.2  0.9667836E+06

369.4  0.9662591E+06

369.6  0.9657336E+06

369.8  0.9652071E+06

370.0  0.9646797E+06

370.2  0.9641513E+06

370.4  0.9636219E+06

370.6  0.9630917E+06

370.8  0.9625605E+06

371.0  0.9620283E+06

371.2  0.9614953E+06

371.4  0.9609614E+06

371.6  0.9604266E+06

371.8  0.9598909E+06

372.0  0.9593544E+06

372.2  0.9588170E+06

372.4  0.9582788E+06

372.6  0.9577397E+06

372.8  0.9571998E+06

373.0  0.9566591E+06

373.2  0.9561176E+06

373.4  0.9555753E+06

373.6  0.9550322E+06

373.8  0.9544883E+06

374.0  0.9539437E+06

374.2  0.9533982E+06

374.4  0.9528521E+06

374.6  0.9523052E+06

374.8  0.9517576E+06

375.0  0.9512092E+06

375.2  0.9506601E+06

375.4  0.9501104E+06

375.6  0.9495599E+06

375.8  0.9490087E+06

376.0  0.9484569E+06

376.2  0.9479044E+06

376.4  0.9473512E+06

376.6  0.9467973E+06

376.8  0.9462429E+06

377.0  0.9456877E+06

377.2  0.9451320E+06

377.4  0.9445756E+06

377.6  0.9440186E+06

377.8  0.9434610E+06

378.0  0.9429028E+06

378.2  0.9423441E+06

378.4  0.9417847E+06

378.6  0.9412248E+06

378.8  0.9406643E+06

379.0  0.9401032E+06

379.2  0.9395416E+06

379.4  0.9389794E+06

379.6  0.9384168E+06

379.8  0.9378535E+06

380.0  0.9372898E+06

380.2  0.9367255E+06

380.4  0.9361608E+06

380.6  0.9355955E+06

380.8  0.9350298E+06

381.0  0.9344636E+06

381.2  0.9338968E+06

381.4  0.9333297E+06

381.6  0.9327620E+06

381.8  0.9321939E+06

382.0  0.9316254E+06

382.2  0.9310564E+06

382.4  0.9304870E+06

382.6  0.9299171E+06

382.8  0.9293468E+06

383.0  0.9287762E+06

383.2  0.9282051E+06

383.4  0.9276336E+06

383.6  0.9270617E+06

383.8  0.9264894E+06

384.0  0.9259167E+06

384.2  0.9253437E+06

384.4  0.9247703E+06

384.6  0.9241965E+06

384.8  0.9236224E+06

385.0  0.9230479E+06

385.2  0.9224731E+06

385.4  0.9218979E+06

385.6  0.9213224E+06

385.8  0.9207466E+06

386.0  0.9201704E+06

386.2  0.9195940E+06

386.4  0.9190172E+06

386.6  0.9184401E+06

386.8  0.9178628E+06

387.0  0.9172851E+06

387.2  0.9167072E+06

387.4  0.9161290E+06

387.6  0.9155505E+06

387.8  0.9149717E+06

388.0  0.9143927E+06

388.2  0.9138134E+06

388.4  0.9132339E+06

388.6  0.9126541E+06

388.8  0.9120741E+06

389.0  0.9114938E+06

389.2  0.9109133E+06

389.4  0.9103326E+06

389.6  0.9097517E+06

389.8  0.9091705E+06

390.0  0.9085892E+06

390.2  0.9080076E+06

390.4  0.9074259E+06

390.6  0.9068439E+06

390.8  0.9062618E+06

391.0  0.9056794E+06

391.2  0.9050969E+06

391.4  0.9045143E+06

391.6  0.9039314E+06

391.8  0.9033484E+06

392.0  0.9027652E+06

392.2  0.9021819E+06

392.4  0.9015984E+06

392.6  0.9010148E+06

392.8  0.9004310E+06

393.0  0.8998471E+06

393.2  0.8992631E+06

393.4  0.8986789E+06

393.6  0.8980946E+06

393.8  0.8975102E+06

394.0  0.8969257E+06

394.2  0.8963411E+06

394.4  0.8957564E+06

394.6  0.8951715E+06

394.8  0.8945866E+06

395.0  0.8940016E+06

395.2  0.8934165E+06

395.4  0.8928313E+06

395.6  0.8922460E+06

395.8  0.8916606E+06

396.0  0.8910752E+06

396.2  0.8904897E+06

396.4  0.8899042E+06

396.6  0.8893186E+06

396.8  0.8887329E+06

397.0  0.8881472E+06

397.2  0.8875614E+06

397.4  0.8869756E+06

397.6  0.8863897E+06

397.8  0.8858038E+06

398.0  0.8852179E+06

398.2  0.8846320E+06

398.4  0.8840460E+06

398.6  0.8834600E+06

398.8  0.8828740E+06

399.0  0.8822879E+06

399.2  0.8817019E+06

399.4  0.8811158E+06

399.6  0.8805298E+06

399.8  0.8799437E+06

400.0  0.8793577E+06

400.2  0.8787716E+06

400.4  0.8781856E+06

400.6  0.8775996E+06

400.8  0.8770135E+06

401.0  0.8764276E+06

401.2  0.8758416E+06

401.4  0.8752557E+06

401.6  0.8746698E+06

401.8  0.8740839E+06

402.0  0.8734981E+06

402.2  0.8729123E+06

402.4  0.8723265E+06

402.6  0.8717408E+06

402.8  0.8711551E+06

403.0  0.8705695E+06

403.2  0.8699840E+06

403.4  0.8693985E+06

403.6  0.8688131E+06

403.8  0.8682277E+06

404.0  0.8676424E+06

404.2  0.8670572E+06

404.4  0.8664720E+06

404.6  0.8658869E+06

404.8  0.8653019E+06

405.0  0.8647170E+06

405.2  0.8641321E+06

405.4  0.8635474E+06

405.6  0.8629627E+06

405.8  0.8623782E+06

406.0  0.8617937E+06

406.2  0.8612093E+06

406.4  0.8606250E+06

406.6  0.8600409E+06

406.8  0.8594568E+06

407.0  0.8588728E+06

407.2  0.8582890E+06

407.4  0.8577052E+06

407.6  0.8571216E+06

407.8  0.8565381E+06

408.0  0.8559547E+06

408.2  0.8553715E+06

408.4  0.8547883E+06

408.6  0.8542053E+06

408.8  0.8536225E+06

409.0  0.8530397E+06

409.2  0.8524571E+06

409.4  0.8518747E+06

409.6  0.8512923E+06

409.8  0.8507101E+06

410.0  0.8501281E+06

410.2  0.8495462E+06

410.4  0.8489645E+06

410.6  0.8483829E+06

410.8  0.8478014E+06

411.0  0.8472201E+06

411.2  0.8466390E+06

411.4  0.8460580E+06

411.6  0.8454772E+06

411.8  0.8448966E+06

412.0  0.8443161E+06

412.2  0.8437358E+06

412.4  0.8431557E+06

412.6  0.8425757E+06

412.8  0.8419959E+06

413.0  0.8414163E+06

413.2  0.8408369E+06

413.4  0.8402576E+06

413.6  0.8396785E+06

413.8  0.8390996E+06

414.0  0.8385209E+06

414.2  0.8379424E+06

414.4  0.8373641E+06

414.6  0.8367860E+06

414.8  0.8362080E+06

415.0  0.8356303E+06

415.2  0.8350527E+06

415.4  0.8344754E+06

415.6  0.8338982E+06

415.8  0.8333213E+06

416.0  0.8327445E+06

416.2  0.8321680E+06

416.4  0.8315917E+06

416.6  0.8310155E+06

416.8  0.8304396E+06

417.0  0.8298639E+06

417.2  0.8292884E+06

417.4  0.8287132E+06

417.6  0.8281381E+06

417.8  0.8275633E+06

418.0  0.8269887E+06

418.2  0.8264143E+06

418.4  0.8258401E+06

418.6  0.8252662E+06

418.8  0.8246925E+06

419.0  0.8241190E+06

419.2  0.8235457E+06

419.4  0.8229727E+06

419.6  0.8223999E+06

419.8  0.8218273E+06

420.0  0.8212550E+06

420.2  0.8206829E+06

420.4  0.8201111E+06

420.6  0.8195395E+06

420.8  0.8189681E+06

421.0  0.8183970E+06

421.2  0.8178261E+06

421.4  0.8172554E+06

421.6  0.8166850E+06

421.8  0.8161149E+06

422.0  0.8155450E+06

422.2  0.8149754E+06

422.4  0.8144060E+06

422.6  0.8138368E+06

422.8  0.8132679E+06

423.0  0.8126993E+06

423.2  0.8121309E+06

423.4  0.8115628E+06

423.6  0.8109950E+06

423.8  0.8104274E+06

424.0  0.8098600E+06

424.2  0.8092929E+06

424.4  0.8087261E+06

424.6  0.8081596E+06

424.8  0.8075933E+06

425.0  0.8070273E+06

425.2  0.8064615E+06

425.4  0.8058961E+06

425.6  0.8053309E+06

425.8  0.8047659E+06

426.0  0.8042013E+06

426.2  0.8036369E+06

426.4  0.8030728E+06

426.6  0.8025089E+06

426.8  0.8019454E+06

427.0  0.8013821E+06

427.2  0.8008191E+06

427.4  0.8002564E+06

427.6  0.7996939E+06

427.8  0.7991317E+06

428.0  0.7985699E+06

428.2  0.7980083E+06

428.4  0.7974470E+06

428.6  0.7968859E+06

428.8  0.7963252E+06

429.0  0.7957647E+06

429.2  0.7952046E+06

429.4  0.7946447E+06

429.6  0.7940851E+06

429.8  0.7935258E+06

430.0  0.7929668E+06

430.2  0.7924081E+06

430.4  0.7918496E+06

430.6  0.7912915E+06

430.8  0.7907337E+06

431.0  0.7901761E+06

431.2  0.7896189E+06

431.4  0.7890620E+06

431.6  0.7885053E+06

431.8  0.7879490E+06

432.0  0.7873929E+06

432.2  0.7868372E+06

432.4  0.7862817E+06

432.6  0.7857266E+06

432.8  0.7851717E+06

433.0  0.7846172E+06

433.2  0.7840630E+06

433.4  0.7835090E+06

433.6  0.7829554E+06

433.8  0.7824021E+06

434.0  0.7818491E+06

434.2  0.7812964E+06

434.4  0.7807440E+06

434.6  0.7801919E+06

434.8  0.7796401E+06

435.0  0.7790886E+06

435.2  0.7785375E+06

435.4  0.7779866E+06

435.6  0.7774361E+06

435.8  0.7768859E+06

436.0  0.7763360E+06

436.2  0.7757864E+06

436.4  0.7752371E+06

436.6  0.7746881E+06

436.8  0.7741395E+06

437.0  0.7735911E+06

437.2  0.7730431E+06

437.4  0.7724954E+06

437.6  0.7719480E+06

437.8  0.7714009E+06

438.0  0.7708542E+06

438.2  0.7703078E+06

438.4  0.7697617E+06

438.6  0.7692159E+06

438.8  0.7686704E+06

439.0  0.7681252E+06

439.2  0.7675804E+06

439.4  0.7670359E+06

439.6  0.7664917E+06

439.8  0.7659479E+06

440.0  0.7654043E+06

440.2  0.7648611E+06

440.4  0.7643182E+06

440.6  0.7637757E+06

440.8  0.7632334E+06

441.0  0.7626915E+06

441.2  0.7621500E+06

441.4  0.7616087E+06

441.6  0.7610678E+06

441.8  0.7605272E+06

442.0  0.7599869E+06

442.2  0.7594469E+06

442.4  0.7589073E+06

442.6  0.7583680E+06

442.8  0.7578291E+06

443.0  0.7572905E+06

443.2  0.7567522E+06

443.4  0.7562142E+06

443.6  0.7556765E+06

443.8  0.7551392E+06

444.0  0.7546023E+06

444.2  0.7540656E+06

444.4  0.7535293E+06

444.6  0.7529933E+06

444.8  0.7524577E+06

445.0  0.7519224E+06

445.2  0.7513874E+06

445.4  0.7508528E+06

445.6  0.7503185E+06

445.8  0.7497845E+06

446.0  0.7492508E+06

446.2  0.7487175E+06

446.4  0.7481846E+06

446.6  0.7476519E+06

446.8  0.7471196E+06

447.0  0.7465877E+06

447.2  0.7460561E+06

447.4  0.7455248E+06

447.6  0.7449938E+06

447.8  0.7444632E+06

448.0  0.7439329E+06

448.2  0.7434030E+06

448.4  0.7428734E+06

448.6  0.7423441E+06

448.8  0.7418152E+06

449.0  0.7412866E+06

449.2  0.7407584E+06

449.4  0.7402305E+06

449.6  0.7397029E+06

449.8  0.7391757E+06

450.0  0.7386488E+06

450.2  0.7381222E+06

450.4  0.7375960E+06

450.6  0.7370702E+06

450.8  0.7365446E+06

451.0  0.7360194E+06

451.2  0.7354946E+06

451.4  0.7349701E+06

451.6  0.7344459E+06

451.8  0.7339221E+06

452.0  0.7333986E+06

452.2  0.7328755E+06

452.4  0.7323527E+06

452.6  0.7318302E+06

452.8  0.7313081E+06

453.0  0.7307864E+06

453.2  0.7302649E+06

453.4  0.7297438E+06

453.6  0.7292231E+06

453.8  0.7287027E+06

454.0  0.7281827E+06

454.2  0.7276629E+06

454.4  0.7271436E+06

454.6  0.7266245E+06

454.8  0.7261059E+06

455.0  0.7255875E+06

455.2  0.7250695E+06

455.4  0.7245519E+06

455.6  0.7240346E+06

455.8  0.7235176E+06

456.0  0.7230010E+06

456.2  0.7224847E+06

456.4  0.7219688E+06

456.6  0.7214532E+06

456.8  0.7209380E+06

457.0  0.7204231E+06

457.2  0.7199085E+06

457.4  0.7193943E+06

457.6  0.7188804E+06

457.8  0.7183669E+06

458.0  0.7178537E+06

458.2  0.7173409E+06

458.4  0.7168284E+06

458.6  0.7163163E+06

458.8  0.7158045E+06

459.0  0.7152931E+06

459.2  0.7147820E+06

459.4  0.7142712E+06

459.6  0.7137608E+06

459.8  0.7132507E+06

460.0  0.7127410E+06

460.2  0.7122316E+06

460.4  0.7117226E+06

460.6  0.7112139E+06

460.8  0.7107056E+06

461.0  0.7101976E+06

461.2  0.7096899E+06

461.4  0.7091826E+06

461.6  0.7086757E+06

461.8  0.7081690E+06

462.0  0.7076628E+06

462.2  0.7071569E+06

462.4  0.7066513E+06

462.6  0.7061461E+06

462.8  0.7056412E+06

463.0  0.7051366E+06

463.2  0.7046324E+06

463.4  0.7041286E+06

463.6  0.7036251E+06

463.8  0.7031219E+06

464.0  0.7026191E+06

464.2  0.7021167E+06

464.4  0.7016145E+06

464.6  0.7011128E+06

464.8  0.7006113E+06

465.0  0.7001102E+06

465.2  0.6996095E+06

465.4  0.6991091E+06

465.6  0.6986091E+06

465.8  0.6981094E+06

466.0  0.6976100E+06

466.2  0.6971110E+06

466.4  0.6966123E+06

466.6  0.6961140E+06

466.8  0.6956160E+06

467.0  0.6951184E+06

467.2  0.6946211E+06

467.4  0.6941242E+06

467.6  0.6936276E+06

467.8  0.6931313E+06

468.0  0.6926354E+06

468.2  0.6921398E+06

468.4  0.6916446E+06

468.6  0.6911498E+06

468.8  0.6906552E+06

469.0  0.6901610E+06

469.2  0.6896672E+06

469.4  0.6891737E+06

469.6  0.6886806E+06

469.8  0.6881877E+06

470.0  0.6876953E+06

470.2  0.6872032E+06

470.4  0.6867114E+06

470.6  0.6862200E+06

470.8  0.6857289E+06

471.0  0.6852381E+06

471.2  0.6847477E+06

471.4  0.6842577E+06

471.6  0.6837679E+06

471.8  0.6832786E+06

472.0  0.6827896E+06

472.2  0.6823009E+06

472.4  0.6818125E+06

472.6  0.6813245E+06

472.8  0.6808369E+06

473.0  0.6803496E+06

473.2  0.6798626E+06

473.4  0.6793760E+06

473.6  0.6788897E+06

473.8  0.6784037E+06

474.0  0.6779181E+06

474.2  0.6774329E+06

474.4  0.6769480E+06

474.6  0.6764634E+06

474.8  0.6759792E+06

475.0  0.6754953E+06

475.2  0.6750117E+06

475.4  0.6745285E+06

475.6  0.6740456E+06

475.8  0.6735631E+06

476.0  0.6730809E+06

476.2  0.6725991E+06

476.4  0.6721176E+06

476.6  0.6716364E+06

476.8  0.6711556E+06

477.0  0.6706751E+06

477.2  0.6701950E+06

477.4  0.6697152E+06

477.6  0.6692357E+06

477.8  0.6687566E+06

478.0  0.6682778E+06

478.2  0.6677994E+06

478.4  0.6673213E+06

478.6  0.6668435E+06

478.8  0.6663661E+06

479.0  0.6658890E+06

479.2  0.6654123E+06

479.4  0.6649359E+06

479.6  0.6644598E+06

479.8  0.6639841E+06

480.0  0.6635087E+06

480.2  0.6630336E+06

480.4  0.6625589E+06

480.6  0.6620846E+06

480.8  0.6616105E+06

481.0  0.6611368E+06

481.2  0.6606635E+06

481.4  0.6601904E+06

481.6  0.6597178E+06

481.8  0.6592454E+06

482.0  0.6587734E+06

482.2  0.6583017E+06

482.4  0.6578304E+06

482.6  0.6573594E+06

482.8  0.6568887E+06

483.0  0.6564184E+06

483.2  0.6559484E+06

483.4  0.6554787E+06

483.6  0.6550094E+06

483.8  0.6545404E+06

484.0  0.6540718E+06

484.2  0.6536035E+06

484.4  0.6531355E+06

484.6  0.6526678E+06

484.8  0.6522005E+06

485.0  0.6517336E+06

485.2  0.6512669E+06

485.4  0.6508006E+06

485.6  0.6503346E+06

485.8  0.6498690E+06

486.0  0.6494037E+06

486.2  0.6489387E+06

486.4  0.6484741E+06

486.6  0.6480098E+06

486.8  0.6475458E+06

487.0  0.6470822E+06

487.2  0.6466189E+06

487.4  0.6461559E+06

487.6  0.6456932E+06

487.8  0.6452309E+06

488.0  0.6447690E+06

488.2  0.6443073E+06

488.4  0.6438460E+06

488.6  0.6433850E+06

488.8  0.6429244E+06

489.0  0.6424641E+06

489.2  0.6420041E+06

489.4  0.6415444E+06

489.6  0.6410851E+06

489.8  0.6406261E+06

490.0  0.6401674E+06

490.2  0.6397091E+06

490.4  0.6392511E+06

490.6  0.6387934E+06

490.8  0.6383360E+06

491.0  0.6378790E+06

491.2  0.6374223E+06

491.4  0.6369660E+06

491.6  0.6365099E+06

491.8  0.6360542E+06

492.0  0.6355989E+06

492.2  0.6351438E+06

492.4  0.6346891E+06

492.6  0.6342347E+06

492.8  0.6337807E+06

493.0  0.6333269E+06

493.2  0.6328735E+06

493.4  0.6324204E+06

493.6  0.6319677E+06

493.8  0.6315153E+06

494.0  0.6310632E+06

494.2  0.6306114E+06

494.4  0.6301599E+06

494.6  0.6297088E+06

494.8  0.6292580E+06

495.0  0.6288075E+06

495.2  0.6283574E+06

495.4  0.6279076E+06

495.6  0.6274581E+06

495.8  0.6270089E+06

496.0  0.6265601E+06

496.2  0.6261115E+06

496.4  0.6256633E+06

496.6  0.6252155E+06

496.8  0.6247679E+06

497.0  0.6243207E+06

497.2  0.6238738E+06

497.4  0.6234272E+06

497.6  0.6229809E+06

497.8  0.6225350E+06

498.0  0.6220894E+06

498.2  0.6216441E+06

498.4  0.6211991E+06

498.6  0.6207545E+06

498.8  0.6203102E+06

499.0  0.6198662E+06

499.2  0.6194225E+06

499.4  0.6189791E+06

499.6  0.6185361E+06

499.8  0.6180934E+06

500.0  0.6176510E+06

