100  0.1812741E+04
105  0.8922613E+04
110  0.1732128E+05
115  0.2536900E+05
120  0.3293267E+05
125  0.4019649E+05
130  0.4737750E+05
135  0.5467075E+05
140  0.6224602E+05
145  0.7025467E+05
150  0.7883722E+05
155  0.8812985E+05
160  0.9826994E+05
165  0.1094012E+06
170  0.1216793E+06
175  0.1352787E+06
180  0.1504036E+06
185  0.1673079E+06
190  0.1863322E+06
195  0.2079612E+06
200  0.2328831E+06
205  0.2619917E+06
210  0.2962630E+06
215  0.3364911E+06
220  0.3829626E+06
225  0.4352134E+06
230  0.4919767E+06
235  0.5513432E+06
240  0.6110626E+06
245  0.6688821E+06
250  0.7228278E+06
255  0.7713828E+06
260  0.8135556E+06
265  0.8488599E+06
270  0.8772390E+06
275  0.8989645E+06
280  0.9145332E+06
285  0.9245745E+06
290  0.9297771E+06
295  0.9308345E+06
300  0.9284078E+06
305  0.9231035E+06
310  0.9154618E+06
315  0.9059534E+06
320  0.8949808E+06
325  0.8828828E+06
330  0.8699413E+06
335  0.8563881E+06
340  0.8424120E+06
345  0.8281651E+06
350  0.8137692E+06
355  0.7993208E+06
360  0.7848956E+06
365  0.7705527E+06
370  0.7563373E+06
375  0.7422839E+06
380  0.7284181E+06
385  0.7147586E+06
390  0.7013187E+06
395  0.6881072E+06
400  0.6751297E+06
405  0.6623891E+06
410  0.6498864E+06
415  0.6376210E+06
420  0.6255910E+06
425  0.6137939E+06
430  0.6022265E+06
435  0.5908849E+06
440  0.5797653E+06
445  0.5688633E+06
450  0.5581748E+06
455  0.5476952E+06
460  0.5374202E+06
465  0.5273454E+06
470  0.5174665E+06
475  0.5077794E+06
480  0.4982797E+06
485  0.4889635E+06
490  0.4798268E+06
495  0.4708658E+06
500  0.4620766E+06
