100  0.1812741E+04
105  0.8922589E+04
110  0.1732124E+05
115  0.2536898E+05
120  0.3293265E+05
125  0.4019645E+05
130  0.4737739E+05
135  0.5467050E+05
140  0.6224555E+05
145  0.7025386E+05
150  0.7883590E+05
155  0.8812774E+05
160  0.9826662E+05
165  0.1093960E+06
170  0.1216712E+06
175  0.1352660E+06
180  0.1503833E+06
185  0.1672750E+06
190  0.1862770E+06
195  0.2078673E+06
200  0.2327254E+06
205  0.2617390E+06
210  0.2958873E+06
215  0.3359811E+06
220  0.3823377E+06
225  0.4345311E+06
230  0.4913315E+06
235  0.5508569E+06
240  0.6108705E+06
245  0.6691187E+06
250  0.7236150E+06
255  0.7728229E+06
260  0.8157274E+06
265  0.8518189E+06
270  0.8810194E+06
275  0.9035822E+06
280  0.9199894E+06
285  0.9308593E+06
290  0.9368724E+06
295  0.9387165E+06
300  0.9370491E+06
305  0.9324744E+06
310  0.9255319E+06
315  0.9166917E+06
320  0.9063568E+06
325  0.8948667E+06
330  0.8825042E+06
335  0.8695021E+06
340  0.8560502E+06
345  0.8423017E+06
350  0.8283794E+06
355  0.8143810E+06
360  0.8003830E+06
365  0.7864455E+06
370  0.7726147E+06
375  0.7589256E+06
380  0.7454048E+06
385  0.7320717E+06
390  0.7189402E+06
395  0.7060198E+06
400  0.6933168E+06
405  0.6808346E+06
410  0.6685748E+06
415  0.6565372E+06
420  0.6447206E+06
425  0.6331228E+06
430  0.6217412E+06
435  0.6105723E+06
440  0.5996127E+06
445  0.5888586E+06
450  0.5783060E+06
455  0.5679510E+06
460  0.5577894E+06
465  0.5478174E+06
470  0.5380310E+06
475  0.5284262E+06
480  0.5189993E+06
485  0.5097466E+06
490  0.5006642E+06
495  0.4917488E+06
500  0.4829969E+06
