         100   1812.74114063091     
         105   8922.56542000998     
         110   17321.0896550273     
         115   25368.6540082361     
         120   32932.0958531174     
         125   40195.5548870052     
         130   47375.9765597405     
         135   54668.2820417450     
         140   62242.0582922480     
         145   70248.3737008954     
         150   78827.2744431008     
         155   88114.1896147530     
         160   98245.3182385906     
         165   109362.493794912     
         170   121618.165769701     
         175   135181.404584531     
         180   150246.698084625     
         185   167049.904182663     
         190   185901.555536670     
         195   207254.006239342     
         200   231810.424045188     
         205   260640.750237140     
         210   295208.071996004     
         215   337197.007212232     
         220   388125.112565867     
         225   448859.202605032     
         230   519236.198839787     
         235   597942.684064660     
         240   682682.674948833     
         245   770548.008086548     
         250   858456.324834098     
         255   943538.210214996     
         260   1023405.73149808     
         265   1096286.69498503     
         270   1161044.39935908     
         275   1217118.27798502     
         280   1264421.54425618     
         285   1303224.72862474     
         290   1334044.38930754     
         295   1357547.55597417     
         300   1374475.95787006     
         305   1385589.92640873     
         310   1391629.61934268     
         315   1393290.31229590     
         320   1391208.42428540     
         325   1385955.29741691     
         330   1378036.27974481     
         335   1367893.21257152     
         340   1355908.92138120     
         345   1342412.72192167     
         350   1327686.27497609     
         355   1311969.36368862     
         360   1295465.33974580     
         365   1278346.10387623     
         370   1260756.56524408     
         375   1242818.57438727     
         380   1224634.35406070     
         385   1206289.46824634     
         390   1187855.37647911     
         395   1169391.62190931     
         400   1150947.69951869     
         405   1132564.64718371     
         410   1114276.39783316     
         415   1096110.92638290     
         420   1078091.22079061     
         425   1060236.10262606     
         430   1042560.91906090     
         435   1025078.12514398     
         440   1007797.77261058     
         445   990727.919227214     
         450   973874.970746526     
         455   957243.965890197     
         460   940838.813349571     
         465   924662.488557933     
         470   908717.196916469     
         475   893004.509224936     
         480   877525.474259990     
         485   862280.712744781     
         490   847270.496351626     
         495   832494.814866202     
         500   817393.897296596     
