         100   1812.74114063091     
         105   8922.58582793855     
         110   17321.1942017115     
         115   25368.8973640391     
         120   32932.5330790944     
         125   40196.2757701981     
         130   47377.1327032345     
         135   54670.1185734845     
         140   62244.9623052540     
         145   70252.9514884693     
         150   78834.4747978629     
         155   88125.5013337418     
         160   98263.0897687638     
         165   109390.460402108     
         170   121662.346325758     
         175   135251.687349919     
         180   150359.618110346     
         185   167232.347061859     
         190   186189.193177368     
         195   207659.099884843     
         200   232201.055510761     
         205   260457.702589215     
         210   292997.650955510     
         215   330063.929557562     
         220   371326.139981707     
         225   415760.278621547     
         230   461724.887989170     
         235   507208.203680256     
         240   550153.107575794     
         245   588755.986623328     
         250   621669.691344449     
         255   648088.843919114     
         260   667733.432593476     
         265   680764.989698399     
         270   687671.373997272     
         275   689148.430387663     
         280   685996.149089069     
         285   679037.429946117     
         290   669060.798472048     
         295   656784.494803085     
         300   642837.638653335     
         305   627753.887157563     
         310   611973.491242815     
         315   595850.461372200     
         320   579662.400328743     
         325   563621.310291457     
         330   547884.281858974     
         335   532563.420574745     
         340   517734.681513035     
         345   503445.491859214     
         350   489721.172044756     
         355   476570.240859344     
         360   463988.727141446     
         365   451963.623577705     
         370   440475.616359429     
         375   429501.214461464     
         380   419014.388395755     
         385   408987.813128925     
         390   399393.795027721     
         395   390204.949069072     
         400   381394.680517834     
         405   372937.514943041     
         410   364809.311754439     
         415   356987.389249367     
         420   349450.583281658     
         425   342179.256907273     
         430   335155.274543016     
         435   328361.951130085     
         440   321783.984379883     
         445   315407.376273790     
         450   309219.348490356     
         455   303208.255259722     
         460   297363.496228864     
         465   291675.431208671     
         470   286135.298121925     
         475   280735.135045971     
         480   275467.706918389     
         485   270326.437227087     
         490   265305.344821390     
         495   260398.985844818     
         500   255539.055907715     
