         100   1812.74114063091     
         105   8922.56542000998     
         110   17321.0896550273     
         115   25368.6540082361     
         120   32932.0958531174     
         125   40195.5548870052     
         130   47375.9765597405     
         135   54668.2820417450     
         140   62242.0582922480     
         145   70248.3737008954     
         150   78827.2744430999     
         155   88114.1896147031     
         160   98245.3182366099     
         165   109362.493739485     
         170   121618.164660745     
         175   135181.388482791     
         180   150246.525649747     
         185   167048.517279817     
         190   185893.005401008     
         195   207212.689363515     
         200   231650.154063385     
         205   260129.394962398     
         210   293833.630912695     
         215   334013.576901307     
         220   381637.970532679     
         225   437010.332240260     
         230   499518.329188956     
         235   567621.423505418     
         240   639070.455432357     
         245   711265.034295782     
         250   781629.100756702     
         255   847912.331491448     
         260   908373.943699858     
         265   961849.019472151     
         270   1007723.48383353     
         275   1045852.40290698     
         280   1076453.13723111     
         285   1099996.47528265     
         290   1117109.73272005     
         295   1128498.28704423     
         300   1134886.84718189     
         305   1136978.74823434     
         310   1135430.17495880     
         315   1130835.88211801     
         320   1123723.23192221     
         325   1114551.88579330     
         330   1103717.07137639     
         335   1091554.88957934     
         340   1078348.58382315     
         345   1064335.05319202     
         350   1049711.15955397     
         355   1034639.57045077     
         360   1019254.01086149     
         365   1003663.88285397     
         370   987958.265262797     
         375   972209.335826769     
         380   956475.273191563     
         385   940802.701305201     
         390   925228.737858915     
         395   909782.704187941     
         400   894487.548181911     
         405   879361.025360455     
         410   864416.677001010     
         415   849664.638419070     
         420   835112.305359576     
         425   820764.882004875     
         430   806625.830313448     
         435   792697.237212035     
         440   778980.113494691     
         445   765474.636057023     
         450   752180.343238886     
         455   739096.291499796     
         460   726221.180353855     
         465   713553.451400234     
         470   701091.366365345     
         475   688833.068294872     
         480   676776.629375330     
         485   664920.088307558     
         490   653261.479684306     
         495   641798.857428940     
         500   630126.333581731     
