         100   1812.74114063091     
         105   8922.44239875310     
         110   17320.4580873907     
         115   25367.1800122227     
         120   32929.4411260422     
         125   40191.1704128144     
         130   47368.9392416367     
         135   54657.1036952959     
         140   62224.3953040284     
         145   70220.5672838737     
         150   78783.6236341418     
         155   88045.8024202138     
         160   98138.2890104273     
         165   109194.987022496     
         170   121355.679939783     
         175   134768.861336174     
         180   149594.469230362     
         185   166006.748669535     
         190   184197.495337446     
         195   204380.018092173     
         200   226794.338036385     
         205   251714.514146235     
         210   279459.883048264     
         215   310414.747314162     
         220   345069.615584644     
         225   384116.282940824     
         230   428647.285308918     
         235   480478.275032859     
         240   542483.522726160     
         245   618677.442107219     
         250   713771.420999654     
         255   832178.022571937     
         260   976771.204397461     
         265   1147881.20500674     
         270   1342894.14436959     
         275   1556546.04486120     
         280   1781738.37955917     
         285   2010576.97981635     
         290   2235354.48793630     
         295   2449297.01270282     
         300   2647009.89168195     
         305   2824643.52068598     
         310   2979845.87508146     
         315   3111580.12264210     
         320   3219876.66008663     
         325   3305570.96984397     
         330   3370059.90260279     
         335   3415093.40652720     
         340   3442607.60803444     
         345   3454598.20895334     
         350   3453029.47238926     
         355   3439772.60146291     
         360   3416567.20429200     
         365   3385000.14891967     
         370   3346497.02387827     
         375   3302322.38385435     
         380   3253585.84409556     
         385   3201251.83590313     
         390   3146151.43689052     
         395   3088995.15459210     
         400   3030385.89113015     
         405   2970831.57288210     
         410   2910757.11372238     
         415   2850515.51149874     
         420   2790397.96937592     
         425   2730642.99759868     
         430   2671444.49529314     
         435   2612958.84207152     
         440   2555311.04964112     
         445   2498600.03724609     
         450   2442903.10332512     
         455   2388279.66946887     
         460   2334774.36946424     
         465   2282419.54097497     
         470   2231237.14527942     
         475   2181240.09676348     
         480   2132432.96265626     
         485   2084812.07257793     
         490   2038365.35970150     
         495   1993072.78702855     
         500   1949567.98800498     
