         100   1812.74114063091     
         105   8922.56542000998     
         110   17321.0896550273     
         115   25368.6540082361     
         120   32932.0958531174     
         125   40195.5548870052     
         130   47375.9765597405     
         135   54668.2820417450     
         140   62242.0582922480     
         145   70248.3737008954     
         150   78827.2744431017     
         155   88114.1896148029     
         160   98245.3182405713     
         165   109362.493850338     
         170   121618.166878656     
         175   135181.420686272     
         180   150246.870519502     
         185   167051.291085508     
         190   185910.105672333     
         195   207295.323115169     
         200   231970.694026990     
         205   261152.105511882     
         210   296582.513079312     
         215   340380.437523158     
         220   394612.254599056     
         225   460708.072969804     
         230   538954.068490619     
         235   628263.944623903     
         240   726294.894465309     
         245   829830.981877313     
         250   935283.548911494     
         255   1039164.08893855     
         260   1138437.51929631     
         265   1230724.37049791     
         270   1314365.31488462     
         275   1388384.15306306     
         280   1452389.95128124     
         285   1506452.98196682     
         290   1550979.04589503     
         295   1586596.82490412     
         300   1614065.06855824     
         305   1634201.10458312     
         310   1647829.06372657     
         315   1655744.74247379     
         320   1658693.61664858     
         325   1657358.70904052     
         330   1652355.48811324     
         335   1644231.53556370     
         340   1633469.25893924     
         345   1620490.39065133     
         350   1605661.39039822     
         355   1589299.15692648     
         360   1571676.66863011     
         365   1553028.32489849     
         370   1533554.86522536     
         375   1513427.81294778     
         380   1492793.43492984     
         385   1471776.23518749     
         390   1450482.01509932     
         395   1429000.53963069     
         400   1407407.85085547     
         405   1385768.26900698     
         410   1364136.11866531     
         415   1342557.21434673     
         420   1321070.13622164     
         425   1299707.32324725     
         430   1278496.00780836     
         435   1257459.01307593     
         440   1236615.43172647     
         445   1215981.20239741     
         450   1195569.59825417     
         455   1175391.64028060     
         460   1155456.44634529     
         465   1135771.52571563     
         470   1116343.02746759     
         475   1097175.95015500     
         480   1078274.31914465     
         485   1059641.33718200     
         490   1041279.51301895     
         495   1023190.77230346     
         500   1004661.46101146     
