         100   1812.74114063091     
         105   8922.44571877460     
         110   17320.4751617874     
         115   25367.2199479357     
         120   32929.5131953458     
         125   40191.2896051493     
         130   47369.1306735254     
         135   54657.4077613805     
         140   62224.8754746385     
         145   70221.3223818784     
         150   78784.8070976646     
         155   88047.6524090950     
         160   98141.1754160390     
         165   109199.484939271     
         170   121362.684742187     
         175   134779.769523654     
         180   149611.464004904     
         185   166033.254072335     
         190   184238.905962400     
         195   204444.890532644     
         200   226896.390256114     
         205   251876.164082153     
         210   279719.118396210     
         215   310839.525231885     
         220   345785.328403037     
         225   385336.735702615     
         230   430639.170764850     
         235   483287.338843211     
         240   545208.372537866     
         245   618233.326219995     
         250   703426.774467991     
         255   800436.824682769     
         260   907166.749294564     
         265   1019922.05807882     
         270   1133968.85457098     
         275   1244290.10567192     
         280   1346303.59701843     
         285   1436378.34565636     
         290   1512090.16358900     
         295   1572241.17645202     
         300   1616712.54894973     
         305   1646228.39467190     
         310   1662095.74216064     
         315   1665964.10332035     
         320   1659627.64591417     
         325   1644877.36900872     
         330   1623400.81948345     
         335   1596721.85349661     
         340   1566171.28189663     
         345   1532879.57964191     
         350   1497784.16004127     
         355   1461645.34930847     
         360   1425066.77077077     
         365   1388517.18696507     
         370   1352351.89988804     
         375   1316832.58821801     
         380   1282145.00747445     
         385   1248414.34450932     
         390   1215718.24800357     
         395   1184097.69081063     
         400   1153565.88858398     
         405   1124115.52489073     
         410   1095724.53223111     
         415   1068360.66231170     
         420   1041985.05507754     
         425   1016554.98921672     
         430   992025.970055060     
         435   968353.285619240     
         440   945493.138986951     
         445   923403.445149928     
         450   902044.363476430     
         455   881378.622358654     
         460   861371.680831402     
         465   841991.763532043     
         470   823209.802102502     
         475   804999.320583250     
         480   787336.315378965     
         485   770199.195408093     
         490   753568.844773043     
         495   737428.816321705     
         500   722554.803882456     
