         100   1812.74114063091     
         105   8922.58582793855     
         110   17321.1942017115     
         115   25368.8973640391     
         120   32932.5330790944     
         125   40196.2757701981     
         130   47377.1327032345     
         135   54670.1185734845     
         140   62244.9623052540     
         145   70252.9514884695     
         150   78834.4747978758     
         155   88125.5013343888     
         160   98263.0897912927     
         165   109390.460956427     
         170   121662.356113912     
         175   135251.813383118     
         180   150360.822160517     
         185   167241.048081812     
         190   186237.785466007     
         195   207873.741056104     
         200   232969.373593056     
         205   262741.379324352     
         210   298768.264942416     
         215   342736.181523261     
         220   395997.743994640     
         225   459105.919181258     
         230   531517.920544031     
         235   611580.777558413     
         240   696781.034125901     
         245   784148.094415511     
         250   870678.267150846     
         255   953679.205143280     
         260   1030987.67031546     
         265   1101059.81834499     
         270   1162960.71011555     
         275   1216289.08956499     
         280   1261070.71394483     
         285   1297645.19226017     
         290   1326562.00828985     
         295   1348493.60866761     
         300   1364167.92504318     
         305   1374319.35235869     
         310   1379655.52618489     
         315   1380836.67852834     
         320   1378464.44171823     
         325   1373077.38307831     
         330   1365151.07836262     
         335   1355101.04999641     
         340   1343287.34926002     
         345   1330019.92957707     
         350   1315564.24160050     
         355   1300146.69019619     
         360   1283959.74242460     
         365   1267166.57785692     
         370   1249905.24000161     
         375   1232292.29002791     
         380   1214425.98893879     
         385   1196389.04754026     
         390   1178250.98908666     
         395   1160070.17024792     
         400   1141895.50402568     
         405   1123767.92475505     
         410   1105721.63121086     
         415   1087785.13960459     
         420   1069982.17420662     
         425   1052332.41960923     
         430   1034852.15531960     
         435   1017554.79044830     
         440   1000451.31371447     
         445   983550.671790571     
         450   966860.087115253     
         455   950385.324674261     
         460   934130.915849385     
         465   918100.346232175     
         470   902296.213265170     
         475   886720.358685228     
         480   871373.979981503     
         485   856257.724428265     
         490   841371.768696037     
         495   826715.886571705     
         500   812084.222513870     
