         100   1812.74114063091     
         105   8922.59079314870     
         110   17321.2196511254     
         115   25368.9566000915     
         120   32932.6394513831     
         125   40196.4510365185     
         130   47377.4136249806     
         135   54670.5646234418     
         140   62245.6674434816     
         145   70254.0629577028     
         150   78836.2231781791     
         155   88128.2488038756     
         160   98267.4085164500     
         165   109397.262902165     
         170   121673.111748562     
         175   135268.895175760     
         180   150387.731669286     
         185   167280.432366269     
         190   186278.082568307     
         195   207838.937690572     
         200   232586.967815156     
         205   261287.863577571     
         210   294706.717728245     
         215   333350.312943417     
         220   377184.224764573     
         225   425455.820726186     
         230   476710.706223021     
         235   528997.520281881     
         240   580179.586124181     
         245   628249.306987885     
         250   671566.483888454     
         255   708986.729242248     
         260   739885.561298373     
         265   764106.131320599     
         270   781864.332582747     
         275   793640.241647969     
         280   800075.755489923     
         285   801889.217842423     
         290   799810.827073256     
         295   794538.141287619     
         300   786708.672931076     
         305   776885.754102410     
         310   765553.947143150     
         315   753120.813804938     
         320   739922.542711215     
         325   726231.601430354     
         330   712265.148260438     
         335   698193.386074338     
         340   684147.371462410     
         345   670226.024790157     
         350   656502.241893483     
         355   643028.105885570     
         360   629839.254626956     
         365   616958.488833830     
         370   604398.717234314     
         375   592165.335520642     
         380   580258.129827454     
         385   568672.786238644     
         390   557402.077392390     
         395   546436.786829702     
         400   535766.421997762     
         405   525379.758109913     
         410   515265.247496814     
         415   505411.322646063     
         420   495806.615737364     
         425   486440.113020842     
         430   477301.258730208     
         435   468380.020246677     
         440   459666.923820124     
         445   451153.068211321     
         450   442830.122057533     
         455   434690.309511576     
         460   426726.387702279     
         465   418931.618763600     
         470   411299.738540956     
         475   403824.923574896     
         480   396501.757558382     
         485   389325.198144043     
         490   382290.544725356     
         495   375393.407617267     
         500   368628.549696424     
