         100   1812.74114063091     
         105   8922.44571877460     
         110   17320.4751617874     
         115   25367.2199479357     
         120   32929.5131953458     
         125   40191.2896051493     
         130   47369.1306735254     
         135   54657.4077613805     
         140   62224.8754746385     
         145   70221.3223818784     
         150   78784.8070976646     
         155   88047.6524090950     
         160   98141.1754160390     
         165   109199.484939271     
         170   121362.684742187     
         175   134779.769523654     
         180   149611.464004900     
         185   166033.254072141     
         190   184238.905956870     
         195   204444.890443997     
         200   226896.389690521     
         205   251876.170410107     
         210   279719.307460007     
         215   310841.774417581     
         220   345802.461910718     
         225   385430.905261929     
         230   431036.493527030     
         235   484631.086313022     
         240   548978.060745962     
         245   627259.384738285     
         250   722323.879161275     
         255   835748.935926643     
         260   967099.433356253     
         265   1113686.26734218     
         270   1270890.51629458     
         275   1432893.88251225     
         280   1593552.70071054     
         285   1747178.28024410     
         290   1889082.84915759     
         295   2015854.07127061     
         300   2125394.43242381     
         305   2216795.97501835     
         310   2290124.35419874     
         315   2346172.51613389     
         320   2386224.88715545     
         325   2411854.82932610     
         330   2424764.32392991     
         335   2426665.87879215     
         340   2419201.74032499     
         345   2403893.46087984     
         350   2382114.63708060     
         355   2355080.36042218     
         360   2323848.04665708     
         365   2289325.50019060     
         370   2252283.14945928     
         375   2213368.28740833     
         380   2173119.85519233     
         385   2131982.83448150     
         390   2090321.69363500     
         395   2048432.59689554     
         400   2006554.26218968     
         405   1964877.46584716     
         410   1923553.26030136     
         415   1882700.00777083     
         420   1842409.34944180     
         425   1802751.23318824     
         430   1763778.11854221     
         435   1725528.46896058     
         440   1688029.63073371     
         445   1651300.18661485     
         450   1615351.86127884     
         455   1580191.04539424     
         460   1545819.99518645     
         465   1512237.75399036     
         470   1479440.83028362     
         475   1447423.65345223     
         480   1416178.81987876     
         485   1385697.15331081     
         490   1355967.65864409     
         495   1326977.56443385     
         500   1299077.74615053     
