         100   1812.74114063091     
         105   8922.58527271906     
         110   17321.1913582359     
         115   25368.8907476350     
         120   32932.5211957914     
         125   40196.2561821707     
         130   47377.1012918349     
         135   54670.0686765062     
         140   62244.8833980558     
         145   70252.8270790572     
         150   78834.2790620256     
         155   88125.1937145561     
         160   98262.6062144104     
         165   109389.698946757     
         170   121661.143990047     
         175   135249.796844920     
         180   150356.807452445     
         185   167229.378209962     
         190   186192.684520804     
         195   207698.276184914     
         200   232370.074531056     
         205   260995.548758172     
         210   294400.480983479     
         215   333197.524726026     
         220   377488.921637836     
         225   426657.001240389     
         230   479343.924323385     
         235   533631.031321757     
         240   587344.308245062     
         245   638380.327899937     
         250   684966.410635006     
         255   725812.850887301     
         260   760156.840644138     
         265   787723.358749791     
         270   808636.709325250     
         275   823313.050869480     
         280   832355.623247944     
         285   836465.144352340     
         290   836370.419282218     
         295   832779.269310772     
         300   826347.186714465     
         305   817660.046040563     
         310   807227.134697070     
         315   795481.221482335     
         320   782783.036762841     
         325   769428.203612402     
         330   755655.242323640     
         335   741653.738091611     
         340   727572.113138949     
         345   713524.695292407     
         350   699597.945260274     
         355   685855.814427801     
         360   672344.270913993     
         365   659095.067453995     
         370   646128.840584602     
         375   633457.633985497     
         380   621086.934801595     
         385   609017.303799280     
         390   597245.670530582     
         395   585766.354679588     
         400   574571.865246699     
         405   563653.520605903     
         410   553001.924919641     
         415   542607.329937199     
         420   532459.905773438     
         425   522549.939759761     
         430   512867.978757272     
         435   503404.927301556     
         440   494152.111496464     
         445   485101.316590457     
         450   476244.804567573     
         455   467575.316793595     
         460   459086.065717141     
         465   450770.718786622     
         470   442623.377068289     
         475   434638.550506483     
         480   426811.131329761     
         485   419136.366755745     
         490   411609.831867442     
         495   404227.403311776     
         500   396879.644938379     
