         100   1812.74114063091     
         105   8922.56690735081     
         110   17321.0972765995     
         115   25368.6717553715     
         120   32932.1277489610     
         125   40195.6074878008     
         130   47376.0609292938     
         135   54668.4160621990     
         140   62242.2701918213     
         145   70248.7076734541     
         150   78827.7996077424     
         155   88115.0143406171     
         160   98246.6132592707     
         165   109364.530076423     
         170   121621.377018361     
         175   135186.478493474     
         180   150254.572050549     
         185   167060.652974771     
         190   185907.364372013     
         195   207211.093899863     
         200   231558.553130344     
         205   259732.130275887     
         210   292635.615610111     
         215   331078.859404676     
         220   375466.710530660     
         225   425519.578496750     
         230   480157.287148123     
         235   537600.430294487     
         240   595644.656771746     
         245   652004.655022257     
         250   704624.514169770     
         255   751889.746493045     
         260   792723.087434546     
         265   826580.650994119     
         270   853381.043397699     
         275   873401.160635872     
         280   887165.294240278     
         285   895344.596349905     
         290   898675.364780397     
         295   897898.390521347     
         300   893717.851203327     
         305   886776.426517963     
         310   877642.809147947     
         315   866808.027581759     
         320   854687.583119124     
         325   841627.081240913     
         330   827909.671365369     
         335   813764.139323240     
         340   799372.909166995     
         345   784879.513874514     
         350   770395.306392109     
         355   756005.323537272     
         360   741773.304040828     
         365   727745.913739362     
         370   713956.257494643     
         375   700426.767605260     
         380   687171.558555717     
         385   674198.332240258     
         390   661509.909177749     
         395   649105.451538118     
         400   636981.434145286     
         405   625132.410632514     
         410   613551.613909043     
         415   602231.423155376     
         420   591163.723681109     
         425   580340.181070463     
         430   569752.446992335     
         435   559392.310740532     
         440   549251.807877032     
         445   539323.295168721     
         450   529599.499242078     
         455   520073.544951616     
         460   510738.968300968     
         465   501589.717817194     
         470   492620.147516531     
         475   483825.003979465     
         480   475199.409547675     
         485   466738.843243652     
         490   458439.120678538     
         495   450296.373940785     
         500   442060.910595401     
