         100   1812.74114063091     
         105   8922.56690735081     
         110   17321.0972765995     
         115   25368.6717553715     
         120   32932.1277489610     
         125   40195.6074878008     
         130   47376.0609292938     
         135   54668.4160621990     
         140   62242.2701918213     
         145   70248.7076734541     
         150   78827.7996077414     
         155   88115.0143405623     
         160   98246.6132571157     
         165   109364.530016722     
         170   121621.375835550     
         175   135186.461480652     
         180   150254.391488894     
         185   167059.212922955     
         190   185898.555732887     
         195   207168.830103081     
         200   231395.654597494     
         205   259215.317254227     
         210   291253.341947589     
         215   327890.910580570     
         220   368994.070959113     
         225   413733.991908865     
         230   460596.563093598     
         235   507588.134988227     
         240   552558.475715050     
         245   593530.237362726     
         250   628947.183007802     
         255   657802.098822085     
         260   679650.082671443     
         265   694538.938344003     
         270   702895.232174757     
         275   705398.864030774     
         280   702868.230277388     
         285   696167.390619884     
         290   686138.551554528     
         295   673558.151933933     
         300   659112.382618381     
         305   643387.282740392     
         310   626868.880406718     
         315   609949.633593017     
         320   592938.330662290     
         325   576071.443499455     
         330   559524.611272437     
         335   543423.453560282     
         340   527853.283676690     
         345   512867.544200205     
         350   498494.946273386     
         355   484745.388022195     
         360   471614.776244775     
         365   459088.894978429     
         370   447146.465915767     
         375   435761.536654424     
         380   424905.318564869     
         385   414547.579909126     
         390   404657.683703700     
         395   395205.344787422     
         400   386161.167161177     
         405   377497.011093065     
         410   369186.229704154     
         415   361203.806628862     
         420   353526.419689907     
         425   346132.450134837     
         430   339001.952649426     
         435   332116.597909745     
         440   325459.596698763     
         445   319015.612457678     
         450   312770.667451747     
         455   306712.046410697     
         460   300828.200477701     
         465   295108.653506491     
         470   289543.912133759     
         475   284125.380584068     
         480   278845.280805700     
         485   273696.578263051     
         490   268672.913504325     
         495   263768.539465678     
         500   258876.858151303     
