         100   1812.74114063091     
         105   8922.56690735081     
         110   17321.0972765995     
         115   25368.6717553715     
         120   32932.1277489610     
         125   40195.6074878008     
         130   47376.0609292938     
         135   54668.4160621990     
         140   62242.2701918213     
         145   70248.7076734541     
         150   78827.7996077443     
         155   88115.0143407267     
         160   98246.6132635807     
         165   109364.530195823     
         170   121621.379383984     
         175   135186.512519118     
         180   150254.933173860     
         185   167063.533078402     
         190   185924.981650265     
         195   207295.621493428     
         200   231884.350196043     
         205   260765.756319208     
         210   295400.162935155     
         215   337454.757052888     
         220   388411.989673755     
         225   449090.751672519     
         230   519278.735257174     
         235   597625.020907008     
         240   681817.018885135     
         245   768953.490341320     
         250   855979.176493705     
         255   940065.041834965     
         260   1018869.09696075     
         265   1090664.07629435     
         270   1154352.66584358     
         275   1209405.75384606     
         280   1255759.42216606     
         285   1293699.00780994     
         290   1323748.99123213     
         295   1346578.86769617     
         300   1362928.78837322     
         305   1373554.71407310     
         310   1379190.66663040     
         315   1380524.81555924     
         320   1378186.08803279     
         325   1372738.35672383     
         330   1364679.79155123     
         335   1354445.51084915     
         340   1342412.16014760     
         345   1328903.45322313     
         350   1314196.02662955     
         355   1298525.19456742     
         360   1282090.35963293     
         365   1265059.95126123     
         370   1247575.84065240     
         375   1229757.22950693     
         380   1211704.03853741     
         385   1193499.83690252     
         390   1175214.36012585     
         395   1156905.66503951     
         400   1138621.96811350     
         405   1120403.20971141     
         410   1102282.38231882     
         415   1084286.65620840     
         420   1066438.33166351     
         425   1048755.64294171     
         430   1031253.43567815     
         435   1013943.73640210     
         440   996836.230233568     
         445   979938.660590807     
         450   963257.162822739     
         455   946796.542033452     
         460   930560.503947502     
         465   914551.846438600     
         470   898772.618282073     
         475   883224.250770259     
         480   867907.667031626     
         485   852823.373204853     
         490   837971.535026964     
         495   823352.042890997     
         500   808429.015483596     
