         100   1812.74114063091     
         105   8922.44239875310     
         110   17320.4580873907     
         115   25367.1800122227     
         120   32929.4411260422     
         125   40191.1704128144     
         130   47368.9392416367     
         135   54657.1036952959     
         140   62224.3953040284     
         145   70220.5672838737     
         150   78783.6236341418     
         155   88045.8024202138     
         160   98138.2890104273     
         165   109194.987022496     
         170   121355.679939783     
         175   134768.861336174     
         180   149594.469230361     
         185   166006.748669560     
         190   184197.495340307     
         195   204380.018194838     
         200   226794.340074416     
         205   251714.538636303     
         210   279460.056121607     
         215   310415.254913956     
         220   345066.759303616     
         225   384072.592958083     
         230   428362.019548351     
         235   479206.266521990     
         240   538122.888799850     
         245   606481.298084642     
         250   684836.104923350     
         255   772238.534196081     
         260   865870.297475239     
         265   961215.675501268     
         270   1052732.82238155     
         275   1134779.46461388     
         280   1202493.20179860     
         285   1252406.70880638     
         290   1282713.69564711     
         295   1293218.88452728     
         300   1285070.08116876     
         305   1260383.88453060     
         310   1221857.27330735     
         315   1172425.29319483     
         320   1114994.21467501     
         325   1052256.40681919     
         330   986579.049327105     
         335   919952.184845655     
         340   853980.123096883     
         345   789901.644215636     
         350   728627.178615690     
         355   670784.135817120     
         360   616764.265982379     
         365   566769.139840013     
         370   520851.489422068     
         375   478951.322560581     
         380   440926.502796443     
         385   406577.970495821     
         390   375670.055417822     
         395   347946.463227435     
         400   323142.558896972     
         405   300994.554442776     
         410   281246.161488916     
         415   263653.206830232     
         420   247986.641645839     
         425   234034.308405976     
         430   221601.767255868     
         435   210512.427459075     
         440   200607.179968296     
         445   191743.684373669     
         450   183795.427203492     
         455   176650.639228399     
         460   170211.139253021     
         465   164391.166173999     
         470   159116.277284167     
         475   154322.430614150     
         480   149955.410215238     
         485   145970.728073620     
         490   142333.934786740     
         495   139020.804517521     
         500   136915.135237827     
