         100   1812.74114063091     
         105   8922.52178605188     
         110   17320.8659105481     
         115   25368.1325754422     
         120   32931.1579895641     
         125   40194.0073818507     
         130   47373.4938009565     
         135   54664.3382391590     
         140   62235.8241690493     
         145   70238.5522867504     
         150   78811.8400618172     
         155   88089.9723843054     
         160   98207.3378738082     
         165   109302.876724299     
         170   121524.341715786     
         175   135032.957476019     
         180   150009.339187024     
         185   166662.413710338     
         190   185245.750778351     
         195   206091.993402931     
         200   229683.966204674     
         205   256775.055741670     
         210   288527.787336574     
         215   326568.104745581     
         220   372826.547259455     
         225   429124.358479731     
         230   496622.383586674     
         235   575355.644258905     
         240   664044.017731705     
         245   760235.005680377     
         250   860697.318724846     
         255   961915.714752025     
         260   1060546.74475439     
         265   1153748.87440056     
         270   1239360.62923077     
         275   1315943.90766177     
         280   1382730.61238675     
         285   1439513.86333798     
         290   1486518.00936399     
         295   1524271.04929269     
         300   1553492.98183374     
         305   1575005.83295056     
         310   1589665.98788945     
         315   1598316.58122364     
         320   1601756.44026670     
         325   1600721.83739454     
         330   1595877.62361196     
         335   1587814.87642344     
         340   1577052.81054250     
         345   1564043.26953583     
         350   1549176.59652374     
         355   1532788.06221635     
         360   1515164.31578554     
         365   1496549.53263785     
         370   1477151.07909335     
         375   1457144.61223637     
         380   1436678.59646361     
         385   1415878.25664992     
         390   1394849.00915062     
         395   1373679.42181762     
         400   1352443.75696522     
         405   1331204.14967427     
         410   1310012.46993091     
         415   1288911.91213846     
         420   1267938.35031729     
         425   1247121.49228079     
         430   1226485.86148851     
         435   1206051.63122781     
         440   1185835.33227507     
         445   1165850.45219841     
         450   1146107.94192805     
         455   1126616.64306835     
         460   1107383.64759500     
         465   1088414.60001159     
         470   1069713.95068520     
         475   1051285.16789820     
         480   1033130.91511288     
         485   1015253.19901827     
         490   997653.493093676     
         495   980332.840658374     
         500   962491.305380986     
