         100   1812.74114063091     
         105   8922.58943206393     
         110   17321.2126588913     
         115   25368.9403085638     
         120   32932.6102033672     
         125   40196.4028918903     
         130   47377.3365492057     
         135   54670.4423800916     
         140   62245.4743807358     
         145   70253.7588812018     
         150   78835.7451522772     
         155   88127.4979840587     
         160   98266.2287501131     
         165   109395.405182631     
         170   121670.172872557     
         175   135264.205622690     
         180   150380.141802732     
         185   167267.934541953     
         190   186257.361261758     
         195   207805.542433877     
         200   232537.797318859     
         205   261227.963466555     
         210   294660.604362317     
         215   333374.519771194     
         220   377375.270536043     
         225   425948.765817936     
         230   477667.425249369     
         235   530588.041393611     
         240   582561.942110359     
         245   631552.824647779     
         250   675881.339369028     
         255   714360.284365191     
         260   746324.349625328     
         265   771581.619289197     
         270   790320.559203935     
         275   803001.822520531     
         280   810255.247956718     
         285   812793.313301495     
         290   811345.189777354     
         295   806610.940034190     
         300   799232.973919903     
         305   789780.990459832     
         310   778746.681541035     
         315   766544.986960534     
         320   753519.366953879     
         325   739949.223717291     
         330   726058.175582267     
         335   712022.339986227     
         340   697978.117816878     
         345   684029.209140811     
         350   670252.749663349     
         355   656704.558366375     
         360   643423.546387720     
         365   630435.368488648     
         370   617755.411211056     
         375   605391.213074673     
         380   593344.406756833     
         385   581612.264366281     
         390   570188.916739286     
         395   559066.307413816     
         400   548234.932291815     
         405   537684.407339256     
         410   527403.899131713     
         415   517382.446627731     
         420   507609.197166270     
         425   498073.575224975     
         430   488765.398817701     
         435   479674.955429825     
         440   470793.046975133     
         445   462111.011308815     
         450   453620.726261921     
         455   445314.600901730     
         460   437185.557710818     
         465   429227.008566780     
         470   421432.826755449     
         475   413797.316731548     
         480   406315.182926741     
         485   398981.498575719     
         490   391791.675269950     
         495   384741.433743155     
         500   377781.002957882     
