         100   1812.74114063091     
         105   8922.51852772687     
         110   17320.8491909273     
         115   25368.0935770049     
         120   32931.0877899313     
         125   40193.8914858190     
         130   47373.3078138316     
         135   54664.0428067401     
         140   62235.3572775347     
         145   70237.8170513243     
         150   78810.6853768315     
         155   88088.1622585886     
         160   98204.5025893671     
         165   109298.434258790     
         170   121517.369084391     
         175   135021.971601004     
         180   149991.873384877     
         185   166633.876157144     
         190   185194.969390366     
         195   205982.671804136     
         200   229389.368608076     
         205   255897.919732056     
         210   286019.149358402     
         215   320113.272266347     
         220   358110.573470726     
         225   399241.911892050     
         230   441930.330708517     
         235   483931.555962221     
         240   522688.143853839     
         245   555768.238606259     
         250   581245.392711272     
         255   597926.946646731     
         260   605409.809616289     
         265   603996.805514450     
         270   594530.532232122     
         275   578200.004364986     
         280   556360.212620398     
         285   530386.695303831     
         290   501572.355046192     
         295   471064.095294479     
         300   439831.993395198     
         305   408662.307470435     
         310   378166.208718219     
         315   348797.640854581     
         320   320875.433403940     
         325   294606.362586576     
         330   270107.111698208     
         335   247424.009680126     
         340   226550.061880914     
         345   207439.192433254     
         350   190017.855064366     
         355   174194.291139585     
         360   159865.761008912     
         365   146924.076749446     
         370   135259.741374240     
         375   124764.964676327     
         380   115335.787216940     
         385   106873.506221785     
         390   99285.5627354849     
         395   92486.0193120199     
         400   86395.7319709080     
         405   80942.2988604874     
         410   76059.8505680838     
         415   71688.7327635826     
         420   67775.1203326296     
         425   64270.5928750482     
         430   61131.6940060471     
         435   58319.4909623793     
         440   55799.1463034805     
         445   53539.5097812448     
         450   51512.7355464299     
         455   49693.9276137385     
         460   48060.8147974374     
         465   46593.4550524436     
         470   45273.9682268493     
         475   44086.2955796841     
         480   43015.9839830339     
         485   42049.9924618381     
         490   41176.5185904698     
         495   40384.8422443061     
         500   40316.4117750568     
