         100   1812.74114063091     
         105   8922.59057743296     
         110   17321.2185254017     
         115   25368.9539584787     
         120   32932.6347148487     
         125   40196.4432874639     
         130   47377.4013163314     
         135   54670.5452504968     
         140   62245.6370507604     
         145   70254.0153551090     
         150   78836.1486894456     
         155   88128.1322592452     
         160   98267.2260008306     
         165   109396.976489346     
         170   121672.662388002     
         175   135268.210664479     
         180   150386.898068943     
         185   167280.843710992     
         190   186287.614981556     
         195   207888.864994173     
         200   232773.114871223     
         205   261845.813237752     
         210   296114.285043500     
         215   336426.186712786     
         220   383138.159063861     
         225   435856.734546972     
         230   493369.428429625     
         235   553792.098140097     
         240   614867.025264974     
         245   674304.594595595     
         250   730074.373526313     
         255   780593.598829271     
         260   824804.540631053     
         265   862161.139301138     
         270   892556.958625059     
         275   916225.463941876     
         280   933636.208367687     
         285   945401.605885690     
         290   952201.332807967     
         295   954726.013202410     
         300   953638.650695185     
         305   949550.766447118     
         310   943009.812425428     
         315   934494.665937320     
         320   924416.533696203     
         325   913123.189767556     
         330   900905.027592493     
         335   888001.872166065     
         340   874609.862338094     
         345   860887.982534529     
         350   846964.013486292     
         355   832939.800040329     
         360   818895.816626930     
         365   804895.060612463     
         370   790986.330840650     
         375   777206.960814954     
         380   763585.078704790     
         385   750141.463499118     
         390   736891.060760829     
         395   723844.214228740     
         400   711007.662010620     
         405   698385.338917740     
         410   685979.019929173     
         415   673788.833979687     
         420   661813.672263802     
         425   650051.511001452     
         430   638499.665046312     
         435   627154.985751549     
         440   616014.014053856     
         445   605073.097714790     
         450   594328.479996770     
         455   583776.365687614     
         460   573412.969269442     
         465   563234.549111419     
         470   553237.430814828     
         475   543418.022223777     
         480   533772.822111103     
         485   524298.424136986     
         490   514991.517341206     
         495   505848.884155554     
         500   496845.984906805     
