         100   1812.74114063091     
         105   8922.51852772687     
         110   17320.8491909273     
         115   25368.0935770049     
         120   32931.0877899313     
         125   40193.8914858190     
         130   47373.3078138316     
         135   54664.0428067401     
         140   62235.3572775347     
         145   70237.8170513243     
         150   78810.6853768315     
         155   88088.1622585899     
         160   98204.5025894451     
         165   109298.434262053     
         170   121517.369181039     
         175   135021.973651679     
         180   149991.904966173     
         185   166634.234415009     
         190   185198.014165110     
         195   206002.438539668     
         200   229489.542139953     
         205   256303.580871950     
         210   287363.982871683     
         215   323851.661487789     
         220   367026.204197161     
         225   417873.602179091     
         230   476703.520209785     
         235   542871.683099609     
         240   614749.511610888     
         245   689945.662849709     
         250   765684.566926308     
         255   839212.726369629     
         260   908129.101426420     
         265   970588.430740898     
         270   1025375.15867161     
         275   1071875.73521065     
         280   1109987.53763644     
         285   1139999.69197346     
         290   1162471.82732161     
         295   1178126.52986500     
         300   1187762.75145453     
         305   1192191.55694031     
         310   1192192.18397095     
         315   1188484.83249415     
         320   1181716.24506429     
         325   1172454.45035655     
         330   1161189.65026684     
         335   1148338.90865582     
         340   1134252.92621388     
         345   1119223.70920207     
         350   1103492.34836488     
         355   1087256.42713815     
         360   1070676.79287991     
         365   1053883.57041563     
         370   1036981.39123715     
         375   1020053.86879667     
         380   1003167.38189453     
         385   986374.242712491     
         390   969715.329766896     
         395   953222.263276563     
         400   936919.194097239     
         405   920824.269398338     
         410   904950.829862608     
         415   889308.385096448     
         420   873903.406536927     
         425   858739.970604920     
         430   843820.279221456     
         435   829145.080036975     
         440   814714.004739623     
         445   800525.840510251     
         450   786578.746976788     
         455   772870.428793148     
         460   759398.272141802     
         465   746159.451960175     
         470   733151.015456432     
         475   720369.946457764     
         480   707813.214281278     
         485   695477.810098895     
         490   683360.773154573     
         495   671459.208662405     
         500   659458.182333964     
