         100   1812.74114063091     
         105   8922.58943206393     
         110   17321.2126588913     
         115   25368.9403085638     
         120   32932.6102033672     
         125   40196.4028918903     
         130   47377.3365492057     
         135   54670.4423800916     
         140   62245.4743807358     
         145   70253.7588812020     
         150   78835.7451522890     
         155   88127.4979846393     
         160   98266.2287699041     
         165   109395.405659557     
         170   121670.181125917     
         175   135264.309856195     
         180   150381.119482425     
         185   167274.879551003     
         190   186295.539445501     
         195   207971.789382162     
         200   233125.349761244     
         205   262954.883101214     
         210   298982.033026511     
         215   342785.035446587     
         220   395565.501686881     
         225   457712.502101099     
         230   528547.350615185     
         235   606343.722198722     
         240   688593.511443364     
         245   772405.722336513     
         250   854911.126383900     
         255   933581.074655193     
         260   1006420.91994741     
         265   1072041.70480662     
         270   1129638.24497649     
         275   1178908.99604924     
         280   1219949.35267470     
         285   1253141.52336992     
         290   1279055.11462912     
         295   1298365.19246289     
         300   1311789.49792997     
         305   1320043.47971388     
         310   1323810.35830380     
         315   1323723.01349942     
         320   1320354.65080155     
         325   1314215.64442212     
         330   1305754.48240064     
         335   1295361.24597163     
         340   1283372.49129382     
         345   1270076.75159238     
         350   1255720.14473544     
         355   1240511.76667487     
         360   1224628.68896943     
         365   1208220.47221134     
         370   1191413.16817717     
         375   1174312.82125779     
         380   1157008.50137021     
         385   1139574.91144505     
         390   1122074.61654789     
         395   1104559.94141058     
         400   1087074.58044054     
         405   1069654.96034039     
         410   1052331.39106757     
         415   1035129.03645323     
         420   1018068.73163882     
         425   1001167.67070604     
         430   984439.984516268     
         435   967897.225839622     
         440   951548.776312766     
         445   935402.187580610     
         450   919463.467106747     
         455   903737.317539332     
         460   888227.337155113     
         465   872936.187740667     
         470   857865.735277546     
         475   843017.167952241     
         480   828391.095291541     
         485   813987.631611289     
         490   799806.466446571     
         495   785846.924191300     
         500   772014.299235165     
