         100   1812.74114063091     
         105   8922.59057743296     
         110   17321.2185254017     
         115   25368.9539584787     
         120   32932.6347148487     
         125   40196.4432874639     
         130   47377.4013163314     
         135   54670.5452504968     
         140   62245.6370507604     
         145   70254.0153551088     
         150   78836.1486894373     
         155   88128.1322588397     
         160   98267.2259871023     
         165   109396.976160662     
         170   121672.656735703     
         175   135268.139709965     
         180   150386.236332246     
         185   167276.168070051     
         190   186262.037961805     
         195   207777.983886864     
         200   232382.786676731     
         205   260702.558349031     
         210   293262.057403436     
         215   330231.222971598     
         220   371190.137696752     
         225   415032.643098890     
         230   460066.467516567     
         235   504274.335476248     
         240   545638.972809880     
         245   582430.805357635     
         250   613394.525846933     
         255   637818.477606463     
         260   655506.295728650     
         265   666686.216070722     
         270   671893.528247957     
         275   671853.145113063     
         280   667378.524233381     
         285   659293.925779404     
         290   648380.602268524     
         295   635343.925597131     
         300   620796.985952051     
         305   605256.066698271     
         310   589143.970799373     
         315   572798.012524709     
         320   556480.338413453     
         325   540388.979372197     
         330   524668.618708228     
         335   509420.490776786     
         340   494711.123924473     
         345   480579.837745804     
         350   467045.025277928     
         355   454109.318266670     
         360   441763.765628851     
         365   429991.164644032     
         370   418768.680334291     
         375   408069.877088095     
         380   397866.271850894     
         385   388128.502617999     
         390   378827.190966628     
         395   369933.563714172     
         400   361419.886815873     
         405   353259.754382088     
         410   345428.267118090     
         415   337902.127407072     
         420   330659.672478138     
         425   323680.862430703     
         430   316947.236142108     
         435   310441.845102696     
         440   304149.172860524     
         445   298055.045896569     
         450   292146.540291308     
         455   286411.887403444     
         460   280840.380895136     
         465   275422.286752396     
         470   270148.757421685     
         475   265011.750780508     
         480   260003.954354154     
         485   255118.714961394     
         490   250349.973802349     
         495   245692.206878473     
         500   241129.982197591     
