         100   1812.74114063091     
         105   8922.59067692684     
         110   17321.2190356188     
         115   25368.9551462706     
         120   32932.6368475409     
         125   40196.4468004461     
         130   47377.4069452794     
         135   54670.5541857292     
         140   62245.6511729820     
         145   70254.0376117151     
         150   78836.1836964044     
         155   88128.1872678129     
         160   98267.3124633230     
         165   109397.112532707     
         170   121672.875106269     
         175   135268.519131438     
         180   150387.122931248     
         185   167279.413686759     
         190   186276.293793773     
         195   207835.639966951     
         200   232580.726108640     
         205   261276.139209558     
         210   294685.470536254     
         215   333313.744765489     
         220   377124.772585732     
         225   425364.445527463     
         230   476577.449674107     
         235   528812.238186156     
         240   579932.731361909     
         245   627932.634048803     
         250   671173.578116396     
         255   708513.312168229     
         260   739329.571624442     
         265   763467.616770090     
         270   781145.206322417     
         275   792843.960117247     
         280   799206.967254539     
         285   800953.420898276     
         290   798814.059008881     
         295   793486.715352206     
         300   785608.964402171     
         305   775744.035500252     
         310   764376.267389404     
         315   751912.914785136     
         320   738689.806296233     
         325   724979.020366009     
         330   710997.315091750     
         335   696914.495191757     
         340   682861.230290963     
         345   668936.071004450     
         350   655211.564291145     
         355   641739.467176301     
         360   628555.114897211     
         365   615681.028840040     
         370   603129.860975893     
         375   590906.771763938     
         380   579011.332408628     
         385   567439.033080911     
         390   556182.468242887     
         395   545232.259763396     
         400   534577.768758164     
         405   524207.638365282     
         410   514110.202090917     
         415   504273.785917922     
         420   494686.926977458     
         425   485338.527123617     
         430   476217.956095677     
         435   467315.115977903     
         440   458620.476258859     
         445   450125.086850969     
         450   441820.574870856     
         455   433699.129729975     
         460   425753.480083820     
         465   417976.865388023     
         470   410363.004171507     
         475   402906.060628831     
         480   395600.610730329     
         485   388441.608729038     
         490   381424.354691332     
         495   374544.463480232     
         500   367786.556740881     
