         100   1812.74114063091     
         105   8922.59057743296     
         110   17321.2185254017     
         115   25368.9539584787     
         120   32932.6347148487     
         125   40196.4432874639     
         130   47377.4013163314     
         135   54670.5452504968     
         140   62245.6370507604     
         145   70254.0153551091     
         150   78836.1486894539     
         155   88128.1322596506     
         160   98267.2260145589     
         165   109396.976818029     
         170   121672.668040301     
         175   135268.281618993     
         180   150387.559805641     
         185   167285.519351933     
         190   186313.192001308     
         195   207999.746101482     
         200   233163.443065715     
         205   262989.068126474     
         210   298966.512683564     
         215   342621.150453975     
         220   395086.180430969     
         225   456680.825995053     
         230   526672.389342684     
         235   603309.860803947     
         240   684095.077720067     
         245   766178.383833554     
         250   846754.221205693     
         255   923368.720052080     
         260   994102.785533457     
         265   1057636.06253155     
         270   1113220.38900216     
         275   1160597.78277069     
         280   1199893.89250199     
         285   1231509.28599198     
         290   1256022.06334741     
         295   1274108.10080769     
         300   1286480.31543832     
         305   1293845.46619596     
         310   1296875.65405148     
         315   1296191.31934993     
         320   1292352.72897895     
         325   1285857.40016292     
         330   1277141.43647676     
         335   1266583.25355534     
         340   1254508.60075171     
         345   1241196.12732325     
         350   1226883.00169466     
         355   1211770.28181399     
         360   1196027.86762501     
         365   1179798.95658089     
         370   1163203.98134701     
         375   1146344.04454181     
         380   1129303.88555869     
         385   1112154.42438024     
         390   1094954.93055503     
         395   1077754.86474331     
         400   1060595.43720537     
         405   1043510.92345339     
         410   1026529.77274026     
         415   1009675.54055230     
         420   992967.672049466     
         425   976422.159572201     
         430   960052.093950517     
         435   943868.126400402     
         440   927878.855247188     
         445   912091.149533011     
         450   896510.419702232     
         455   881140.843971784     
         460   865985.557643748     
         465   851046.811470443     
         470   836326.104207972     
         475   821824.293667046     
         480   807541.689868051     
         485   793478.133312578     
         490   779633.060880063     
         495   766005.561432635     
         500   752561.987616018     
