         100   1812.74114063091     
         105   8922.59057743296     
         110   17321.2185254017     
         115   25368.9539584787     
         120   32932.6347148487     
         125   40196.4432874639     
         130   47377.4013163314     
         135   54670.5452504968     
         140   62245.6370507604     
         145   70254.0153551090     
         150   78836.1486894498     
         155   88128.1322594479     
         160   98267.2260076947     
         165   109396.976653688     
         170   121672.665214151     
         175   135268.246141736     
         180   150387.228937292     
         185   167283.181531463     
         190   186300.403491432     
         195   207944.305547827     
         200   232968.278968469     
         205   262417.440682113     
         210   297540.398863532     
         215   339523.668583381     
         220   389112.169747415     
         225   446268.780271013     
         230   510020.908886155     
         235   578550.979472023     
         240   649481.051492521     
         245   720241.489214576     
         250   788414.297366004     
         255   851981.159440677     
         260   909453.663082257     
         265   959898.600916349     
         270   1002888.67381361     
         275   1038411.62335629     
         280   1066765.05043484     
         285   1088455.44593884     
         290   1104111.69807769     
         295   1114417.05700505     
         300   1120059.48306676     
         305   1121698.11632155     
         310   1119942.73323846     
         315   1115342.99264363     
         320   1108384.63133758     
         325   1099490.29496524     
         330   1089023.23203463     
         335   1077292.56286071     
         340   1064559.23154491     
         345   1051042.05492890     
         350   1036923.50759048     
         355   1022355.04092716     
         360   1007461.84212597     
         365   992347.008596682     
         370   977095.156093833     
         375   961775.502678386     
         380   946444.482131741     
         385   931147.943939680     
         390   915922.995657933     
         395   900799.539486027     
         400   885801.549607996     
         405   870948.131185569     
         410   856254.396334718     
         415   841732.187265998     
         420   827390.672156637     
         425   813236.835286829     
         430   799275.879498417     
         435   785511.556075978     
         440   771946.434650524     
         445   758582.123623903     
         450   745419.449849503     
         455   732458.604829701     
         460   719699.263456598     
         465   707140.680290933     
         470   694781.767511402     
         475   682621.157945413     
         480   670657.255989579     
         485   658888.278724784     
         490   647312.289110636     
         495   635927.222794097     
         500   624703.986261413     
