         100   1812.74114063091     
         105   8922.44239875310     
         110   17320.4580873907     
         115   25367.1800122227     
         120   32929.4411260422     
         125   40191.1704128144     
         130   47368.9392416367     
         135   54657.1036952959     
         140   62224.3953040284     
         145   70220.5672838737     
         150   78783.6236341418     
         155   88045.8024202138     
         160   98138.2890104273     
         165   109194.987022496     
         170   121355.679939783     
         175   134768.861336174     
         180   149594.469230361     
         185   166006.748669568     
         190   184197.495341261     
         195   204380.018229060     
         200   226794.340753760     
         205   251714.546799659     
         210   279460.113812721     
         215   310415.424113887     
         220   345065.807209940     
         225   384058.029630503     
         230   428266.930961495     
         235   478782.263685033     
         240   536669.344157747     
         245   602415.916743784     
         250   675190.999564583     
         255   752258.704737462     
         260   828903.328501166     
         265   898993.832332776     
         270   956012.381718872     
         275   994190.604531439     
         280   1009411.47587841     
         285   999683.285136393     
         290   965166.764884044     
         295   907859.508468761     
         300   831090.144331035     
         305   738964.005812143     
         310   635861.072715982     
         315   526040.350045742     
         320   413366.732871137     
         325   301151.552477604     
         330   192085.431568544     
         335   88238.4442851418     
         340  -8895.70521563540     
         345  -98330.5440302627     
         350  -179506.919308830     
         355  -252212.019398140     
         360  -316503.380120824     
         365  -372641.196519869     
         370  -421030.355396664     
         375  -462172.364537340     
         380  -496626.610969925     
         385  -524979.984639947     
         390  -547823.738406409     
         395  -565736.433894116     
         400  -579271.885180750     
         405  -588951.118370329     
         410  -595257.489255570     
         415  -598634.228059269     
         420  -599483.800930852     
         425  -598168.587991589     
         430  -595012.475423220     
         435  -590303.044078406     
         440  -584294.109922644     
         445  -577208.433250469     
         450  -569240.464837049     
         455  -560559.037518424     
         460  -551309.937484049     
         465  -541618.292092990     
         470  -531590.678714250     
         475  -521316.791435626     
         480  -510870.440598437     
         485  -500309.720094481     
         490  -489676.540184846     
         495  -478996.522986154     
         500  -467302.482351221     
