         100   1812.74114063091     
         105   8922.58582793855     
         110   17321.1942017115     
         115   25368.8973640391     
         120   32932.5330790944     
         125   40196.2757701981     
         130   47377.1327032345     
         135   54670.1185734845     
         140   62244.9623052540     
         145   70252.9514884694     
         150   78834.4747978694     
         155   88125.5013340653     
         160   98263.0897800283     
         165   109390.460679268     
         170   121662.351219835     
         175   135251.750366518     
         180   150360.220135431     
         185   167236.697571835     
         190   186213.489321687     
         195   207766.420470473     
         200   232585.214551908     
         205   261599.540956783     
         210   295882.957948963     
         215   336400.055540411     
         220   383661.941988173     
         225   437433.098901402     
         230   496621.404266600     
         235   559394.490619335     
         240   623467.070850848     
         245   686452.040519420     
         250   746173.979247648     
         255   800884.024531197     
         260   849360.551454466     
         265   890912.404021693     
         270   925316.042056410     
         275   952718.759976327     
         280   973533.431516949     
         285   988341.311103142     
         290   997811.403380946     
         295   1002639.05173535     
         300   1003502.78184826     
         305   1001036.61975813     
         310   995814.508713854     
         315   988343.569950270     
         320   979063.421023484     
         325   968349.346684882     
         330   956517.680110795     
         335   943832.235285576     
         340   930511.015386528     
         345   916732.710718140     
         350   902642.706822628     
         355   888358.465527768     
         360   873974.234783024     
         365   859565.100717311     
         370   845190.428180518     
         375   830896.752244687     
         380   816720.188667274     
         385   802688.430334594     
         390   788822.392057188     
         395   775137.559658498     
         400   761645.092271758     
         405   748352.719849044     
         410   735265.471482648     
         415   722386.264426976     
         420   709716.378744139     
         425   697255.838258249     
         430   685003.714931309     
         435   672958.370789192     
         440   661117.649047176     
         445   649479.024032181     
         450   638039.717802805     
         455   626796.789966992     
         460   615747.206039125     
         465   604887.888720423     
         470   594215.755693548     
         475   583727.746865600     
         480   573420.843449946     
         485   563292.080827676     
         490   553338.556758714     
         495   543557.436208262     
         500   533811.639210792     
