         100   1812.74114063091     
         105   8922.56542000998     
         110   17321.0896550273     
         115   25368.6540082361     
         120   32932.0958531174     
         125   40195.5548870052     
         130   47375.9765597405     
         135   54668.2820417450     
         140   62242.0582922480     
         145   70248.3737008954     
         150   78827.2744430982     
         155   88114.1896146034     
         160   98245.3182326485     
         165   109362.493628632     
         170   121618.162442835     
         175   135181.356279310     
         180   150246.180779993     
         185   167045.743474125     
         190   185875.905129682     
         195   207130.055611861     
         200   231329.614099781     
         205   259106.684412915     
         210   291084.748746078     
         215   327646.716279455     
         220   368663.686466301     
         225   413312.591510717     
         230   460082.589887293     
         235   506978.902386932     
         240   551846.016399403     
         245   592699.086714251     
         250   627974.652601910     
         255   656660.574044349     
         260   678310.368103408     
         265   692973.668446396     
         270   701081.652782450     
         275   703320.652750907     
         280   700516.323180985     
         285   693539.968598472     
         290   683240.419545068     
         295   670399.749184332     
         300   655708.625805524     
         305   639756.391885558     
         310   623031.286191028     
         315   605927.021762228     
         320   588752.847195845     
         325   571745.062546076     
         330   555078.654639527     
         335   538878.243594983     
         340   523227.908707063     
         345   508179.715732700     
         350   493760.928709727     
         355   479979.983975051     
         360   466831.353092874     
         365   454299.440809451     
         370   442361.665300230     
         375   430990.858705756     
         380   420157.111453286     
         385   409829.167422913     
         390   399975.460618511     
         395   390564.868745190     
         400   381567.245508345     
         405   372953.781713931     
         410   364697.235336705     
         415   356772.062491404     
         420   349154.474497510     
         425   341822.440762501     
         430   334755.652818537     
         435   327935.461348137     
         440   321344.795262909     
         445   314968.069716638     
         450   308791.088223602     
         455   302800.942718992     
         460   296985.914362420     
         465   291335.377084835     
         470   285839.705263094     
         475   280490.186434741     
         480   275278.939606007     
         485   270198.839433109     
         490   265243.446349663     
         495   260406.942554413     
         500   255591.206151999     
