         100   1812.74114063091     
         105   8922.52178605188     
         110   17320.8659105481     
         115   25368.1325754422     
         120   32931.1579895641     
         125   40194.0073818507     
         130   47373.4938009565     
         135   54664.3382391590     
         140   62235.8241690493     
         145   70238.5522867504     
         150   78811.8400618172     
         155   88089.9723843034     
         160   98207.3378736951     
         165   109302.876719730     
         170   121524.341585007     
         175   135032.954791780     
         180   150009.299146887     
         185   166661.973077814     
         190   185242.111225778     
         195   206068.981466313     
         200   229570.123829926     
         205   256323.915824431     
         210   287060.587580298     
         215   322557.383967448     
         220   363399.290934411     
         225   409667.588704526     
         230   460693.825012004     
         235   515005.909646231     
         240   570501.562528395     
         245   624781.590148181     
         250   675523.853550286     
         255   720790.915149804     
         260   759213.429131300     
         265   790043.234737148     
         270   813104.369787271     
         275   828682.943755653     
         280   837393.838623004     
         285   840051.702864326     
         290   837561.973889749     
         295   830838.091878180     
         300   820744.703109915     
         305   808063.213595918     
         310   793474.752016063     
         315   777555.611983435     
         320   760780.920174469     
         325   743533.188699534     
         330   726113.310750429     
         335   708752.330980560     
         340   691622.928846262     
         345   674849.999694089     
         350   658520.029142782     
         355   642689.160935983     
         360   627389.984845701     
         365   612637.142692317     
         370   598431.885189166     
         375   584765.723414090     
         380   571623.315626427     
         385   558984.719238405     
         390   546827.123156105     
         395   535126.160008463     
         400   523856.882501100     
         405   512994.474080839     
         410   502514.751646083     
         415   492394.507284974     
         420   482611.726908704     
         425   473145.716031556     
         430   463977.156657300     
         435   455088.114081701     
         440   446462.008239180     
         445   438083.560850551     
         450   429938.726928927     
         455   422014.617052832     
         460   414299.415117137     
         465   406782.294938070     
         470   399453.338046544     
         475   392303.454194930     
         480   385324.305476864     
         485   378508.234477421     
         490   371848.196499420     
         495   365337.695627736     
         500   359094.662499587     
