         100   1812.74114063091     
         105   8922.51852772687     
         110   17320.8491909273     
         115   25368.0935770049     
         120   32931.0877899313     
         125   40193.8914858190     
         130   47373.3078138316     
         135   54664.0428067401     
         140   62235.3572775347     
         145   70237.8170513243     
         150   78810.6853768315     
         155   88088.1622585905     
         160   98204.5025894841     
         165   109298.434263685     
         170   121517.369229364     
         175   135021.974677016     
         180   149991.920756821     
         185   166634.413543942     
         190   185199.536552482     
         195   206012.321907434     
         200   229539.628905891     
         205   256506.411441896     
         210   288036.399628323     
         215   325720.856098510     
         220   371484.019560378     
         225   427189.447322611     
         230   494090.114960419     
         235   572341.746668303     
         240   660780.195489413     
         245   757034.374971434     
         250   857904.154033827     
         255   959855.616231078     
         260   1059488.74733149     
         265   1153884.24335412     
         270   1240797.47189136     
         275   1318713.60063349     
         280   1386801.20014445     
         285   1444806.19030828     
         290   1492921.56345931     
         295   1531657.74715025     
         300   1561728.13048420     
         305   1583956.18167525     
         310   1599205.17159732     
         315   1608328.42831394     
         320   1612136.65089447     
         325   1611378.49424153     
         330   1606730.91955116     
         335   1598796.35814366     
         340   1588104.35838037     
         345   1575115.96758647     
         350   1560229.59501514     
         355   1543787.49513744     
         360   1526082.30881541     
         365   1507363.31724871     
         370   1487842.21616860     
         375   1467698.32085684     
         380   1447083.17923333     
         385   1426124.61095784     
         390   1404930.21328260     
         395   1383590.38525883     
         400   1362180.92516041     
         405   1340765.25466726     
         410   1319396.31950987     
         415   1298118.21126288     
         420   1276967.54963908     
         425   1255974.65946986     
         430   1235164.57182916     
         435   1214557.87457427     
         440   1194171.43395769     
         445   1174019.00587475     
         450   1154111.75269197     
         455   1134458.67938285     
         460   1115067.00081398     
         465   1095942.45041404     
         470   1077089.53907122     
         475   1058511.77189680     
         480   1040211.82943040     
         485   1022191.71891742     
         490   1004452.90043662     
         495   986996.391871455     
         500   969029.067613418     
