         100   1812.74114063091     
         105   8922.59079314870     
         110   17321.2196511254     
         115   25368.9566000915     
         120   32932.6394513831     
         125   40196.4510365185     
         130   47377.4136249806     
         135   54670.5646234418     
         140   62245.6674434816     
         145   70254.0629577029     
         150   78836.2231781917     
         155   88128.2488044902     
         160   98267.4085372378     
         165   109397.263399320     
         170   121673.120288882     
         175   135269.002274396     
         180   150388.729524749     
         185   167287.476540355     
         190   186316.584030302     
         195   208005.722987948     
         200   233173.698569579     
         205   263005.361231498     
         210   298989.392962685     
         215   342648.079731174     
         220   395109.781655990     
         225   456688.125724881     
         230   526645.516740718     
         235   603228.027101584     
         240   683937.194950908     
         245   765925.582849325     
         250   846391.728077353     
         255   922886.862508623     
         260   993497.171438115     
         265   1056907.13074975     
         270   1112372.58147709     
         275   1159638.56140068     
         280   1198832.76539168     
         285   1230356.94378069     
         290   1254789.67307228     
         295   1272806.76727212     
         300   1285120.69747926     
         305   1292437.52420712     
         310   1295428.50184093     
         315   1294713.15468815     
         320   1290850.82070501     
         325   1284338.11396494     
         330   1275610.28559100     
         335   1265044.96421831     
         340   1252967.18515040     
         345   1239654.95903008     
         350   1225344.89023210     
         355   1210237.54418134     
         360   1194502.39544648     
         365   1178282.27809776     
         370   1161697.31785516     
         375   1144848.36112882     
         380   1127819.93616542     
         385   1110682.79132942     
         390   1093496.05877294     
         395   1076309.09096203     
         400   1059163.01447862     
         405   1042092.04135222     
         410   1025124.57361708     
         415   1008284.13227440     
         420   991590.137605479     
         425   975058.563949351     
         430   958702.488665694     
         435   942532.552047009     
         440   926557.342392373     
         445   910783.718268257     
         450   895217.078115538     
         455   879861.585773154     
         460   864720.359138565     
         465   849795.628038434     
         470   835088.866409730     
         475   820600.903065717     
         480   806332.014621313     
         485   792282.003559194     
         490   778450.263916019     
         495   764835.836643631     
         500   751435.154099449     
