         100   1812.74114063091     
         105   8922.51852772687     
         110   17320.8491909273     
         115   25368.0935770049     
         120   32931.0877899313     
         125   40193.8914858190     
         130   47373.3078138316     
         135   54664.0428067401     
         140   62235.3572775347     
         145   70237.8170513243     
         150   78810.6853768315     
         155   88088.1622585912     
         160   98204.5025895231     
         165   109298.434265316     
         170   121517.369277688     
         175   135021.975702353     
         180   149991.936547469     
         185   166634.592672875     
         190   185201.058939855     
         195   206022.205275200     
         200   229589.715671829     
         205   256709.242011843     
         210   288708.816384963     
         215   327590.050709231     
         220   375941.834923596     
         225   436505.292466131     
         230   511476.709711053     
         235   601811.810236998     
         240   706810.879367938     
         245   824123.087093159     
         250   950123.741141346     
         255   1080498.50609253     
         260   1210848.39323655     
         265   1337180.05596735     
         270   1456219.78511110     
         275   1565551.46605632     
         280   1663614.86265247     
         285   1749612.68864310     
         290   1823371.29959702     
         295   1885188.96443551     
         300   1935693.50951387     
         305   1975720.80641019     
         310   2006218.15922368     
         315   2028172.02413373     
         320   2042557.05672465     
         325   2050302.53812652     
         330   2052272.18883548     
         335   2049253.80763151     
         340   2041955.79054685     
         345   2031008.22597088     
         350   2016966.84166540     
         355   2000318.56313672     
         360   1981487.82475091     
         365   1960843.06408181     
         370   1938703.04110006     
         375   1915342.77291701     
         380   1890998.97657212     
         385   1865874.97920320     
         390   1840145.09679831     
         395   1813958.50724111     
         400   1787442.65622357     
         405   1760706.23993619     
         410   1733841.80915713     
         415   1706928.03742931     
         420   1680031.69274122     
         425   1653209.34833479     
         430   1626508.86443687     
         435   1599970.66911157     
         440   1573628.86317577     
         445   1547512.17123926     
         450   1521644.75840715     
         455   1496046.92997256     
         460   1470735.72948617     
         465   1445725.44886791     
         470   1421028.06268601     
         475   1396653.59733584     
         480   1372610.44457952     
         485   1348905.62773595     
         490   1325545.02771868     
         495   1302533.57508050     
         500   1278599.95289287     
