         100   1812.74114063091     
         105   8922.58582793855     
         110   17321.1942017115     
         115   25368.8973640391     
         120   32932.5330790944     
         125   40196.2757701981     
         130   47377.1327032345     
         135   54670.1185734845     
         140   62244.9623052540     
         145   70252.9514884694     
         150   78834.4747978661     
         155   88125.5013339036     
         160   98263.0897743961     
         165   109390.460540688     
         170   121662.348772797     
         175   135251.718858219     
         180   150359.919122889     
         185   167234.522316847     
         190   186201.341249528     
         195   207712.760177658     
         200   232393.135031334     
         205   261028.621772999     
         210   294440.304452237     
         215   333231.992548987     
         220   377494.040984940     
         225   426596.688761475     
         230   479173.146127885     
         235   533301.347149796     
         240   586810.089213321     
         245   637604.013571374     
         250   683921.835296048     
         255   724486.434225156     
         260   758546.992023971     
         265   785838.696860046     
         270   806493.708026841     
         275   820933.595181995     
         280   829764.790303009     
         285   833689.370524629     
         290   833436.100926497     
         295   829711.773269217     
         300   823170.210250794     
         305   814395.253457844     
         310   803893.999978334     
         315   792097.015661234     
         320   779362.910676113     
         325   765985.328488169     
         330   752200.980984884     
         335   738197.827930159     
         340   724122.848449781     
         345   710089.101288676     
         350   696181.939433691     
         355   682464.353193555     
         360   668981.480962234     
         365   655764.362147507     
         370   642833.022269973     
         375   630198.983353075     
         380   617867.288531513     
         385   605838.121731758     
         390   594108.093542454     
         395   582671.254363784     
         400   571519.886394795     
         405   560645.117396041     
         410   550037.391618543     
         415   539686.826838170     
         420   529583.481012897     
         425   519717.547582760     
         430   510079.494737162     
         435   500660.160959637     
         440   491450.816713528     
         445   482443.200152984     
         450   473629.533146579     
         455   465002.522613356     
         460   456555.351133993     
         465   448281.659964546     
         470   440175.526907735     
         475   432231.440955785     
         480   424444.275184167     
         485   416809.259027380     
         490   409321.950790051     
         495   401978.211026539     
         500   394675.347559253     
