         100   1812.74114063091     
         105   8922.52178605188     
         110   17320.8659105481     
         115   25368.1325754422     
         120   32931.1579895641     
         125   40194.0073818507     
         130   47373.4938009565     
         135   54664.3382391590     
         140   62235.8241690493     
         145   70238.5522867504     
         150   78811.8400618172     
         155   88089.9723843024     
         160   98207.3378736386     
         165   109302.876717445     
         170   121524.341519617     
         175   135032.953449660     
         180   150009.279126818     
         185   166661.752761552     
         190   185240.291449492     
         195   206057.475498004     
         200   229513.202642552     
         205   256098.345865812     
         210   286326.987702160     
         215   320552.023578381     
         220   358685.662771890     
         225   399939.203816923     
         230   442729.545724668     
         235   484831.042339894     
         240   523730.334926740     
         245   557054.882382083     
         250   582937.120963006     
         255   600228.515348693     
         260   608546.771319757     
         265   608190.414905444     
         270   599976.240065522     
         275   585052.461802594     
         280   564725.451741129     
         285   540320.622627498     
         290   513083.956152629     
         295   484121.613170924     
         300   454370.563748003     
         305   424591.903918595     
         310   395379.134079370     
         315   367175.127363330     
         320   340293.160128354     
         325   314938.864352033     
         330   291231.154319664     
         335   269221.058259116     
         340   248907.987998141     
         345   230253.364773217     
         350   213191.745452300     
         355   197639.710295799     
         360   183502.819375783     
         365   170680.947719548     
         370   159072.288237072     
         375   148576.279002950     
         380   139095.675207835     
         385   130537.950532649     
         390   122816.180158847     
         395   115849.529103882     
         400   109563.445269039     
         405   103889.636284121     
         410   98765.8925036689     
         415   94135.8048582313     
         420   89948.4152044110     
         425   86157.8279069350     
         430   82722.8042416953     
         435   79606.3555086421     
         440   76775.3462212333     
         445   74200.1151766182     
         450   71854.1194293647     
         455   69713.6040450705     
         460   67757.2988782064     
         465   65966.1424013072     
         470   64323.0317272143     
         475   62812.5973432934     
         480   61421.0006588548     
         485   60135.7522069929     
         490   58945.5482022909     
         495   57840.1231124150     
         500   57396.3410588864     
