         100   1812.74114063091     
         105   8922.59067692684     
         110   17321.2190356188     
         115   25368.9551462706     
         120   32932.6368475409     
         125   40196.4468004461     
         130   47377.4069452794     
         135   54670.5541857292     
         140   62245.6511729820     
         145   70254.0376117152     
         150   78836.1836964128     
         155   88128.1872682194     
         160   98267.3124770810     
         165   109397.112861918     
         170   121672.880764572     
         175   135268.590124542     
         180   150387.784703047     
         185   167284.087433566     
         190   186301.849684037     
         195   207946.387260501     
         200   232970.450916859     
         205   262417.286365502     
         210   297531.702257741     
         215   339494.307339817     
         220   389042.747658225     
         225   446132.804162960     
         230   509786.720337372     
         235   578184.964799498     
         240   648951.258974191     
         245   719520.799742654     
         250   787482.596342359     
         255   850826.335019249     
         260   908071.554216692     
         265   958292.179429977     
         270   1001066.78155494     
         275   1036387.54313589     
         280   1064555.11290414     
         285   1086077.79548210     
         290   1101585.27565214     
         295   1111760.81189753     
         300   1117291.79747371     
         305   1118836.41251306     
         310   1117003.22841376     
         315   1112340.56765773     
         320   1105332.78350348     
         325   1096401.15028366     
         330   1085907.59738857     
         335   1074160.00337179     
         340   1061418.16219458     
         345   1047899.83866750     
         350   1033786.55455888     
         355   1019228.90521093     
         360   1004351.31376984     
         365   989256.199538590     
         370   974027.579326958     
         375   958734.144392333     
         380   943431.866878923     
         385   928166.193063800     
         390   912973.879340274     
         395   897884.522834647     
         400   882921.833250677     
         405   868104.686840347     
         410   853447.997829275     
         415   838963.437464121     
         420   824660.026229660     
         425   810544.620742826     
         430   796622.313353535     
         435   782896.759521989     
         440   769370.445541393     
         445   756044.907072662     
         450   742920.907195693     
         455   729998.581207539     
         460   717277.554165303     
         465   704757.036141531     
         470   692435.899299065     
         475   680312.740173072     
         480   668385.929947125     
         485   656653.655008658     
         490   645113.949650785     
         495   633764.722438979     
         500   622584.683362727     
