         100   1812.74114063091     
         105   8922.56474580602     
         110   17320.9993870188     
         115   25368.3649851501     
         120   32931.4890179393     
         125   40194.4451207183     
         130   47374.0572328118     
         135   54665.0588097342     
         140   62236.7490496125     
         145   70239.7501331694     
         150   78813.4102975057     
         155   88092.0597590899     
         160   98210.1552402215     
         165   109306.740971474     
         170   121529.731400404     
         175   135040.608161454     
         180   150020.413968550     
         185   166678.874541004     
         190   185271.431663771     
         195   206136.134090348     
         200   229771.813417785     
         205   256973.665799015     
         210   288994.825894292     
         215   327621.783066180     
         220   375017.670160733     
         225   433278.800099232     
         230   503826.287526211     
         235   586876.066026832     
         240   681202.170604990     
         245   784264.255641562     
         250   892618.423260944     
         255   1002451.19205764     
         260   1110082.03795652     
         265   1212336.13756099     
         270   1306754.16271421     
         275   1391654.34147442     
         280   1466086.31813453     
         285   1529721.02528455     
         290   1582713.99450177     
         295   1625568.45044656     
         300   1659013.69417329     
         305   1683905.77475510     
         310   1701151.73455939     
         315   1711655.42334015     
         320   1716281.35908044     
         325   1715832.73397367     
         330   1711039.92205145     
         335   1702556.39651743     
         340   1690959.59787565     
         345   1676754.89287526     
         350   1660381.27662692     
         355   1642217.88092193     
         360   1622590.66563714     
         365   1601778.90083760     
         370   1580021.21102905     
         375   1557521.06544169     
         380   1534451.67253932     
         385   1510960.28385265     
         390   1487171.93998917     
         395   1463192.70642506     
         400   1439112.45289639     
         405   1415007.23102773     
         410   1390941.30244096     
         415   1366968.86543794     
         420   1343135.52340421     
         425   1319479.53293724     
         430   1296032.86472406     
         435   1272822.10557372     
         440   1249869.22584329     
         445   1227192.23280315     
         450   1204805.72724982     
         455   1182721.37784935     
         460   1160948.32522445     
         465   1139493.52562449     
         470   1118362.04207853     
         475   1097557.28917812     
         480   1077081.23605203     
         485   1056934.57136921     
         490   1037116.85825260     
         495   1017627.75483546     
         500   998542.680020943     
