         100   1812.74114063091     
         105   8922.41273093871     
         110   17320.3524249372     
         115   25366.9668623427     
         120   32929.0940565769     
         125   40190.6458628281     
         130   47368.1619989309     
         135   54655.9516352822     
         140   62222.6767013516     
         145   70217.9850464445     
         150   78779.7191120446     
         155   88039.8676054433     
         160   98129.2296315310     
         165   109181.109069652     
         170   121334.356426804     
         175   134736.011126636     
         180   149543.739695678     
         185   165928.228809694     
         190   184075.677974542     
         195   204190.545465387     
         200   226498.737398658     
         205   251251.504599763     
         210   278730.448123815     
         215   309254.264118480     
         220   343188.117933337     
         225   380956.335507154     
         230   423059.072011924     
         235   470107.457228363     
         240   522962.596824662     
         245   583212.101983486     
         250   654285.519085572     
         255   743184.121174419     
         260   862071.887946380     
         265   1028455.21728414     
         270   1263049.10296537     
         275   1585595.02155845     
         280   2010021.19875528     
         285   2540658.80332202     
         290   3170671.35176479     
         295   3882902.49595283     
         300   4652550.83705904     
         305   5450718.47970134     
         310   6247930.13906212     
         315   7017004.23306364     
         320   7734993.21283249     
         325   8384182.11339470     
         330   8952300.71735630     
         335   9432173.52033866     
         340   9821031.63361430     
         345   10119672.8592234     
         350   10331604.6958245     
         355   10462255.2768240     
         360   10518296.7397349     
         365   10507096.4357444     
         370   10436292.8141134     
         375   10313482.5442135     
         380   10146001.0210758     
         385   9940777.70467591     
         390   9704249.14372077     
         395   9442314.91240420     
         400   9160324.34134674     
         405   8863084.45577332     
         410   8554881.75481687     
         415   8239512.31305213     
         420   7920316.16815733     
         425   7600213.12123668     
         430   7281737.97546429     
         435   6967073.93031641     
         440   6658083.38128928     
         445   6356335.78689153     
         450   6063132.58333625     
         455   5779529.37050499     
         460   5506355.77043919     
         465   5244233.47662659     
         470   4993593.07104135     
         475   4754690.18906449     
         480   4527621.56631865     
         485   4312341.41944736     
         490   4108678.50927319     
         495   3916351.22312724     
         500   3734589.71773250     
