         100   1812.74114063091     
         105   8922.59904699097     
         110   17321.2618225009     
         115   25369.0235425318     
         120   32932.7180128193     
         125   40196.5322850730     
         130   47377.4890311687     
         135   54670.6223733868     
         140   62245.6888014657     
         145   70254.0174537588     
         150   78836.0613127482     
         155   88127.8904838824     
         160   98266.7243228023     
         165   109396.043084741     
         170   121671.014139188     
         175   135265.365341045     
         180   150381.966571355     
         185   167271.950341344     
         190   186270.270059833     
         195   207851.975162873     
         200   232691.017993194     
         205   261665.729540877     
         210   295741.181373722     
         215   335709.928740793     
         220   381868.778587917     
         225   433771.576264797     
         230   490171.892057441     
         235   549177.878419091     
         240   608551.904029179     
         245   666048.298315605     
         250   719696.989452102     
         255   767983.413017928     
         260   809918.074737379     
         265   845017.266559375     
         270   873227.315219505     
         275   894823.176647853     
         280   910304.497491578     
         285   920303.298500463     
         290   925509.856518255     
         295   926618.086672131     
         300   924288.649766190     
         305   919126.606304451     
         310   911670.121442895     
         315   902387.010925847     
         320   891676.469312425     
         325   879873.932411931     
         330   867257.586795749     
         335   854055.504647179     
         340   840452.742746032     
         345   826598.009240875     
         350   812609.687589464     
         355   798581.131421501     
         360   784585.223125795     
         365   770678.235858697     
         370   756903.063604929     
         375   743291.894441786     
         380   729868.403651420     
         385   716649.539518932     
         390   703646.968040439     
         395   690868.234956877     
         400   678317.695523058     
         405   665997.254797481     
         410   653906.954301453     
         415   642045.434775901     
         420   630410.299482731     
         425   618998.398014847     
         430   607806.046822663     
         435   596829.199549304     
         440   586063.577703648     
         445   575504.770106153     
         450   565148.307840973     
         455   554989.720072198     
         460   545024.574974355     
         465   535248.509138639     
         470   525657.248105689     
         475   516246.620109037     
         480   507012.564662730     
         485   497951.137269135     
         490   489058.511240045     
         495   480330.977415087     
         500   471764.515154121     
