         100   1812.74114063091     
         105   8922.25022638904     
         110   17319.8833250730     
         115   25366.1327121023     
         120   32927.8689580677     
         125   40188.9836296790     
         130   47365.9774769222     
         135   54653.1081585478     
         140   62218.9690779658     
         145   70213.1128967375     
         150   78773.2453700968     
         155   88031.1547041706     
         160   98117.3418100537     
         165   109164.662817311     
         170   121311.291103371     
         175   134703.236293378     
         180   149496.591523287     
         185   165859.630134930     
         190   183974.837240540     
         195   204040.936119133     
         200   226274.950354551     
         205   250914.326842146     
         210   278219.129574581     
         215   308474.296872064     
         220   341991.932657775     
         225   379113.572354251     
         230   420212.322551128     
         235   465694.714720274     
         240   516002.014545758     
         245   571610.585717605     
         250   633031.220838187     
         255   700809.943849116     
         260   775536.332627241     
         265   857848.552940487     
         270   948351.764921154     
         275   1047301.12351808     
         280   1154126.94590409     
         285   1267614.09712967     
         290   1388175.44390884     
         295   1522749.72792187     
         300   1690099.76059328     
         305   1922144.82718055     
         310   2258387.55257751     
         315   2734915.47139559     
         320   3373022.42930683     
         325   4172423.48091263     
         330   5111079.16245834     
         335   6150427.76199961     
         340   7243188.89887470     
         345   8341012.23552261     
         350   9400291.74633140     
         355   10385603.4055602     
         360   11271005.3220278     
         365   12039792.0082379     
         370   12683335.5170619     
         375   13199527.3633592     
         380   13591170.1703637     
         385   13864518.9291937     
         390   14028061.6028215     
         395   14091558.4472397     
         400   14065320.6048610     
         405   13959691.2203599     
         410   13784688.0099268     
         415   13549768.7567982     
         420   13263686.7055678     
         425   12934409.0753790     
         430   12569077.8611277     
         435   12173997.4377013     
         440   11754638.3476736     
         445   11315651.3336046     
         450   10860890.4042998     
         455   10393448.4397025     
         460   9915713.01199623     
         465   9429452.70082492     
         470   8935943.88981471     
         475   8436143.72983737     
         480   7930906.36719104     
         485   7421228.06990017     
         490   6908519.79332811     
         495   6396033.56536104     
         500   5867020.41807395     
