         100   1812.74114063091     
         105   8922.52748127237     
         110   17320.8965585935     
         115   25368.1869898453     
         120   32931.2337139851     
         125   40194.1082124569     
         130   47373.6298599617     
         135   54664.5268817984     
         140   62236.0927285474     
         145   70238.9430674891     
         150   78812.4185054173     
         155   88090.8401201579     
         160   98208.6535639698     
         165   109304.889621381     
         170   121527.446501329     
         175   135037.786609691     
         180   150016.931175306     
         185   166674.586113865     
         190   185266.186851486     
         195   206129.809442404     
         200   229764.347666132     
         205   256964.996803141     
         210   288984.542013572     
         215   327608.346826302     
         220   374997.343006872     
         225   433244.739280314     
         230   503768.385265072     
         235   586781.815693569     
         240   681058.365108373     
         245   784058.973704270     
         250   892342.714714348     
         255   1002100.07987488     
         260   1109654.74356232     
         265   1211835.66343875     
         270   1306186.47491403     
         275   1391027.39823925     
         280   1465409.13380632     
         285   1529002.88336108     
         290   1581963.85706187     
         295   1624794.56420979     
         300   1658223.36673486     
         305   1683105.28361226     
         310   1700346.33086391     
         315   1710849.39711138     
         320   1715478.13954576     
         325   1715035.00575062     
         330   1710249.74403604     
         335   1701775.31522960     
         340   1690188.75063432     
         345   1675995.09870407     
         350   1659633.11445374     
         355   1641481.75565373     
         360   1621866.86325506     
         365   1601067.63391501     
         370   1579322.65613768     
         375   1556835.39385737     
         380   1533779.07554201     
         385   1510300.99377165     
         390   1486526.24799421     
         395   1462560.97792188     
         400   1438495.14125690     
         405   1414404.89027414     
         410   1390354.59941057     
         415   1366398.59188102     
         420   1342582.60841034     
         425   1318945.05604704     
         430   1295518.07006380     
         435   1272328.41735543     
         440   1249398.26561087     
         445   1226745.83889002     
         450   1204385.97707012     
         455   1182330.61390439     
         460   1160589.18611678     
         465   1139168.98399144     
         470   1118075.45225789     
         475   1097312.44867960     
         480   1076882.46658397     
         485   1056786.82659156     
         490   1037025.84200354     
         495   1017598.97476578     
         500   998514.380607005     
