         100   1812.74114063091     
         105   8922.59934401181     
         110   17321.2362218826     
         115   25368.9469416241     
         120   32932.5632652524     
         125   40196.2547823838     
         130   47377.0135544045     
         135   54669.8270700170     
         140   62244.3804819704     
         145   70251.8921199797     
         150   78832.6410280262     
         155   88122.4219882940     
         160   98258.0143488636     
         165   109382.185178448     
         170   121648.918390072     
         175   135229.900036863     
         180   150324.311891195     
         185   167176.648387981     
         190   186111.761378319     
         195   207597.050928318     
         200   232324.129115331     
         205   261259.919841221     
         210   295582.264791990     
         215   336444.298773992     
         220   384612.231915413     
         225   440118.312935480     
         230   502081.931045654     
         235   568770.865614224     
         240   637866.268247022     
         245   706826.077470381     
         250   773234.495782154     
         255   835061.329750890     
         260   890803.179719812     
         265   939516.341379976     
         270   980771.071881849     
         275   1014561.00461231     
         280   1041196.23453824     
         285   1061199.77683994     
         290   1075218.49730505     
         295   1083952.95907617     
         300   1088106.28593956     
         305   1088349.76916965     
         310   1085301.97916692     
         315   1079518.04787957     
         320   1071486.15134142     
         325   1061628.76885995     
         330   1050306.86462216     
         335   1037825.64663800     
         340   1024440.97511228     
         345   1010365.81395446     
         350   995776.355471831     
         355   980817.614764864     
         360   965608.402797254     
         365   950245.659596892     
         370   934808.173030377     
         375   919359.732953494     
         380   903951.781860068     
         385   888625.626161726     
         390   873414.270228812     
         395   858343.930540300     
         400   843435.281192095     
         405   828704.475522970     
         410   814163.982289793     
         415   799823.268965794     
         420   785689.359493951     
         425   771767.289248118     
         430   758060.476023475     
         435   744571.022547873     
         440   731299.963214018     
         445   718247.465410955     
         450   705412.993915242     
         455   692795.445225692     
         460   680393.257435045     
         465   668204.500179035     
         470   656226.948346508     
         475   644458.142538408     
         480   632895.438699143     
         485   621536.048886688     
         490   610377.074780500     
         495   599415.538782062     
         500   588653.377392136     
