         100   1812.74114063091     
         105   8922.58857783579     
         110   17321.2060441883     
         115   25368.8944267869     
         120   32932.4877944746     
         125   40196.1551064911     
         130   47376.8870603408     
         135   54669.6695781655     
         140   62244.1860849651     
         145   70251.6529392666     
         150   78832.3468509839     
         155   88122.0597617944     
         160   98257.5674969964     
         165   109381.632693352     
         170   121648.233611524     
         175   135229.048967659     
         180   150323.250723339     
         185   167175.319470295     
         190   186110.085944583     
         195   207594.915880676     
         200   232321.365788923     
         205   261256.277380921     
         210   295577.388925600     
         215   336437.732223193     
         220   384603.448368413     
         225   440106.782566167     
         230   502067.200650613     
         235   568752.629994094     
         240   637844.414123004     
         245   706800.692506291     
         250   773205.846502395     
         255   835029.818950768     
         260   890769.295548491     
         265   939480.608162741     
         270   980734.009068788     
         275   1014523.09663604     
         280   1041157.91167050     
         285   1061161.40554139     
         290   1075180.37788682     
         295   1083915.32843867     
         300   1088069.32344122     
         305   1088313.60410178     
         310   1085266.69874080     
         315   1079483.70500534     
         320   1071452.77177135     
         325   1061596.35748129     
         330   1050275.41082966     
         335   1037795.12880691     
         340   1024411.36424530     
         345   1010337.07660101     
         350   995748.456026484     
         355   980790.517248775     
         360   965582.072218238     
         365   950220.062972559     
         370   934783.280146845     
         375   919335.516920709     
         380   903928.219514302     
         385   888602.698356644     
         390   873391.962048727     
         395   858322.231462704     
         400   843414.185221284     
         405   828683.981312291     
         410   814144.093266683     
         415   799803.993471183     
         420   785670.710945592     
         425   771749.286336001     
         430   758043.142944429     
         435   744554.389285827     
         440   731284.065872058     
         445   718232.346601211     
         450   705398.703212792     
         455   692782.039693017     
         460   680380.802224088     
         465   668193.069218630     
         470   656216.625123849     
         475   644449.020984268     
         480   632887.624187844     
         485   621529.659363296     
         490   610372.242026997     
         495   599412.407164597     
         500   588649.620911472     
