         100   1812.74114063091     
         105   8922.59853621242     
         110   17321.2649951508     
         115   25369.0332197847     
         120   32932.7364736147     
         125   40196.5632265339     
         130   47377.5388441248     
         135   54670.7015188215     
         140   62245.8138889146     
         145   70254.2145628769     
         150   78836.3713142062     
         155   88128.3775962142     
         160   98267.4900377400     
         165   109397.249331475     
         170   121672.923126843     
         175   135268.409690705     
         180   150386.859927687     
         185   167279.749205657     
         190   186281.825406736     
         195   207865.010339250     
         200   232691.535085545     
         205   261610.595624871     
         210   295532.749118813     
         215   335170.200629197     
         220   380724.856510454     
         225   431661.747305316     
         230   486673.741846673     
         235   543851.396974627     
         240   600986.188088132     
         245   655901.243032977     
         250   706721.471079805     
         255   752038.261337088     
         260   790965.780193995     
         265   823112.234912430     
         270   848498.811889177     
         275   867456.480305888     
         280   880522.772115781     
         285   888351.680465059     
         290   891642.433243471     
         295   891087.872210544     
         300   887340.318956294     
         305   880991.579858584     
         310   872563.542909937     
         315   862506.175391425     
         320   851200.318356558     
         325   838963.297580926     
         330   826055.931325730     
         335   812689.973557076     
         340   799035.381981743     
         345   785227.054975739     
         350   771370.857973869     
         355   757548.876439072     
         360   743823.905264440     
         365   730243.226436429     
         370   716841.747994583     
         375   703644.585083271     
         380   690669.163383669     
         385   677926.919985066     
         390   665424.669150832     
         395   653165.691952431     
         400   641150.600293209     
         405   629378.017935901     
         410   617845.114040122     
         415   606548.018502266     
         420   595482.143067050     
         425   584642.427689179     
         430   574023.527880737     
         435   563619.955690099     
         440   553426.184427868     
         445   543436.725196695     
         450   533646.181616408     
         455   524049.287795073     
         460   514640.933521796     
         465   505416.179798757     
         470   496370.267147001     
         475   487498.618578886     
         480   478796.838701887     
         485   470260.710081068     
         490   461886.187722434     
         495   453669.392101513     
         500   445593.829363643     
