         100   1812.74114063091     
         105   8922.46698332176     
         110   17320.6341821934     
         115   25367.6183484260     
         120   32930.2598014775     
         125   40192.5647543038     
         130   47371.2375237704     
         135   54660.8344897204     
         140   62230.3908104634     
         145   70230.1267200057     
         150   78798.7704112743     
         155   88069.6876978400     
         160   98175.8252927520     
         165   109253.846029878     
         170   121447.872703848     
         175   134913.261185962     
         180   149820.893963716     
         185   166362.724037733     
         190   184760.034493589     
         195   205278.316063069     
         200   228259.853850456     
         205   254199.461230144     
         210   283898.782819054     
         215   318702.712750366     
         220   360720.979750055     
         225   412831.907312331     
         230   478290.679281100     
         235   559967.607706653     
         240   659482.268776277     
         245   776584.140506644     
         250   909007.505266728     
         255   1052807.42566661     
         260   1203008.82939941     
         265   1354342.14932268     
         270   1501880.19744970     
         275   1641476.56965486     
         280   1769987.05581060     
         285   1885308.34619218     
         290   1986290.45649077     
         295   2072579.32815286     
         300   2144434.62227725     
         305   2202553.00102863     
         310   2247913.89234788     
         315   2281654.75898557     
         320   2304976.41826787     
         325   2319075.36046297     
         330   2325098.45080035     
         335   2324115.11100392     
         340   2317102.48235173     
         345   2304939.78482831     
         350   2288408.87073707     
         355   2268198.70040911     
         360   2244912.08703028     
         365   2219073.55306612     
         370   2191137.51988525     
         375   2161496.33199073     
         380   2130487.81724740     
         385   2098402.22300876     
         390   2065488.46080659     
         395   2031959.65192803     
         400   1997998.00254315     
         405   1963759.05737639     
         410   1929375.39056529     
         415   1894959.79511311     
         420   1860608.03085764     
         425   1826401.18694154     
         430   1792407.70957122     
         435   1758685.14015700     
         440   1725281.60321327     
         445   1692237.07794047     
         450   1659584.48236192     
         455   1627350.59431084     
         460   1595556.82946753     
         465   1564219.89301488     
         470   1533352.31829621     
         475   1502962.90317976     
         480   1473057.05307750     
         485   1443637.04583093     
         490   1414702.44358548     
         495   1386256.71128318     
         500   1358500.13574778     
