         100   1812.74114063091     
         105   8922.54345177827     
         110   17320.9406279698     
         115   25368.2632738038     
         120   32931.3431305557     
         125   40194.2526027521     
         130   47373.8130213757     
         135   54664.7548532845     
         140   62236.3740123537     
         145   70239.2889574261     
         150   78812.8435655475     
         155   88091.3628312714     
         160   98209.2971513889     
         165   109305.683073334     
         170   121528.425765885     
         175   135038.995876305     
         180   150018.423841951     
         185   166676.424065268     
         190   185268.434688243     
         195   206132.520010967     
         200   229767.546945849     
         205   256968.710479280     
         210   288988.943953327     
         215   327614.090328976     
         220   375006.019946449     
         225   433259.265920198     
         230   503793.071074705     
         235   586821.993458480     
         240   681119.665581544     
         245   784146.477445313     
         250   892460.232747363     
         255   1002249.72643546     
         260   1109836.84072607     
         265   1212048.92021402     
         270   1306428.33702975     
         275   1391294.46338242     
         280   1465697.55150510     
         285   1529308.69092008     
         290   1582283.23145217     
         295   1625123.98987454     
         300   1658559.73067652     
         305   1683445.91377744     
         310   1700688.99411572     
         315   1711192.27101440     
         320   1715819.76921648     
         325   1715374.25400866     
         330   1710585.74045976     
         335   1702107.40763077     
         340   1690516.46091872     
         345   1676318.08400545     
         350   1659951.13371935     
         355   1641794.64142594     
         360   1622174.49815396     
         365   1601369.93121772     
         370   1579619.54382457     
         375   1557126.80151874     
         380   1534064.92358944     
         385   1510581.18445984     
         390   1486800.65782370     
         395   1462829.45105362     
         400   1438757.48362475     
         405   1414660.86412823     
         410   1390603.91806434     
         415   1366640.91446608     
         420   1342817.53446831     
         425   1319172.11980556     
         430   1295736.73425559     
         435   1272538.06644578     
         440   1249598.19829865     
         445   1226935.25974121     
         450   1204563.98712870     
         455   1182496.20010140     
         460   1160741.20926066     
         465   1139306.16506465     
         470   1118196.35665832     
         475   1097415.46791505     
         480   1076965.79673636     
         485   1056848.44260971     
         490   1037063.46847410     
         495   1017610.26660854     
         500   998525.178067285     
