         100   1812.74114063091     
         105   8922.59556871594     
         110   17321.2428682402     
         115   25368.9794783384     
         120   32932.6393532803     
         125   40196.4033933770     
         130   47377.2833602681     
         135   54670.2969211143     
         140   62245.1756221409     
         145   70253.2100988169     
         150   78834.7931434652     
         155   88125.8998428847     
         160   98263.5979434574     
         165   109391.122126022     
         170   121663.232234249     
         175   135252.954340757     
         180   150361.910149286     
         185   167239.115729542     
         190   186216.895231588     
         195   207770.694364455     
         200   232588.617205128     
         205   261596.065758172     
         210   295858.214399229     
         215   336326.634675700     
         220   383496.051533458     
         225   437114.184125880     
         230   496075.433107875     
         235   558540.226128667     
         240   622223.729725024     
         245   684746.572938742     
         250   743946.656912679     
         255   798091.727152910     
         260   845977.777590908     
         265   886930.439806585     
         270   920740.885696403     
         275   947568.384397188     
         280   967834.854287996     
         285   982127.796624359     
         290   991119.988634270     
         295   995508.482477244     
         300   995971.874658690     
         305   993143.022603998     
         310   987593.811458082     
         315   979828.709342949     
         320   970284.326236780     
         325   959332.777123038     
         330   947287.214269431     
         335   934408.376264388     
         340   920911.384531742     
         345   906972.305581064     
         350   892734.203271552     
         355   878312.546686402     
         360   863799.931765397     
         365   849270.132129732     
         370   834781.527244519     
         375   820379.972267328     
         380   806101.179487328     
         385   791972.680293860     
         390   778015.431940785     
         395   764245.126854530     
         400   750673.255055108     
         405   737307.963140110     
         410   724154.746628654     
         415   711217.006477920     
         420   698496.495342765     
         425   685993.674645004     
         430   673707.999705449     
         435   661638.146999546     
         440   649782.194949109     
         445   638137.767481623     
         450   626702.147802890     
         455   615472.368373965     
         460   604445.281902856     
         465   593617.617206782     
         470   582986.023030946     
         475   572547.102290420     
         480   562297.438704469     
         485   552233.617394060     
         490   542352.240694274     
         495   532649.940475744     
         500   523124.688555607     
