         100   1812.74114063091     
         105   8922.66394101599     
         110   17321.4172879979     
         115   25369.2620307773     
         120   32933.0160903296     
         125   40196.8528384449     
         130   47377.7725197496     
         135   54670.7720222688     
         140   62245.5468651949     
         145   70253.3272052959     
         150   78834.4060908400     
         155   88124.5953468697     
         160   98260.6954578865     
         165   109385.500083891     
         170   121653.027051440     
         175   135235.006434555     
         180   150330.678868364     
         185   167184.621841198     
         190   186121.813874175     
         195   207609.860955744     
         200   232340.708379669     
         205   261281.772778642     
         210   295611.515607799     
         215   336483.688644245     
         220   384664.914950551     
         225   440187.463119127     
         230   502170.261751536     
         235   568880.201867686     
         240   637997.283848132     
         245   706978.241416740     
         250   773406.205154610     
         255   835250.165448394     
         260   891006.211976462     
         265   939730.424707768     
         270   980993.091169333     
         275   1014788.05573137     
         280   1041425.73895629     
         285   1061429.53929601     
         290   1075446.71964932     
         295   1084178.22368621     
         300   1088327.52039358     
         305   1088566.20131744     
         310   1085513.08915501     
         315   1079723.52144752     
         320   1071685.83694927     
         325   1061822.63993004     
         330   1050494.98731227     
         335   1038008.15301675     
         340   1024618.04129520     
         345   1010537.64260729     
         350   995943.162040396     
         355   980979.616806474     
         360   965765.811839588     
         365   950398.675017421     
         370   934956.977520803     
         375   919504.489202713     
         380   904092.630151952     
         385   888762.682638935     
         390   873547.625620597     
         395   858473.649191076     
         400   843561.400259253     
         405   828827.004237744     
         410   814282.901194951     
         415   799938.529059231     
         420   785800.881218698     
         425   771874.961277509     
         430   758164.153795602     
         435   744670.526506644     
         440   731395.076715238     
         445   718337.932251204     
         450   705498.515439169     
         455   692875.676963589     
         460   680467.805217476     
         465   668272.915668717     
         470   656288.723919557     
         475   644512.705437253     
         480   632942.144367565     
         485   621574.173383293     
         490   610405.806344005     
         495   599434.023116402     
         500   588675.500509304     
