         100   1812.74114063091     
         105   8922.39322690990     
         110   17320.2976547514     
         115   25366.8714965112     
         120   32928.9569796385     
         125   40190.4648207571     
         130   47367.9322663458     
         135   54655.6656527922     
         140   62222.3237932066     
         145   70217.5509965976     
         150   78779.1855371870     
         155   88039.2110924893     
         160   98128.4206018196     
         165   109180.110316840     
         170   121333.121254999     
         175   134734.480989149     
         180   149541.841199869     
         185   165925.869904529     
         190   184072.743065549     
         195   204186.889090648     
         200   226494.175919504     
         205   251245.805057193     
         210   278723.312894108     
         215   309245.308733312     
         220   343176.832104484     
         225   380941.977398338     
         230   423040.331018491     
         235   470081.691104946     
         240   522925.346753922     
         245   583160.599901418     
         250   654234.127276197     
         255   743200.240478371     
         260   862332.855133904     
         265   1029312.12161403     
         270   1265072.10023569     
         275   1589575.85692985     
         280   2016922.69253600     
         285   2551519.87454874     
         290   3186490.01056584     
         295   3904523.05868291     
         300   4680576.37227575     
         305   5485459.62491890     
         310   6289391.54628226     
         315   7064902.81876112     
         320   7788798.86361639     
         325   8443170.94493893     
         330   9015612.31916679     
         335   9498865.82168994     
         340   9890129.36046033     
         345   10190207.5859850     
         350   10402646.0393296     
         355   10532933.8050030     
         360   10587819.7405555     
         365   10574757.9172781     
         370   10501479.0934558     
         375   10375674.6247596     
         380   10204774.7255145     
         385   9995802.27433151     
         390   9755284.76541099     
         395   9489209.41155809     
         400   9203009.09703888     
         405   8901569.45775603     
         410   8589249.64032104     
         415   8269911.19573993     
         420   7946951.10399401     
         425   7623336.14298972     
         430   7301636.76053042     
         435   6984059.33117804     
         440   6672476.22408131     
         445   6368453.50727893     
         450   6073276.39485111     
         455   5787972.72566018     
         460   5513334.86245666     
         465   5249940.43221836     
         470   4998172.30703793     
         475   4758238.16486004     
         480   4530189.88667221     
         485   4313942.95824842     
         490   4109296.07360106     
         495   3915950.90703980     
         500   3733164.61112948     
