         100   1812.74114063091     
         105   8922.43226377932     
         110   17320.4422241833     
         115   25367.1663804953     
         120   32929.4422147105     
         125   40191.2071329093     
         130   47369.0454943670     
         135   54657.3332292999     
         140   62224.8326722031     
         145   70221.3451632456     
         150   78784.9499604467     
         155   88048.0027715660     
         160   98141.8728044420     
         165   109200.751044541     
         170   121364.870638566     
         175   134783.430144464     
         180   149617.476284109     
         185   166043.005913742     
         190   184254.602267874     
         195   204470.059545476     
         200   226936.770237085     
         205   251941.595236661     
         210   279829.681737500     
         215   311051.964935482     
         220   346299.796720335     
         225   386840.996021714     
         230   435157.965476059     
         235   495770.892338908     
         240   575753.738461692     
         245   684281.606877999     
         250   830920.208950711     
         255   1023108.42564630     
         260   1263817.32510724     
         265   1550301.82790104     
         270   1874312.99887647     
         275   2223524.05912173     
         280   2583569.65946806     
         285   2940076.49414330     
         290   3280257.39554432     
         295   3593891.82050683     
         300   3873715.40014104     
         305   4115352.41340732     
         310   4316957.86191128     
         315   4478719.03416205     
         320   4602327.89112300     
         325   4690494.29056425     
         330   4746535.72597230     
         335   4774054.94866530     
         340   4776701.92396166     
         345   4758008.89838211     
         350   4721284.57073796     
         355   4669553.49237097     
         360   4605528.44417597     
         365   4531605.72800988     
         370   4449875.53294848     
         375   4362141.52323857     
         380   4269945.44056826     
         385   4174593.80755789     
         390   4077184.79744976     
         395   3978634.04993384     
         400   3879698.72014603     
         405   3780999.39694637     
         410   3683039.75914419     
         415   3586223.98723914     
         420   3490872.03853753     
         425   3397232.94372715     
         430   3305496.30655154     
         435   3215802.19459018     
         440   3128249.60488306     
         445   3042903.67768341     
         450   2959801.81792582     
         455   2878958.86895940     
         460   2800371.46790303     
         465   2724021.69734236     
         470   2649880.13440596     
         475   2577908.38574183     
         480   2508061.18567146     
         485   2440288.12487306     
         490   2374535.06594149     
         495   2310745.63961509     
         500   2249015.92681337     
