         100   1812.74114063091     
         105   8922.38205146449     
         110   17320.2516364138     
         115   25366.7729348111     
         120   32928.7886455746     
         125   40190.1980119612     
         130   47367.5183309756     
         135   54655.0262353013     
         140   62221.3359950869     
         145   70216.0239718063     
         150   78776.8237990790     
         155   88035.5572927869     
         160   98122.7664920213     
         165   109171.358280555     
         170   121319.568955258     
         175   134713.486323696     
         180   149509.300772643     
         185   165875.406652037     
         190   183994.439620383     
         195   204065.310160224     
         200   226305.274460220     
         205   250952.068116550     
         210   278266.112918932     
         215   308532.789746498     
         220   342064.748491231     
         225   379204.195768963     
         230   420325.059519708     
         235   465834.871091022     
         240   516176.110506346     
         245   571826.618961304     
         250   633298.922889739     
         255   701140.632417125     
         260   775941.535858993     
         265   858338.105376953     
         270   948939.435578422     
         275   1048038.41479826     
         280   1155186.77001924     
         285   1269402.43302028     
         290   1391347.56002961     
         295   1527917.09101747     
         300   1697076.55631948     
         305   1928857.52333569     
         310   2259887.46849099     
         315   2723015.85884667     
         320   3336832.10140928     
         325   4099647.43183867     
         330   4989666.17325713     
         335   5970094.69357469     
         340   6996494.06823238     
         345   8023859.40934780     
         350   9011918.03681949     
         355   9928196.60675396     
         360   10749115.9336916     
         365   11459680.0504748     
         370   12052349.5765618     
         375   12525571.2804908     
         380   12882279.9195109     
         385   13128550.4739091     
         390   13272478.3247586     
         395   13323301.5207156     
         400   13290744.8771852     
         405   13184550.7981586     
         410   13014158.5265975     
         415   12788496.4225612     
         420   12515857.2990343     
         425   12203832.7906926     
         430   11859288.1636213     
         435   11488363.4567174     
         440   11096490.2485292     
         445   10688415.6643093     
         450   10268226.4953789     
         455   9839366.48450263     
         460   9404638.89576612     
         465   8966184.42988227     
         470   8525421.54361247     
         475   8082932.89066031     
         480   7638279.27376100     
         485   7189723.59394273     
         490   6733857.54587012     
         495   6265388.09707034     
         500   5765399.66085353     
