         100   1812.74114063091     
         105   8922.62653620818     
         110   17321.3511965686     
         115   25369.1876775401     
         120   32932.9607196554     
         125   40196.8604943270     
         130   47377.9165305621     
         135   54671.1717886692     
         140   62246.3941181916     
         145   70254.9280336189     
         150   78837.2482763798     
         155   88129.4567684864     
         160   98268.8206455890     
         165   109398.893843499     
         170   121674.960963674     
         175   135270.942416019     
         180   150390.018966490     
         185   167283.708236577     
         190   186286.821039839     
         195   207871.374487575     
         200   232699.736455042     
         205   261621.274374318     
         210   295546.715844245     
         215   335188.373214630     
         220   380748.132291772     
         225   431690.840551817     
         230   486709.035895441     
         235   543892.854958067     
         240   601033.342293423     
         245   655953.255894885     
         250   706777.242948915     
         255   752096.555235616     
         260   791025.338726716     
         265   823171.873914099     
         270   848557.484761778     
         275   867513.313939897     
         280   880577.079244860     
         285   888402.954769130     
         290   891690.333341428     
         295   891132.199662601     
         300   887380.994097132     
         305   881028.618043032     
         310   872597.032730031     
         315   862536.259659178     
         320   851227.178121123     
         325   838987.139116635     
         330   826076.975839022     
         335   812708.449271069     
         340   799051.518232125     
         345   785241.077964799     
         350   771382.987863114     
         355   757559.325503336     
         360   743832.876874526     
         365   730250.914679143     
         370   716848.337776453     
         375   703650.252596599     
         380   690674.076840777     
         385   677931.240549081     
         390   665428.552009670     
         395   653169.287497418     
         400   641154.055375591     
         405   629381.477183962     
         410   617848.721227130     
         415   606551.917961524     
         420   595486.481155160     
         425   584647.354302661     
         430   574029.198034417     
         435   563626.531168573     
         440   553433.835523863     
         445   543445.632552417     
         450   533656.538186142     
         455   524061.300949320     
         460   514654.827315176     
         465   505432.197425728     
         470   496388.673611050     
         475   487519.703602137     
         480   478820.919902745     
         485   470288.136447276     
         490   461917.343405196     
         495   453704.697432419     
         500   445595.531452557     
