         100   1812.74114063091     
         105   8922.57673332553     
         110   17321.1445660883     
         115   25368.7529501030     
         120   32932.2360876744     
         125   40195.7431365398     
         130   47376.2299384304     
         135   54668.6299212888     
         140   62242.5469701069     
         145   70249.0747362306     
         150   78828.2983103030     
         155   88115.7076716830     
         160   98247.5982156998     
         165   109365.957994075     
         170   121623.488929619     
         175   135189.682684350     
         180   150259.724533055     
         185   167070.425342095     
         190   185932.358362181     
         195   207291.376214900     
         200   231821.444043623     
         205   260509.814651318     
         210   294645.677367740     
         215   335626.998416987     
         220   384591.757904417     
         225   442001.241398301     
         230   507353.334782744     
         235   579144.228586115     
         240   655079.597712556     
         245   732441.073921786     
         250   808482.843333522     
         255   880758.662218051     
         260   947329.584003817     
         265   1006848.73747645     
         270   1058547.99564912     
         275   1102161.67889919     
         280   1137820.22202714     
         285   1165938.56560932     
         290   1187114.72442402     
         295   1202046.12468231     
         300   1211465.76184774     
         305   1216096.90594312     
         310   1216623.45996876     
         315   1213672.58570675     
         320   1207806.37098835     
         325   1199519.78299152     
         330   1189242.71924017     
         335   1177344.51300782     
         340   1164139.71773091     
         345   1149894.36896403     
         350   1134832.20595790     
         355   1119140.54088699     
         360   1102975.60756457     
         365   1086467.31794720     
         370   1069723.41650445     
         375   1052833.05973806     
         380   1035869.86850751     
         385   1018894.51004648     
         390   1001956.86870420     
         395   985097.862339689     
         400   968350.956844482     
         405   951743.425719866     
         410   935297.395776093     
         415   919030.714326237     
         420   902957.667977451     
         425   887089.578401858     
         430   871435.296336366     
         435   856001.611502530     
         440   840793.593112560     
         445   825814.873080749     
         450   811067.881931427     
         455   796554.045626608     
         460   782273.950074465     
         465   768227.478875019     
         470   754413.928869186     
         475   740832.107245018     
         480   727480.413289461     
         485   714356.907329051     
         490   701459.368958409     
         495   688785.348455934     
         500   676336.078989218     
