         100   1812.74114063091     
         105   8922.40594490471     
         110   17320.3216054776     
         115   25366.8985930352     
         120   32928.9750160986     
         125   40190.4539309232     
         130   47367.8597480686     
         135   54655.4787642224     
         140   62221.9385131363     
         145   70216.8342765179     
         150   78777.9274343102     
         155   88037.0811833790     
         160   98124.8999265691     
         165   109174.385190434     
         170   121323.917618649     
         175   134719.805997547     
         180   149518.579977086     
         185   165889.155908463     
         190   184014.973924121     
         195   204096.185720397     
         200   226351.963866820     
         205   251023.003534801     
         210   278374.296256549     
         215   308698.273733111     
         220   342318.449196134     
         225   379593.725925491     
         230   420923.633179539     
         235   466755.138941185     
         240   517592.640440654     
         245   574010.674127636     
         250   636650.102953425     
         255   706142.106592371     
         260   782932.402360903     
         265   867201.058020406     
         270   959387.231903922     
         275   1061778.03399370     
         280   1180924.65800691     
         285   1329746.63346985     
         290   1527879.12758586     
         295   1799428.23801626     
         300   2168428.77346684     
         305   2653304.56761882     
         310   3262063.96913412     
         315   3989683.77489609     
         320   4818311.19148020     
         325   5719951.12758103     
         330   6660632.02384003     
         335   7604864.43220363     
         340   8519448.77563403     
         345   9376124.75172895     
         350   10152969.4376411     
         355   10834728.5716849     
         360   11412388.4386755     
         365   11882302.7251853     
         370   12245132.0637040     
         375   12504776.4103059     
         380   12667407.7637064     
         385   12740654.3613172     
         390   12732949.3542213     
         395   12653034.4034242     
         400   12509597.5015842     
         405   12311020.6408696     
         410   12065213.6008554     
         415   11779512.9542517     
         420   11460629.0237040     
         425   11114627.2048245     
         430   10746933.4294992     
         435   10362356.4502181     
         440   9965122.08104834     
         445   9558916.58793028     
         450   9146938.13610344     
         455   8731956.59638141     
         460   8316383.04343912     
         465   7902350.82813328     
         470   7491809.97125995     
         475   7086635.54733950     
         480   6688748.43386157     
         485   6300243.09325799     
         490   5923512.20255188     
         495   5561393.10457930     
         500   5222447.11934060     
