         100   1812.74114063091     
         105   8922.27620270753     
         110   17319.9690342464     
         115   25366.2993041072     
         120   32928.1345238195     
         125   40189.3785785893     
         130   47366.5538869775     
         135   54653.9497817699     
         140   62220.2063786273     
         145   70214.9467457871     
         150   78775.9841553108     
         155   88035.2721080181     
         160   98123.5665524893     
         165   109174.117978056     
         170   121325.710470059     
         175   134725.300503641     
         180   149530.450693263     
         185   165911.717118638     
         190   184055.134497846     
         195   204164.952053536     
         200   226466.808685060     
         205   251211.609986976     
         210   278680.504316436     
         215   309191.579352728     
         220   343109.115132928     
         225   380855.791952655     
         230   422927.700061366     
         235   469926.500191044     
         240   522700.623380339     
         245   582850.548072726     
         250   653928.958095609     
         255   743314.437033802     
         260   863948.124161154     
         265   1034558.33717859     
         270   1277392.54913895     
         275   1613731.92858508     
         280   2058679.14069941     
         285   2617065.25519372     
         290   3281729.35042768     
         295   4034401.34370701     
         300   4848558.51565328     
         305   5693232.34727290     
         310   6536792.92479283     
         315   7350042.95740224     
         320   8108314.52457395     
         325   8792554.26632625     
         330   9389562.22701866     
         335   9891624.21237817     
         340   10295778.1782404     
         345   10602915.0164918     
         350   10816859.1065429     
         355   10943520.5851172     
         360   10990167.6245277     
         365   10964835.5269635     
         370   10875869.2673555     
         375   10731584.9274767     
         380   10540030.6495846     
         385   10308827.0030641     
         390   10045068.2395654     
         395   9755268.58715364     
         400   9445340.72540583     
         405   9120596.44509583     
         410   8785762.00558428     
         415   8445002.77777482     
         420   8101953.39870175     
         425   7759750.90555155     
         430   7421069.22034919     
         435   7088153.98432359     
         440   6762857.15305685     
         445   6446671.01370153     
         450   6140761.42028306     
         455   5846000.10201820     
         460   5562995.91712573     
         465   5292124.93168690     
         470   5033559.22650760     
         475   4787294.39257569     
         480   4553175.77771647     
         485   4330923.99105251     
         490   4120168.27762012     
         495   3920623.01846527     
         500   3733456.98798383     
