         100   1812.74114063091     
         105   8922.55758775514     
         110   17321.0468451212     
         115   25368.5290948608     
         120   32931.8387719307     
         125   40195.0940031008     
         130   47375.1960787120     
         135   54666.9963404510     
         140   62239.9743959148     
         145   70245.0323631673     
         150   78821.9566385781     
         155   88105.7674110554     
         160   98232.0147666422     
         165   109341.490555067     
         170   121584.940887720     
         175   135128.549232791     
         180   150161.551579504     
         185   166909.188401722     
         190   185658.873054562     
         195   206814.532961674     
         200   230993.007012299     
         205   259145.764123398     
         210   292627.661662924     
         215   333096.562836401     
         220   382183.751890357     
         225   441012.953143462     
         230   509758.332308641     
         235   587427.182272478     
         240   671942.650984965     
         245   760471.551772701     
         250   849866.769072960     
         255   937091.331142567     
         260   1019536.12925256     
         265   1095199.35170834     
         270   1162738.78825104     
         275   1221430.52958000     
         280   1271072.42377564     
         285   1311865.01475810     
         290   1344293.00982502     
         295   1369020.75175586     
         300   1386807.64466049     
         305   1398444.44670401     
         310   1404708.47372788     
         315   1406334.46947330     
         320   1403997.61663153     
         325   1398305.43772137     
         330   1389795.85760157     
         335   1378939.28248241     
         340   1366143.09303166     
         345   1351757.40754577     
         350   1336081.33427707     
         355   1319369.20619594     
         360   1301836.49039899     
         365   1283665.20349431     
         370   1265008.75798713     
         375   1245996.22511153     
         380   1226736.03637488     
         385   1207319.16666432     
         390   1187821.85153308     
         395   1168307.89412032     
         400   1148830.61576804     
         405   1129434.50062190     
         410   1110156.57955287     
         415   1091027.59338685     
         420   1072072.97015209     
         425   1053313.64611579     
         430   1034766.75591713     
         435   1016446.21316252     
         440   998363.199429318     
         445   980526.576694674     
         450   962943.235720733     
         455   945618.390834337     
         460   928555.829786373     
         465   911758.125914157     
         470   895226.818614799     
         475   878962.567129362     
         480   862965.281802286     
         485   847234.236289144     
         490   831768.163618741     
         495   816565.343697537     
         500   801629.556444249     
