         100   1812.74114063091     
         105   8922.60643408990     
         110   17321.2734059592     
         115   25369.0326671177     
         120   32932.7158170983     
         125   40196.5043933461     
         130   47377.4115410065     
         135   54670.4565164928     
         140   62245.3726189032     
         145   70253.4524841641     
         150   78835.0912747911     
         155   88126.2669649566     
         160   98264.0508874435     
         165   109391.682245681     
         170   121663.926673084     
         175   135253.817806037     
         180   150362.987568895     
         185   167240.466625737     
         190   186218.601391626     
         195   207772.872763062     
         200   232591.438425377     
         205   261599.773100137     
         210   295863.132703310     
         215   336333.156470185     
         220   383504.595392791     
         225   437125.132865737     
         230   496089.069382509     
         235   558556.684139231     
         240   622242.974639854     
         245   684768.409406858     
         250   743970.759902184     
         255   798117.684677593     
         260   846005.135322583     
         265   886958.740362316     
         270   920769.698775056     
         275   947597.326791869     
         280   967863.600683260     
         285   982156.083030005     
         290   991147.610553201     
         295   995535.289730618     
         300   995997.764422858     
         305   993167.931800314     
         310   987617.709261151     
         315   979851.590270158     
         320   970306.204057989     
         325   959353.679675441     
         330   947307.179164674     
         335   934427.447418466     
         340   920929.609420254     
         345   906989.733113233     
         350   892750.882178616     
         355   878328.524328459     
         360   863815.253272261     
         365   849284.839803575     
         370   834795.660163958     
         375   820393.566043358     
         380   806114.266130934     
         385   791985.288163157     
         390   778027.585742157     
         395   764256.847677703     
         400   750684.560426443     
         405   737318.867081881     
         410   724165.259714785     
         415   711227.135878715     
         420   698506.244852764     
         425   686003.044689209     
         430   673716.987320001     
         435   661646.745783401     
         440   649790.394983594     
         445   638145.555214792     
         450   626709.505895513     
         455   615479.275503749     
         460   604451.712523057     
         465   593623.541254847     
         470   582991.405582089     
         475   572551.903150178     
         480   562301.611933229     
         485   552237.110755251     
         490   542354.995016896     
         495   532651.889824816     
         500   523127.066918687     
