         100   1812.74114063091     
         105   8922.48107185676     
         110   17320.6758301550     
         115   25367.6920743764     
         120   32930.3664053158     
         125   40192.7058887207     
         130   47371.4168172737     
         135   54661.0578475322     
         140   62230.6666574528     
         145   70230.4663815677     
         150   78799.1887014704     
         155   88070.2037764693     
         160   98176.4638876495     
         165   109254.639190485     
         170   121448.862380711     
         175   134914.503186146     
         180   149822.464423593     
         185   166364.731270854     
         190   184762.644656643     
         195   205281.816412855     
         200   228264.801930737     
         205   254206.960413087     
         210   283910.783957947     
         215   318721.933618522     
         220   360749.809810753     
         225   412869.970288802     
         230   478331.630589147     
         235   559996.607156313     
         240   659475.591777059     
         245   776511.462630131     
         250   908836.180450884     
         255   1052507.34518272     
         260   1202556.47612460     
         265   1353723.01737415     
         270   1501089.41935489     
         275   1640518.08478002     
         280   1768871.87051305     
         285   1884052.42856557     
         290   1984912.67848521     
         295   2071099.70485197     
         300   2142872.95623150     
         305   2200927.93984869     
         310   2246242.35032184     
         315   2279951.62884391     
         320   2303254.49594871     
         325   2317345.41412322     
         330   2323369.37853347     
         335   2322394.14559679     
         340   2315395.41378747     
         345   2303251.18127532     
         350   2286742.28636725     
         355   2266556.86383689     
         360   2243297.06787186     
         365   2217486.90650350     
         370   2189580.41055037     
         375   2159969.63925520     
         380   2128992.22433939     
         385   2096938.29244274     
         390   2064056.69852171     
         395   2030560.56236649     
         400   1996632.13671840     
         405   1962427.05582102     
         410   1928078.02294299     
         415   1893697.99825377     
         420   1859382.94705735     
         425   1825214.20458847     
         430   1791260.50854525     
         435   1757579.74503980     
         440   1724220.44816908     
         445   1691223.08821791     
         450   1658621.17875160     
         455   1626442.22859465     
         460   1594708.56093569     
         465   1563438.01852131     
         470   1532644.57106553     
         475   1502338.83855979     
         480   1472528.54207369     
         485   1443218.89186710     
         490   1414412.92343840     
         495   1386112.05404582     
         500   1358357.02557747     
