         100   1812.74114063091     
         105   8922.59131684973     
         110   17321.2358225561     
         115   25368.9732816777     
         120   32932.6397447504     
         125   40196.4202518054     
         130   47377.3331541445     
         135   54670.4062539716     
         140   62245.3869436547     
         145   70253.5908998421     
         150   78835.4506902259     
         155   88127.0048670072     
         160   98265.4231520233     
         165   109394.106413429     
         170   121668.097431416     
         175   135260.989715208     
         180   150376.068658407     
         185   167269.025944014     
         190   186298.836135544     
         195   208029.895880018     
         200   233387.657559487     
         205   263803.326576562     
         210   301211.910786719     
         215   347784.409381496     
         220   405412.164289216     
         225   475124.487499073     
         230   556677.580677994     
         235   648467.667758341     
         240   747769.800365415     
         245   851185.239084360     
         250   955142.120500211     
         255   1056324.07891558     
         260   1151960.94212452     
         265   1239971.07183312     
         270   1318980.36580757     
         275   1388257.23822113     
         280   1447602.22770611     
         285   1497222.63498467     
         290   1537612.34796740     
         295   1569447.91926877     
         300   1593505.23522418     
         305   1610596.81512611     
         310   1621527.43995651     
         315   1627064.83918770     
         320   1627922.03680648     
         325   1624748.28085528     
         330   1618125.99395581     
         335   1608571.73041577     
         340   1596539.62748527     
         345   1582426.25997094     
         350   1566576.14168040     
         355   1549287.37089045     
         360   1530817.10281608     
         365   1511386.66373869     
         370   1491186.21181049     
         375   1470378.90938069     
         380   1449104.60959850     
         385   1427483.08263945     
         390   1405616.81907703     
         395   1383593.45323003     
         400   1361487.85026691     
         405   1339363.89917447     
         410   1317276.05057005     
         415   1295270.63452258     
         420   1273386.98953514     
         425   1251658.42992623     
         430   1230113.07519453     
         435   1208774.56164531     
         440   1187662.65362365     
         445   1166793.76913691     
         450   1146181.43243365     
         455   1125836.66420681     
         460   1105768.31846976     
         465   1085983.37377932     
         470   1066487.18531714     
         475   1047283.70335780     
         480   1028375.66282343     
         485   1009764.74792529     
         490   991451.735303129     
         495   973436.619780894     
         500   955722.144343480     
