         100   1812.74114063091     
         102   4254.90769127672     
         104   7290.15442751389     
         106   10592.2960047947     
         108   13969.0987247534     
         110   17321.2445803167     
         112   20603.8160183624     
         114   23801.8108626702     
         116   26916.0706856838     
         118   29955.4705909158     
         120   32932.6516432340     
         122   35861.7213738675     
         124   38757.0432510812     
         126   41632.6283272455     
         128   44501.8589233339     
         130   47377.3936519340     
         132   50271.1693279321     
         134   53194.4523803126     
         136   56157.9132954910     
         138   59171.7095116008     
         140   62245.5689714738     
         142   65388.8704217238     
         144   68610.7187545557     
         146   71920.0149351797     
         148   75325.5207496427     
         150   78835.9189839677     
         152   82459.8698464262     
         154   86206.0645549311     
         156   90083.2770829809     
         158   94100.4151245608     
         160   98266.5714266956     
         162   102591.076772456     
         164   107083.556107850     
         166   111753.989640113     
         168   116612.781269969     
         170   121670.837581619     
         172   126939.661983702     
         174   132431.470689584     
         176   138159.340207536     
         178   144137.399796098     
         180   150381.086316871     
         182   156907.481677674     
         184   163735.752317731     
         186   170887.703106756     
         188   178388.442068124     
         190   186267.126470264     
         192   194557.726763617     
         194   203299.707615441     
         196   212538.492845609     
         198   222325.562600793     
         200   232718.034685655     
         202   243777.612044749     
         204   255568.834097344     
         206   268156.644481804     
         208   281603.370833904     
         210   295965.290447602     
         212   311289.016640947     
         214   327607.975091217     
         216   344939.242745358     
         218   363280.994748396     
         220   382610.752285447     
         222   402884.554551751     
         224   424037.100888584     
         226   445982.833806934     
         228   468617.867933950     
         230   491822.619251932     
         232   515464.956115785     
         234   539403.678743611     
         236   563492.135522343     
         238   587581.799566396     
         240   611525.653830185     
         242   635181.263894145     
         244   658413.450807530     
         246   681096.509147559     
         248   703115.945527040     
         250   724369.738673333     
         252   744769.143110153     
         254   764239.074167031     
         256   782718.122720259     
         258   800158.254234381     
         260   816524.249003668     
         262   831792.939744487     
         264   845952.299618781     
         266   859000.429078799     
         268   870944.484230284     
         270   881799.583228372     
         272   891587.720953657     
         274   900336.716168994     
         276   908079.209743406     
         278   914851.727482559     
         280   920693.816697159     
         282   925647.261893563     
         284   929755.381870753     
         286   933062.408015247     
         288   935612.941645109     
         290   937451.486801816     
         292   938622.053856899     
         294   939167.828622632     
         296   939130.901269589     
         298   938552.049201246     
         300   937470.568065802     
         302   935924.145253612     
         304   933948.770497364     
         306   931578.678529868     
         308   928846.319135444     
         310   925782.350334845     
         312   922415.650854492     
         314   918773.348436213     
         316   914880.860934895     
         318   910761.947522078     
         320   906438.767659425     
         322   901931.945824801     
         324   897260.640264278     
         326   892442.614305685     
         328   887494.309003965     
         330   882430.916096913     
         332   877266.450433227     
         334   872013.821195204     
         336   866684.901377571     
         338   861290.595103936     
         340   855840.902464975     
         342   850344.981649712     
         344   844811.208214662     
         346   839247.231397060     
         348   833660.027429133     
         350   828055.949852012     
         352   822440.776861481     
         354   816819.755744515     
         356   811197.644486468     
         358   805578.750644719     
         360   799966.967596255     
         362   794365.808274922     
         364   788778.436519311     
         366   783207.696155092     
         368   777656.137936496     
         370   772126.044470922     
         372   766619.453248642     
         374   761138.177896596     
         376   755683.827771532     
         378   750257.826003412     
         380   744861.426095308     
         382   739495.727181024     
         384   734161.688036528     
         386   728860.139936112     
         388   723591.798438964     
         390   718357.274186760     
         392   713157.082787809     
         394   707991.653858509     
         396   702861.339288095     
         398   697766.420788229     
         400   692707.116784686     
         402   687683.588704272     
         404   682695.946706337     
         406   677744.254904516     
         408   672828.536120990     
         410   667948.776212297     
         412   663104.928002739     
         414   658296.914858621     
         416   653524.633933947     
         418   648787.959115744     
         420   644086.743694946     
         422   639420.822786652     
         424   634790.015521641     
         426   630194.127029210     
         428   625632.950229766     
         430   621106.267454020     
         432   616613.851904270     
         434   612155.468971906     
         436   607730.877424099     
         438   603339.830471513     
         440   598982.076727866     
         442   594657.361071230     
         444   590365.425416121     
         446   586106.009404595     
         448   581878.851023903     
         450   577683.687157558     
         452   573520.254076067     
         454   569388.287873039     
         456   565287.524851850     
         458   561217.701867621     
         460   557178.556628778     
         462   553169.827962149     
         464   549191.256045128     
         466   545242.582608175     
         468   541323.551110564     
         470   537433.906892085     
         472   533573.397303099     
         474   529741.771815175     
         476   525938.782114282     
         478   522164.182178372     
         480   518417.728340982     
         482   514699.179342347     
         484   511008.296369376     
         486   507344.843085697     
         488   503708.585652895     
         490   500099.292743920     
         492   496516.735549567     
         494   492960.687778862     
         496   489430.925654056     
         498   485927.227907683     
         500   482449.393556343     
