         100   1812.74114063091     
         102   4254.88298362592     
         104   7290.04914611658     
         106   10592.0231410163     
         108   13968.5693961171     
         110   17320.3828419932     
         112   20602.5587397759     
         114   23800.1004214300     
         116   26913.8463699369     
         118   29952.6610675889     
         120   32929.1688197385     
         122   35857.4552201054     
         124   38751.8569995697     
         126   41626.3535303833     
         128   44494.2899432192     
         130   47368.2812307158     
         132   50260.2129234554     
         134   53181.2909558953     
         136   56142.1142297823     
         138   59152.7552489879     
         140   62222.8409675810     
         142   65361.6298522054     
         144   68578.0833468007     
         146   71880.9311481818     
         148   75278.7303618614     
         150   78779.9189452565     
         152   82392.8639983050     
         154   86125.9055106537     
         156   89987.3961675285     
         158   93985.7377809508     
         160   98129.4148651767     
         162   102427.025824224     
         164   106887.312170101     
         166   111519.186145485     
         168   116331.757085257     
         170   121334.356818030     
         172   126536.564381488     
         174   131948.230304004     
         176   137579.500689303     
         178   143440.841330823     
         180   149543.062077731     
         182   155897.341675514     
         184   162515.253310679     
         186   169408.791101972     
         188   176590.397800178     
         190   184072.993985920     
         192   191870.009091144     
         194   199995.414616823     
         196   208463.759978930     
         198   217290.211489706     
         200   226490.595075452     
         202   236081.443450162     
         204   246080.048612971     
         206   256504.520724860     
         208   267373.854657614     
         210   278708.005807616     
         212   290527.977137676     
         214   302855.919845872     
         216   315715.250527821     
         218   329130.788143748     
         220   343128.914527148     
         222   357737.762859526     
         224   372987.440439038     
         226   388910.297264922     
         228   405541.263806595     
         230   422918.303848058     
         232   441083.064367208     
         234   460081.852910385     
         236   479967.125862615     
         238   500799.712218859     
         240   522652.004437494     
         242   545612.297481091     
         244   569790.333463209     
         246   595323.912258288     
         248   622386.178226641     
         250   651192.929541738     
         252   682009.071426169     
         254   715153.200430010     
         256   750999.304018405     
         258   789974.706045062     
         260   832553.674823342     
         262   879246.501550895     
         264   930584.299588595     
         266   987100.208692631     
         268   1049308.05551925     
         270   1117679.77830202     
         272   1192623.04405612     
         274   1274460.46599461     
         276   1363411.68055648     
         278   1459579.29496604     
         280   1562939.40300243     
         282   1673337.02618446     
         284   1790486.50446386     
         286   1913976.56288584     
         288   2043279.53823236     
         290   2177764.07329490     
         292   2316710.47892844     
         294   2459327.92162795     
         296   2604772.60853982     
         298   2752166.20125199     
         300   2900613.78196362     
         302   3049220.80852647     
         304   3197108.61740108     
         306   3343428.15660699     
         308   3487371.74715834     
         310   3628182.77622669     
         312   3765163.31522270     
         314   3897679.72962977     
         316   4025166.40454710     
         318   4147127.75127768     
         320   4263138.68737025     
         322   4372843.79714406     
         324   4475955.38393710     
         326   4572250.62119539     
         328   4661567.99904138     
         330   4743803.24793013     
         332   4818904.90300157     
         334   4886869.65310369     
         336   4947737.59828016     
         338   5001587.51963864     
         340   5048532.24657569     
         342   5088714.18877638     
         344   5122301.08451457     
         346   5149482.00270368     
         348   5170463.62393600     
         350   5185466.81536615     
         352   5194723.50565121     
         354   5198473.85912539     
         356   5196963.74280735     
         358   5190442.47554612     
         360   5179160.84544018     
         362   5163369.37944842     
         364   5143316.84769722     
         366   5119248.98423370     
         368   5091407.40575154     
         370   5060028.71001177     
         372   5025343.73619787     
         374   4987576.97019835     
         376   4946946.07873174     
         378   4903661.55725970     
         380   4857926.47772678     
         382   4809936.32328281     
         384   4759878.89825695     
         386   4707934.30273729     
         388   4654274.96215260     
         390   4599065.70323919     
         392   4542463.86869990     
         394   4484619.46371966     
         396   4425675.32828954     
         398   4365767.33001114     
         400   4305024.57270469     
         402   4243569.61673248     
         404   4181518.70747577     
         406   4118982.00887340     
         408   4056063.83934822     
         410   3992862.90781658     
         412   3929472.54780330     
         414   3865980.94797151     
         416   3802471.37763048     
         418   3739022.40600753     
         420   3675708.11426733     
         422   3612598.29943632     
         424   3549758.66954593     
         426   3487251.02944850     
         428   3425133.45688662     
         430   3363460.46851426     
         432   3302283.17567674     
         434   3241649.42985979     
         436   3181603.95781673     
         438   3122188.48647805     
         440   3063441.85784102     
         442   3005400.13412837     
         444   2948096.69359496     
         446   2891562.31745004     
         448   2835825.26844844     
         450   2780911.36178808     
         452   2726844.02903032     
         454   2673644.37583450     
         456   2621331.23436567     
         458   2569921.21129418     
         460   2519428.73235548     
         462   2469866.08447628     
         464   2421243.45649726     
         466   2373568.97953196     
         468   2326848.76799332     
         470   2281086.96229410     
         472   2236285.77418218     
         474   2192445.53560833     
         476   2149564.75193959     
         478   2107640.16022907     
         480   2066666.79313224     
         482   2026638.04892358     
         484   1987545.76791856     
         486   1949380.31545069     
         488   1912130.67139735     
         490   1875784.52610446     
         492   1840328.38244316     
         494   1805747.66366477     
         496   1772026.82529209     
         498   1739148.89545606     
         500   1706925.06083524     
