         100   1812.74114063091     
         102   4254.90204387221     
         104   7290.12888894490     
         106   10592.2283339244     
         108   13968.9660680111     
         110   17321.0273643416     
         112   20603.4979629118     
         114   23801.3771114472     
         116   26915.5055883348     
         118   29954.7557540228     
         120   32931.7643390923     
         122   35860.6331964190     
         124   38755.7188684906     
         126   41631.0241958090     
         128   44499.9218519856     
         130   47375.0591250710     
         132   50268.3595034043     
         134   53191.0736799238     
         136   56153.8534986636     
         138   59166.8342499939     
         140   62239.7175037585     
         142   65381.8505432378     
         144   68602.3006654634     
         146   71909.9238517806     
         148   75313.4279947231     
         150   78821.4312309336     
         152   82442.5161147706     
         154   86185.2804563391     
         156   90058.3856909784     
         158   94070.6036758417     
         160   98230.8628438021     
         162   102548.294701311     
         164   107032.281750089     
         166   111692.508061114     
         168   116539.013961060     
         170   121582.256652334     
         172   126833.179158029     
         174   132303.290894473     
         176   138004.764625364     
         178   143950.556791796     
         180   150154.561456107     
         182   156631.812329090     
         184   163398.752022276     
         186   170473.591377639     
         188   177876.782070661     
         190   185631.619518032     
         192   193764.977410504     
         194   202308.148321418     
         196   211297.728021799     
         198   220776.439255002     
         200   230793.752114088     
         202   241406.133020582     
         204   252676.752123605     
         206   264674.505717286     
         208   277472.266388274     
         210   291144.353124329     
         212   305763.305289933     
         214   321396.133995210     
         216   338100.297805828     
         218   355919.695742821     
         220   374880.982798830     
         222   394990.491130445     
         224   416231.988276426     
         226   438565.430633557     
         228   461926.786400315     
         230   486228.917768199     
         232   511363.436346677     
         234   537203.385248835     
         236   563606.559681481     
         238   590419.256257243     
         240   617480.238263337     
         242   644624.716833088     
         244   671688.172494791     
         246   698509.873753447     
         248   724935.985247705     
         250   750822.194233220     
         252   776035.818039994     
         254   800457.384904145     
         256   823981.705111824     
         258   846518.468293819     
         260   867992.416064594     
         262   888343.147465558     
         264   907524.618535026     
         266   925504.397586398     
         268   942262.735254551     
         270   957791.503849746     
         272   972093.054735785     
         274   985179.035915332     
         276   997069.205236156     
         278   1007790.26799130     
         280   1017374.76143549     
         282   1025860.00305222     
         284   1033287.11438137     
         286   1039700.12789652     
         288   1045145.18080432     
         290   1049669.79669099     
         292   1053322.25361054     
         294   1056151.03543041     
         296   1058204.36195089     
         298   1059529.79242445     
         300   1060173.89655015     
         302   1060181.98674341     
         304   1059597.90542529     
         306   1058463.86118715     
         308   1056820.30792354     
         310   1054705.86135174     
         312   1052157.24772066     
         314   1049209.27993039     
         316   1045894.85671777     
         318   1042244.98099789     
         320   1038288.79387527     
         322   1034053.62124419     
         324   1029565.03027900     
         326   1024846.89346925     
         328   1019921.45817939     
         330   1014809.42000769     
         332   1009529.99848432     
         334   1004101.01388530     
         336   998538.964148573     
         338   992859.101062607     
         340   987075.505058858     
         342   981201.158078411     
         344   975248.014103217     
         346   969227.067044690     
         348   963148.415769284     
         350   957021.326113845     
         352   950854.289804503     
         354   944655.080243265     
         356   938430.805167732     
         358   932187.956222565     
         360   925932.455507768     
         362   919669.699189420     
         364   913404.598274115     
         366   907141.616659784     
         368   900884.806583517     
         370   894637.841592020     
         372   888404.047162934     
         374   882186.429105923     
         376   875987.699871489     
         378   869810.302893292     
         380   863656.435086587     
         382   857528.067621459     
         384   851426.965085065     
         386   845354.703142221     
         388   839312.684798525     
         390   833302.155364959     
         392   827324.216217538     
         394   821379.837440281     
         396   815469.869434515     
         398   809595.053572417     
         400   803756.031967670     
         402   797953.356431390     
         404   792187.496676817     
         406   786458.847831905     
         408   780767.737314788     
         410   775114.431123126     
         412   769499.139584631     
         414   763922.022612565     
         416   758383.194506705     
         418   752882.728337202     
         420   747420.659945865     
         422   741996.991596735     
         424   736611.695305294     
         426   731264.715873359     
         428   725955.973654504     
         430   720685.367072908     
         432   715452.774916630     
         434   710258.058424621     
         436   705101.063185199     
         438   699981.620862227     
         440   694899.550763918     
         442   689854.661267926     
         444   684846.751115250     
         446   679875.610584396     
         448   674941.022556329     
         450   670042.763479792     
         452   665180.604245793     
         454   660354.310979304     
         456   655563.645755503     
         458   650808.367247299     
         460   646088.231310252     
         462   641402.991510516     
         464   636752.399600907     
         466   632136.205949782     
         468   627554.159926991     
         470   623006.010250789     
         472   618491.505299271     
         474   614010.393389562     
         476   609562.423027713     
         478   605147.343132008     
         480   600764.903232122     
         482   596414.853646380     
         484   592096.945639143     
         486   587810.931560185     
         488   583556.564967755     
         490   579333.600736845     
         492   575141.795154087     
         494   570980.906000544     
         496   566850.692623578     
         498   562750.916075986     
         500   558681.520744100     
