         100   1812.74114063091     
         105   8922.59296248375     
         110   17321.2478936303     
         115   25369.0026491021     
         120   32932.6921971744     
         125   40196.5047133678     
         130   47377.4648112027     
         135   54670.6098510245     
         140   62245.7016131793     
         145   70254.0778096883     
         150   78836.2052659327     
         155   88128.1764451621     
         160   98267.2469983275     
         165   109396.956790899     
         170   121672.573112555     
         175   135267.995085059     
         180   150386.377510511     
         185   167279.206757996     
         190   186281.255309532     
         195   207864.486985080     
         200   232691.180560335     
         205   261610.547958438     
         210   295533.079739998     
         215   335170.804291285     
         220   380725.368486423     
         225   431661.538134305     
         230   486672.001351168     
         235   543847.276590874     
         240   600978.950485146     
         245   655890.375280029     
         250   706706.740013175     
         255   752019.712300921     
         260   790943.694383925     
         265   823087.064892291     
         270   848471.112411433     
         275   867426.846121236     
         280   880491.788817727     
         285   888319.890018183     
         290   891610.313064259     
         295   891055.825297392     
         300   887308.672183314     
         305   880960.587748208     
         310   872533.394670880     
         315   862477.003550657     
         320   851172.207816181     
         325   838936.294345061     
         330   826030.050457867     
         335   812665.206153249     
         340   799011.701095683     
         345   785204.420526400     
         350   771349.220719292     
         355   757528.181126282     
         360   743804.093072714     
         365   730224.236827943     
         370   716823.520076971     
         375   703627.058576286     
         380   690652.279268967     
         385   677910.620905361     
         390   665408.899612929     
         395   653150.398378281     
         400   641135.730954193     
         405   629363.522798003     
         410   617830.944541354     
         415   606534.127278524     
         420   595468.483638343     
         425   584628.954114748     
         430   574010.194388760     
         435   563606.716285449     
         440   553412.992479559     
         445   543423.533005110     
         450   533632.939959202     
         455   524035.945449569     
         460   514627.436760768     
         465   505402.471855692     
         470   496356.287646147     
         475   487484.302924691     
         480   478782.117421678     
         485   470245.508114075     
         490   461870.423647524     
         495   453652.977487737     
         500   445584.328455272     
