         100   1812.74114063091     
         102   4254.90710628741     
         104   7290.15174474829     
         106   10592.2888608764     
         108   13969.0846907190     
         110   17321.2215764472     
         112   20603.7823136576     
         114   23801.7648737931     
         116   26916.0107394957     
         118   29955.3947162917     
         120   32932.5574012541     
         122   35861.6057142937     
         124   38756.9023788886     
         126   41632.4575646768     
         128   44501.6525555990     
         130   47377.1447466472     
         132   50270.8695193384     
         134   53194.0916093736     
         136   56157.4794961463     
         138   59171.1882320874     
         140   62244.9429175308     
         142   65388.1189057920     
         144   68609.8170316302     
         146   71918.9334016224     
         148   75324.2239758002     
         150   78834.3645445421     
         152   82458.0069037806     
         154   86203.8321392605     
         156   90080.6019986488     
         158   94097.2093925803     
         160   98262.7291472695     
         162   102586.470255307     
         164   107078.031065905     
         166   111747.359163416     
         168   116604.818172788     
         170   121661.264515073     
         172   126928.138381316     
         174   132417.575103188     
         176   138142.545839326     
         178   144117.040024472     
         180   150356.305831300     
         182   156877.167716150     
         184   163698.439845822     
         186   170841.448115983     
         188   178330.659007010     
         190   186194.389431845     
         192   194465.539294385     
         194   203182.252218526     
         196   212388.377308775     
         198   222133.584857667     
         200   232472.989820299     
         202   243466.163554332     
         204   255175.466610074     
         206   267663.707486170     
         208   280991.213866076     
         210   295212.481116057     
         212   310372.625263176     
         214   326503.904625628     
         216   343622.580632020     
         218   361726.364170876     
         220   380792.643710239     
         222   400777.623372827     
         224   421616.422680791     
         226   443224.114221400     
         228   465497.608989002     
         230   488318.247271948     
         232   511554.918688743     
         234   535067.518862258     
         236   558710.550754830     
         238   582336.692967475     
         240   605800.181676560     
         242   628959.883507554     
         244   651681.969963362     
         246   673842.137033346     
         248   695327.344021567     
         250   716037.071907765     
         252   735884.122841235     
         254   754794.998397172     
         256   772709.905176470     
         258   789582.442694940     
         260   805379.030965358     
         262   820078.134488862     
         264   833669.336308335     
         266   846152.311051133     
         268   857535.740130871     
         270   867836.206012509     
         272   877077.096087514     
         274   885287.540568153     
         276   892501.403110274     
         278   898756.337750903     
         280   904092.921274163     
         282   908553.866319734     
         284   912183.317407939     
         286   915026.229534629     
         288   917127.827030515     
         290   918533.138917990     
         292   919286.605964790     
         294   919431.753959998     
         296   919010.927359792     
         298   918065.077308939     
         300   916633.598087493     
         302   914754.206214785     
         304   912462.856726415     
         306   909793.691492338     
         308   906779.014839331     
         310   903449.292158271     
         312   899833.167599479     
         314   895957.497375795     
         316   891847.395593788     
         318   887526.289912593     
         320   883015.984682951     
         322   878336.729543941     
         324   873507.291750529     
         326   868545.030771506     
         328   863465.973935346     
         330   858284.892112365     
         332   853015.374606904     
         334   847669.902595005     
         336   842259.920583171     
         338   836795.905484332     
         340   831287.433009988     
         342   825743.241164699     
         344   820171.290702325     
         346   814578.822464376     
         348   808972.411571144     
         350   803358.018477259     
         352   797741.036936263     
         354   792126.338944826     
         356   786518.316757447     
         358   780920.922077622     
         360   775337.702542496     
         362   769771.835625471     
         364   764226.160085841     
         366   758703.205096690     
         368   753205.217182548     
         370   747734.185096978     
         372   742291.862767718     
         374   736879.790433476     
         376   731499.314092252     
         378   726151.603376310     
         380   720837.667963741     
         382   715558.372631243     
         384   710314.451047217     
         386   705106.518398765     
         388   699935.082940691     
         390   694800.556549195     
         392   689703.264357713     
         394   684643.453547255     
         396   679621.301358719     
         398   674636.922389964     
         400   669690.375235986     
         402   664781.668526321     
         404   659910.766409801     
         406   655077.593533041     
         408   650282.039555496     
         410   645523.963240641     
         412   640803.196159705     
         414   636119.546041543     
         416   631472.799799520     
         418   626862.726263796     
         420   622289.078645085     
         422   617751.596753820     
         424   613250.008996652     
         426   608784.034170410     
         428   604353.383071917     
         430   599957.759940512     
         432   595596.863748700     
         434   591270.389354995     
         436   586978.028531836     
         438   582719.470880305     
         440   578494.404642378     
         442   574302.517420462     
         444   570143.496813133     
         446   566017.030975187     
         448   561922.809109385     
         450   557860.521896603     
         452   553829.861870522     
         454   549830.523742383     
         456   545862.204680875     
         458   541924.604551731     
         460   538017.426121184     
         462   534140.375227064     
         464   530293.160920952     
         466   526475.495584482     
         468   522687.095022601     
         470   518927.678536321     
         472   515196.968977263     
         474   511494.692786050     
         476   507820.580016446     
         478   504174.364346901     
         480   500555.783081044     
         482   496964.577138496     
         484   493400.491037216     
         486   489863.272868516     
         488   486352.674265731     
         490   482868.450367423     
         492   479410.359775952     
         494   475978.164512105     
         496   472571.629966429     
         498   469190.524847680     
         500   465834.556753264     
