         100   1812.74114063091     
         105   8922.59328023297     
         110   17321.2465270961     
         115   25368.9982156843     
         120   32932.6840155722     
         125   40196.4920349185     
         130   47377.4463193746     
         135   54670.5833054749     
         140   62245.6634374734     
         145   70254.0224726322     
         150   78836.1242971444     
         155   88128.0568405892     
         160   98267.0685819638     
         165   109396.687842928     
         170   121672.165372668     
         175   135267.407098078     
         180   150385.873218970     
         185   167281.288378719     
         190   186299.336606287     
         195   207951.304234414     
         200   233008.073166446     
         205   262554.274060607     
         210   297908.689315791     
         215   340357.765126059     
         220   390761.188747493     
         225   449185.949440918     
         230   514726.615972687     
         235   585578.672455912     
         240   659320.017579327     
         245   733289.246557772     
         250   804946.167525861     
         255   872138.726291214     
         260   933249.444787456     
         265   987232.077980587     
         270   1033568.50430093     
         275   1072179.70717798     
         280   1103319.38671164     
         285   1127469.99304884     
         290   1145252.46157619     
         295   1157354.33197202     
         300   1164476.59473118     
         305   1167297.20355009     
         310   1166448.17480566     
         315   1162503.04531486     
         320   1155971.77461844     
         325   1147300.68787156     
         330   1136875.59881585     
         335   1125026.74565260     
         340   1112034.58175848     
         345   1098135.78220042     
         350   1083529.06422194     
         355   1068380.58920833     
         360   1052828.82987998     
         365   1036988.86297467     
         370   1020956.09552264     
         375   1004809.46064654     
         380   988614.133129459     
         385   972423.820504937     
         390   956282.685463551     
         395   940226.952224590     
         400   924286.244713633     
         405   908484.698899702     
         410   892841.886087390     
         415   877373.578683679     
         420   862092.385151926     
         425   847008.276605212     
         430   832129.023790155     
         435   817460.560044243     
         440   803007.283128264     
         445   788772.306585482     
         450   774757.669403969     
         455   760964.511203829     
         460   747393.218887325     
         465   734043.549633199     
         470   720914.734248623     
         475   708005.564180609     
         480   695314.464905818     
         485   682839.557940461     
         490   670578.713321383     
         495   658529.594326590     
         500   646691.100090935     
