         100   1812.74114063091     
         102   4254.90772633991     
         104   7290.15465668499     
         106   10592.2966708566     
         108   13969.1000834171     
         110   17321.2468536515     
         112   20603.8193893866     
         114   23801.8154921291     
         116   26916.0767346197     
         118   29955.4782415382     
         120   32932.6611163356     
         122   35861.7329434781     
         124   38757.0572577305     
         126   41632.6451911909     
         128   44501.8791589083     
         130   47377.4178839902     
         132   50271.1983112569     
         134   53194.4870228597     
         136   56157.9546863332     
         138   59171.7589546147     
         140   62245.6280259463     
         142   65388.9409513041     
         144   68610.8029862835     
         146   71920.1155307069     
         148   75325.6408912633     
         150   78836.0624786892     
         152   82460.0412521215     
         154   86206.2693336423     
         156   90083.5217878002     
         158   94100.7076283169     
         160   98266.9212030997     
         162   102591.495243682     
         164   107084.057076963     
         166   111754.589832232     
         168   116613.501010849     
         170   121671.701640090     
         172   126940.700577328     
         174   132432.720560127     
         176   138160.845434326     
         178   144139.211496991     
         180   150383.259397809     
         182   156910.065114897     
         184   163738.766917114     
         186   170891.097266159     
         188   178392.012038821     
         190   186270.383613384     
         192   194559.691329146     
         194   203298.607848975     
         196   212531.350898655     
         198   222307.655520820     
         200   232682.229714816     
         202   243713.589711850     
         204   255462.228478381     
         206   267988.145311569     
         208   281347.844520645     
         210   295590.984442257     
         212   310756.912715952     
         214   326871.351498388     
         216   343943.493519004     
         218   361963.737984285     
         220   380902.239980973     
         222   400708.376663447     
         224   421311.157660235     
         226   442620.534788743     
         228   464529.504573360     
         230   486916.851038974     
         232   509650.348020634     
         234   532590.229659825     
         236   555592.742883656     
         238   578513.613322912     
         240   601211.282590011     
         242   623549.806352006     
         244   645401.335810973     
         246   666648.137277271     
         248   687184.133452685     
         250   706915.974524181     
         252   725763.666555912     
         254   743660.798846883     
         256   760554.421186985     
         258   776404.626857142     
         260   791183.898493865     
         262   804876.272343716     
         264   817476.372721976     
         266   828988.363349793     
         268   839424.856268819     
         270   848805.812708575     
         272   857157.463987899     
         274   864511.274545776     
         276   870902.963707032     
         278   876371.597908883     
         280   880958.760899087     
         282   884707.805873811     
         284   887663.190628263     
         286   889869.894498379     
         288   891372.914116488     
         290   892216.833720086     
         292   892445.464871514     
         294   892101.549900130     
         296   891226.523105007     
         298   889860.323698551     
         300   888041.254580086     
         302   885805.881260325     
         304   883188.965576933     
         306   880223.429218088     
         308   876940.342481201     
         310   873368.934118736     
         312   869536.618547773     
         314   865469.037113653     
         316   861190.110492974     
         318   856722.099691943     
         320   852085.673439431     
         322   847299.980088216     
         324   842382.722422331     
         326   837350.234023655     
         328   832217.556077757     
         330   826998.513699269     
         332   821705.791032290     
         334   816351.004533709     
         336   810944.773978720     
         338   805496.790840325     
         340   800015.883790287     
         342   794510.081149557     
         344   788986.670183617     
         346   783452.253193866     
         348   777912.800401871     
         350   772373.699660147     
         352   766839.803052509     
         354   761315.470469920     
         356   755804.610265251     
         358   750310.717103133     
         360   744836.907130094     
         362   739385.950595881     
         364   733960.302059968     
         366   728562.128318161     
         368   723193.334183413     
         370   717855.586252727     
         372   712550.334788746     
         374   707278.833840499     
         376   702042.159723022     
         378   696841.227970434     
         380   691676.808871538     
         382   686549.541691450     
         384   681459.947677022     
         386   676408.441938197     
         388   671395.344291805     
         390   666420.889148877     
         392   661485.234521230     
         394   656588.470217994     
         396   651730.625297863     
         398   646911.674838178     
         400   642131.546077562     
         402   637390.123984612     
         404   632687.256301231     
         406   628022.758105479     
         408   623396.415935352     
         410   618807.991511640     
         412   614257.225095000     
         414   609743.838509553     
         416   605267.537862702     
         418   600828.015988401     
         420   596424.954638909     
         422   592058.026447904     
         424   587726.896685969     
         426   583431.224827634     
         428   579170.665947535     
         430   574944.871961746     
         432   570753.492728921     
         434   566596.177024637     
         436   562472.573401119     
         438   558382.330943475     
         440   554325.099932560     
         442   550300.532423693     
         444   546308.282749617     
         446   542348.007955315     
         448   538419.368171625     
         450   534522.026933944     
         452   530655.651451728     
         454   526819.912833968     
         456   523014.486275345     
         458   519239.051207311     
         460   515493.291417943     
         462   511776.895144062     
         464   508089.555138751     
         466   504430.968717129     
         468   500800.837782937     
         470   497198.868838255     
         472   493624.772978429     
         474   490078.265874088     
         476   486559.067741941     
         478   483066.903305861     
         480   479601.501749623     
         482   476162.596662512     
         484   472749.925978889     
         486   469363.231912699     
         488   466002.260887777     
         490   462666.763464740     
         492   459356.494265148     
         494   456071.211893547     
         496   452810.678857935     
         498   449574.661484494     
         500   446362.662089668     
