         100   1812.74114063091     
         102   4254.89224915952     
         104   7290.08689639480     
         106   10592.1192485183     
         108   13968.7542218093     
         110   17320.6822736648     
         112   20602.9942867508     
         114   23800.6917219620     
         116   26914.6141200992     
         118   29953.6295799264     
         120   32930.3681052148     
         122   35858.9227422894     
         124   38753.6392990533     
         126   41628.5078958628     
         128   44496.8862724891     
         130   47371.4041997939     
         132   50263.9645691122     
         134   53185.7937748427     
         136   56147.5149046758     
         138   59159.2291256042     
         140   62230.5974281994     
         142   65370.9187571362     
         144   68589.2027495231     
         146   71894.2365304874     
         148   75294.6456849971     
         150   78798.9498729862     
         152   82415.6137202171     
         154   86153.0936816449     
         156   90019.8815855856     
         158   94024.5455544197     
         160   98175.7689780352     
         162   102482.388200323     
         164   106953.429573707     
         166   111598.146547115     
         168   116426.057483692     
         170   121446.984961398     
         172   126671.097399397     
         174   132108.953986359     
         176   137771.554079558     
         178   143670.392522910     
         180   149817.522744312     
         182   156225.630120373     
         184   162908.119081835     
         186   169879.219003461     
         188   177154.116396396     
         190   184749.124648181     
         192   192681.907732720     
         194   200971.780645074     
         196   209640.115575114     
         198   218710.886500878     
         200   228211.382181428     
         202   238173.104140756     
         204   248632.838750918     
         206   259633.850323110     
         208   271227.088965358     
         210   283472.251521879     
         212   296438.488577473     
         214   310204.528702283     
         216   324858.003618903     
         218   340493.809603534     
         220   357211.428045249     
         222   375111.240695563     
         224   394289.996066162     
         226   414835.693851653     
         228   436822.237108792     
         230   460304.245182091     
         232   485312.418915937     
         234   511849.805621400     
         236   539889.232704704     
         238   569372.077901441     
         240   600208.434298201     
         242   632278.622629405     
         244   665435.912154823     
         246   699510.241809010     
         248   734312.688688079     
         250   769640.411412967     
         252   805281.798984458     
         254   841021.577189751     
         256   876645.659331959     
         258   911945.570812863     
         260   946722.323129744     
         262   980789.658177517     
         264   1013976.62538213     
         266   1046129.49013288     
         268   1077113.00114436     
         270   1106811.06643959     
         272   1135126.90286397     
         274   1161982.73307808     
         276   1187319.10774198     
         278   1211093.93010596     
         280   1233281.25648153     
         282   1253869.94003049     
         284   1272862.17781645     
         286   1290272.01281367     
         288   1306123.83412153     
         290   1320450.91041267     
         292   1333293.98395021     
         294   1344699.94553911     
         296   1354720.60463898     
         298   1363411.56360092     
         300   1370831.20059212     
         302   1377039.76219197     
         304   1382098.56381628     
         306   1386069.29396892     
         308   1389013.41674578     
         310   1390991.66593729     
         312   1392063.62340840     
         314   1392287.37410218     
         316   1391719.22994548     
         318   1390413.51507140     
         320   1388422.40506147     
         322   1385795.81330698     
         324   1382581.31805649     
         326   1378824.12422747     
         328   1374567.05458910     
         330   1369850.56545490     
         332   1364712.78254203     
         334   1359189.55315124     
         336   1353314.51128963     
         338   1347119.15279348     
         340   1340632.91790838     
         342   1333883.27914772     
         344   1326895.83257871     
         346   1319694.39097796     
         348   1312301.07755940     
         350   1304736.41920600     
         352   1297019.43833763     
         354   1289167.74272161     
         356   1281197.61268287     
         358   1273124.08529974     
         360   1264961.03528115     
         362   1256721.25231383     
         364   1248416.51474590     
         366   1240057.65953798     
         368   1231654.64846592     
         370   1223216.63060272     
         372   1214752.00114180     
         374   1206268.45665092     
         376   1197773.04686757     
         378   1189272.22316192     
         380   1180771.88380501     
         382   1172277.41618760     
         384   1163793.73613907     
         386   1155325.32449840     
         388   1146876.26108856     
         390   1138450.25624434     
         392   1130050.68004021     
         394   1121680.58936104     
         396   1113342.75295346     
         398   1105039.67459018     
         400   1096773.61447399     
         402   1088546.60900198     
         404   1080360.48900430     
         406   1072216.89656557     
         408   1064117.30053115     
         410   1056063.01079397     
         412   1048055.19145198     
         414   1040094.87292070     
         416   1032182.96307942     
         418   1024320.25752469     
         420   1016507.44899961     
         422   1008745.13606259     
         424   1001033.83105479     
         426   993373.967421176     
         428   985765.906436157     
         430   978209.943380918     
         432   970706.313216105     
         434   963255.195790205     
         436   955856.720620875     
         438   948510.971283617     
         440   941217.989439527     
         442   933977.778531365     
         444   926790.307174894     
         446   919655.512270310     
         448   912573.301856604     
         450   905543.557729866     
         452   898566.137844876     
         454   891640.878517728     
         456   884767.596445843     
         458   877946.090560352     
         460   871176.143724645     
         462   864457.524291730     
         464   857789.987532016     
         466   851173.276942183     
         468   844607.125444921     
         470   838091.256488505     
         472   831625.385054439     
         474   825209.218580713     
         476   818842.457807599     
         478   812524.797552316     
         480   806255.927418387     
         482   800035.532445018     
         484   793863.293701363     
         486   787738.888830162     
         488   781661.992544847     
         490   775632.277083847     
         492   769649.412625543     
         494   763713.067667029     
         496   757822.909375021     
         498   751978.606182625     
         500   746181.120848398     
