         100   1812.74114063091     
         102   4254.90732341501     
         104   7290.15269986946     
         106   10592.2913573775     
         108   13969.0895383502     
         110   17321.2294598305     
         112   20603.7938053400     
         114   23801.7805113414     
         116   26916.0311100546     
         118   29955.4205281586     
         120   32932.5895413031     
         122   35861.6452966024     
         124   38756.9507907292     
         126   41632.5165150961     
         128   44501.7241307419     
         130   47377.2314752605     
         132   50270.9744515772     
         134   53194.2184120699     
         136   56157.6325680143     
         138   59171.3728428971     
         140   62245.1653760541     
         142   65388.3867623381     
         144   68610.1393222578     
         146   71919.3209427120     
         148   75324.6897196638     
         150   78834.9240092537     
         152   82458.6786935914     
         154   86204.6385760208     
         156   90081.5698899201     
         158   94098.3709690452     
         160   98264.1232113746     
         162   102588.143596168     
         164   107080.040215114     
         166   111749.772598799     
         168   116607.719137015     
         170   121664.754736532     
         172   126932.343236163     
         174   132422.651275151     
         176   138148.693550089     
         178   144124.523772098     
         180   150365.490733992     
         182   156888.583462454     
         184   163712.891162113     
         186   170860.199389968     
         188   178355.730353158     
         190   186229.010299945     
         192   194514.811204673     
         194   203254.071513760     
         196   212494.659434176     
         198   222291.812208956     
         200   232708.075984709     
         202   243812.590198442     
         204   255679.609579285     
         206   268386.231295968     
         208   282009.384310407     
         210   296622.228967299     
         212   312290.193037378     
         214   329066.923944725     
         216   346990.458343129     
         218   366079.897651973     
         220   386332.834984058     
         222   407723.712547648     
         224   430203.208876263     
         226   453698.672421300     
         228   478115.541339524     
         230   503339.625753750     
         232   529240.082700121     
         234   555672.887033421     
         236   582484.593043610     
         238   609516.189006409     
         240   636606.866848670     
         242   663597.557624087     
         244   690334.116720364     
         246   716670.077262140     
         248   742468.923310127     
         250   767605.864213946     
         252   791969.116615628     
         254   815460.720531848     
         256   837996.930597899     
         258   859508.233254092     
         260   879939.045970098     
         262   899247.156250128     
         264   917402.956906318     
         266   934388.530674639     
         268   950196.632357176     
         270   964829.610894495     
         272   978298.307585722     
         274   990620.960460433     
         276   1001822.13884616     
         278   1011931.72666180     
         280   1020983.96802161     
         282   1029016.58441789     
         284   1036069.96908024     
         286   1042186.46106716     
         288   1047409.69919296     
         290   1051784.05397414     
         292   1055354.13433282     
         294   1058164.36475551     
         296   1060258.62790990     
         298   1061679.96730991     
         300   1062470.34443558     
         302   1062670.44471012     
         304   1062319.52686904     
         306   1061455.31049008     
         308   1060113.89675630     
         310   1058329.71787454     
         312   1056135.51094628     
         314   1053562.31247365     
         316   1050639.47006585     
         318   1047394.66828382     
         320   1043853.96591532     
         322   1040041.84230577     
         324   1035981.25067861     
         326   1031693.67666168     
         328   1027199.20049284     
         330   1022516.56160902     
         332   1017663.22452885     
         334   1012655.44512175     
         336   1007508.33651701     
         338   1002235.93404696     
         340   996851.258739881     
         342   991366.378983973     
         344   985792.470073375     
         346   980139.871424116     
         348   974418.141312575     
         350   968636.109043262     
         352   962801.924497856     
         354   956923.105054447     
         356   951006.579896104     
         358   945058.731752034     
         360   939085.436133655     
         362   933092.098142590     
         364   927083.686938584     
         366   921064.767963271     
         368   915039.533020975     
         370   909011.828320937     
         372   902985.180586714     
         374   896962.821338452     
         376   890947.709452565     
         378   884942.552101202     
         380   878949.824171090     
         382   872971.786257957     
         384   867010.501329034     
         386   861067.850142055     
         388   855145.545505021     
         390   849245.145456701     
         392   843368.065443518     
         394   837515.589564199     
         396   831688.880949360     
         398   825888.991339088     
         400   820116.869917592     
         402   814373.371460203     
         404   808659.263844300     
         406   802975.234972245     
         408   797321.899151135     
         410   791699.802970956     
         412   786109.430719829     
         414   780551.209372199     
         416   775025.513183207     
         418   769532.667920026     
         420   764072.954758637     
         422   758646.613872385     
         424   753253.847736630     
         426   747894.824171969     
         428   742569.679146757     
         430   737278.519358043     
         432   732021.424608560     
         434   726798.449996024     
         436   721609.627929683     
         438   716454.969987934     
         440   711334.468629668     
         442   706248.098771047     
         444   701195.819238440     
         446   696177.574107418     
         448   691193.293936890     
         450   686242.896906757     
         452   681326.289866755     
         454   676443.369303571     
         456   671594.022232720     
         458   666778.127021168     
         460   661995.554146186     
         462   657246.166895471     
         464   652529.822013210     
         466   647846.370296297     
         468   643195.657144683     
         470   638577.523069408     
         472   633991.804161667     
         474   629438.332525938     
         476   624916.936679973     
         478   620427.441924233     
         480   615969.670683129     
         482   611543.442820247     
         484   607148.575929577     
         486   602784.885604556     
         488   598452.185686659     
         490   594150.288495076     
         492   589879.005038916     
         494   585638.145213273     
         496   581427.517980382     
         498   577246.931608693     
         500   573096.407953066     
