         100   1812.74114063091     
         105   8922.42443335533     
         110   17320.3852870627     
         115   25367.0240819007     
         120   32929.1763028728     
         125   40190.7544883052     
         130   47368.2998388510     
         135   54656.1232253230     
         140   62222.8884470225     
         145   70218.2454774560     
         150   78780.0392584969     
         155   88040.2615153472     
         160   98129.7150523051     
         165   109181.708325410     
         170   121335.097535507     
         175   134736.929216886     
         180   149544.878803866     
         185   165929.644167538     
         190   184077.438940196     
         195   204192.739317917     
         200   226501.474323646     
         205   251254.924375266     
         210   278734.729325808     
         215   309259.637417518     
         220   343194.889385487     
         225   380964.949491309     
         230   423070.312025117     
         235   470122.901703243     
         240   522984.914777745     
         245   583242.977355890     
         250   654316.459555898     
         255   743175.028463235     
         260   861917.036610034     
         265   1027945.01432604     
         270   1261842.82036466     
         275   1583219.05997483     
         280   2005899.07172165     
         285   2534167.77653418     
         290   3161212.36241066     
         295   3869967.65820211     
         300   4635775.94906391     
         305   5429913.83317695     
         310   6223088.84016133     
         315   6988291.48736047     
         320   7702722.14907812     
         325   8348782.06595267     
         330   8914283.09931897     
         335   9392099.10742070     
         340   9779481.68377090     
         345   10077225.2742546     
         350   10288815.5040189     
         355   10419645.0970061     
         360   10476341.5379755     
         365   10466221.7438209     
         370   10396870.5786526     
         375   10275829.8618555     
         380   10110380.1463432     
         385   9907396.86542197     
         390   9673263.84687232     
         395   9413829.56056138     
         400   9134394.10334769     
         405   8839717.43807840     
         410   8534041.60202036     
         415   8221121.42053070     
         420   7904259.71222793     
         425   7586344.09616364     
         430   7269883.36709804     
         435   6957042.05088731     
         440   6649672.24199685     
         445   6349342.20487162     
         450   6057361.52644485     
         455   5774802.86461718     
         460   5502520.56319513     
         465   5241166.60379277     
         470   4991204.53664633     
         475   4752922.16446318     
         480   4526443.83013023     
         485   4311743.16180764     
         490   4108657.03739193     
         495   3916900.36870961     
         500   3735853.12656921     
