         100   1812.74114063091     
         105   8922.56731586862     
         110   17321.1099275823     
         115   25368.6826298339     
         120   32932.1215178811     
         125   40195.5704394414     
         130   47375.9753082723     
         135   54668.2548024722     
         140   62241.9908978056     
         145   70248.2439759645     
         150   78827.0477683165     
         155   88113.8120103986     
         160   98244.7052833173     
         165   109361.512450294     
         170   121616.605028795     
         175   135178.947344570     
         180   150243.100752587     
         185   167046.852898387     
         190   185913.016868770     
         195   207346.541741925     
         200   232218.308314453     
         205   262011.316265381     
         210   298993.274034490     
         215   346110.599544130     
         220   406489.924002312     
         225   482658.554985817     
         230   575781.158380118     
         235   685213.413154872     
         240   808512.260415498     
         245   941844.434507446     
         250   1080612.26797191     
         255   1220099.09854980     
         260   1355992.60841347     
         265   1484722.48836553     
         270   1603613.15311687     
         275   1710889.42830033     
         280   1805585.50231557     
         285   1887403.68854443     
         290   1956558.39266272     
         295   2013628.19792905     
         300   2059428.35979307     
         305   2094908.32631064     
         310   2121074.06757909     
         315   2138932.39967992     
         320   2149453.42876399     
         325   2153547.12104330     
         330   2152050.38483071     
         335   2145721.64186262     
         340   2135240.49496436     
         345   2121210.67744777     
         350   2104164.95808309     
         355   2084571.06568690     
         360   2062837.99643385     
         365   2039322.28863385     
         370   2014334.00916155     
         375   1988142.30720505     
         380   1960980.46663821     
         385   1933050.43788174     
         390   1904526.86116195     
         395   1875560.61127959     
         400   1846281.90352644     
         405   1816803.00421514     
         410   1787220.58951594     
         415   1757617.79436432     
         420   1728065.99008869     
         425   1698626.32574457     
         430   1669351.06433747     
         435   1640284.74141544     
         440   1611465.17005472     
         445   1582924.31311588     
         450   1554689.04083837     
         455   1526781.78936489     
         460   1499221.13362530     
         465   1472022.28613531     
         470   1445197.53164827     
         475   1418756.60620827     
         480   1392707.02796012     
         485   1367054.38605065     
         490   1341802.59308382     
         495   1316954.10953756     
         500   1292516.12115822     
