         100   1812.74114063091     
         105   8922.56479920942     
         110   17321.0967916054     
         115   25368.6523413255     
         120   32932.0675687455     
         125   40195.4820715750     
         130   47375.8342782561     
         135   54668.0315933874     
         140   62241.6389166212     
         145   70247.6903017285     
         150   78826.1784025684     
         155   88112.4483062999     
         160   98242.5659361452     
         165   109358.151146449     
         170   121611.304873481     
         175   135170.530694955     
         180   150229.552311001     
         185   167024.538867250     
         190   185875.362039946     
         195   207283.423233786     
         200   232121.843036792     
         205   261899.909111594     
         210   298965.979654795     
         215   346429.890064778     
         220   407667.721110106     
         225   485506.195159819     
         230   581392.611481234     
         235   694877.743268413     
         240   823578.514993857     
         245   963575.513434755     
         250   1110061.16395888     
         255   1258027.56464273     
         260   1402837.20185462     
         265   1540601.68035800     
         270   1668363.55149201     
         275   1784118.26951888     
         280   1886728.56941437     
         285   1975780.95945471     
         290   2051422.84721298     
         295   2114205.72818254     
         300   2164948.47498325     
         305   2204626.39212934     
         310   2234286.33438678     
         315   2254985.22937879     
         320   2267748.07082218     
         325   2273541.22010678     
         330   2273257.19456921     
         335   2267707.71281272     
         340   2257622.41901786     
         345   2243651.31657319     
         350   2226369.46085554     
         355   2206282.87947727     
         360   2183835.01135889     
         365   2159413.19698196     
         370   2133354.92671794     
         375   2105953.67705546     
         380   2077464.24866699     
         385   2048107.57597000     
         390   2018075.01325823     
         395   1987532.12373155     
         400   1956622.00935345     
         405   1925468.22466696     
         410   1894177.31880277     
         415   1862841.04851156     
         420   1831538.30222616     
         425   1800336.77162579     
         430   1769294.40339441     
         435   1738460.66012300     
         440   1707877.61576728     
         445   1677580.90782526     
         450   1647600.56547897     
         455   1617961.73035646     
         460   1588685.28430038     
         465   1559788.39655299     
         470   1531285.00105620     
         475   1503186.21308938     
         480   1475500.69319761     
         485   1448234.96527204     
         490   1421393.69471138     
         495   1394979.93617808     
         500   1369001.94744253     
