         100   1812.74114063091     
         105   8922.59371981797     
         110   17321.2491621263     
         115   25369.0044661609     
         120   32932.6950365809     
         125   40196.5095459623     
         130   47377.4732372722     
         135   54670.6243871954     
         140   62245.7262007173     
         145   70254.1186452809     
         150   78836.2721320986     
         155   88128.2848405653     
         160   98267.4215782973     
         165   109397.237075784     
         170   121673.024299867     
         175   135268.740378875     
         180   150387.758300662     
         185   167282.609420112     
         190   186292.553698158     
         195   207904.942687194     
         200   232823.504183899     
         205   261985.956563752     
         210   296454.735303776     
         215   337154.042856049     
         220   384527.115501466     
         225   438258.506753173     
         230   497186.268866165     
         235   559437.029111601     
         240   622721.766204659     
         245   684684.248928949     
         250   743204.345271940     
         255   796600.100950628     
         260   843716.941452135     
         265   883922.785414034     
         270   917040.815721088     
         275   943251.442669264     
         280   962987.914224422     
         285   976841.138933032     
         290   985481.491991600     
         295   989599.776925249     
         300   989866.123953002     
         305   986903.948362569     
         310   981275.594428470     
         315   973476.461437014     
         320   963934.895653140     
         325   953015.713754134     
         330   941025.777271110     
         335   928220.508410918     
         340   914810.609509607     
         345   900968.526474938     
         350   886834.395209824     
         355   872521.345840118     
         360   858120.128220759     
         365   843703.076821260     
         370   829327.464068843     
         375   815038.306358752     
         380   800870.691884328     
         385   786851.698166543     
         390   773001.962379335     
         395   759336.961057855     
         400   745868.048675113     
         405   732603.297564272     
         410   719548.175134140     
         415   706706.088463622     
         420   694078.821233317     
         425   681666.883551297     
         430   669469.791506444     
         435   657486.290167326     
         440   645714.531161045     
         445   634152.213839429     
         450   622796.697298765     
         455   611645.089100871     
         460   600694.315392421     
         465   589941.176188704     
         470   579382.388837394     
         475   569014.622073977     
         480   558834.522595495     
         485   548838.735690458     
         490   539023.921151498     
         495   529386.765492417     
         500   519924.503026740     
