         100   1812.74114063091     
         102   4254.90758609122     
         104   7290.15400731306     
         106   10592.2949360302     
         108   13969.0966699223     
         110   17321.2412531202     
         112   20603.8111788521     
         114   23801.8042854416     
         116   26916.0621247220     
         118   29955.4597497256     
         120   32932.6381508198     
         122   35861.7047643689     
         124   38757.0229445107     
         126   41632.6036091517     
         128   44501.8289216558     
         130   47377.3573096074     
         132   50271.1253699411     
         134   53194.3992738631     
         136   56157.8492018503     
         138   59171.6322279153     
         140   62245.4758605519     
         142   65388.7583273469     
         144   68610.5838993466     
         146   71919.8527973860     
         148   75325.3259143553     
         150   78835.6849632367     
         152   82459.5888613954     
         154   86205.7272713968     
         156   90082.8722895497     
         158   94099.9293396428     
         160   98265.9884165887     
         162   102590.376957182     
         164   107082.715823004     
         166   111752.980209196     
         168   116611.567816604     
         170   121669.377461810     
         172   126937.902618493     
         174   132429.346378843     
         176   138156.767124294     
         178   144134.267678849     
         180   150377.244248843     
         182   156902.713631396     
         184   163729.735789130     
         186   170879.941265529     
         188   178378.156749705     
         190   186253.096641492     
         192   194538.055643692     
         194   203271.502335528     
         196   212497.444143963     
         198   222265.418939823     
         200   232629.975120419     
         202   243649.534291364     
         204   255384.587099869     
         206   267895.246578446     
         208   281238.263588183     
         210   295463.682870567     
         212   310611.374008748     
         214   326707.700711869     
         216   343762.590432440     
         218   361767.235599794     
         220   380692.603203967     
         222   400488.859469317     
         224   421085.740441252     
         226   442393.826529490     
         228   464306.616763182     
         230   486703.251660247     
         232   509451.704533998     
         234   532412.249719762     
         236   555441.020703539     
         238   578393.488346083     
         240   601127.715597322     
         242   623507.276516576     
         244   645403.760638827     
         246   666698.815953482     
         248   687285.712915267     
         250   707070.436647248     
         252   725972.334146333     
         254   743924.357730621     
         256   760872.955453788     
         258   776777.664308407     
         260   791610.463458447     
         262   805354.943250973     
         264   818005.342114672     
         266   829565.498350746     
         268   840047.757859304     
         270   849471.872513903     
         272   857863.917582427     
         274   865255.250576365     
         276   871681.528385397     
         278   877181.794637090     
         280   881797.644968889     
         282   885572.474321368     
         284   888550.807434135     
         286   890777.711402192     
         288   892298.287370192     
         290   893157.237137375     
         292   893398.499547407     
         294   893064.950977493     
         296   892198.163957030     
         298   890838.217880558     
         300   889023.555882871     
         302   886790.882172428     
         304   884175.094436369     
         306   881209.246306288     
         308   877924.535284317     
         310   874350.311954606     
         312   870514.106731324     
         314   866441.670809670     
         316   862157.028383153     
         318   857682.537563134     
         320   853038.957781959     
         322   848245.521777074     
         324   843320.010539907     
         326   838278.829870207     
         328   833137.087405135     
         330   827908.669194111     
         332   822606.315067081     
         334   817241.692197426     
         336   811825.466393261     
         338   806367.370764343     
         340   800876.271508309     
         342   795360.230641306     
         344   789826.565566055     
         346   784281.905426715     
         348   778732.244245978     
         350   773182.990877124     
         352   767639.015833441     
         354   762104.695080588     
         356   756583.950895137     
         358   751080.289905585     
         360   745596.838441150     
         362   740136.375319592     
         364   734701.362208427     
         366   729293.971694913     
         368   723916.113199408     
         370   718569.456864510     
         372   713255.455549133     
         374   707975.365052529     
         376   702730.262688559     
         378   697521.064325300     
         380   692348.539999640     
         382   687213.328210840     
         384   682115.948991376     
         386   677056.815847632     
         388   672036.246657441     
         390   667054.473605967     
         392   662111.652236103     
         394   657207.869684428     
         396   652343.152168860     
         398   647517.471789481     
         400   642730.752699518     
         402   637982.876699326     
         404   633273.688302192     
         406   628602.999317116     
         408   623970.592990180     
         410   619376.227742905     
         412   614819.640542903     
         414   610300.549939327     
         416   605818.658792969     
         418   601373.656728424     
         420   596965.222333436     
         422   592593.025128493     
         424   588256.727327749     
         426   583955.985410593     
         428   579690.451521520     
         430   575459.774714427     
         432   571263.602056087     
         434   567101.579602234     
         436   562973.353258519     
         438   558878.569537532     
         440   554816.876222051     
         442   550787.922943797     
         444   546791.361686124     
         446   542826.847218310     
         448   538894.037468414     
         450   534992.593841030     
         452   531122.181485663     
         454   527282.469520952     
         456   523473.131219448     
         458   519693.844157222     
         460   515944.290332170     
         462   512224.156254520     
         464   508533.133012693     
         466   504870.916317389     
         468   501237.206526449     
         470   497631.708652853     
         472   494054.132357916     
         474   490504.191931573     
         476   486981.606261465     
         478   483486.098792319     
         480   480017.397477008     
         482   476575.234720504     
         484   473159.347317824     
         486   469769.476386940     
         488   466405.367297526     
         490   463066.769596334     
         492   459753.436929867     
         494   456465.126964975     
         496   453201.601307922     
         498   449962.625417699     
         500   446747.701773046     
