         100   1812.74114063091     
         102   4254.90757186171     
         104   7290.15441795650     
         106   10592.2963630602     
         108   13969.0997157023     
         110   17321.2464280216     
         112   20603.8189014572     
         114   23801.8149313337     
         116   26916.0760840460     
         118   29955.4774776262     
         120   32932.6602084562     
         122   35861.7318533233     
         124   38757.0559384436     
         126   41632.6435861733     
         128   44501.8772002541     
         130   47377.4154904953     
         132   50271.1953859411     
         134   53194.4834499267     
         136   56157.9503274734     
         138   59171.7536445309     
         140   62245.6215669536     
         142   65388.9331068217     
         144   68610.7934729911     
         146   71920.1040090909     
         148   75325.6269542115     
         150   78836.0456377160     
         152   82460.0209207069     
         154   86206.2448070453     
         156   90083.4922185456     
         158   94100.6719963518     
         160   98266.8782793387     
         162   102591.443545271     
         164   107083.994811986     
         166   111754.514830463     
         168   116613.410634798     
         170   121671.592665142     
         172   126940.569017179     
         174   132432.561385744     
         176   138160.652076939     
         178   144138.974915809     
         180   150382.966302366     
         182   156909.694630443     
         184   163738.284551191     
         186   170890.444486106     
         188   178391.089160390     
         190   186269.023142274     
         192   194557.618551134     
         194   203295.385512889     
         196   212526.305439148     
         198   222299.783510606     
         200   232670.085089698     
         202   243695.154615586     
         204   255434.773050393     
         206   267948.084039534     
         208   281290.598546572     
         210   295510.860150715     
         212   310647.006869062     
         214   326723.492081919     
         216   343748.223441108     
         218   361710.346056002     
         220   380578.840513256     
         222   400302.035870521     
         224   420808.062170627     
         226   442006.195179455     
         228   463788.985122542     
         230   486035.015912345     
         232   508612.113858289     
         234   531380.814937865     
         236   554197.905367942     
         238   576919.868264047     
         240   599406.095877765     
         242   621521.758511979     
         244   643140.254364926     
         246   664145.196506002     
         248   684431.921929729     
         250   703908.531889716     
         252   722496.491856689     
         254   740130.833382233     
         256   756760.009189866     
         258   772345.457528909     
         260   786860.932933714     
         262   800291.658801963     
         264   812633.353393414     
         266   823891.175639600     
         268   834078.631135632     
         270   843216.472339766     
         272   851331.620709093     
         274   858456.132523964     
         276   864626.224684568     
         278   869881.371910936     
         280   874263.482593807     
         282   877816.157034397     
         284   880584.028949345     
         286   882612.188854496     
         288   883945.686215810     
         290   884629.105999361     
         292   884706.214395433     
         294   884219.667966963     
         296   883210.780217344     
         298   881719.339530486     
         300   879783.472557454     
         302   877439.547366337     
         304   874722.110999487     
         306   871663.856465349     
         308   868295.614607189     
         310   864646.366719137     
         312   860743.274207012     
         314   856611.722006442     
         316   852275.372866315     
         318   847756.229976388     
         320   843074.705760823     
         322   838249.694972722     
         324   833298.650508294     
         326   828237.660613188     
         328   823081.526379263     
         330   817843.838628906     
         332   812537.053457986     
         334   807172.565859503     
         336   801760.780980181     
         338   796311.182673490     
         340   790832.399107099     
         342   785332.265262277     
         344   779817.882229074     
         346   774295.673255979     
         348   768771.436557486     
         350   763250.394919124     
         352   757737.242168160     
         354   752236.186600417     
         356   746750.991470567     
         358   741285.012665516     
         360   735841.233689038     
         362   730422.298091126     
         364   725030.539478233     
         366   719668.009241217     
         368   714336.502136672     
         370   709037.579854863     
         372   703772.592703995     
         374   698542.699536195     
         376   693348.886035721     
         378   688191.981484545     
         380   683072.674114934     
         382   677991.525152856     
         384   672948.981650317     
         386   667945.388198944     
         388   662980.997611485     
         390   658055.980652377     
         392   653170.434893179     
         394   648324.392763542     
         396   643517.828863438     
         398   638750.666597721     
         400   634022.784189614     
         402   629334.020125553     
         404   624684.178079828     
         406   620073.031363764     
         408   615500.326940726     
         410   610965.789044924     
         412   606469.122439018     
         414   602010.015342679     
         416   597588.142061617     
         418   593203.165344190     
         420   588854.738490427     
         422   584542.507236224     
         424   580266.111433548     
         426   576025.186545689     
         428   571819.364974987     
         430   567648.277238927     
         432   563511.553009123     
         434   559408.822026430     
         436   555339.714904253     
         438   551303.863831037     
         440   547300.903181964     
         442   543330.470048930     
         444   539392.204697113     
         446   535485.750955624     
         448   531610.756549075     
         450   527766.873376279     
         452   523953.757741658     
         454   520171.070544499     
         456   516418.477430624     
         458   512695.648910674     
         460   509002.260448760     
         462   505337.992524907     
         464   501702.530674343     
         466   498095.565506434     
         468   494516.792705745     
         470   490965.913017488     
         472   487442.632219385     
         474   483946.661081764     
         476   480477.715317512     
         478   477035.515523366     
         480   473619.787113843     
         482   470230.260248987     
         484   466866.669756974     
         486   463528.755052514     
         488   460216.260051881     
         490   456928.933085306     
         492   453666.526807386     
         494   450428.798106098     
         496   447215.508010910     
         498   444026.421578636     
         500   440859.002150708     
