         100   1812.74114063091     
         102   4254.90616566708     
         104   7290.14741512551     
         106   10592.2773172429     
         108   13969.0619957293     
         110   17321.1843551348     
         112   20603.7277589537     
         114   23801.6904261118     
         116   26915.9137050089     
         118   29955.2719309551     
         120   32932.4049562874     
         122   35861.4187242500     
         124   38756.6747664461     
         126   41632.1818388372     
         128   44501.3195641815     
         130   47376.7433871308     
         132   50270.3863936641     
         134   53193.5106083912     
         136   56156.7812982113     
         138   59170.3496980651     
         140   62243.9363612065     
         142   65386.9112143958     
         144   68608.3686057117     
         146   71917.1968766374     
         148   75322.1426791370     
         150   78831.8706308392     
         152   82455.0190975926     
         154   86200.2529964568     
         156   90076.3145750372     
         158   94092.0731781312     
         160   98256.5750839364     
         162   102579.094600900     
         164   107069.187787539     
         166   111736.750427580     
         168   116592.082321140     
         170   121645.960638329     
         172   126909.726177924     
         174   132395.388086486     
         176   138115.755129196     
         178   144084.605033191     
         180   150316.907439046     
         182   156829.119614410     
         184   163639.575441792     
         186   170768.984640386     
         188   178241.047865638     
         190   186083.172267294     
         192   194327.241461322     
         194   203010.357035337     
         196   212175.432321940     
         198   221871.492166516     
         200   232153.523871670     
         202   243081.741081348     
         204   254720.166092207     
         206   267134.503234647     
         208   280389.357536971     
         210   294544.936390364     
         212   309653.444093608     
         214   325755.428663482     
         216   342876.359934472     
         218   361023.705683485     
         220   380184.731295782     
         222   400325.185308969     
         224   421388.957335744     
         226   443298.716226563     
         228   465957.463747389     
         230   489250.879294892     
         232   513050.288422528     
         234   537216.063741214     
         236   561601.260344240     
         238   586055.296848809     
         240   610427.513974708     
         242   634570.471414560     
         244   658342.876813312     
         246   681612.074655435     
         248   704256.055120530     
         250   726164.971629214     
         252   747242.179709563     
         254   767404.828457848     
         256   786584.049246442     
         258   804724.794820737     
         260   821785.386142013     
         262   837736.825018032     
         264   852561.928498327     
         266   866254.336947157     
         268   878817.442320478     
         270   890263.277041723     
         272   900611.397463366     
         274   909887.789578404     
         276   918123.818669730     
         278   925355.239130987     
         280   931621.275862981     
         282   936963.784490706     
         284   941426.494159825     
         286   945054.333828976     
         288   947892.840725993     
         290   949987.647919662     
         292   951384.046706204     
         294   952126.618652177     
         296   952258.931606540     
         298   951823.293732506     
         300   950860.559558868     
         302   949409.982162005     
         304   947509.105821704     
         306   945193.693811127     
         308   942497.686354516     
         310   939453.184192234     
         312   936090.453612842     
         314   932437.949231926     
         316   928522.351206639     
         318   924368.613965680     
         320   920000.023901635     
         322   915438.263812770     
         324   910703.482193055     
         326   905814.365751616     
         328   900788.213796558     
         330   895641.013344026     
         332   890387.514013007     
         334   885041.301941460     
         336   879614.872111789     
         338   874119.698605463     
         340   868566.302419679     
         342   862964.316575334     
         344   857322.548327030     
         346   851649.038354162     
         348   845951.116868835     
         350   840235.456623106     
         352   834508.122835876     
         354   828774.620090215     
         356   823039.936275775     
         358   817308.583669388     
         360   811584.637260703     
         362   805871.770439562     
         364   800173.288168378     
         366   794492.157766671     
         368   788831.037436557     
         370   783192.302657853     
         372   777578.070579851     
         374   771990.222534133     
         376   766430.424789139     
         378   760900.147663004     
         380   755400.683106389     
         382   749933.160861979     
         384   744498.563302073     
         386   739097.739040283     
         388   733731.415407999     
         390   728400.209880925     
         392   723104.640535763     
         394   717845.135612008     
         396   712622.042248917     
         398   707435.634462950     
         400   702286.120426503     
         402   697173.649104410     
         404   692098.316300640     
         406   687060.170163753     
         408   682059.216196061     
         410   677095.421808029     
         412   672168.720456254     
         414   667279.015400399     
         416   662426.183111664     
         418   657610.076362780     
         420   652830.527027119     
         422   648087.348612275     
         424   643380.338551387     
         426   638709.280273590     
         428   634073.945073154     
         430   629474.093795298     
         432   624909.478355106     
         434   620379.843104602     
         436   615884.926061759     
         438   611424.460014026     
         440   606998.173507891     
         442   602605.791734979     
         444   598247.037324295     
         446   593921.631049355     
         448   589629.292458202     
         450   585369.740433587     
         452   581142.693689947     
         454   576947.871213229     
         456   572784.992649068     
         458   568653.778644311     
         460   564553.951146466     
         462   560485.233665202     
         464   556447.351499676     
         466   552440.031935095     
         468   548463.004411637     
         470   544516.000668539     
         472   540598.754865907     
         474   536711.003686584     
         476   532852.486420154     
         478   529022.945031004     
         480   525222.124212170     
         482   521449.771426505     
         484   517705.636936605     
         486   513989.473824751     
         488   510301.038004025     
         490   506640.088221637     
         492   503006.386055400     
         494   499399.695904200     
         496   495819.784973210     
         498   492266.423262873     
         500   488739.404987654     
