         100   1812.74114063091     
         105   8922.58931231403     
         110   17321.2250724028     
         115   25368.9483322428     
         120   32932.5953660513     
         125   40196.3479486074     
         130   47377.2185134884     
         135   54670.2259141131     
         140   62245.1039969439     
         145   70253.1475648235     
         150   78834.7565956566     
         155   88125.9182361157     
         160   98263.7202265695     
         165   109391.430829902     
         170   121663.875957091     
         175   135254.314444328     
         180   150365.762222352     
         185   167255.433077058     
         190   186293.887912398     
         195   208093.698577250     
         200   233724.196681248     
         205   264945.911111025     
         210   304289.894808207     
         215   354796.636076373     
         220   419387.660545967     
         225   500070.526302360     
         230   597293.290051129     
         235   709689.325111763     
         240   834264.325177856     
         245   966906.119623308     
         250   1103022.70891914     
         255   1238133.27650920     
         260   1368305.96716822     
         265   1490409.45564211     
         270   1602197.31421334     
         275   1702269.44633979     
         280   1789959.23384584     
         285   1865187.52886944     
         290   1928312.73739707     
         295   1979994.65690398     
         300   2021080.57805764     
         305   2052515.91372710     
         310   2075277.91004881     
         315   2090329.16693025     
         320   2098587.10088606     
         325   2100905.60446526     
         330   2098065.63136422     
         335   2090772.03572328     
         340   2079654.58816442     
         345   2065271.61612794     
         350   2048115.14878172     
         355   2028616.78646505     
         360   2007153.77145768     
         365   1984054.92502199     
         370   1959606.24961383     
         375   1934056.08783331     
         380   1907619.79184505     
         385   1880483.89715485     
         390   1852809.81929687     
         395   1824737.10600401     
         400   1796386.28432382     
         405   1767861.34440620     
         410   1739251.90107508     
         415   1710635.07199873     
         420   1682077.10808960     
         425   1653634.80821380     
         430   1625356.74669723     
         435   1597284.33867321     
         440   1569452.76513237     
         445   1541891.77665658     
         450   1514626.39225916     
         455   1487677.50750423     
         460   1461062.42411786     
         465   1434795.31160648     
         470   1408887.60993402     
         475   1383348.38105141     
         480   1358184.61599240     
         485   1333401.50332417     
         490   1309002.66395050     
         495   1284990.35942491     
         500   1261371.31952046     
