         100   1812.74114063091     
         102   4254.90698642814     
         104   7290.15114085884     
         106   10592.2871872965     
         108   13969.0813210220     
         110   17321.2159607834     
         112   20603.7739986066     
         114   23801.7534662132     
         116   26915.9958537274     
         118   29955.3759238926     
         120   32932.5341885104     
         122   35861.5774464550     
         124   38756.8682681148     
         126   41632.4166385461     
         128   44501.6036234222     
         130   47377.0863612482     
         132   50270.7999322133     
         134   53194.0087172198     
         136   56157.3807766572     
         138   59171.0706666641     
         140   62244.8028981767     
         142   65387.9521229253     
         144   68609.6183388568     
         146   71918.6966526296     
         148   75323.9418274091     
         150   78834.0282185328     
         152   82457.6058982793     
         154   86203.3538781186     
         156   90080.0314041587     
         158   94096.5283627774     
         160   98261.9159135697     
         162   102585.498588854     
         164   107076.869291552     
         166   111745.968930380     
         168   116603.152928813     
         170   121659.267663197     
         172   126925.741236406     
         174   132414.695171449     
         176   138139.086936664     
         178   144112.897870541     
         180   150351.386790143     
         182   156871.435234455     
         184   163692.013671886     
         186   170834.795784016     
         188   178324.936420015     
         190   186192.005178397     
         192   194471.031474928     
         194   203203.571825357     
         196   212438.663411180     
         198   222233.490290549     
         200   232653.570951218     
         202   243772.286945448     
         204   255669.615652278     
         206   268430.002756139     
         208   282139.402463490     
         210   296881.612019679     
         212   312734.116466708     
         214   329763.726190367     
         216   348022.324244263     
         218   367543.038932800     
         220   388337.121645837     
         222   410391.747161683     
         224   433668.873296224     
         226   458105.209682475     
         228   483613.261749634     
         230   510083.343792681     
         232   537386.399848763     
         234   565377.435535515     
         236   593899.348093152     
         238   622786.943625828     
         240   651870.946646024     
         242   680981.833520560     
         244   709953.354250526     
         246   738625.642493482     
         248   766847.848782135     
         250   794480.264190221     
         252   821395.929691800     
         254   847481.749303064     
         256   872639.142519187     
         258   896784.283743264     
         260   919847.983841719     
         262   941775.272329461     
         264   962524.738752491     
         266   982067.689366093     
         268   1000387.17092481     
         270   1017476.90794454     
         272   1033340.19370433     
         274   1047988.76895624     
         276   1061441.71613490     
         278   1073724.39103882     
         280   1084867.40864970     
         282   1094905.69505408     
         284   1103877.61337098     
         286   1111824.16817048     
         288   1118788.29006129     
         290   1124814.19988421     
         292   1129946.85021394     
         294   1134231.44058103     
         296   1137713.00191501     
         298   1140436.04511597     
         300   1142444.26832938     
         302   1143780.31737357     
         304   1144485.59380724     
         306   1144600.10528463     
         308   1144162.35309576     
         310   1143209.25210034     
         312   1141776.07861403     
         314   1139896.44217621     
         316   1137602.27750570     
         318   1134923.85332355     
         320   1131889.79508236     
         322   1128527.11898436     
         324   1124861.27499069     
         326   1120916.19682167     
         328   1116714.35721901     
         330   1112276.82698746     
         332   1107623.33655534     
         334   1102772.33899067     
         336   1097741.07358565     
         338   1092545.62927618     
         340   1087201.00729842     
         342   1081721.18260187     
         344   1076119.16363969     
         346   1070407.05024429     
         348   1064596.08937045     
         350   1058696.72855087     
         352   1052718.66696238     
         354   1046670.90404459     
         356   1040561.78564955     
         358   1034399.04773064     
         360   1028189.85760269     
         362   1021940.85282486     
         364   1015658.17777222     
         366   1009347.51797355     
         368   1003014.13230117     
         370   996662.883104179     
         372   990298.264380303     
         374   983924.428083495     
         376   977545.208664776     
         378   971164.145943318     
         380   964784.506403119     
         382   958409.303008370     
         384   952041.313627791     
         386   945683.098154934     
         388   939337.014407943     
         390   933005.232888511     
         392   926689.750475917     
         394   920392.403128120     
         396   914114.877658007     
         398   907858.722648983     
         400   901625.358570376     
         402   895416.087149396     
         404   889232.100052879     
         406   883074.486928609     
         408   876944.242852753     
         410   870842.275226846     
         412   864769.410164778     
         414   858726.398407493     
         416   852713.920800413     
         418   846732.593366169     
         420   840782.972002852     
         422   834865.556835834     
         424   828980.796249157     
         426   823129.090620570     
         428   817310.795782516     
         430   811526.226229720     
         432   805775.658092456     
         434   800059.331893172     
         436   794377.455102781     
         438   788730.204511706     
         440   783117.728429626     
         442   777540.148726791     
         444   771997.562728791     
         446   766490.044975780     
         448   761017.648856256     
         450   755580.408124802     
         452   750178.338312383     
         454   744811.438037211     
         456   739479.690223516     
         458   734183.063235043     
         460   728921.511929530     
         462   723694.978639966     
         464   718503.394087996     
         466   713346.678234391     
         468   708224.741071153     
         470   703137.483359484     
         472   698084.797317493     
         474   693066.567261251     
         476   688082.670202522     
         478   683132.976406238     
         480   678217.349910563     
         482   673335.649012185     
         484   668487.726719256     
         486   663673.431174237     
         488   658892.606048741     
         490   654145.090912285     
         492   649430.721576764     
         494   644749.330418279     
         496   640100.746677941     
         498   635484.796885457     
         500   630901.620990980     
