         100   1812.74114063091     
         101   2933.81638522536     
         102   4254.90793131896     
         103   5722.23641811552     
         104   7290.15472529943     
         105   8922.60134410774     
         106   10592.2956288997     
         107   12279.2256700898     
         108   13969.0968052737     
         109   15651.9834701225     
         110   17321.2404549853     
         111   18972.6563776219     
         112   20603.8092897432     
         113   22213.5821676482     
         114   23801.8013065524     
         115   25368.9676988376     
         116   26916.0581362653     
         117   28444.3783439034     
         118   29955.4548510037     
         119   31450.9556738314     
         120   32932.6324245692     
         121   34402.2783558744     
         122   35861.6982588370     
         123   37312.6871761173     
         124   38757.0156659390     
         125   40196.4199267851     
         126   41632.5955193437     
         127   43067.1937400011     
         128   44501.8199373461     
         129   45938.0332405808     
         130   47377.3473017849     
         131   48821.2317539680     
         132   50271.1141621339     
         133   51728.3823013675     
         134   53194.3866388479     
         135   54670.4429291162     
         136   56157.8348564577     
         137   57657.8166768132     
         138   59171.6158256606     
         139   60700.4354689048     
         140   62245.4569817954     
         141   63807.8423468932     
         142   65388.7364666020     
         143   66989.2693891290     
         144   68610.5584492243     
         145   70253.7103268780     
         146   71919.8230284895     
         147   73609.9877960028     
         148   75325.2909502033     
         149   77066.8156748852     
         150   78835.6437489811     
         151   80632.8572340382     
         152   82459.5401246678     
         153   84316.7799698257     
         154   86205.6694730087     
         155   88127.3080797209     
         156   90082.8035608769     
         157   92073.2736011977     
         158   94099.8474021404     
         159   96163.6673095067     
         160   98265.8904766384     
         161   100407.690575058     
         162   102590.259565610     
         163   104814.809544664     
         164   107082.574681850     
         165   109394.813268209     
         166   111752.809896721     
         167   114157.877801063     
         168   116611.361383394     
         169   119114.638968179     
         170   121669.125826729     
         171   124276.277526559     
         172   126937.593670832     
         173   129654.622106169     
         174   132428.963691650     
         175   135262.277737340     
         176   138156.288236351     
         177   141112.791028693     
         178   144133.662046356     
         179   147220.866794667     
         180   150376.471222361     
         181   153602.654119053     
         182   156901.721150873     
         183   160276.120600303     
         184   163728.460812753     
         185   167261.529268934     
         186   170878.313099070     
         187   174582.020734111     
         188   178376.104254076     
         189   182264.281849753     
         190   186250.559668111     
         191   190339.252172380     
         192   194535.000023771     
         193   198842.784392809     
         194   203267.936543164     
         195   207816.141507740     
         196   212493.434701823     
         197   217306.190395287     
         198   222261.101096613     
         199   227365.147084082     
         200   232625.555549542     
         201   238049.749090305     
         202   243645.283585366     
         203   249419.775811670     
         204   255380.821481910     
         205   261535.904704034     
         206   267892.300161145     
         207   274456.969576820     
         208   281236.454254244     
         209   288236.765649475     
         210   295463.276053344     
         211   302920.611509291     
         212   310612.549084831     
         213   318541.920543915     
         214   326710.524339998     
         215   335119.047671056     
         216   343767.000115711     
         217   352652.660112574     
         218   361773.035262491     
         219   371123.837135242     
         220   380699.470958035     
         221   390493.040261982     
         222   400496.366272990     
         223   410700.021562429     
         224   421093.377226668     
         225   431664.662647927     
         226   442401.036705268     
         227   453288.669156197     
         228   464312.830797107     
         229   475457.990934487     
         230   486707.920657217     
         231   498045.800391322     
         232   509454.330239560     
         233   520915.841655890     
         234   532412.409075695     
         235   543925.960212793     
         236   555438.383839937     
         237   566931.633986936     
         238   578387.829616036     
         239   589789.348964502     
         240   601118.917876207     
         241   612359.691574879     
         242   623495.329458939     
         243   634510.062619689     
         244   645388.753899259     
         245   656116.950410977     
         246   666680.928541708     
         247   677067.731542614     
         248   687265.199891389     
         249   697261.994675181     
         250   707047.614299363     
         251   716612.404873215     
         252   725947.564660027     
         253   735045.143006632     
         254   743898.034186554     
         255   752499.966602637     
         256   760845.487799841     
         257   768929.945737699     
         258   776749.466765432     
         259   784300.930731767     
         260   791581.943646652     
         261   798590.808294179     
         262   805326.493175596     
         263   811788.600139008     
         264   817977.331028674     
         265   823893.453662284     
         266   829538.267419570     
         267   834913.568700520     
         268   840021.616486601     
         269   844865.098214037     
         270   849447.096144570     
         271   853771.054396414     
         272   857840.746776487     
         273   861660.245534489     
         274   865233.891140212     
         275   868566.263167511     
         276   871662.152351779     
         277   874526.533872505     
         278   877164.541898553     
         279   879581.445421146     
         280   881782.625388179     
         281   883773.553143288     
         282   885559.770164093     
         283   887146.869086112     
         284   888540.475991958     
         285   889746.233939479     
         286   890769.787697488     
         287   891616.769653516     
         288   892292.786854545     
         289   892803.409138964     
         290   893154.158315802     
         291   893350.498345768     
         292   893397.826477528     
         293   893301.465292073     
         294   893066.655607771     
         295   892698.550198887     
         296   892202.208280726     
         297   891582.590715315     
         298   890844.555892406     
         299   889992.856241732     
         300   889032.135333682     
         301   887966.925526961     
         302   886801.646123279     
         303   885540.601990699     
         304   884187.982618841     
         305   882747.861570859     
         306   881224.196298726     
         307   879620.828290061     
         308   877941.483516423     
         309   876189.773154600     
         310   874369.194554127     
         311   872483.132425769     
         312   870534.860227336     
         313   868527.541724669     
         314   866464.232707089     
         315   864347.882838022     
         316   862181.337622866     
         317   859967.340477429     
         318   857708.534881549     
         319   855407.466603627     
         320   853066.585982977     
         321   850688.250257922     
         322   848274.725928565     
         323   845828.191144149     
         324   843350.738105755     
         325   840844.375475981     
         326   838311.030787976     
         327   835752.552847006     
         328   833170.714118336     
         329   830567.213095940     
         330   827943.676647077     
         331   825301.662328365     
         332   822642.660669505     
         333   819968.097421252     
         334   817279.335764712     
         335   814577.678479415     
         336   811864.370068022     
         337   809140.598835836     
         338   806407.498923637     
         339   803666.152292625     
         340   800917.590660522     
         341   798162.797388149     
         342   795402.709315973     
         343   792638.218550359     
         344   789870.174199400     
         345   787099.384058396     
         346   784326.616245177     
         347   781552.600785593     
         348   778778.031149616     
         349   776003.565738612     
         350   773229.829324397     
         351   770457.414440811     
         352   767686.882728577     
         353   764918.766234294     
         354   762153.568664458     
         355   759391.766595435     
         356   756633.810640363     
         357   753880.126573977     
         358   751131.116416375     
         359   748387.159476761     
         360   745648.613358224     
         361   742915.814924588     
         362   740189.081230416     
         363   737468.710415208     
         364   734754.982562863     
         365   732048.160527447     
         366   729348.490726307     
         367   726656.203901575     
         368   723971.515851056     
         369   721294.628129524     
         370   718625.728721401     
         371   715964.992685788     
         372   713312.582774803     
         373   710668.650026153     
         374   708033.334330848     
         375   705406.764976954     
         376   702789.061170237     
         377   700180.332532563     
         378   697580.679578868     
         379   694990.194173496     
         380   692408.959966688     
         381   689837.052811983     
         382   687274.541165253     
         383   684721.486466107     
         384   682177.943502319     
         385   679643.960757987     
         386   677119.580746043     
         387   674604.840325751     
         388   672099.771005796     
         389   669604.399233551     
         390   667118.746671077     
         391   664642.830458421     
         392   662176.663464712     
         393   659720.254527585     
         394   657273.608681408     
         395   654836.727374784     
         396   652409.608677793     
         397   649992.247479395     
         398   647584.635675424     
         399   645186.762347579     
         400   642798.613933785     
         401   640420.174390327     
         402   638051.425346085     
         403   635692.346249237     
         404   633342.914506749     
         405   631003.105616980     
         406   628672.893295701     
         407   626352.249595824     
         408   624041.145021121     
         409   621739.548634206     
         410   619447.428159038     
         411   617164.750078187     
         412   614891.479725111     
         413   612627.581371669     
         414   610373.018311083     
         415   608127.752936562     
         416   605891.746815794     
         417   603664.960761485     
         418   601447.354898145     
         419   599238.888725280     
         420   597039.521177176     
         421   594849.210679417     
         422   592667.915202304     
         423   590495.592311327     
         424   588332.199214810     
         425   586177.692808885     
         426   584032.029719914     
         427   581895.166344483     
         428   579767.058887086     
         429   577647.663395609     
         430   575536.935794730     
         431   573434.831917326     
         432   571341.307533992     
         433   569256.318380765     
         434   567179.820185134     
         435   565111.768690444     
         436   563052.119678740     
         437   561000.828992162     
         438   558957.852552947     
         439   556923.146382108     
         440   554896.666616872     
         441   552878.369526921     
         442   550868.211529515     
         443   548866.149203543     
         444   546872.139302567     
         445   544886.138766904     
         446   542908.104734800     
         447   540937.994552749     
         448   538975.765784992     
         449   537021.376222252     
         450   535074.783889736     
         451   533135.947054449     
         452   531204.824231858     
         453   529281.374191941     
         454   527365.555964655     
         455   525457.328844855     
         456   523556.652396689     
         457   521663.486457523     
         458   519777.791141381     
         459   517899.526841976     
         460   516028.654235311     
         461   514165.134281912     
         462   512308.928228691     
         463   510459.997610476     
         464   508618.304251209     
         465   506783.810264863     
         466   504956.478056060     
         467   503136.270320441     
         468   501323.150044779     
         469   499517.080506865     
         470   497718.025275180     
         471   495925.948208363     
         472   494140.813454496     
         473   492362.585450208     
         474   490591.228919619     
         475   488826.708873137     
         476   487068.990606110     
         477   485318.039697347     
         478   483573.822007527     
         479   481836.303677488     
         480   480105.451126419     
         481   478381.231049960     
         482   476663.610418209     
         483   474952.556473662     
         484   473248.036729071     
         485   471550.018965242     
         486   469858.471228776     
         487   468173.361829751     
         488   466494.659339368     
         489   464822.332587543     
         490   463156.350660470     
         491   461496.682898148     
         492   459843.298891884     
         493   458196.168481767     
         494   456555.261754127     
         495   454920.549038970     
         496   453292.000907416     
         497   451669.588169104     
         498   450053.281869613     
         499   448443.053285384     
         500   446838.804632421     
