         100   1812.74114063091     
         102   4254.90763467429     
         104   7290.15415522016     
         106   10592.2952663687     
         108   13969.0972590590     
         110   17321.2421617402     
         112   20603.8124597925     
         114   23801.8059962567     
         116   26916.0643385811     
         118   29955.4625634153     
         120   32932.6416907027     
         122   35861.7091915050     
         124   38757.0284599278     
         126   41632.6104599680     
         128   44501.8374085592     
         130   47377.3677960961     
         132   50271.1382937044     
         134   53194.4151607073     
         136   56157.8686826434     
         138   59171.6560591196     
         140   62245.5049490383     
         142   65388.7937603422     
         144   68610.6269805539     
         146   71919.9050905579     
         148   75325.3892958898     
         150   78835.7616857271     
         152   82459.6816305267     
         154   86205.8393391535     
         156   90083.0075674456     
         158   94100.0925366502     
         160   98266.1852077621     
         162   102590.614190900     
         164   107083.001778046     
         166   111753.324919611     
         168   116611.983498441     
         170   121669.879116014     
         172   126938.508982726     
         174   132430.081626831     
         176   138157.664189066     
         178   144135.375000925     
         180   150378.639381188     
         182   156904.529744131     
         184   163732.210892748     
         186   170883.504852115     
         188   178383.574074224     
         190   186261.696067428     
         192   194552.067942682     
         194   203294.540914572     
         196   212535.150391877     
         198   222326.286368378     
         200   232726.349858476     
         202   243798.769088762     
         204   255610.303706947     
         206   268228.640278126     
         208   281719.366987791     
         210   296142.496539535     
         212   311548.770909916     
         214   327976.020065077     
         216   345445.853800363     
         218   363960.941625724     
         220   383503.084866908     
         222   404032.215995443     
         224   425486.382333090     
         226   447782.694265826     
         228   470819.150025388     
         230   494477.195689440     
         232   518624.843400412     
         234   543120.153487933     
         236   567814.885737427     
         238   592558.138595440     
         240   617199.818989535     
         242   641593.815825697     
         244   665600.783524474     
         246   689090.475138135     
         248   711943.595331722     
         250   734053.170230065     
         252   755325.452939602     
         254   775680.400141407     
         256   795051.766666292     
         258   813386.871867818     
         260   830646.094562540     
         262   846802.153057210     
         264   861839.224088668     
         266   875751.950076085     
         268   888544.378556978     
         270   900228.871576783     
         272   910825.016549081     
         274   920358.564019400     
         276   928860.412076642     
         278   936365.652009729     
         280   942912.685284658     
         282   948542.418049426     
         284   953297.536153322     
         286   957221.861058305     
         288   960359.784971331     
         290   962755.781975394     
         292   964453.990817514     
         294   965497.864257608     
         296   965929.879430291     
         298   965791.303463937     
         300   965122.008585946     
         302   963960.331074763     
         304   962342.968659009     
         306   960304.911279549     
         308   957879.400495016     
         310   955097.913203573     
         312   951990.165756805     
         314   948584.134942735     
         316   944906.092704229     
         318   940980.651829989     
         320   936830.820202937     
         322   932478.061512563     
         324   927942.360632131     
         326   923242.292128200     
         328   918395.090609266     
         330   913416.721833321     
         332   908321.953682377     
         334   903124.426277049     
         336   897836.720648075     
         338   892470.425505906     
         340   887036.201756341     
         342   881543.844501124     
         344   876002.342339498     
         346   870419.933851327     
         348   864804.161196192     
         350   859161.920807159     
         352   853499.511194015     
         354   847822.677899702     
         356   842136.655676601     
         358   836446.207967005     
         360   830755.663785392     
         362   825068.952109768     
         364   819389.633895778     
         366   813720.931831290     
         368   808065.757950946     
         370   802426.739230315     
         372   796806.241278021     
         374   791206.390241865     
         376   785629.093041779     
         378   780076.056038609     
         380   774548.802243427     
         382   769048.687167441     
         384   763576.913407754     
         386   758134.544059270     
         388   752722.515038061     
         390   747341.646396618     
         392   741992.652706493     
         394   736676.152579159     
         396   731392.677391305     
         398   726142.679276391     
         400   720926.538440068     
         402   715744.569853052     
         404   710597.029371234     
         406   705484.119329191     
         408   700405.993649890     
         410   695362.762510162     
         412   690354.496598530     
         414   685381.230999185     
         416   680442.968733291     
         418   675539.683986320     
         420   670671.325047920     
         422   665837.816988638     
         424   661039.064095914     
         426   656274.952089925     
         428   651545.350138188     
         430   646850.112686281     
         432   642189.081120600     
         434   637562.085277770     
         436   632968.944814072     
         438   628409.470447167     
         440   623883.465081336     
         442   619390.724826514     
         444   614931.039920530     
         446   610504.195563140     
         448   606109.972669736     
         450   601748.148551899     
         452   597418.497531386     
         454   593120.791493529     
         456   588854.800385538     
         458   584620.292664707     
         460   580417.035701080     
         462   576244.796138745     
         464   572103.340219561     
         466   567992.434072761     
         468   563911.843973614     
         470   559861.336573994     
         472   555840.679107509     
         474   551849.639571545     
         476   547887.986888429     
         478   543955.491047666     
         480   540051.923231072     
         482   536177.055922421     
         484   532330.663003126     
         486   528512.519835276     
         488   524722.403333292     
         490   520960.092025307     
         492   517225.366105288     
         494   513518.007476838     
         496   509837.799789499     
         498   506184.528484980     
         500   502558.055158887     
