         100   1812.74114063091     
         101   2933.81589886226     
         102   4254.90646060925     
         103   5722.23297779932     
         104   7290.14801176648     
         105   8922.58985825147     
         106   10592.2778079845     
         107   12279.1999918362     
         108   13969.0618508495     
         109   15651.9379484850     
         110   17321.1831979402     
         111   18972.5863160462     
         112   20603.7254197246     
         113   22213.4835127950     
         114   23801.6868804095     
         115   25368.8364695494     
         116   26915.9089943831     
         117   28444.2100734512     
         118   29955.2661034664     
         119   31450.7449445049     
         120   32932.3980306241     
         121   34402.0184154837     
         122   35861.4106707516     
         123   37312.3695991311     
         124   38756.6654977380     
         125   40196.0342817319     
         126   41632.1712047883     
         127   43066.7272307429     
         128   44501.3073478965     
         129   45937.4702948857     
         130   47376.7293000730     
         131   48820.5535363857     
         132   50270.3700688147     
         133   51727.5661285692     
         134   53193.4915907622     
         135   54669.4615649281     
         136   56156.7590321942     
         137   57656.6374814783     
         138   59170.3235111071     
         139   60699.0193728354     
         140   62243.9054432274     
         141   63806.1426133488     
         142   65386.8745922097     
         143   66987.2301227353     
         144   68608.3251115158     
         145   70251.2646754054     
         146   71917.1451093644     
         147   73607.0557808977     
         148   75322.0809571315     
         149   77063.3015710630     
         150   78831.7969338777     
         151   80628.6464004910     
         152   82454.9309956920     
         153   84311.7350084497     
         154   86200.1475621390     
         155   88121.2641686550     
         156   90076.1882746397     
         157   92066.0328083645     
         158   94091.9217362066     
         159   96154.9916381589     
         160   98256.3933124378     
         161   100397.293420040     
         162   102578.876181078     
         163   104802.345135962     
         164   107068.924986039     
         165   109379.863530248     
         166   111736.433716848     
         167   114139.935832379     
         168   116591.699854052     
         169   119093.087996747     
         170   121645.497492196     
         171   124250.363645731     
         172   126909.163225591     
         173   129623.418251224     
         174   132394.700260289     
         175   135224.635148961     
         176   138114.908696069     
         177   141067.272897643     
         178   144083.553253205     
         179   147165.657156719     
         180   150315.583551139     
         181   153535.434003178     
         182   156827.425341294     
         183   160193.903971851     
         184   163637.361943326     
         185   167160.454764054     
         186   170766.020894381     
         187   174457.102729272     
         188   178236.968764408     
         189   182109.136501008     
         190   186077.395497620     
         191   190145.829827849     
         192   194318.839059928     
         193   198601.156746514     
         194   202997.865310642     
         195   207514.406145786     
         196   212156.583722488     
         197   216930.562517644     
         198   221842.855659333     
         199   226900.304311571     
         200   232110.047007975     
         201   237479.478376671     
         202   243016.196973342     
         203   248727.942245526     
         204   254622.520977219     
         205   260707.723895749     
         206   266991.233449001     
         207   273480.524067252     
         208   280182.756497561     
         209   287104.668028951     
         210   294252.460604677     
         211   301631.688937190     
         212   309247.150798199     
         213   317102.781649261     
         214   325201.555709176     
         215   333545.395426900     
         216   342135.091148634     
         217   350970.232542891     
         218   360049.153086438     
         219   369368.888626697     
         220   378925.150732439     
         221   388712.315234154     
         222   398723.426047788     
         223   408950.214079014     
         224   419383.130727481     
         225   430011.395257748     
         226   440823.055080862     
         227   451805.057801388     
         228   462943.333731387     
         229   474222.887456357     
         230   485627.896958355     
         231   497141.818757174     
         232   508747.497519591     
         233   520427.278606441     
         234   532163.122074500     
         235   543936.716721140     
         236   555729.592850599     
         237   567523.232547699     
         238   579299.176363952     
         239   591039.125448572     
         240   602725.038289605     
         241   614339.221364753     
         242   625864.413135063     
         243   637283.860944666     
         244   648581.390514340     
         245   659741.467834075     
         246   670749.253368660     
         247   681590.648589770     
         248   692252.334937209     
         249   702721.805390801     
         250   712987.388902538     
         251   723038.267996293     
         252   732864.489889891     
         253   742456.971532126     
         254   751807.498975920     
         255   760908.721528995     
         256   769754.141135787     
         257   778338.097449786     
         258   786655.749054647     
         259   794703.051286229     
         260   802476.731096806     
         261   809974.259387935     
         262   817193.821220384     
         263   824134.284288953     
         264   830795.166027434     
         265   837176.599684919     
         266   843279.299689774     
         267   849104.526592095     
         268   854654.051849962     
         269   859930.122699406     
         270   864935.427323204     
         271   869673.060509467     
         272   874146.489967793     
         273   878359.523448613     
         274   882316.276790416     
         275   886021.142999853     
         276   889478.762451343     
         277   892693.994275803     
         278   895671.888992459     
         279   898417.662423372     
         280   900936.670917356     
         281   903234.387898230     
         282   905316.381741884     
         283   907188.294977389     
         284   908855.824799152     
         285   910324.704870064     
         286   911600.688389423     
         287   912689.532394227     
         288   913596.983258044     
         289   914328.763348117     
         290   914890.558798421     
         291   915288.008354234     
         292   915526.693242054     
         293   915612.128017611     
         294   915549.752344036     
         295   915344.923651980     
         296   915002.910633589     
         297   914528.887522654     
         298   913927.929113910     
         299   913205.006475418     
         300   912364.983309025     
         301   911412.612915173     
         302   910352.535719763     
         303   909189.277322214     
         304   907927.247025502     
         305   906570.736810562     
         306   905123.920719124     
         307   903590.854610765     
         308   901975.476261639     
         309   900281.605774086     
         310   898512.946267953     
         311   896673.084826187     
         312   894765.493668806     
         313   892793.531531011     
         314   890760.445222687     
         315   888669.371348063     
         316   886523.338165718     
         317   884325.267570502     
         318   882077.977180271     
         319   879784.182511581     
         320   877446.499229717     
         321   875067.445459537     
         322   872649.444144734     
         323   870194.825444126     
         324   867705.829154549     
         325   865184.607150860     
         326   862633.225834394     
         327   860053.668582048     
         328   857447.838188892     
         329   854817.559297950     
         330   852164.580811410     
         331   849490.578278177     
         332   846797.156253224     
         333   844085.850624739     
         334   841358.130905563     
         335   838615.402485840     
         336   835859.008844270     
         337   833090.233715683     
         338   830310.303213042     
         339   827520.387902322     
         340   824721.604828955     
         341   821915.019494870     
         342   819101.647785352     
         343   816282.457845207     
         344   813458.371903892     
         345   810630.268049484     
         346   807798.981951509     
         347   804965.308532804     
         348   802130.003590730     
         349   799293.785368159     
         350   796457.336074771     
         351   793621.303359292     
         352   790786.301733379     
         353   787952.913947932     
         354   785121.692322686     
         355   782293.160029963     
         356   779467.812333530     
         357   776646.117783542     
         358   773828.519368575     
         359   771015.435625767     
         360   768207.261710138     
         361   765404.370424128     
         362   762607.113208433     
         363   759815.821095217     
         364   757030.805624763     
         365   754252.359726644     
         366   751480.758566481     
         367   748716.260359337     
         368   745959.107150798     
         369   743209.525566787     
         370   740467.727533105     
         371   737733.910965735     
         372   735008.260432859     
         373   732290.947789593     
         374   729582.132786351     
         375   726881.963651797     
         376   724190.577651268     
         377   721508.101621563     
         378   718834.652482959     
         379   716170.337729296     
         380   713515.255896938     
         381   710869.497013425     
         382   708233.143026557     
         383   705606.268214699     
         384   702988.939578998     
         385   700381.217218236     
         386   697783.154686999     
         387   695194.799337822     
         388   692616.192647944     
         389   690047.370531301     
         390   687488.363636345     
         391   684939.197630271     
         392   682399.893470210     
         393   679870.467661925     
         394   677350.932506520     
         395   674841.296335675     
         396   672341.563735882     
         397   669851.735762145     
         398   667371.810141589     
         399   664901.781467418     
         400   662441.641383621     
         401   659991.378760838     
         402   657550.979863756     
         403   655120.428510418     
         404   652699.706223778     
         405   650288.792375859     
         406   647887.664324838     
         407   645496.297545357     
         408   643114.665752378     
         409   640742.741018860     
         410   638380.493887541     
         411   636027.893477076     
         412   633684.907582807     
         413   631351.502772397     
         414   629027.644476554     
         415   626713.297075084     
         416   624408.423978484     
         417   622112.987705266     
         418   619826.949955236     
         419   617550.271678882     
         420   615282.913143090     
         421   613024.833993327     
         422   610775.993312470     
         423   608536.349676448     
         424   606305.861206831     
         425   604084.485620522     
         426   601872.180276683     
         427   599668.902221038     
         428   597474.608227664     
         429   595289.254838405     
         430   593112.798400015     
         431   590945.195099146     
         432   588786.400995282     
         433   586636.372051718     
         434   584495.064164693     
         435   582362.433190751     
         436   580238.434972427     
         437   578123.025362340     
         438   576016.160245777     
         439   573917.795561833     
         440   571827.887323195     
         441   569746.391634622     
         442   567673.264710201     
         443   565608.462889437     
         444   563551.942652237     
         445   561503.660632841     
         446   559463.573632762     
         447   557431.638632789     
         448   555407.812804083     
         449   553392.053518446     
         450   551384.318357773     
         451   549384.565122758     
         452   547392.751840878     
         453   545408.836773698     
         454   543432.778423541     
         455   541464.535539545     
         456   539504.067123155     
         457   537551.332433069     
         458   535606.290989679     
         459   533668.902579025     
         460   531739.127256302     
         461   529816.925348936     
         462   527902.257459259     
         463   525995.084466801     
         464   524095.367530236     
         465   522203.068088974     
         466   520318.147864460     
         467   518440.568861161     
         468   516570.293367282     
         469   514707.283955221     
         470   512851.503481783     
         471   511002.915088158     
         472   509161.482199694     
         473   507327.168525468     
         474   505499.938057668     
         475   503679.755070809     
         476   501866.584120777     
         477   500060.390043734     
         478   498261.137954878     
         479   496468.793247072     
         480   494683.321589361     
         481   492904.688925371     
         482   491132.861471611     
         483   489367.805715679     
         484   487609.488414384     
         485   485857.876591792     
         486   484112.937537191     
         487   482374.638803002     
         488   480642.948202627     
         489   478917.833808239     
         490   477199.263948534     
         491   475487.207206428     
         492   473781.632416732     
         493   472082.508663779     
         494   470389.805279030     
         495   468703.491838657     
         496   467023.538161099     
         497   465349.914304602     
         498   463682.590564751     
         499   462021.537470839     
         500   460366.692159471     
