         100   1812.74114063091     
         102   4254.88187277578     
         104   7290.04475362413     
         106   10592.0120898162     
         108   13968.5482662025     
         110   17320.3487220790     
         112   20602.5092102459     
         114   23800.0332684234     
         116   26913.7592542911     
         118   29952.5512367177     
         120   32929.0328736340     
         122   35857.2889142578     
         124   38751.6550623357     
         126   41626.1094749048     
         128   44493.9958577979     
         130   47367.9275344047     
         132   50259.7880751099     
         134   53180.7811051767     
         136   56141.5027978692     
         138   59152.0224252079     
         140   62221.9631059285     
         142   65360.5787488047     
         144   68576.8253757675     
         146   71879.4262289712     
         148   75276.9307259462     
         150   78777.7676637039     
         152   82390.2932243348     
         154   86122.8343823196     
         156   89983.7283050007     
         158   93981.3583001496     
         160   98124.1868143097     
         162   102420.785931638     
         164   106879.865770195     
         166   111510.301123534     
         168   116321.156651081     
         170   121321.710881456     
         172   126521.479258346     
         174   131930.236428530     
         176   137558.037945519     
         178   143415.241539706     
         180   149512.528086214     
         182   155860.922384525     
         184   162471.813848870     
         186   169356.977194994     
         188   176528.593196848     
         190   183999.269575738     
         192   191782.062074124     
         194   199890.495756362     
         196   208338.586568943     
         198   217140.863182917     
         200   226312.389130899     
         202   235868.785240169     
         204   245826.252351448     
         206   256201.594299691     
         208   267012.241118540     
         210   278276.272413119     
         212   290012.440826789     
         214   302240.195505382     
         216   314979.705437164     
         218   328251.882517777     
         220   342078.404156276     
         222   356481.735200241     
         224   371485.148915255     
         226   387112.746705602     
         228   403389.476209440     
         230   420341.147342484     
         232   437994.445800462     
         234   456376.943460754     
         236   475517.105047432     
         238   495444.290338423     
         240   516188.751097742     
         242   537781.621823570     
         244   560254.903358652     
         246   583641.438520796     
         248   607974.879350128     
         250   633289.646529026     
         252   659620.883053795     
         254   687004.405939687     
         256   715476.660480096     
         258   745074.679306287     
         260   775836.040614046     
         262   807798.804415227     
         264   841001.383018973     
         266   875482.277290463     
         268   911279.594944694     
         270   948430.278412692     
         272   986969.027513470     
         274   1026927.02227829     
         276   1068330.73704953     
         278   1111201.36951413     
         280   1155555.64025650     
         282   1201408.87499033     
         284   1248781.27319155     
         286   1297708.01361540     
         288   1348253.31168414     
         290   1400527.76053961     
         292   1454707.37627647     
         294   1511051.91880648     
         296   1569919.49110656     
         298   1631774.31677663     
         300   1697185.05372813     
         302   1766811.99000927     
         304   1841382.83199492     
         306   1921658.29446125     
         308   2008390.06856381     
         310   2102274.74565354     
         312   2203907.76452449     
         314   2313741.38557044     
         316   2432050.13654031     
         318   2558906.25438362     
         320   2694166.53635374     
         322   2837470.88174053     
         324   2988251.79568010     
         326   3145753.33596153     
         328   3309057.46069244     
         330   3477115.48279790     
         332   3648782.32656559     
         334   3822851.46104992     
         336   3998088.69574383     
         338   4173263.40733501     
         340   4347176.17219770     
         342   4518682.16839003     
         344   4686710.05645386     
         346   4850276.33475895     
         348   5008495.38649883     
         350   5160585.59292196     
         352   5305871.98693765     
         354   5443785.97166068     
         356   5573862.63962386     
         358   5695736.21012331     
         360   5809134.06345951     
         362   5913869.79938674     
         364   6009835.68915110     
         366   6096994.83086883     
         368   6175373.26016776     
         370   6245052.21431522     
         372   6306160.69991436     
         374   6358868.47234416     
         376   6403379.49962615     
         378   6439925.95408096     
         380   6468762.75155875     
         382   6490162.63956904     
         384   6504411.82164832     
         386   6511806.09511288     
         388   6512647.47230649     
         390   6507241.25098377     
         392   6495893.49703419     
         394   6478908.90190298     
         396   6456588.97740798     
         398   6429230.55186458     
         400   6397124.53325123     
         402   6360554.90736429     
         404   6319797.94135241     
         406   6275121.56556753     
         408   6226784.90921600     
         410   6175037.96777783     
         412   6120121.38252870     
         414   6062266.31472261     
         416   6001694.39904515     
         418   5938617.76282687     
         420   5873239.09920455     
         422   5805751.78394040     
         424   5736340.02696192     
         426   5665179.05087543     
         428   5592435.28974440     
         430   5518266.60231903     
         432   5442822.49466666     
         434   5366244.34778889     
         436   5288665.64633095     
         438   5210212.20489240     
         440   5131002.38873835     
         442   5051147.32588182     
         444   4970751.10755070     
         446   4889910.97394722     
         448   4808717.48192327     
         450   4727254.65068207     
         452   4645600.08080534     
         454   4563825.04068745     
         456   4481994.51268538     
         458   4400167.18874742     
         460   4318395.40165904     
         462   4236724.97291276     
         464   4155194.95097070     
         466   4073837.20351807     
         468   3992675.81306732     
         470   3911726.20542018     
         472   3830993.91294243     
         474   3750472.83656011     
         476   3670142.81814474     
         478   3589966.26366126     
         480   3509883.46080362     
         482   3429806.10475832     
         484   3349608.37199323     
         486   3269114.65182086     
         488   3188082.74330009     
         490   3106180.93200233     
         492   3022956.85511849     
         494   2937795.41908705     
         496   2849862.28567646     
         498   2758048.98852507     
         500   2659078.52244349     
