         100   1812.74114063091     
         101   2933.81516309969     
         102   4254.90428163624     
         103   5722.22793164856     
         104   7290.13821800058     
         105   8922.57315624802     
         106   10592.2519461127     
         107   12279.1627768581     
         108   13969.0112384468     
         109   15651.8720783663     
         110   17321.1003869198     
         111   18972.4850240527     
         112   20603.6042012862     
         113   22213.3409629793     
         114   23801.5215808751     
         115   25368.6469377935     
         116   26915.6936374855     
         117   28443.9671464892     
         118   29954.9936721270     
         119   31450.4408510938     
         120   32932.0598625495     
         121   34401.6434752808     
         122   35860.9959467700     
         123   37311.9117360807     
         124   38756.1607663739     
         125   40195.4785470305     
         126   41631.5598920311     
         127   43066.0552889716     
         128   44500.5692102344     
         129   45936.6598352423     
         130   47375.8397857521     
         131   48819.5775761131     
         132   50269.2995556875     
         133   51726.3921773988     
         134   53192.2044692550     
         135   54668.0506180999     
         136   56155.2125993660     
         137   57654.9428051417     
         138   59168.4666368786     
         139   60696.9850396437     
         140   62241.6769627890     
         141   63803.7017378927     
         142   65384.2013693014     
         143   66984.3027359306     
         144   68605.1197054375     
         145   70247.7551636875     
         146   71913.3029637339     
         147   73602.8497994793     
         148   75317.4770098426     
         149   77058.2623197289     
         150   78826.2815244235     
         151   80622.6101242635     
         152   82448.3249166154     
         153   84304.5055523256     
         154   86192.2360639530     
         155   88112.6063732355     
         156   90066.7137854265     
         157   92055.6644783612     
         158   94080.5749944013     
         159   96142.5737437726     
         160   98242.8025282786     
         161   100382.418094950     
         162   102562.593729926     
         163   104784.520903775     
         164   107049.410980593     
         165   109358.497004646     
         166   111713.035580119     
         167   114114.308861794     
         168   116563.626677347     
         169   119062.328805639     
         170   121611.787440004     
         171   124213.409871499     
         172   126868.641434484     
         173   129578.968766177     
         174   132345.923443135     
         175   135171.086071092     
         176   138056.090920262     
         177   141002.631215735     
         178   144012.465211365     
         179   147087.423194449     
         180   150229.415585852     
         181   153440.442313993     
         182   156722.603648379     
         183   160078.112676183     
         184   163509.309590229     
         185   167018.677925295     
         186   170608.862828918     
         187   174282.691380553     
         188   178043.194877893     
         189   181893.632891793     
         190   185837.518753637     
         191   189878.645985371     
         192   194021.115018809     
         193   198269.359385091     
         194   202628.170396644     
         195   207102.719202980     
         196   211698.574988506     
         197   216421.718005443     
         198   221278.546106611     
         199   226275.873468257     
         200   231420.920276523     
         201   236721.292294090     
         202   242184.949424106     
         203   247820.162641699     
         204   253635.458961205     
         205   259639.554438958     
         206   265841.275564560     
         207   272249.469753858     
         208   278872.906009964     
         209   285720.167150232     
         210   292799.535293924     
         211   300118.872555607     
         212   307685.499083858     
         213   315506.070716582     
         214   323586.458589257     
         215   331931.633029333     
         216   340545.554000604     
         217   349431.070229495     
         218   358589.828957271     
         219   368022.198026199     
         220   377727.201732952     
         221   387702.471579236     
         222   397944.212728221     
         223   408447.186646223     
         224   419204.710082121     
         225   430208.670221157     
         226   441449.555553154     
         227   452916.501724319     
         228   464597.351402051     
         229   476478.726977449     
         230   488546.114762869     
         231   500783.959213201     
         232   513175.765609317     
         233   525704.209589307     
         234   538351.251895594     
         235   551098.256721002     
         236   563926.112080978     
         237   576815.350708722     
         238   589746.270060952     
         239   602699.050130430     
         240   615653.867883075     
         241   628591.007268768     
         242   641490.963892069     
         243   654334.543568721     
         244   667102.954133090     
         245   679777.889997876     
         246   692341.609098416     
         247   704777.001977814     
         248   717067.652884555     
         249   729197.892860114     
         250   741152.844889623     
         251   752918.461273478     
         252   764481.553451671     
         253   775829.814575707     
         254   786951.835175496     
         255   797837.112310966     
         256   808476.052630961     
         257   818859.969785897     
         258   828981.076656315     
         259   838832.472867799     
         260   848408.128064386     
         261   857702.861408452     
         262   866712.317765855     
         263   875432.941021704     
         264   883861.944955043     
         265   891997.282080896     
         266   899837.610845963     
         267   907382.261540414     
         268   914631.201263302     
         269   921584.998253411     
         270   928244.785871430     
         271   934612.226493441     
         272   940689.475550249     
         273   946479.145922140     
         274   951984.272874682     
         275   957208.279698092     
         276   962154.944190843     
         277   966828.366107503     
         278   971232.935671451     
         279   975373.303235098     
         280   979254.350153608     
         281   982881.160922802     
         282   986258.996618009     
         283   989393.269657993     
         284   992289.519906700     
         285   994953.392115462     
         286   997390.614699268     
         287   999606.979832872     
         288   1001608.32484559     
         289   1003400.51488781     
         290   1004989.42683713     
         291   1006380.93440800     
         292   1007580.89442512     
         293   1008595.13421834     
         294   1009429.44009441     
         295   1010089.54683958     
         296   1010581.12820601     
         297   1010909.78833400     
         298   1011081.05406239     
         299   1011100.36807908     
         300   1010973.08286436     
         301   1010704.45538031     
         302   1010299.64246062     
         303   1009763.69685589     
         304   1009101.56389121     
         305   1008318.07869385     
         306   1007417.96395048     
         307   1006405.82815494     
         308   1005286.16430921     
         309   1004063.34904157     
         310   1002741.64210825     
         311   1001325.18624578     
         312   999818.007343581     
         313   998224.014907469     
         314   996547.002786847     
         315   994790.650139544     
         316   992958.522610087     
         317   991054.073698581     
         318   989080.646298893     
         319   987041.474386202     
         320   984939.684835394     
         321   982778.299353015     
         322   980560.236506798     
         323   978288.313837949     
         324   975965.250042489     
         325   973593.667209053     
         326   971176.093101537     
         327   968714.963475970     
         328   966212.624421867     
         329   963671.334719191     
         330   961093.268202856     
         331   958480.516127433     
         332   955835.089525452     
         333   953158.921553338     
         334   950453.869819621     
         335   947721.718690663     
         336   944964.181569646     
         337   942182.903145074     
         338   939379.461605496     
         339   936555.370817574     
         340   933712.082465034     
         341   930850.988146344     
         342   927973.421429372     
         343   925080.659861501     
         344   922173.926934007     
         345   919254.393999748     
         346   916323.182143431     
         347   913381.364003953     
         348   910429.965548482     
         349   907469.967798145     
         350   904502.308505308     
         351   901527.883782618     
         352   898547.549684061     
         353   895562.123738422     
         354   892572.386435648     
         355   889579.082666651     
         356   886582.923117241     
         357   883584.585616861     
         358   880584.716442939     
         359   877583.931581644     
         360   874582.817945935     
         361   871581.934551803     
         362   868581.813653620     
         363   865582.961839566     
         364   862585.861088098     
         365   859590.969786446     
         366   856598.723712128     
         367   853609.536978487     
         368   850623.802945246     
         369   847641.895095083     
         370   844664.167877214     
         371   841690.957518983     
         372   838722.582806416     
         373   835759.345834731     
         374   832801.532729738     
         375   829849.414341077     
         376   826903.246908214     
         377   823963.272700109     
         378   821029.720629434     
         379   818102.806842219     
         380   815182.735283785     
         381   812269.698241770     
         382   809363.876867092     
         383   806465.441673615     
         384   803574.553017305     
         385   800691.361555610     
         386   797816.008687812     
         387   794948.626977048     
         388   792089.340554677     
         389   789238.265507691     
         390   786395.510249781     
         391   783561.175876715     
         392   780735.356506606     
         393   777918.139605688     
         394   775109.606300138     
         395   772309.831674520     
         396   769518.885057356     
         397   766736.830294356     
         398   763963.726009790     
         399   761199.625856489     
         400   758444.578754924     
         401   755698.629121813     
         402   752961.817088682     
         403   750234.178710804     
         404   747515.746166881     
         405   744806.547949894     
         406   742106.609049448     
         407   739415.951126003     
         408   736734.592677295     
         409   734062.549197309     
         410   731399.833328090     
         411   728746.455004713     
         412   726102.421593695     
         413   723467.738025129     
         414   720842.406918813     
         415   718226.428704620     
         416   715619.801737373     
         417   713022.522406444     
         418   710434.585240321     
         419   707855.983006349     
         420   705286.706805868     
         421   702726.746164927     
         422   700176.089120796     
         423   697634.722304436     
         424   695102.631019117     
         425   692579.799315348     
         426   690066.210062286     
         427   687561.845015783     
         428   685066.684883202     
         429   682580.709385175     
         430   680103.897314405     
         431   677636.226591683     
         432   675177.674319205     
         433   672728.216831337     
         434   670287.829742937     
         435   667856.487995337     
         436   665434.165900092     
         437   663020.837180614     
         438   660616.475011755     
         439   658221.052057462     
         440   655834.540506577     
         441   653456.912106871     
         442   651088.138197386     
         443   648728.189739173     
         444   646377.037344496     
         445   644034.651304563     
         446   641701.001615868     
         447   639376.058005194     
         448   637059.789953350     
         449   634752.166717694     
         450   632453.157353494     
         451   630162.730734198     
         452   627880.855570646     
         453   625607.500429279     
         454   623342.633749400     
         455   621086.223859522     
         456   618838.238992843     
         457   616598.647301908     
         458   614367.416872473     
         459   612144.515736621     
         460   609929.911885169     
         461   607723.573279391     
         462   605525.467862095     
         463   603335.563568079     
         464   601153.828334006     
         465   598980.230107718     
         466   596814.736857016     
         467   594657.316577936     
         468   592507.937302542     
         469   590366.567106262     
         470   588233.174114791     
         471   586107.726510568     
         472   583990.192538874     
         473   581880.540513543     
         474   579778.738822326     
         475   577684.755931906     
         476   575598.560392601     
         477   573520.120842756     
         478   571449.406012841     
         479   569386.384729284     
         480   567331.025918027     
         481   565283.298607850     
         482   563243.171933438     
         483   561210.615138249     
         484   559185.597577145     
         485   557168.088718836     
         486   555158.058148129     
         487   553155.475567993     
         488   551160.310801456     
         489   549172.533793334     
         490   547192.114611813     
         491   545219.023449876     
         492   543253.230626597     
         493   541294.706588303     
         494   539343.421909609     
         495   537399.347294341     
         496   535462.453576347     
         497   533532.711720192     
         498   531610.092821796     
         499   529694.568133405     
         500   527786.145486202     
