         100   1812.74114063091     
         105   8922.57114272535     
         110   17321.1299355584     
         115   25368.7287828545     
         120   32932.2037361832     
         125   40195.7051182223     
         130   47376.1902525908     
         135   54668.5950043354     
         140   62242.5273856245     
         145   70249.0879277903     
         150   78828.3730207962     
         155   88115.8910514989     
         160   98247.9673468802     
         165   109366.638957709     
         170   121624.691579745     
         175   135191.796147514     
         180   150263.796527188     
         185   167080.916219759     
         190   185970.162792455     
         195   207440.636848657     
         200   232356.257861159     
         205   262153.044222498     
         210   298966.634476587     
         215   345487.541424449     
         220   404463.935924067     
         225   477981.067091771     
         230   566798.394968129     
         235   670004.889529536     
         240   785093.738242263     
         245   908381.203049848     
         250   1035595.34703743     
         255   1162457.31529456     
         260   1285135.36420268     
         265   1400523.74586717     
         270   1506354.63864821     
         275   1601181.77913072     
         280   1684282.86513804     
         285   1755522.58516477     
         290   1815207.13958556     
         295   1863949.57930855     
         300   1902555.79928143     
         305   1931934.35512516     
         310   1953029.19581438     
         315   1966772.31205211     
         320   1974052.53665284     
         325   1975696.76045876     
         330   1972460.25809872     
         335   1965023.40320624     
         340   1953992.64844116     
         345   1939904.17915426     
         350   1923229.09248842     
         355   1904379.30284807     
         360   1883713.63914485     
         365   1861543.79304691     
         370   1838139.91529226     
         375   1813735.75226164     
         380   1788533.27856463     
         385   1762706.82220731     
         390   1736406.70374719     
         395   1709762.42473161     
         400   1682885.44731245     
         405   1655871.60882789     
         410   1628803.21414561     
         415   1601750.84590057     
         420   1574774.92925052     
         425   1547927.08394004     
         430   1521251.29263632     
         435   1494784.91086785     
         440   1468559.54056181     
         445   1442601.78618182     
         450   1416933.90982093     
         455   1391574.39929263     
         460   1366538.46125912     
         465   1341838.44971058     
         470   1317484.23862943     
         475   1293483.54640850     
         480   1269842.21851206     
         485   1246564.47394855     
         490   1223653.12034092     
         495   1201109.74448609     
         500   1178939.97038719     
