         100   1812.74114063091     
         105   8922.48482883732     
         110   17320.6869363003     
         115   25367.7117344769     
         120   32930.3948325788     
         125   40192.7435238258     
         130   47371.4646278188     
         135   54661.1174082597     
         140   62230.7402150331     
         145   70230.5569561788     
         150   78799.3002436584     
         155   88070.3413957367     
         160   98176.6341784583     
         165   109254.850699964     
         170   121449.126296662     
         175   134914.834392050     
         180   149822.883225173     
         185   166365.266558009     
         190   184763.340769877     
         195   205282.750181168     
         200   228266.123416855     
         205   254208.970414086     
         210   283914.026924818     
         215   318727.205119699     
         220   360757.914755548     
         225   412881.137151563     
         230   478344.712473559     
         235   560008.424664192     
         240   659480.789633435     
         245   776503.026501636     
         250   908806.456215862     
         255   1052449.21493876     
         260   1202464.34719678     
         265   1353593.41631479     
         270   1500921.14948153     
         275   1640312.02815573     
         280   1768630.56933143     
         285   1883779.57907797     
         290   1984612.63833406     
         295   2070777.07433084     
         300   2142532.25902767     
         305   2200573.40442507     
         310   2245877.77920561     
         315   2279580.33730119     
         320   2302879.30096561     
         325   2316968.65686593     
         330   2322992.96683338     
         335   2322019.60648397     
         340   2315023.94915971     
         345   2302883.72224884     
         350   2286379.54369758     
         355   2266199.37310302     
         360   2242945.22899080     
         365   2217141.01769341     
         370   2189240.69718013     
         375   2159636.27818080     
         380   2128665.36438729     
         385   2096618.07169763     
         390   2063743.25903778     
         395   2030254.06286621     
         400   1996332.76378192     
         405   1962135.03401103     
         410   1927793.62425677     
         415   1893421.55125035     
         420   1859114.84597253     
         425   1824954.91872564     
         430   1791010.59221537     
         435   1757339.84831964     
         440   1723991.32875354     
         445   1691005.62466166     
         450   1658416.38542764     
         455   1626251.27274665     
         460   1594532.78226907     
         465   1563278.95187042     
         470   1532503.97279521     
         475   1502218.71751529     
         480   1472431.19608783     
         485   1443146.95104947     
         490   1414369.39940744     
         495   1386100.13682114     
         500   1358346.83934871     
