         100   1812.74114063091     
         105   8922.58649271779     
         110   17321.2106657656     
         115   25368.9152777779     
         120   32932.5360804759     
         125   40196.2494773012     
         130   47377.0588668933     
         135   54669.9695600703     
         140   62244.6948039276     
         145   70252.4974800023     
         150   78833.7275326646     
         155   88124.2930164334     
         160   98261.1554473812     
         165   109387.378443179     
         170   121657.441219057     
         175   135243.913079764     
         180   150347.812566207     
         185   167218.388410101     
         190   186194.390971314     
         195   207781.915847352     
         200   232765.212437062     
         205   262295.215453843     
         210   297851.259861042     
         215   340994.850535863     
         220   392948.330357751     
         225   454154.381949840     
         230   524002.585196930     
         235   600828.003107676     
         240   682161.972002508     
         245   765126.427038983     
         250   846842.873622995     
         255   924760.048861026     
         260   996856.558135941     
         265   1061719.58278190     
         270   1118526.94623132     
         275   1166968.24453963     
         280   1207137.52029559     
         285   1239421.49979404     
         290   1264398.21780450     
         295   1282753.24041414     
         300   1295215.38698165     
         305   1302510.68406089     
         310   1305331.74337651     
         315   1304319.28868217     
         320   1300052.70696287     
         325   1293046.94585970     
         330   1283753.61912451     
         335   1272564.70290915     
         340   1259817.65513863     
         345   1245801.15150140     
         350   1230760.90748259     
         355   1214905.25797266     
         360   1198410.30861983     
         365   1181424.57009050     
         370   1164073.04968581     
         375   1146460.81394866     
         380   1128676.05837542     
         385   1110792.73160974     
         390   1092872.76549353     
         395   1074967.96185788     
         400   1057121.58385098     
         405   1039369.69518077     
         410   1021742.28570977     
         415   1004264.21687749     
         420   986956.015732604     
         425   969834.542083591     
         430   952913.549484959     
         435   936204.157474952     
         440   919715.249644945     
         445   903453.809710696     
         450   887425.205723203     
         455   871633.430853314     
         460   856081.307762718     
         465   840770.662391830     
         470   825702.472014347     
         475   810876.991595958     
         480   796293.861822495     
         485   781952.201606693     
         490   767850.687422777     
         495   753987.621920728     
         500   740362.985168910     
