         100   1812.74114063091     
         101   2933.80829687738     
         102   4254.88549532186     
         103   5722.18622230433     
         104   7290.05922846870     
         105   8922.44050530330     
         106   10592.0486381682     
         107   12278.8723056369     
         108   13968.6182479900     
         109   15651.3626108432     
         110   17320.4618189510     
         111   18971.7058037413     
         112   20602.6734794524     
         113   22212.2481851711     
         114   23800.2560818742     
         115   25367.1975611673     
         116   26914.0483895186     
         117   28442.1128855068     
         118   29952.9158294683     
         119   31448.1231776331     
         120   32929.4841937795     
         121   34398.7895079579     
         122   35857.8410205312     
         123   37308.4306140431     
         124   38752.3254093494     
         125   40191.2578765576     
         126   41626.9195379006     
         127   43060.9573172855     
         128   44494.9718282954     
         129   45930.5170697196     
         130   47369.1011306296     
         131   48812.1876068983     
         132   50261.1975062573     
         133   51717.5114756885     
         134   53182.4722277634     
         135   54657.3870748906     
         136   56143.5305048985     
         137   57642.1467498577     
         138   59154.4523140110     
         139   60681.6384371924     
         140   62224.8734780282     
         141   63785.3052071249     
         142   65364.0630048554     
         143   66962.2599615999     
         144   68580.9948806784     
         145   70221.3541859101     
         146   71884.4137369447     
         147   73571.2405563246     
         148   75282.8944727786     
         149   77020.4296855599     
         150   78784.8962548092     
         151   80577.3415229679     
         152   82398.8114722293     
         153   84250.3520229205     
         154   86133.0102775785     
         155   88047.8357153206     
         156   89995.8813409422     
         157   91978.2047929985     
         158   93995.8694149494     
         159   96049.9452932816     
         160   98141.5102663611     
         161   100271.650907618     
         162   102441.463486541     
         163   104652.054910829     
         164   106904.543652960     
         165   109200.060664333     
         166   111539.750280095     
         167   113924.771117706     
         168   116356.296972260     
         169   118835.517711589     
         170   121363.640174176     
         171   123941.889072945     
         172   126571.507908059     
         173   129253.759891924     
         174   131989.928889724     
         175   134781.320378944     
         176   137629.262431499     
         177   140535.106722297     
         178   143500.229568309     
         179   146526.033002471     
         180   149613.945887110     
         181   152765.425071926     
         182   155981.956602012     
         183   159265.056981893     
         184   162616.274502151     
         185   166037.190635838     
         186   169529.421512675     
         187   173094.619479904     
         188   176734.474759682     
         189   180450.717214101     
         190   184245.118230323     
         191   188119.492739951     
         192   192075.701388742     
         193   196115.652875114     
         194   200241.306478825     
         195   204454.674804785     
         196   208757.826771526     
         197   213152.890879680     
         198   217642.058803388     
         199   222227.589357443     
         200   226911.812905936     
         201   231697.136295072     
         202   236586.048414722     
         203   241581.126521211     
         204   246685.043488840     
         205   251900.576200420     
         206   257230.615337988     
         207   262678.176893373     
         208   268246.415782807     
         209   273938.642017436     
         210   279758.339947910     
         211   285709.191159837     
         212   291795.101640062     
         213   298020.233852026     
         214   304389.044341706     
         215   310906.327433537     
         216   317577.265458629     
         217   324407.485777972     
         218   331403.124616500     
         219   338570.897409365     
         220   345918.174984079     
         221   353453.064471127     
         222   361184.493366922     
         223   369122.294687164     
         224   377277.290670964     
         225   385661.372054446     
         226   394287.569556460     
         227   403170.113936964     
         228   412324.480826750     
         229   421767.416506616     
         230   431516.940949835     
         231   441592.324741082     
         232   452014.036946603     
         233   462803.661624579     
         234   473983.781412982     
         235   485577.827489264     
         236   497609.896130187     
         237   510104.533075169     
         238   523086.487874283     
         239   536580.441344099     
         240   550610.710124047     
         241   565200.933089655     
         242   580373.745008736     
         243   596150.443300487     
         244   612550.654060499     
         245   629592.003639536     
         246   647289.802010157     
         247   665656.743929680     
         248   684702.633523323     
         249   704434.137385633     
         250   724854.570653594     
         251   745963.719765986     
         252   767757.704817238     
         253   790228.883567095     
         254   813365.798306292     
         255   837153.165927977     
         256   861571.910737199     
         257   886599.238766069     
         258   912208.751666423     
         259   938370.597637763     
         260   965051.656324986     
         261   992215.754193795     
         262   1019823.90656386     
         263   1047834.58225038     
         264   1076203.98663026     
         265   1104886.35890450     
         266   1133834.27936597     
         267   1162998.98259335     
         268   1192330.67266822     
         269   1221778.83674237     
         270   1251292.55355730     
         271   1280820.79382638     
         272   1310312.70972378     
         273   1339717.91107215     
         274   1368986.72617746     
         275   1398070.44561376     
         276   1426921.54760915     
         277   1455493.90401952     
         278   1483742.96619483     
         279   1511625.93034011     
         280   1539101.88224685     
         281   1566131.92151854     
         282   1592679.26563531     
         283   1618709.33439644     
         284   1644189.81544612     
         285   1669090.71172790     
         286   1693384.37182755     
         287   1717045.50425373     
         288   1740051.17677358     
         289   1762380.80196591     
         290   1784016.11018219     
         291   1804941.11111534     
         292   1825142.04517079     
         293   1844607.32581628     
         294   1863327.47405653     
         295   1881295.04613991     
         296   1898504.55555698     
         297   1914952.39033734     
         298   1930636.72659327     
         299   1945557.43919697     
         300   1959716.01041475     
         301   1973115.43725619     
         302   1985760.13823181     
         303   1997655.86014769     
         304   2008809.58550264     
         305   2019229.44099192     
         306   2028924.60756235     
         307   2037905.23240730     
         308   2046182.34323645     
         309   2053767.76510482     
         310   2060674.04003842     
         311   2066914.34965038     
         312   2072502.44090051     
         313   2077452.55511498     
         314   2081779.36034824     
         315   2085497.88713967     
         316   2088623.46768925     
         317   2091171.67845273     
         318   2093158.28613469     
         319   2094599.19703934     
         320   2095510.40972200     
         321   2095907.97087040     
         322   2095807.93433291     
         323   2095226.32320045     
         324   2094179.09484131     
         325   2092682.10878087     
         326   2090751.09731371     
         327   2088401.63873167     
         328   2085649.13304913     
         329   2082508.78010520     
         330   2078995.55992237     
         331   2075124.21520127     
         332   2070909.23583261     
         333   2066364.84530899     
         334   2061504.98892164     
         335   2056343.32362984     
         336   2050893.20949397     
         337   2045167.70256662     
         338   2039179.54913964     
         339   2032941.18124921     
         340   2026464.71334471     
         341   2019761.94003142     
         342   2012844.33480120     
         343   2005723.04966934     
         344   1998408.91564011     
         345   1990912.44392748     
         346   1983243.82786156     
         347   1975412.94541531     
         348   1967429.36228993     
         349   1959302.33550102     
         350   1951040.81741146     
         351   1942653.46016005     
         352   1934148.62043886     
         353   1925534.36457514     
         354   1916818.47387677     
         355   1908008.45020326     
         356   1899111.52172732     
         357   1890134.64885424     
         358   1881084.53026929     
         359   1871967.60908568     
         360   1862790.07906759     
         361   1853557.89090538     
         362   1844276.75852179     
         363   1834952.16538990     
         364   1825589.37084542     
         365   1816193.41637765     
         366   1806769.13188473     
         367   1797321.14188056     
         368   1787853.87164190     
         369   1778371.55328549     
         370   1768878.23176625     
         371   1759377.77078854     
         372   1749873.85862370     
         373   1740370.01382776     
         374   1730869.59085423     
         375   1721375.78555756     
         376   1711891.64058375     
         377   1702420.05064491     
         378   1692963.76767561     
         379   1683525.40586909     
         380   1674107.44659189     
         381   1664712.24317627     
         382   1655342.02558974     
         383   1645998.90498169     
         384   1636684.87810741     
         385   1627401.83162993     
         386   1618151.54630066     
         387   1608935.70101970     
         388   1599755.87677725     
         389   1590613.56047751     
         390   1581510.14864668     
         391   1572446.95102686     
         392   1563425.19405777     
         393   1554446.02424819     
         394   1545510.51143936     
         395   1536619.65196232     
         396   1527774.37169163     
         397   1518975.52899759     
         398   1510223.91759930     
         399   1501520.26932095     
         400   1492865.25675370     
         401   1484259.49582548     
         402   1475703.54828109     
         403   1467197.92407502     
         404   1458743.08367926     
         405   1450339.44030858     
         406   1441987.36206540     
         407   1433687.17400681     
         408   1425439.16013579     
         409   1417243.56531891     
         410   1409100.59713288     
         411   1401010.42764185     
         412   1392973.19510789     
         413   1384989.00563641     
         414   1377057.93475887     
         415   1369180.02895462     
         416   1361355.30711383     
         417   1353583.76194346     
         418   1345865.36131822     
         419   1338200.04957817     
         420   1330587.74877486     
         421   1323028.35986773     
         422   1315521.76387249     
         423   1308067.82296295     
         424   1300666.38152817     
         425   1293317.26718627     
         426   1286020.29175648     
         427   1278775.25219089     
         428   1271581.93146738     
         429   1264440.09944504     
         430   1257349.51368338     
         431   1250309.92022681     
         432   1243321.05435542     
         433   1236382.64130348     
         434   1229494.39694668     
         435   1222656.02845942     
         436   1215867.23494308     
         437   1209127.70802650     
         438   1202437.13243962     
         439   1195795.18656131     
         440   1189201.54294233     
         441   1182655.86880449     
         442   1176157.82651669     
         443   1169707.07404895     
         444   1163303.26540510     
         445   1156946.05103512     
         446   1150635.07822774     
         447   1144369.99148421     
         448   1138150.43287391     
         449   1131976.04237252     
         450   1125846.45818348     
         451   1119761.31704330     
         452   1113720.25451156     
         453   1107722.90524595     
         454   1101768.90326319     
         455   1095857.88218630     
         456   1089989.47547869     
         457   1084163.31666586     
         458   1078379.03954491     
         459   1072636.27838260     
         460   1066934.66810234     
         461   1061273.84446059     
         462   1055653.44421308     
         463   1050073.10527138     
         464   1044532.46685008     
         465   1039031.16960516     
         466   1033568.85576378     
         467   1028145.16924596     
         468   1022759.75577842     
         469   1017412.26300107     
         470   1012102.34056628     
         471   1006829.64023141     
         472   1001593.81594491     
         473   996394.523926123     
         474   991231.422739283     
         475   986104.173361869     
         476   981012.439247603     
         477   975955.886384371     
         478   970934.183347323     
         479   965947.001347380     
         480   960994.014275407     
         481   956074.898742295     
         482   951189.334115169     
         483   946337.002549990     
         484   941517.589020753     
         485   936730.781345558     
         486   931976.270209779     
         487   927253.749186614     
         488   922562.914755270     
         489   917903.466317118     
         490   913275.106210109     
         491   908677.539721855     
         492   904110.475101758     
         493   899573.623572694     
         494   895066.699342768     
         495   890589.419617820     
         496   886141.504615382     
         497   881722.677580012     
         498   877332.664542764     
         499   872971.159792592     
         500   868646.972604123     
