  -89.50000       295000.000000000        174235923.546556     
  -88.50000       295000.000000000        174007247.320423     
  -87.50000       295000.000000000        173983944.245689     
  -86.50000       295000.000000000        173990531.001091     
  -85.50000       295000.000000000        174011628.725689     
  -84.50000       295000.000000000        174043409.410658     
  -83.50000       295000.000000000        174084487.068162     
  -82.50000       295000.000000000        174134278.305779     
  -81.50000       295000.000000000        174192536.332143     
  -80.50000       295000.000000000        174259182.095079     
  -79.50000       295000.000000000        174334232.791203     
  -78.50000       295000.000000000        174417768.201328     
  -77.50000       295000.000000000        174509913.596988     
  -76.50000       295000.000000000        174610830.675456     
  -75.50000       295000.000000000        174720712.671506     
  -74.50000       295000.000000000        174839781.807746     
  -73.50000       295000.000000000        174968288.139665     
  -72.50000       295000.000000000        175106509.295408     
  -71.50000       296000.000000000        175254750.819568     
  -70.50000       296000.000000000        175413346.946979     
  -69.50000       296000.000000000        175582661.751666     
  -68.50000       296000.000000000        175763090.567935     
  -67.50000       296000.000000000        175955061.696429     
  -66.50000       296000.000000000        176159038.358091     
  -65.50000       296000.000000000        176375520.908341     
  -64.50000       296000.000000000        176605049.309603     
  -63.50000       296000.000000000        176848205.888321     
  -62.50000       296000.000000000        177105618.374570     
  -61.50000       296000.000000000        177377963.270498     
  -60.50000       296000.000000000        177665969.560961     
  -59.50000       296000.000000000        177970422.796604     
  -58.50000       296000.000000000        178292169.605165     
  -57.50000       297000.000000000        178632122.648748     
  -56.50000       297000.000000000        178991266.099475     
  -55.50000       297000.000000000        179370661.671752     
  -54.50000       297000.000000000        179771455.282621     
  -53.50000       297000.000000000        180194884.404050     
  -52.50000       297000.000000000        180642286.198487     
  -51.50000       297000.000000000        181115106.517618     
  -50.50000       297000.000000000        181614909.874810     
  -49.50000       298000.000000000        182143390.499504     
  -48.50000       298000.000000000        182702384.630695     
  -47.50000       298000.000000000        183293884.162892     
  -46.50000       298000.000000000        183920051.863613     
  -45.50000       298000.000000000        184583238.328011     
  -44.50000       299000.000000000        185286000.916034     
  -43.50000       299000.000000000        186031124.938070     
  -42.50000       299000.000000000        186821647.376550     
  -41.50000       299000.000000000        187660883.504107     
  -40.50000       300000.000000000        188552456.802610     
  -39.50000       300000.000000000        189500332.637470     
  -38.50000       300000.000000000        190508856.237654     
  -37.50000       300000.000000000        191582795.595904     
  -36.50000       301000.000000000        192727390.014986     
  -35.50000       301000.000000000        193948405.130506     
  -34.50000       301000.000000000        195252195.376531     
  -33.50000       302000.000000000        196645774.993075     
  -32.50000       302000.000000000        198136898.852046     
  -31.50000       303000.000000000        199734154.508433     
  -30.50000       303000.000000000        201447067.073036     
  -29.50000       304000.000000000        203286218.596778     
  -28.50000       304000.000000000        205263383.703575     
  -27.50000       305000.000000000        207391683.089422     
  -26.50000       305000.000000000        209685756.001709     
  -25.50000       306000.000000000        212161951.768092     
  -24.50000       306000.000000000        214838538.226813     
  -23.50000       307000.000000000        217735920.687129     
  -22.50000       308000.000000000        220876857.112050     
  -21.50000       309000.000000000        224286640.482152     
  -20.50000       310000.000000000        227993191.931144     
  -19.50000       310000.000000000        232026957.719690     
  -18.50000       311000.000000000        236420412.252403     
  -17.50000       312000.000000000        241206819.274814     
  -16.50000       314000.000000000        246417706.579662     
  -15.50000       315000.000000000        252078414.110145     
  -14.50000       316000.000000000        258201563.450749     
  -13.50000       317000.000000000        264780316.013768     
  -12.50000       319000.000000000        271787717.752636     
  -11.50000       320000.000000000        279193962.338737     
  -10.50000       322000.000000000        287012934.263193     
  -9.500000       323000.000000000        295368827.054138     
  -8.500000       324000.000000000        304523256.485189     
  -7.500000       325000.000000000        314752583.836227     
  -6.500000       326000.000000000        326017940.503513     
  -5.500000       330000.000000000        337621157.899015     
  -4.500000       334000.000000000        348284861.982804     
  -3.500000       340000.000000000        356810504.772165     
  -2.500000       346000.000000000        362726303.435780     
  -1.500000       350000.000000000        366265850.070571     
 -0.5000000       352000.000000000        367880315.362033     
  0.5000000       352000.000000000        367880315.362033     
   1.500000       350000.000000000        366265850.070570     
   2.500000       346000.000000000        362726303.435778     
   3.500000       340000.000000000        356810504.772160     
   4.500000       334000.000000000        348284861.982793     
   5.500000       330000.000000000        337621157.898994     
   6.500000       326000.000000000        326017940.503479     
   7.500000       325000.000000000        314752583.836209     
   8.500000       324000.000000000        304523256.485136     
   9.500000       323000.000000000        295368827.054006     
   10.50000       322000.000000000        287012934.263210     
   11.50000       320000.000000000        279193962.338754     
   12.50000       319000.000000000        271787717.752774     
   13.50000       317000.000000000        264780316.013959     
   14.50000       316000.000000000        258201563.451039     
   15.50000       315000.000000000        252078414.110413     
   16.50000       314000.000000000        246417706.579806     
   17.50000       312000.000000000        241206819.274841     
   18.50000       311000.000000000        236420412.252742     
   19.50000       310000.000000000        232026957.720143     
   20.50000       310000.000000000        227993191.931245     
   21.50000       309000.000000000        224286640.481862     
   22.50000       308000.000000000        220876857.111979     
   23.50000       307000.000000000        217735920.686769     
   24.50000       306000.000000000        214838538.226684     
   25.50000       306000.000000000        212161951.768118     
   26.50000       305000.000000000        209685756.001972     
   27.50000       305000.000000000        207391683.089411     
   28.50000       304000.000000000        205263383.703627     
   29.50000       304000.000000000        203286218.597018     
   30.50000       303000.000000000        201447067.074081     
   31.50000       303000.000000000        199734154.508850     
   32.50000       302000.000000000        198136898.852630     
   33.50000       302000.000000000        196645774.993355     
   34.50000       301000.000000000        195252195.376410     
   35.50000       301000.000000000        193948405.130794     
   36.50000       301000.000000000        192727390.014787     
   37.50000       300000.000000000        191582795.595754     
   38.50000       300000.000000000        190508856.237031     
   39.50000       300000.000000000        189500332.636946     
   40.50000       300000.000000000        188552456.802436     
   41.50000       299000.000000000        187660883.503746     
   42.50000       299000.000000000        186821647.376079     
   43.50000       299000.000000000        186031124.937850     
   44.50000       299000.000000000        185286000.915307     
   45.50000       298000.000000000        184583238.327039     
   46.50000       298000.000000000        183920051.863422     
   47.50000       298000.000000000        183293884.163149     
   48.50000       298000.000000000        182702384.630742     
   49.50000       298000.000000000        182143390.499273     
   50.50000       297000.000000000        181614909.873356     
   51.50000       297000.000000000        181115106.516269     
   52.50000       297000.000000000        180642286.198228     
   53.50000       297000.000000000        180194884.403939     
   54.50000       297000.000000000        179771455.282260     
   55.50000       297000.000000000        179370661.671623     
   56.50000       297000.000000000        178991266.099827     
   57.50000       297000.000000000        178632122.649527     
   58.50000       296000.000000000        178292169.605010     
   59.50000       296000.000000000        177970422.796521     
   60.50000       296000.000000000        177665969.560489     
   61.50000       296000.000000000        177377963.269744     
   62.50000       296000.000000000        177105618.372968     
   63.50000       296000.000000000        176848205.886942     
   64.50000       296000.000000000        176605049.307789     
   65.50000       296000.000000000        176375520.905841     
   66.50000       296000.000000000        176159038.354597     
   67.50000       296000.000000000        175955061.691494     
   68.50000       296000.000000000        175763090.560908     
   69.50000       296000.000000000        175582661.741482     
   70.50000       296000.000000000        175413346.932061     
   71.50000       296000.000000000        175254750.797339     
   72.50000       295000.000000000        175106509.262101     
   73.50000       295000.000000000        174968288.088782     
   74.50000       295000.000000000        174839781.728402     
   75.50000       295000.000000000        174720712.545416     
   76.50000       295000.000000000        174610830.470546     
   77.50000       295000.000000000        174509913.255438     
   78.50000       295000.000000000        174417767.615289     
   79.50000       295000.000000000        174334231.751452     
   80.50000       295000.000000000        174259180.176081     
   81.50000       295000.000000000        174192532.620539     
   82.50000       295000.000000000        174134270.704749     
   83.50000       295000.000000000        174084470.348487     
   84.50000       295000.000000000        174043369.068926     
   85.50000       295000.000000000        174011518.382010     
   86.50000       295000.000000000        173990168.661591     
   87.50000       295000.000000000        173982327.550895     
   88.50000       295000.000000000        173993319.966380     
   89.50000       295000.000000000        173762250.578144     
