  -89.50000       299000.000000000        180056263.024363     
  -88.50000       299000.000000000        179834373.848945     
  -87.50000       299000.000000000        179812475.983229     
  -86.50000       299000.000000000        179820068.918580     
  -85.50000       299000.000000000        179842197.130824     
  -84.50000       299000.000000000        179875134.654086     
  -83.50000       299000.000000000        179917534.845102     
  -82.50000       299000.000000000        179968834.012455     
  -81.50000       299000.000000000        180028797.395107     
  -80.50000       299000.000000000        180097354.621574     
  -79.50000       299000.000000000        180174530.067056     
  -78.50000       299000.000000000        180260410.065274     
  -77.50000       299000.000000000        180355126.290457     
  -76.50000       299000.000000000        180458846.960480     
  -75.50000       299000.000000000        180571772.117348     
  -74.50000       299000.000000000        180694131.197718     
  -73.50000       299000.000000000        180826181.961074     
  -72.50000       299000.000000000        180968210.302973     
  -71.50000       300000.000000000        181120530.661970     
  -70.50000       300000.000000000        181283486.847808     
  -69.50000       300000.000000000        181457453.251990     
  -68.50000       300000.000000000        181642836.325417     
  -67.50000       300000.000000000        181840076.344407     
  -66.50000       300000.000000000        182049649.431962     
  -65.50000       300000.000000000        182272069.838693     
  -64.50000       300000.000000000        182507892.494286     
  -63.50000       300000.000000000        182757715.841232     
  -62.50000       300000.000000000        183022184.969051     
  -61.50000       300000.000000000        183301995.075681     
  -60.50000       300000.000000000        183597895.286643     
  -59.50000       300000.000000000        183910692.857871     
  -58.50000       300000.000000000        184241257.815374     
  -57.50000       301000.000000000        184590528.053855     
  -56.50000       301000.000000000        184959514.972297     
  -55.50000       301000.000000000        185349309.681633     
  -54.50000       301000.000000000        185761089.857475     
  -53.50000       301000.000000000        186196127.310209     
  -52.50000       301000.000000000        186655796.357460     
  -51.50000       301000.000000000        187141583.096219     
  -50.50000       301000.000000000        187655095.668887     
  -49.50000       302000.000000000        188198075.659464     
  -48.50000       302000.000000000        188772410.760831     
  -47.50000       302000.000000000        189380148.851860     
  -46.50000       302000.000000000        190023513.697589     
  -45.50000       302000.000000000        190704922.454243     
  -44.50000       303000.000000000        191427005.233931     
  -43.50000       303000.000000000        192192627.012691     
  -42.50000       303000.000000000        193004912.185608     
  -41.50000       303000.000000000        193867272.149560     
  -40.50000       304000.000000000        194783436.353214     
  -39.50000       304000.000000000        195757487.294990     
  -38.50000       304000.000000000        196793900.080332     
  -37.50000       304000.000000000        197897587.202762     
  -36.50000       305000.000000000        199073949.360747     
  -35.50000       305000.000000000        200328933.243862     
  -34.50000       305000.000000000        201669097.405607     
  -33.50000       306000.000000000        203101687.508180     
  -32.50000       306000.000000000        204634722.477990     
  -31.50000       307000.000000000        206277093.353877     
  -30.50000       307000.000000000        208038676.915703     
  -29.50000       308000.000000000        209930466.498427     
  -28.50000       308000.000000000        211964722.723272     
  -27.50000       309000.000000000        214155147.188503     
  -26.50000       309000.000000000        216517082.282197     
  -25.50000       310000.000000000        219067740.155981     
  -24.50000       310000.000000000        221826463.064704     
  -23.50000       311000.000000000        224815015.157367     
  -22.50000       312000.000000000        228057901.112073     
  -21.50000       313000.000000000        231582697.402768     
  -20.50000       314000.000000000        235420362.987166     
  -19.50000       314000.000000000        239605459.550524     
  -18.50000       315000.000000000        244176143.107394     
  -17.50000       316000.000000000        249173670.434200     
  -16.50000       318000.000000000        254640992.057457     
  -15.50000       319000.000000000        260619861.996403     
  -14.50000       320000.000000000        267146114.495093     
  -13.50000       321000.000000000        274244078.122904     
  -12.50000       323000.000000000        281924343.148718     
  -11.50000       324000.000000000        290193475.060546     
  -10.50000       326000.000000000        299084097.726604     
  -9.500000       327000.000000000        308697133.070049     
  -8.500000       328000.000000000        319206673.529304     
  -7.500000       330000.000000000        330737966.323898     
  -6.500000       332000.000000000        343079702.000434     
  -5.500000       335000.000000000        355412073.114834     
  -4.500000       340000.000000000        366439157.860182     
  -3.500000       345000.000000000        375040320.898943     
  -2.500000       351000.000000000        380868796.704129     
  -1.500000       355000.000000000        384278733.445789     
 -0.5000000       357000.000000000        385806386.692676     
  0.5000000       357000.000000000        385806386.692676     
   1.500000       355000.000000000        384278733.445788     
   2.500000       351000.000000000        380868796.704128     
   3.500000       345000.000000000        375040320.898945     
   4.500000       340000.000000000        366439157.860187     
   5.500000       335000.000000000        355412073.114843     
   6.500000       332000.000000000        343079702.000455     
   7.500000       330000.000000000        330737966.323941     
   8.500000       328000.000000000        319206673.529379     
   9.500000       327000.000000000        308697133.070056     
   10.50000       326000.000000000        299084097.726709     
   11.50000       324000.000000000        290193475.060549     
   12.50000       323000.000000000        281924343.148829     
   13.50000       321000.000000000        274244078.123067     
   14.50000       320000.000000000        267146114.495512     
   15.50000       319000.000000000        260619861.996715     
   16.50000       318000.000000000        254640992.057598     
   17.50000       316000.000000000        249173670.434156     
   18.50000       315000.000000000        244176143.107597     
   19.50000       314000.000000000        239605459.550975     
   20.50000       314000.000000000        235420362.987000     
   21.50000       313000.000000000        231582697.401991     
   22.50000       312000.000000000        228057901.111944     
   23.50000       311000.000000000        224815015.157284     
   24.50000       310000.000000000        221826463.064565     
   25.50000       310000.000000000        219067740.156022     
   26.50000       309000.000000000        216517082.282503     
   27.50000       309000.000000000        214155147.188559     
   28.50000       308000.000000000        211964722.723353     
   29.50000       308000.000000000        209930466.498679     
   30.50000       307000.000000000        208038676.916338     
   31.50000       307000.000000000        206277093.354096     
   32.50000       306000.000000000        204634722.478283     
   33.50000       306000.000000000        203101687.508497     
   34.50000       305000.000000000        201669097.405797     
   35.50000       305000.000000000        200328933.244308     
   36.50000       305000.000000000        199073949.360681     
   37.50000       304000.000000000        197897587.202644     
   38.50000       304000.000000000        196793900.079728     
   39.50000       304000.000000000        195757487.294698     
   40.50000       304000.000000000        194783436.353144     
   41.50000       303000.000000000        193867272.149441     
   42.50000       303000.000000000        193004912.185163     
   43.50000       303000.000000000        192192627.012414     
   44.50000       303000.000000000        191427005.232800     
   45.50000       302000.000000000        190704922.453122     
   46.50000       302000.000000000        190023513.697470     
   47.50000       302000.000000000        189380148.852631     
   48.50000       302000.000000000        188772410.760649     
   49.50000       302000.000000000        188198075.659313     
   50.50000       301000.000000000        187655095.668022     
   51.50000       301000.000000000        187141583.095124     
   52.50000       301000.000000000        186655796.357252     
   53.50000       301000.000000000        186196127.310080     
   54.50000       301000.000000000        185761089.857237     
   55.50000       301000.000000000        185349309.681561     
   56.50000       301000.000000000        184959514.972941     
   57.50000       301000.000000000        184590528.054574     
   58.50000       300000.000000000        184241257.815310     
   59.50000       300000.000000000        183910692.858617     
   60.50000       300000.000000000        183597895.286267     
   61.50000       300000.000000000        183301995.075017     
   62.50000       300000.000000000        183022184.967876     
   63.50000       300000.000000000        182757715.839964     
   64.50000       300000.000000000        182507892.492564     
   65.50000       300000.000000000        182272069.836310     
   66.50000       300000.000000000        182049649.428627     
   67.50000       300000.000000000        181840076.339671     
   68.50000       300000.000000000        181642836.318425     
   69.50000       300000.000000000        181457453.242227     
   70.50000       300000.000000000        181283486.833531     
   71.50000       300000.000000000        181120530.640694     
   72.50000       299000.000000000        180968210.271112     
   73.50000       299000.000000000        180826181.912349     
   74.50000       299000.000000000        180694131.121821     
   75.50000       299000.000000000        180571771.996743     
   76.50000       299000.000000000        180458846.764485     
   77.50000       299000.000000000        180355125.963767     
   78.50000       299000.000000000        180260409.504730     
   79.50000       299000.000000000        180174529.072537     
   80.50000       299000.000000000        180097352.786032     
   81.50000       299000.000000000        180028793.844865     
   82.50000       299000.000000000        179968826.741685     
   83.50000       299000.000000000        179917518.851176     
   84.50000       299000.000000000        179875096.060521     
   85.50000       299000.000000000        179842091.554751     
   86.50000       299000.000000000        179819722.185491     
   87.50000       299000.000000000        179810930.280604     
   88.50000       299000.000000000        179821136.932443     
   89.50000       299000.000000000        179606354.288989     
