  -89.50000       294000.000000000        215275510.931666     
  -88.50000       294000.000000000        214980013.602164     
  -87.50000       294000.000000000        214950083.055767     
  -86.50000       294000.000000000        214957893.661978     
  -85.50000       294000.000000000        214983829.790259     
  -84.50000       294000.000000000        215023048.444249     
  -83.50000       294000.000000000        215073801.270489     
  -82.50000       294000.000000000        215135352.461513     
  -81.50000       294000.000000000        215207389.714680     
  -80.50000       294000.000000000        215289811.302133     
  -79.50000       294000.000000000        215382636.096227     
  -78.50000       294000.000000000        215485961.207485     
  -77.50000       294000.000000000        215599940.500229     
  -76.50000       294000.000000000        215724773.187099     
  -75.50000       294000.000000000        215860697.678420     
  -74.50000       294000.000000000        216007988.352459     
  -73.50000       294000.000000000        216166954.095915     
  -72.50000       294000.000000000        216337937.949018     
  -71.50000       294000.000000000        216521317.499652     
  -70.50000       295000.000000000        216717505.858655     
  -69.50000       295000.000000000        216926953.026588     
  -68.50000       295000.000000000        217150147.681512     
  -67.50000       295000.000000000        217387619.254413     
  -66.50000       295000.000000000        217639940.353043     
  -65.50000       295000.000000000        217907729.489881     
  -64.50000       295000.000000000        218191654.139052     
  -63.50000       295000.000000000        218492434.129895     
  -62.50000       295000.000000000        218810845.413331     
  -61.50000       295000.000000000        219147724.213231     
  -60.50000       295000.000000000        219503971.607542     
  -59.50000       295000.000000000        219880558.574006     
  -58.50000       295000.000000000        220278531.562585     
  -57.50000       296000.000000000        220699018.615316     
  -56.50000       296000.000000000        221143236.126013     
  -55.50000       296000.000000000        221612496.291974     
  -54.50000       296000.000000000        222108215.341758     
  -53.50000       296000.000000000        222631922.612942     
  -52.50000       296000.000000000        223185270.591424     
  -51.50000       296000.000000000        223770046.030897     
  -50.50000       296000.000000000        224388182.267327     
  -49.50000       297000.000000000        225041772.874804     
  -48.50000       297000.000000000        225733086.831693     
  -47.50000       297000.000000000        226464585.387855     
  -46.50000       297000.000000000        227238940.856391     
  -45.50000       297000.000000000        228059057.554758     
  -44.50000       298000.000000000        228928095.201707     
  -43.50000       298000.000000000        229849495.081188     
  -42.50000       298000.000000000        230827009.369496     
  -41.50000       298000.000000000        231864734.031930     
  -40.50000       299000.000000000        232967145.810619     
  -39.50000       299000.000000000        234139143.883015     
  -38.50000       299000.000000000        235386096.858164     
  -37.50000       299000.000000000        236713895.893802     
  -36.50000       300000.000000000        238129014.847996     
  -35.50000       300000.000000000        239638578.516095     
  -34.50000       300000.000000000        241250440.182525     
  -33.50000       301000.000000000        242973269.903701     
  -32.50000       301000.000000000        244816655.154042     
  -31.50000       302000.000000000        246791215.692047     
  -30.50000       302000.000000000        248908734.764411     
  -29.50000       303000.000000000        251182308.960916     
  -28.50000       303000.000000000        253626519.161106     
  -27.50000       304000.000000000        256257625.019346     
  -26.50000       304000.000000000        259093785.047595     
  -25.50000       305000.000000000        262155303.315829     
  -24.50000       306000.000000000        265464901.549964     
  -23.50000       306000.000000000        269048010.916471     
  -22.50000       307000.000000000        272933069.105820     
  -21.50000       308000.000000000        277151792.157469     
  -20.50000       309000.000000000        281739360.300012     
  -19.50000       310000.000000000        286734401.764283     
  -18.50000       311000.000000000        292178559.979497     
  -17.50000       312000.000000000        298115267.582109     
  -16.50000       313000.000000000        304587135.817749     
  -15.50000       314000.000000000        311631249.130906     
  -14.50000       315000.000000000        319272138.334745     
  -13.50000       316000.000000000        327514331.578705     
  -12.50000       318000.000000000        336341196.308908     
  -11.50000       319000.000000000        345732974.436868     
  -10.50000       321000.000000000        355716534.169403     
  -9.500000       322000.000000000        366436204.114745     
  -8.500000       323000.000000000        378177685.702110     
  -7.500000       324000.000000000        391219197.321769     
  -6.500000       326000.000000000        405445699.843613     
  -5.500000       329000.000000000        419954873.502619     
  -4.500000       334000.000000000        433172827.225127     
  -3.500000       340000.000000000        443659004.211970     
  -2.500000       345000.000000000        450884376.683159     
  -1.500000       350000.000000000        455182211.664545     
 -0.5000000       352000.000000000        457134453.068941     
  0.5000000       352000.000000000        457134453.068941     
   1.500000       350000.000000000        455182211.664543     
   2.500000       345000.000000000        450884376.683156     
   3.500000       340000.000000000        443659004.211962     
   4.500000       334000.000000000        433172827.225121     
   5.500000       329000.000000000        419954873.502614     
   6.500000       326000.000000000        405445699.843605     
   7.500000       324000.000000000        391219197.321781     
   8.500000       323000.000000000        378177685.702134     
   9.500000       322000.000000000        366436204.114831     
   10.50000       321000.000000000        355716534.169411     
   11.50000       319000.000000000        345732974.436770     
   12.50000       318000.000000000        336341196.308950     
   13.50000       316000.000000000        327514331.578740     
   14.50000       315000.000000000        319272138.334802     
   15.50000       314000.000000000        311631249.131214     
   16.50000       313000.000000000        304587135.818118     
   17.50000       312000.000000000        298115267.582642     
   18.50000       311000.000000000        292178559.979764     
   19.50000       310000.000000000        286734401.764803     
   20.50000       309000.000000000        281739360.300316     
   21.50000       308000.000000000        277151792.157605     
   22.50000       307000.000000000        272933069.105647     
   23.50000       306000.000000000        269048010.916710     
   24.50000       306000.000000000        265464901.550062     
   25.50000       305000.000000000        262155303.316108     
   26.50000       304000.000000000        259093785.048391     
   27.50000       304000.000000000        256257625.019753     
   28.50000       303000.000000000        253626519.161124     
   29.50000       303000.000000000        251182308.960537     
   30.50000       302000.000000000        248908734.763408     
   31.50000       302000.000000000        246791215.691476     
   32.50000       301000.000000000        244816655.154507     
   33.50000       301000.000000000        242973269.903897     
   34.50000       300000.000000000        241250440.182410     
   35.50000       300000.000000000        239638578.515574     
   36.50000       300000.000000000        238129014.848412     
   37.50000       299000.000000000        236713895.893950     
   38.50000       299000.000000000        235386096.858491     
   39.50000       299000.000000000        234139143.882949     
   40.50000       299000.000000000        232967145.810400     
   41.50000       298000.000000000        231864734.031208     
   42.50000       298000.000000000        230827009.369805     
   43.50000       298000.000000000        229849495.081135     
   44.50000       298000.000000000        228928095.201582     
   45.50000       297000.000000000        228059057.555515     
   46.50000       297000.000000000        227238940.856415     
   47.50000       297000.000000000        226464585.387557     
   48.50000       297000.000000000        225733086.830434     
   49.50000       297000.000000000        225041772.874707     
   50.50000       296000.000000000        224388182.268112     
   51.50000       296000.000000000        223770046.030310     
   52.50000       296000.000000000        223185270.591261     
   53.50000       296000.000000000        222631922.613169     
   54.50000       296000.000000000        222108215.342301     
   55.50000       296000.000000000        221612496.291667     
   56.50000       296000.000000000        221143236.125532     
   57.50000       296000.000000000        220699018.614633     
   58.50000       295000.000000000        220278531.561689     
   59.50000       295000.000000000        219880558.572117     
   60.50000       295000.000000000        219503971.606078     
   61.50000       295000.000000000        219147724.211299     
   62.50000       295000.000000000        218810845.409958     
   63.50000       295000.000000000        218492434.126515     
   64.50000       295000.000000000        218191654.134527     
   65.50000       295000.000000000        217907729.483880     
   66.50000       295000.000000000        217639940.344839     
   67.50000       295000.000000000        217387619.242952     
   68.50000       295000.000000000        217150147.665416     
   69.50000       295000.000000000        216926953.003959     
   70.50000       295000.000000000        216717505.825830     
   71.50000       294000.000000000        216521317.451837     
   72.50000       294000.000000000        216337937.878380     
   73.50000       294000.000000000        216166953.989797     
   74.50000       294000.000000000        216007988.190645     
   75.50000       294000.000000000        215860697.426567     
   76.50000       294000.000000000        215724772.786498     
   77.50000       294000.000000000        215599939.847194     
   78.50000       294000.000000000        215485960.112640     
   79.50000       294000.000000000        215382634.199964     
   80.50000       294000.000000000        215289807.890421     
   81.50000       294000.000000000        215207383.290110     
   82.50000       294000.000000000        215135339.672429     
   83.50000       294000.000000000        215073773.978461     
   84.50000       294000.000000000        215022984.711304     
   85.50000       294000.000000000        214983661.586937     
   86.50000       294000.000000000        214957362.950962     
   87.50000       294000.000000000        214947825.050669     
   88.50000       294000.000000000        214961789.773506     
   89.50000       294000.000000000        214697158.106613     
