  -89.50000       346000.000000000        240166896.532353     
  -88.50000       346000.000000000        240117798.821778     
  -87.50000       346000.000000000        240124638.776366     
  -86.50000       346000.000000000        240147119.218818     
  -85.50000       346000.000000000        240180937.251443     
  -84.50000       346000.000000000        240224993.542768     
  -83.50000       346000.000000000        240278931.439314     
  -82.50000       346000.000000000        240342654.587171     
  -81.50000       346000.000000000        240416185.818356     
  -80.50000       346000.000000000        240499615.585193     
  -79.50000       346000.000000000        240593080.285689     
  -78.50000       346000.000000000        240696752.333255     
  -77.50000       346000.000000000        240810835.455133     
  -76.50000       346000.000000000        240935562.565215     
  -75.50000       346000.000000000        241071195.022815     
  -74.50000       346000.000000000        241218022.718376     
  -73.50000       346000.000000000        241376364.686689     
  -72.50000       346000.000000000        241546570.101543     
  -71.50000       346000.000000000        241729019.574561     
  -70.50000       346000.000000000        241924126.707043     
  -69.50000       346000.000000000        242132339.885534     
  -68.50000       347000.000000000        242354144.309945     
  -67.50000       347000.000000000        242590064.256015     
  -66.50000       347000.000000000        242840665.589816     
  -65.50000       347000.000000000        243106558.539904     
  -64.50000       347000.000000000        243388400.754222     
  -63.50000       347000.000000000        243686900.660750     
  -62.50000       347000.000000000        244002821.159195     
  -61.50000       347000.000000000        244336983.676215     
  -60.50000       347000.000000000        244690272.621630     
  -59.50000       347000.000000000        245063640.278533     
  -58.50000       347000.000000000        245458112.179378     
  -57.50000       348000.000000000        245874793.017351     
  -56.50000       348000.000000000        246314873.146708     
  -55.50000       348000.000000000        246779635.741759     
  -54.50000       348000.000000000        247270464.681937     
  -53.50000       348000.000000000        247788853.249572     
  -52.50000       348000.000000000        248336413.731097     
  -51.50000       349000.000000000        248914888.025589     
  -50.50000       349000.000000000        249526159.381880     
  -49.50000       349000.000000000        250172265.398096     
  -48.50000       349000.000000000        250855412.438573     
  -47.50000       349000.000000000        251577991.641839     
  -46.50000       350000.000000000        252342596.722167     
  -45.50000       350000.000000000        253152043.794478     
  -44.50000       350000.000000000        254009393.481422     
  -43.50000       350000.000000000        254917975.616556     
  -42.50000       351000.000000000        255881416.881331     
  -41.50000       351000.000000000        256903671.792736     
  -40.50000       351000.000000000        257989057.504027     
  -39.50000       352000.000000000        259142292.973076     
  -38.50000       352000.000000000        260368543.138042     
  -37.50000       352000.000000000        261673468.849539     
  -36.50000       353000.000000000        263063283.448586     
  -35.50000       353000.000000000        264544817.035112     
  -34.50000       354000.000000000        266125589.665834     
  -33.50000       354000.000000000        267813894.961365     
  -32.50000       355000.000000000        269618895.888385     
  -31.50000       355000.000000000        271550734.834123     
  -30.50000       356000.000000000        273620660.526940     
  -29.50000       356000.000000000        275841174.890956     
  -28.50000       357000.000000000        278226203.566608     
  -27.50000       358000.000000000        280791294.645669     
  -26.50000       358000.000000000        283553851.140726     
  -25.50000       359000.000000000        286533403.902916     
  -24.50000       360000.000000000        289751933.125311     
  -23.50000       361000.000000000        293234248.217126     
  -22.50000       362000.000000000        297008437.603784     
  -21.50000       363000.000000000        301106401.528022     
  -20.50000       364000.000000000        305564480.942409     
  -19.50000       365000.000000000        310424190.479959     
  -18.50000       366000.000000000        315733043.790306     
  -17.50000       367000.000000000        321545405.304021     
  -16.50000       368000.000000000        327923185.758617     
  -15.50000       370000.000000000        334936016.871177     
  -14.50000       371000.000000000        342660397.159998     
  -13.50000       373000.000000000        351177435.060000     
  -12.50000       375000.000000000        360569202.655575     
  -11.50000       377000.000000000        370912874.786899     
  -10.50000       379000.000000000        382266022.326164     
  -9.500000       381000.000000000        394623752.206528     
  -8.500000       383000.000000000        407821543.667351     
  -7.500000       387000.000000000        421391536.036344     
  -6.500000       391000.000000000        434473839.307080     
  -5.500000       396000.000000000        445955060.175660     
  -4.500000       401000.000000000        454883617.420919     
  -3.500000       407000.000000000        460908959.402695     
  -2.500000       411000.000000000        464379143.586955     
  -1.500000       415000.000000000        466043537.010626     
 -0.5000000       417000.000000000        466641676.255602     
  0.5000000       417000.000000000        466641676.255602     
   1.500000       415000.000000000        466043537.010627     
   2.500000       411000.000000000        464379143.586958     
   3.500000       407000.000000000        460908959.402700     
   4.500000       401000.000000000        454883617.420923     
   5.500000       396000.000000000        445955060.175669     
   6.500000       391000.000000000        434473839.307070     
   7.500000       387000.000000000        421391536.036301     
   8.500000       383000.000000000        407821543.667287     
   9.500000       381000.000000000        394623752.206461     
   10.50000       379000.000000000        382266022.326165     
   11.50000       377000.000000000        370912874.786966     
   12.50000       375000.000000000        360569202.655707     
   13.50000       373000.000000000        351177435.060101     
   14.50000       371000.000000000        342660397.160090     
   15.50000       370000.000000000        334936016.871348     
   16.50000       368000.000000000        327923185.758781     
   17.50000       367000.000000000        321545405.304175     
   18.50000       366000.000000000        315733043.790444     
   19.50000       365000.000000000        310424190.479917     
   20.50000       364000.000000000        305564480.942409     
   21.50000       363000.000000000        301106401.528005     
   22.50000       362000.000000000        297008437.603820     
   23.50000       361000.000000000        293234248.217116     
   24.50000       360000.000000000        289751933.125413     
   25.50000       359000.000000000        286533403.902916     
   26.50000       358000.000000000        283553851.140611     
   27.50000       358000.000000000        280791294.645534     
   28.50000       357000.000000000        278226203.566575     
   29.50000       356000.000000000        275841174.890995     
   30.50000       356000.000000000        273620660.527029     
   31.50000       355000.000000000        271550734.834167     
   32.50000       355000.000000000        269618895.888485     
   33.50000       354000.000000000        267813894.961307     
   34.50000       354000.000000000        266125589.665760     
   35.50000       353000.000000000        264544817.035026     
   36.50000       353000.000000000        263063283.448575     
   37.50000       352000.000000000        261673468.849518     
   38.50000       352000.000000000        260368543.137995     
   39.50000       352000.000000000        259142292.973062     
   40.50000       351000.000000000        257989057.504012     
   41.50000       351000.000000000        256903671.792675     
   42.50000       351000.000000000        255881416.881387     
   43.50000       350000.000000000        254917975.616564     
   44.50000       350000.000000000        254009393.481396     
   45.50000       350000.000000000        253152043.794395     
   46.50000       350000.000000000        252342596.722157     
   47.50000       349000.000000000        251577991.641889     
   48.50000       349000.000000000        250855412.438670     
   49.50000       349000.000000000        250172265.398122     
   50.50000       349000.000000000        249526159.381992     
   51.50000       349000.000000000        248914888.025663     
   52.50000       348000.000000000        248336413.731117     
   53.50000       348000.000000000        247788853.249574     
   54.50000       348000.000000000        247270464.681741     
   55.50000       348000.000000000        246779635.741715     
   56.50000       348000.000000000        246314873.146519     
   57.50000       348000.000000000        245874793.017423     
   58.50000       347000.000000000        245458112.179400     
   59.50000       347000.000000000        245063640.278742     
   60.50000       347000.000000000        244690272.621571     
   61.50000       347000.000000000        244336983.676188     
   62.50000       347000.000000000        244002821.158879     
   63.50000       347000.000000000        243686900.660815     
   64.50000       347000.000000000        243388400.754223     
   65.50000       347000.000000000        243106558.539904     
   66.50000       347000.000000000        242840665.589820     
   67.50000       347000.000000000        242590064.256017     
   68.50000       347000.000000000        242354144.310006     
   69.50000       346000.000000000        242132339.885538     
   70.50000       346000.000000000        241924126.707043     
   71.50000       346000.000000000        241729019.574557     
   72.50000       346000.000000000        241546570.101543     
   73.50000       346000.000000000        241376364.686757     
   74.50000       346000.000000000        241218022.718380     
   75.50000       346000.000000000        241071195.022816     
   76.50000       346000.000000000        240935562.565214     
   77.50000       346000.000000000        240810835.455132     
   78.50000       346000.000000000        240696752.333250     
   79.50000       346000.000000000        240593080.285657     
   80.50000       346000.000000000        240499615.585125     
   81.50000       346000.000000000        240416185.818140     
   82.50000       346000.000000000        240342654.586255     
   83.50000       346000.000000000        240278931.434984     
   84.50000       346000.000000000        240224993.519244     
   85.50000       346000.000000000        240180937.098559     
   86.50000       346000.000000000        240147117.908495     
   87.50000       346000.000000000        240124618.792079     
   88.50000       346000.000000000        240116964.732310     
   89.50000       346000.000000000        240073149.729429     
