  -89.50000       295000.000000000        239574396.498924     
  -88.50000       295000.000000000        239259966.685873     
  -87.50000       295000.000000000        239227924.957898     
  -86.50000       295000.000000000        239236981.746638     
  -85.50000       295000.000000000        239265991.118155     
  -84.50000       295000.000000000        239309689.560281     
  -83.50000       295000.000000000        239366171.339731     
  -82.50000       295000.000000000        239434634.291916     
  -81.50000       295000.000000000        239514739.078706     
  -80.50000       295000.000000000        239606377.003361     
  -79.50000       295000.000000000        239709571.711227     
  -78.50000       295000.000000000        239824432.900922     
  -77.50000       295000.000000000        239951132.820808     
  -76.50000       295000.000000000        240089893.804638     
  -75.50000       295000.000000000        240240981.550224     
  -74.50000       295000.000000000        240404701.613658     
  -73.50000       295000.000000000        240581397.821236     
  -72.50000       295000.000000000        240771451.911660     
  -71.50000       296000.000000000        240975284.008755     
  -70.50000       296000.000000000        241193353.685415     
  -69.50000       296000.000000000        241426161.543426     
  -68.50000       296000.000000000        241674251.167466     
  -67.50000       296000.000000000        241938211.470921     
  -66.50000       296000.000000000        242218679.382595     
  -65.50000       296000.000000000        242516342.891191     
  -64.50000       296000.000000000        242831944.445049     
  -63.50000       296000.000000000        243166284.743034     
  -62.50000       296000.000000000        243520226.914006     
  -61.50000       296000.000000000        243894701.148423     
  -60.50000       296000.000000000        244290709.800471     
  -59.50000       296000.000000000        244709333.002293     
  -58.50000       296000.000000000        245151734.867035     
  -57.50000       297000.000000000        245619170.305100     
  -56.50000       297000.000000000        246112992.553162     
  -55.50000       297000.000000000        246634661.468541     
  -54.50000       297000.000000000        247185752.687180     
  -53.50000       297000.000000000        247767967.733045     
  -52.50000       297000.000000000        248383145.204514     
  -51.50000       297000.000000000        249033273.147669     
  -50.50000       297000.000000000        249720502.768401     
  -49.50000       298000.000000000        250447163.632206     
  -48.50000       298000.000000000        251215780.567721     
  -47.50000       298000.000000000        252029092.429912     
  -46.50000       298000.000000000        252890073.024132     
  -45.50000       298000.000000000        253801954.418738     
  -44.50000       299000.000000000        254768252.983680     
  -43.50000       299000.000000000        255792798.520763     
  -42.50000       299000.000000000        256879766.880852     
  -41.50000       299000.000000000        258033716.563848     
  -40.50000       300000.000000000        259259629.857342     
  -39.50000       300000.000000000        260562959.138807     
  -38.50000       300000.000000000        261949679.098099     
  -37.50000       300000.000000000        263426345.725272     
  -36.50000       301000.000000000        265000163.061662     
  -35.50000       301000.000000000        266679058.856257     
  -34.50000       301000.000000000        268471770.455933     
  -33.50000       302000.000000000        270387942.440736     
  -32.50000       302000.000000000        272438237.759563     
  -31.50000       303000.000000000        274634464.300543     
  -30.50000       303000.000000000        276989719.091032     
  -29.50000       304000.000000000        279518552.451030     
  -28.50000       304000.000000000        282237154.488383     
  -27.50000       305000.000000000        285163566.159999     
  -26.50000       305000.000000000        288317916.430889     
  -25.50000       306000.000000000        291722685.626340     
  -24.50000       306000.000000000        295402992.023557     
  -23.50000       307000.000000000        299386892.922175     
  -22.50000       308000.000000000        303705680.520444     
  -21.50000       309000.000000000        308394132.665294     
  -20.50000       310000.000000000        313490640.913515     
  -19.50000       310000.000000000        319037068.870369     
  -18.50000       311000.000000000        325078068.837364     
  -17.50000       312000.000000000        331659378.457115     
  -16.50000       314000.000000000        338824348.432944     
  -15.50000       315000.000000000        346607821.168513     
  -14.50000       316000.000000000        355027151.314537     
  -13.50000       317000.000000000        364072935.772022     
  -12.50000       319000.000000000        373708112.672425     
  -11.50000       320000.000000000        383891698.253049     
  -10.50000       322000.000000000        394642783.644671     
  -9.500000       323000.000000000        406132134.961949     
  -8.500000       324000.000000000        418719474.013299     
  -7.500000       325000.000000000        432784797.799168     
  -6.500000       326000.000000000        448274662.279494     
  -5.500000       330000.000000000        464229085.828889     
  -4.500000       334000.000000000        478891679.093877     
  -3.500000       340000.000000000        490614438.364250     
  -2.500000       346000.000000000        498748662.001299     
  -1.500000       350000.000000000        503615538.990318     
 -0.5000000       352000.000000000        505835428.960046     
  0.5000000       352000.000000000        505835428.960046     
   1.500000       350000.000000000        503615538.990316     
   2.500000       346000.000000000        498748662.001295     
   3.500000       340000.000000000        490614438.364243     
   4.500000       334000.000000000        478891679.093862     
   5.500000       330000.000000000        464229085.828859     
   6.500000       326000.000000000        448274662.279447     
   7.500000       325000.000000000        432784797.799143     
   8.500000       324000.000000000        418719474.013225     
   9.500000       323000.000000000        406132134.961766     
   10.50000       322000.000000000        394642783.644693     
   11.50000       320000.000000000        383891698.253073     
   12.50000       319000.000000000        373708112.672614     
   13.50000       317000.000000000        364072935.772286     
   14.50000       316000.000000000        355027151.314935     
   15.50000       315000.000000000        346607821.168882     
   16.50000       314000.000000000        338824348.433143     
   17.50000       312000.000000000        331659378.457153     
   18.50000       311000.000000000        325078068.837831     
   19.50000       310000.000000000        319037068.870991     
   20.50000       310000.000000000        313490640.913654     
   21.50000       309000.000000000        308394132.664896     
   22.50000       308000.000000000        303705680.520346     
   23.50000       307000.000000000        299386892.921680     
   24.50000       306000.000000000        295402992.023379     
   25.50000       306000.000000000        291722685.626377     
   26.50000       305000.000000000        288317916.431252     
   27.50000       305000.000000000        285163566.159984     
   28.50000       304000.000000000        282237154.488456     
   29.50000       304000.000000000        279518552.451360     
   30.50000       303000.000000000        276989719.092467     
   31.50000       303000.000000000        274634464.301118     
   32.50000       302000.000000000        272438237.760367     
   33.50000       302000.000000000        270387942.441121     
   34.50000       301000.000000000        268471770.455766     
   35.50000       301000.000000000        266679058.856653     
   36.50000       301000.000000000        265000163.061389     
   37.50000       300000.000000000        263426345.725065     
   38.50000       300000.000000000        261949679.097242     
   39.50000       300000.000000000        260562959.138084     
   40.50000       300000.000000000        259259629.857103     
   41.50000       299000.000000000        258033716.563351     
   42.50000       299000.000000000        256879766.880205     
   43.50000       299000.000000000        255792798.520460     
   44.50000       299000.000000000        254768252.982681     
   45.50000       298000.000000000        253801954.417403     
   46.50000       298000.000000000        252890073.023870     
   47.50000       298000.000000000        252029092.430266     
   48.50000       298000.000000000        251215780.567787     
   49.50000       298000.000000000        250447163.631890     
   50.50000       297000.000000000        249720502.766401     
   51.50000       297000.000000000        249033273.145813     
   52.50000       297000.000000000        248383145.204157     
   53.50000       297000.000000000        247767967.732893     
   54.50000       297000.000000000        247185752.686684     
   55.50000       297000.000000000        246634661.468363     
   56.50000       297000.000000000        246112992.553646     
   57.50000       297000.000000000        245619170.306171     
   58.50000       296000.000000000        245151734.866822     
   59.50000       296000.000000000        244709333.002179     
   60.50000       296000.000000000        244290709.799823     
   61.50000       296000.000000000        243894701.147388     
   62.50000       296000.000000000        243520226.911804     
   63.50000       296000.000000000        243166284.741138     
   64.50000       296000.000000000        242831944.442555     
   65.50000       296000.000000000        242516342.887753     
   66.50000       296000.000000000        242218679.377790     
   67.50000       296000.000000000        241938211.464135     
   68.50000       296000.000000000        241674251.157804     
   69.50000       296000.000000000        241426161.529423     
   70.50000       296000.000000000        241193353.664900     
   71.50000       296000.000000000        240975283.978190     
   72.50000       295000.000000000        240771451.865864     
   73.50000       295000.000000000        240581397.751271     
   74.50000       295000.000000000        240404701.504559     
   75.50000       295000.000000000        240240981.376849     
   76.50000       295000.000000000        240089893.522886     
   77.50000       295000.000000000        239951132.351178     
   78.50000       295000.000000000        239824432.095118     
   79.50000       295000.000000000        239709570.281570     
   80.50000       295000.000000000        239606374.364739     
   81.50000       295000.000000000        239514733.975250     
   82.50000       295000.000000000        239434623.840499     
   83.50000       295000.000000000        239366148.350177     
   84.50000       295000.000000000        239309634.090400     
   85.50000       295000.000000000        239265839.395595     
   86.50000       295000.000000000        239236483.529821     
   87.50000       295000.000000000        239225702.002543     
   88.50000       295000.000000000        239240816.573935     
   89.50000       295000.000000000        238923096.162957     
