  -89.50000       278000.000000000        205551935.068167     
  -88.50000       278000.000000000        204724225.379343     
  -87.50000       278000.000000000        204630026.572791     
  -86.50000       278000.000000000        204613826.959431     
  -85.50000       278000.000000000        204626574.268100     
  -84.50000       278000.000000000        204657000.688554     
  -83.50000       278000.000000000        204701111.573805     
  -82.50000       278000.000000000        204757173.994653     
  -81.50000       278000.000000000        204824362.008190     
  -80.50000       278000.000000000        204902280.358205     
  -79.50000       278000.000000000        204990766.444231     
  -78.50000       278000.000000000        205089797.887152     
  -77.50000       278000.000000000        205199445.502608     
  -76.50000       278000.000000000        205319847.946135     
  -75.50000       278000.000000000        205451197.445692     
  -74.50000       278000.000000000        205593731.651369     
  -73.50000       278000.000000000        205747729.030641     
  -72.50000       278000.000000000        205913506.443769     
  -71.50000       278000.000000000        206091418.154043     
  -70.50000       278000.000000000        206281855.787477     
  -69.50000       278000.000000000        206485249.011057     
  -68.50000       278000.000000000        206702066.773507     
  -67.50000       278000.000000000        206932818.976040     
  -66.50000       278000.000000000        207178058.566449     
  -65.50000       278000.000000000        207438383.996844     
  -64.50000       278000.000000000        207714442.059560     
  -63.50000       278000.000000000        208006931.077672     
  -62.50000       279000.000000000        208316604.460865     
  -61.50000       279000.000000000        208644274.708651     
  -60.50000       279000.000000000        208990817.800071     
  -59.50000       279000.000000000        209357178.084495     
  -58.50000       279000.000000000        209744373.640217     
  -57.50000       279000.000000000        210153502.256635     
  -56.50000       279000.000000000        210585747.954536     
  -55.50000       279000.000000000        211042388.240381     
  -54.50000       279000.000000000        211524802.102023     
  -53.50000       279000.000000000        212034478.850626     
  -52.50000       280000.000000000        212573027.863586     
  -51.50000       280000.000000000        213142189.406137     
  -50.50000       280000.000000000        213743846.599710     
  -49.50000       280000.000000000        214380038.694960     
  -48.50000       280000.000000000        215052975.816767     
  -47.50000       280000.000000000        215765055.329750     
  -46.50000       280000.000000000        216518880.074226     
  -45.50000       281000.000000000        217317278.677727     
  -44.50000       281000.000000000        218163328.194753     
  -43.50000       281000.000000000        219060379.441782     
  -42.50000       281000.000000000        220012085.291948     
  -41.50000       281000.000000000        221022432.408629     
  -40.50000       282000.000000000        222095776.842648     
  -39.50000       282000.000000000        223236883.979969     
  -38.50000       282000.000000000        224450973.537953     
  -37.50000       282000.000000000        225743770.191098     
  -36.50000       283000.000000000        227121560.686955     
  -35.50000       283000.000000000        228591258.296825     
  -34.50000       283000.000000000        230160475.612368     
  -33.50000       284000.000000000        231837606.801022     
  -32.50000       284000.000000000        233631920.524219     
  -31.50000       284000.000000000        235553664.802004     
  -30.50000       285000.000000000        237614185.127975     
  -29.50000       285000.000000000        239826057.021401     
  -28.50000       286000.000000000        242203233.887486     
  -27.50000       286000.000000000        244761210.371369     
  -26.50000       287000.000000000        247517200.059199     
  -25.50000       287000.000000000        250490323.962746     
  -24.50000       288000.000000000        253701801.882915     
  -23.50000       289000.000000000        257175131.305045     
  -22.50000       289000.000000000        260936225.301934     
  -21.50000       290000.000000000        265013458.262146     
  -20.50000       291000.000000000        269437528.380776     
  -19.50000       292000.000000000        274240976.556108     
  -18.50000       292000.000000000        279457083.180924     
  -17.50000       293000.000000000        285117678.751486     
  -16.50000       294000.000000000        291249175.497119     
  -15.50000       295000.000000000        297866056.098265     
  -14.50000       297000.000000000        304961788.182991     
  -13.50000       298000.000000000        312499996.960639     
  -12.50000       299000.000000000        320415179.644656     
  -11.50000       300000.000000000        328641170.330853     
  -10.50000       301000.000000000        337187944.164415     
  -9.500000       302000.000000000        346262430.829382     
  -8.500000       303000.000000000        356355270.804811     
  -7.500000       303000.000000000        368117397.248180     
  -6.500000       304000.000000000        381871808.827748     
  -5.500000       308000.000000000        396954099.839628     
  -4.500000       312000.000000000        411582547.743336     
  -3.500000       318000.000000000        423752586.183587     
  -2.500000       324000.000000000        432414258.805359     
  -1.500000       328000.000000000        437675573.726281     
 -0.5000000       331000.000000000        440098636.101341     
  0.5000000       331000.000000000        440098636.101337     
   1.500000       328000.000000000        437675573.726270     
   2.500000       324000.000000000        432414258.805337     
   3.500000       318000.000000000        423752586.183535     
   4.500000       312000.000000000        411582547.743258     
   5.500000       308000.000000000        396954099.839528     
   6.500000       304000.000000000        381871808.827527     
   7.500000       303000.000000000        368117397.247930     
   8.500000       303000.000000000        356355270.804683     
   9.500000       302000.000000000        346262430.829257     
   10.50000       301000.000000000        337187944.164325     
   11.50000       300000.000000000        328641170.330881     
   12.50000       299000.000000000        320415179.644756     
   13.50000       298000.000000000        312499996.960694     
   14.50000       297000.000000000        304961788.182278     
   15.50000       295000.000000000        297866056.097517     
   16.50000       294000.000000000        291249175.496571     
   17.50000       293000.000000000        285117678.751441     
   18.50000       292000.000000000        279457083.181854     
   19.50000       292000.000000000        274240976.557382     
   20.50000       291000.000000000        269437528.382173     
   21.50000       290000.000000000        265013458.262210     
   22.50000       289000.000000000        260936225.301186     
   23.50000       289000.000000000        257175131.303149     
   24.50000       288000.000000000        253701801.880996     
   25.50000       287000.000000000        250490323.961711     
   26.50000       287000.000000000        247517200.059139     
   27.50000       286000.000000000        244761210.370808     
   28.50000       286000.000000000        242203233.886017     
   29.50000       285000.000000000        239826057.019241     
   30.50000       285000.000000000        237614185.125009     
   31.50000       284000.000000000        235553664.799192     
   32.50000       284000.000000000        233631920.521997     
   33.50000       284000.000000000        231837606.796355     
   34.50000       283000.000000000        230160475.608475     
   35.50000       283000.000000000        228591258.291171     
   36.50000       283000.000000000        227121560.680846     
   37.50000       282000.000000000        225743770.186539     
   38.50000       282000.000000000        224450973.534303     
   39.50000       282000.000000000        223236883.976408     
   40.50000       282000.000000000        222095776.836740     
   41.50000       281000.000000000        221022432.401640     
   42.50000       281000.000000000        220012085.281993     
   43.50000       281000.000000000        219060379.432666     
   44.50000       281000.000000000        218163328.186301     
   45.50000       281000.000000000        217317278.664209     
   46.50000       280000.000000000        216518880.059348     
   47.50000       280000.000000000        215765055.311137     
   48.50000       280000.000000000        215052975.799219     
   49.50000       280000.000000000        214380038.672434     
   50.50000       280000.000000000        213743846.572468     
   51.50000       280000.000000000        213142189.375137     
   52.50000       280000.000000000        212573027.827295     
   53.50000       279000.000000000        212034478.808342     
   54.50000       279000.000000000        211524802.052089     
   55.50000       279000.000000000        211042388.178571     
   56.50000       279000.000000000        210585747.879235     
   57.50000       279000.000000000        210153502.171660     
   58.50000       279000.000000000        209744373.534892     
   59.50000       279000.000000000        209357177.956395     
   60.50000       279000.000000000        208990817.644146     
   61.50000       279000.000000000        208644274.517298     
   62.50000       279000.000000000        208316604.223296     
   63.50000       278000.000000000        208006930.785542     
   64.50000       278000.000000000        207714441.695281     
   65.50000       278000.000000000        207438383.539388     
   66.50000       278000.000000000        207178057.987818     
   67.50000       278000.000000000        206932818.238478     
   68.50000       278000.000000000        206702065.825532     
   69.50000       278000.000000000        206485247.781699     
   70.50000       278000.000000000        206281854.177656     
   71.50000       278000.000000000        206091416.023576     
   72.50000       278000.000000000        205913503.591390     
   73.50000       278000.000000000        205747725.162721     
   74.50000       278000.000000000        205593726.331320     
   75.50000       278000.000000000        205451190.011782     
   76.50000       278000.000000000        205319837.371848     
   77.50000       278000.000000000        205199430.154030     
   78.50000       278000.000000000        205089775.085446     
   79.50000       278000.000000000        204990731.643928     
   80.50000       278000.000000000        204902225.528730     
   81.50000       278000.000000000        204824272.260631     
   82.50000       278000.000000000        204757020.052435     
   83.50000       278000.000000000        204700831.482236     
   84.50000       278000.000000000        204656450.311377     
   85.50000       278000.000000000        204625372.616968     
   86.50000       278000.000000000        204610763.710877     
   87.50000       278000.000000000        204619912.299706     
   88.50000       278000.000000000        204666148.613684     
   89.50000       278000.000000000        204283936.357650     
