  -89.50000       294000.000000000        234480872.890045     
  -88.50000       293000.000000000        234167041.990769     
  -87.50000       293000.000000000        234134563.066387     
  -86.50000       293000.000000000        234142770.592046     
  -85.50000       293000.000000000        234170581.707842     
  -84.50000       293000.000000000        234212749.774104     
  -83.50000       293000.000000000        234267373.348104     
  -82.50000       293000.000000000        234333649.805279     
  -81.50000       294000.000000000        234411236.958665     
  -80.50000       294000.000000000        234500021.730030     
  -79.50000       294000.000000000        234600022.211432     
  -78.50000       294000.000000000        234711341.518554     
  -77.50000       294000.000000000        234834144.361708     
  -76.50000       294000.000000000        234968644.589703     
  -75.50000       294000.000000000        235115098.462669     
  -74.50000       294000.000000000        235273801.119122     
  -73.50000       294000.000000000        235445084.950800     
  -72.50000       294000.000000000        235629319.197364     
  -71.50000       294000.000000000        235826910.362822     
  -70.50000       294000.000000000        236038303.218542     
  -69.50000       294000.000000000        236263982.306850     
  -68.50000       294000.000000000        236504473.818915     
  -67.50000       294000.000000000        236760347.853589     
  -66.50000       294000.000000000        237032220.997653     
  -65.50000       294000.000000000        237320759.271881     
  -64.50000       294000.000000000        237626681.408877     
  -63.50000       294000.000000000        237950762.506343     
  -62.50000       294000.000000000        238293838.069320     
  -61.50000       294000.000000000        238656808.477951     
  -60.50000       295000.000000000        239040643.911049     
  -59.50000       295000.000000000        239446389.772377     
  -58.50000       295000.000000000        239875172.669987     
  -57.50000       295000.000000000        240328207.001762     
  -56.50000       295000.000000000        240806802.211613     
  -55.50000       295000.000000000        241312370.802510     
  -54.50000       295000.000000000        241846437.159726     
  -53.50000       295000.000000000        242410647.306321     
  -52.50000       295000.000000000        243006779.682925     
  -51.50000       296000.000000000        243636757.075144     
  -50.50000       296000.000000000        244302659.823314     
  -49.50000       296000.000000000        245006740.465191     
  -48.50000       296000.000000000        245751440.003250     
  -47.50000       296000.000000000        246539405.967608     
  -46.50000       296000.000000000        247373512.537621     
  -45.50000       297000.000000000        248256882.958631     
  -44.50000       297000.000000000        249192914.554167     
  -43.50000       297000.000000000        250185306.701147     
  -42.50000       297000.000000000        251238092.119636     
  -41.50000       298000.000000000        252355671.963719     
  -40.50000       298000.000000000        253542855.219018     
  -39.50000       298000.000000000        254804902.997817     
  -38.50000       298000.000000000        256147578.439757     
  -37.50000       299000.000000000        257577202.993364     
  -36.50000       299000.000000000        259100719.997023     
  -35.50000       299000.000000000        260725766.606784     
  -34.50000       300000.000000000        262460755.259564     
  -33.50000       300000.000000000        264314966.038738     
  -32.50000       301000.000000000        266298651.460321     
  -31.50000       301000.000000000        268423155.359709     
  -30.50000       301000.000000000        270701047.704235     
  -29.50000       302000.000000000        273146277.168852     
  -28.50000       302000.000000000        275774343.232118     
  -27.50000       303000.000000000        278602489.149886     
  -26.50000       304000.000000000        281649916.173780     
  -25.50000       304000.000000000        284938017.515712     
  -24.50000       305000.000000000        288490626.920310     
  -23.50000       306000.000000000        292334270.062248     
  -22.50000       306000.000000000        296498394.873181     
  -21.50000       307000.000000000        301015534.896885     
  -20.50000       308000.000000000        305921319.477203     
  -19.50000       309000.000000000        311254170.987924     
  -18.50000       310000.000000000        317054398.298680     
  -17.50000       311000.000000000        323362182.957493     
  -16.50000       312000.000000000        330213687.268857     
  -15.50000       313000.000000000        337634424.305910     
  -14.50000       314000.000000000        345629833.657055     
  -13.50000       316000.000000000        354176046.435448     
  -12.50000       317000.000000000        363220242.978640     
  -11.50000       319000.000000000        372707744.996664     
  -10.50000       320000.000000000        382651864.073174     
  -9.500000       321000.000000000        393232901.807222     
  -8.500000       322000.000000000        404841469.578401     
  -7.500000       323000.000000000        417910446.353232     
  -6.500000       325000.000000000        432454612.112831     
  -5.500000       328000.000000000        447585970.495233     
  -4.500000       333000.000000000        461608342.598850     
  -3.500000       338000.000000000        472900372.280254     
  -2.500000       344000.000000000        480790846.962927     
  -1.500000       348000.000000000        485543754.293713     
 -0.5000000       351000.000000000        487723213.226098     
  0.5000000       351000.000000000        487723213.226098     
   1.500000       348000.000000000        485543754.293715     
   2.500000       344000.000000000        480790846.962931     
   3.500000       338000.000000000        472900372.280265     
   4.500000       333000.000000000        461608342.598870     
   5.500000       328000.000000000        447585970.495275     
   6.500000       325000.000000000        432454612.112884     
   7.500000       323000.000000000        417910446.353333     
   8.500000       322000.000000000        404841469.578507     
   9.500000       321000.000000000        393232901.807230     
   10.50000       320000.000000000        382651864.073273     
   11.50000       319000.000000000        372707744.996591     
   12.50000       317000.000000000        363220242.978687     
   13.50000       316000.000000000        354176046.435371     
   14.50000       314000.000000000        345629833.656992     
   15.50000       313000.000000000        337634424.305974     
   16.50000       312000.000000000        330213687.268987     
   17.50000       311000.000000000        323362182.957607     
   18.50000       310000.000000000        317054398.299011     
   19.50000       309000.000000000        311254170.988118     
   20.50000       308000.000000000        305921319.476759     
   21.50000       307000.000000000        301015534.895976     
   22.50000       306000.000000000        296498394.872706     
   23.50000       306000.000000000        292334270.061515     
   24.50000       305000.000000000        288490626.919948     
   25.50000       304000.000000000        284938017.515674     
   26.50000       304000.000000000        281649916.174153     
   27.50000       303000.000000000        278602489.150335     
   28.50000       302000.000000000        275774343.232360     
   29.50000       302000.000000000        273146277.169353     
   30.50000       301000.000000000        270701047.705847     
   31.50000       301000.000000000        268423155.360521     
   32.50000       301000.000000000        266298651.461058     
   33.50000       300000.000000000        264314966.039900     
   34.50000       300000.000000000        262460755.259831     
   35.50000       299000.000000000        260725766.606762     
   36.50000       299000.000000000        259100719.997248     
   37.50000       299000.000000000        257577202.993347     
   38.50000       298000.000000000        256147578.439353     
   39.50000       298000.000000000        254804902.997489     
   40.50000       298000.000000000        253542855.218915     
   41.50000       298000.000000000        252355671.963454     
   42.50000       297000.000000000        251238092.119081     
   43.50000       297000.000000000        250185306.700922     
   44.50000       297000.000000000        249192914.553452     
   45.50000       297000.000000000        248256882.957019     
   46.50000       296000.000000000        247373512.537296     
   47.50000       296000.000000000        246539405.967926     
   48.50000       296000.000000000        245751440.003245     
   49.50000       296000.000000000        245006740.465049     
   50.50000       296000.000000000        244302659.822456     
   51.50000       296000.000000000        243636757.073224     
   52.50000       295000.000000000        243006779.682588     
   53.50000       295000.000000000        242410647.306295     
   54.50000       295000.000000000        241846437.159341     
   55.50000       295000.000000000        241312370.802412     
   56.50000       295000.000000000        240806802.212545     
   57.50000       295000.000000000        240328207.002201     
   58.50000       295000.000000000        239875172.669684     
   59.50000       295000.000000000        239446389.771910     
   60.50000       295000.000000000        239040643.910379     
   61.50000       294000.000000000        238656808.476941     
   62.50000       294000.000000000        238293838.067528     
   63.50000       294000.000000000        237950762.504487     
   64.50000       294000.000000000        237626681.406386     
   65.50000       294000.000000000        237320759.268436     
   66.50000       294000.000000000        237032220.992839     
   67.50000       294000.000000000        236760347.846780     
   68.50000       294000.000000000        236504473.809160     
   69.50000       294000.000000000        236263982.292795     
   70.50000       294000.000000000        236038303.197970     
   71.50000       294000.000000000        235826910.332200     
   72.50000       294000.000000000        235629319.151439     
   73.50000       294000.000000000        235445084.880552     
   74.50000       294000.000000000        235273801.009700     
   75.50000       294000.000000000        235115098.288786     
   76.50000       294000.000000000        234968644.307125     
   77.50000       294000.000000000        234834143.890699     
   78.50000       294000.000000000        234711340.710377     
   79.50000       294000.000000000        234600020.777447     
   80.50000       294000.000000000        234500019.083366     
   81.50000       294000.000000000        234411231.840188     
   82.50000       293000.000000000        234333639.323217     
   83.50000       293000.000000000        234267350.291521     
   84.50000       293000.000000000        234212694.144134     
   85.50000       293000.000000000        234170429.555511     
   86.50000       293000.000000000        234142270.995365     
   87.50000       293000.000000000        234132333.271843     
   88.50000       293000.000000000        234147791.555348     
   89.50000       293000.000000000        233825866.298478     
