  -89.50000       297000.000000000        197596936.818138     
  -88.50000       297000.000000000        197344295.648086     
  -87.50000       297000.000000000        197319074.988081     
  -86.50000       297000.000000000        197327230.302258     
  -85.50000       297000.000000000        197351746.431245     
  -84.50000       297000.000000000        197388386.729237     
  -83.50000       297000.000000000        197435619.162369     
  -82.50000       297000.000000000        197492801.247695     
  -81.50000       297000.000000000        197559663.992692     
  -80.50000       297000.000000000        197636124.886501     
  -79.50000       297000.000000000        197722208.737070     
  -78.50000       297000.000000000        197818010.399640     
  -77.50000       298000.000000000        197923675.884196     
  -76.50000       298000.000000000        198039392.337871     
  -75.50000       298000.000000000        198165382.671569     
  -74.50000       298000.000000000        198301902.773098     
  -73.50000       298000.000000000        198449240.279131     
  -72.50000       298000.000000000        198607714.333791     
  -71.50000       298000.000000000        198777676.028549     
  -70.50000       298000.000000000        198959509.319865     
  -69.50000       298000.000000000        199153632.373034     
  -68.50000       298000.000000000        199360499.210065     
  -67.50000       298000.000000000        199580601.684365     
  -66.50000       298000.000000000        199814471.734815     
  -65.50000       298000.000000000        200062683.943696     
  -64.50000       298000.000000000        200325858.383453     
  -63.50000       298000.000000000        200604663.795115     
  -62.50000       298000.000000000        200899821.090337     
  -61.50000       298000.000000000        201212107.229858     
  -60.50000       298000.000000000        201542359.499969     
  -59.50000       299000.000000000        201891480.217757     
  -58.50000       299000.000000000        202260441.925116     
  -57.50000       299000.000000000        202650293.107083     
  -56.50000       299000.000000000        203062164.495654     
  -55.50000       299000.000000000        203497276.031486     
  -54.50000       299000.000000000        203956944.538970     
  -53.50000       299000.000000000        204442592.208436     
  -52.50000       299000.000000000        204955755.983199     
  -51.50000       300000.000000000        205498097.943012     
  -50.50000       300000.000000000        206071416.818982     
  -49.50000       300000.000000000        206677660.761259     
  -48.50000       300000.000000000        207318941.542491     
  -47.50000       300000.000000000        207997550.334714     
  -46.50000       300000.000000000        208715975.307463     
  -45.50000       301000.000000000        209476921.252187     
  -44.50000       301000.000000000        210283331.508309     
  -43.50000       301000.000000000        211138412.517825     
  -42.50000       301000.000000000        212045661.335922     
  -41.50000       301000.000000000        213008896.532513     
  -40.50000       302000.000000000        214032292.961364     
  -39.50000       302000.000000000        215120420.936736     
  -38.50000       302000.000000000        216278290.483683     
  -37.50000       303000.000000000        217511401.400040     
  -36.50000       303000.000000000        218825800.007781     
  -35.50000       303000.000000000        220228143.616767     
  -34.50000       304000.000000000        221725773.888230     
  -33.50000       304000.000000000        223326800.489188     
  -32.50000       304000.000000000        225040196.638250     
  -31.50000       305000.000000000        226875908.401421     
  -30.50000       305000.000000000        228844979.851301     
  -29.50000       306000.000000000        230959696.460662     
  -28.50000       306000.000000000        233233749.308912     
  -27.50000       307000.000000000        235682422.796462     
  -26.50000       307000.000000000        238322808.341539     
  -25.50000       308000.000000000        241174045.856034     
  -24.50000       309000.000000000        244257593.037155     
  -23.50000       309000.000000000        247597518.824376     
  -22.50000       310000.000000000        251220810.069823     
  -21.50000       311000.000000000        255157666.351282     
  -20.50000       312000.000000000        259441730.996297     
  -19.50000       313000.000000000        264110155.889674     
  -18.50000       314000.000000000        269203305.355198     
  -17.50000       315000.000000000        274763748.493581     
  -16.50000       316000.000000000        280833973.986619     
  -15.50000       317000.000000000        287452118.990646     
  -14.50000       318000.000000000        294645404.823755     
  -13.50000       319000.000000000        302422899.787656     
  -12.50000       321000.000000000        310773693.825887     
  -11.50000       322000.000000000        319682398.867929     
  -10.50000       324000.000000000        329173733.832550     
  -9.500000       325000.000000000        339376732.172059     
  -8.500000       326000.000000000        350546087.287149     
  -7.500000       327000.000000000        362924481.681084     
  -6.500000       329000.000000000        376386718.654597     
  -5.500000       332000.000000000        390077402.118391     
  -4.500000       337000.000000000        402521336.884867     
  -3.500000       342000.000000000        412373089.738886     
  -2.500000       348000.000000000        419143612.938081     
  -1.500000       352000.000000000        423157096.760129     
 -0.5000000       355000.000000000        424974198.357297     
  0.5000000       355000.000000000        424974198.357297     
   1.500000       352000.000000000        423157096.760129     
   2.500000       348000.000000000        419143612.938080     
   3.500000       342000.000000000        412373089.738886     
   4.500000       337000.000000000        402521336.884871     
   5.500000       332000.000000000        390077402.118406     
   6.500000       329000.000000000        376386718.654602     
   7.500000       327000.000000000        362924481.681142     
   8.500000       326000.000000000        350546087.287220     
   9.500000       325000.000000000        339376732.172054     
   10.50000       324000.000000000        329173733.832623     
   11.50000       322000.000000000        319682398.867960     
   12.50000       321000.000000000        310773693.825938     
   13.50000       319000.000000000        302422899.787714     
   14.50000       318000.000000000        294645404.824047     
   15.50000       317000.000000000        287452118.990849     
   16.50000       316000.000000000        280833973.986665     
   17.50000       315000.000000000        274763748.493408     
   18.50000       314000.000000000        269203305.355503     
   19.50000       313000.000000000        264110155.890232     
   20.50000       312000.000000000        259441730.996433     
   21.50000       311000.000000000        255157666.350809     
   22.50000       310000.000000000        251220810.069717     
   23.50000       309000.000000000        247597518.824044     
   24.50000       309000.000000000        244257593.037068     
   25.50000       308000.000000000        241174045.856057     
   26.50000       307000.000000000        238322808.341766     
   27.50000       307000.000000000        235682422.796433     
   28.50000       306000.000000000        233233749.309051     
   29.50000       306000.000000000        230959696.461240     
   30.50000       305000.000000000        228844979.852413     
   31.50000       305000.000000000        226875908.401878     
   32.50000       304000.000000000        225040196.638995     
   33.50000       304000.000000000        223326800.489993     
   34.50000       304000.000000000        221725773.888408     
   35.50000       303000.000000000        220228143.616669     
   36.50000       303000.000000000        218825800.007778     
   37.50000       303000.000000000        217511401.399953     
   38.50000       302000.000000000        216278290.483225     
   39.50000       302000.000000000        215120420.936828     
   40.50000       302000.000000000        214032292.961366     
   41.50000       301000.000000000        213008896.532376     
   42.50000       301000.000000000        212045661.335458     
   43.50000       301000.000000000        211138412.517452     
   44.50000       301000.000000000        210283331.506622     
   45.50000       301000.000000000        209476921.250540     
   46.50000       300000.000000000        208715975.307157     
   47.50000       300000.000000000        207997550.335148     
   48.50000       300000.000000000        207318941.542714     
   49.50000       300000.000000000        206677660.761130     
   50.50000       300000.000000000        206071416.818076     
   51.50000       300000.000000000        205498097.941864     
   52.50000       299000.000000000        204955755.982990     
   53.50000       299000.000000000        204442592.208370     
   54.50000       299000.000000000        203956944.538290     
   55.50000       299000.000000000        203497276.031342     
   56.50000       299000.000000000        203062164.496312     
   57.50000       299000.000000000        202650293.107536     
   58.50000       299000.000000000        202260441.924931     
   59.50000       299000.000000000        201891480.217912     
   60.50000       298000.000000000        201542359.499480     
   61.50000       298000.000000000        201212107.229064     
   62.50000       298000.000000000        200899821.088754     
   63.50000       298000.000000000        200604663.793083     
   64.50000       298000.000000000        200325858.381422     
   65.50000       298000.000000000        200062683.940942     
   66.50000       298000.000000000        199814471.730980     
   67.50000       298000.000000000        199580601.678946     
   68.50000       298000.000000000        199360499.202304     
   69.50000       298000.000000000        199153632.361841     
   70.50000       298000.000000000        198959509.303493     
   71.50000       298000.000000000        198777676.004170     
   72.50000       298000.000000000        198607714.297253     
   73.50000       298000.000000000        198449240.223291     
   74.50000       298000.000000000        198301902.686040     
   75.50000       298000.000000000        198165382.533225     
   76.50000       298000.000000000        198039392.113049     
   77.50000       298000.000000000        197923675.509459     
   78.50000       297000.000000000        197818009.756654     
   79.50000       297000.000000000        197722207.596224     
   80.50000       297000.000000000        197636122.781019     
   81.50000       297000.000000000        197559659.920417     
   82.50000       297000.000000000        197492792.907958     
   83.50000       297000.000000000        197435600.817426     
   84.50000       297000.000000000        197388342.464403     
   85.50000       297000.000000000        197351625.349032     
   86.50000       297000.000000000        197326832.670274     
   87.50000       297000.000000000        197317301.540867     
   88.50000       297000.000000000        197329061.041216     
   89.50000       297000.000000000        197079129.420164     
