  -89.50000       290000.000000000        138163854.850130     
  -88.50000       290000.000000000        137938152.865585     
  -87.50000       290000.000000000        137914613.532927     
  -86.50000       290000.000000000        137918099.530585     
  -85.50000       290000.000000000        137934032.009866     
  -84.50000       290000.000000000        137958857.951852     
  -83.50000       290000.000000000        137991298.264132     
  -82.50000       290000.000000000        138030810.900927     
  -81.50000       290000.000000000        138077159.741213     
  -80.50000       290000.000000000        138130259.524942     
  -79.50000       290000.000000000        138190110.510768     
  -78.50000       290000.000000000        138256767.746288     
  -77.50000       290000.000000000        138330325.478348     
  -76.50000       290000.000000000        138410908.835599     
  -75.50000       290000.000000000        138498669.310435     
  -74.50000       290000.000000000        138593782.348782     
  -73.50000       290000.000000000        138696446.186642     
  -72.50000       290000.000000000        138806881.492308     
  -71.50000       290000.000000000        138925331.527250     
  -70.50000       290000.000000000        139052062.710033     
  -69.50000       290000.000000000        139187365.473462     
  -68.50000       290000.000000000        139331555.366441     
  -67.50000       290000.000000000        139484974.393747     
  -66.50000       290000.000000000        139647992.565855     
  -65.50000       290000.000000000        139821009.641752     
  -64.50000       290000.000000000        140004457.114585     
  -63.50000       291000.000000000        140198800.395251     
  -62.50000       291000.000000000        140404541.243837     
  -61.50000       291000.000000000        140622220.465838     
  -60.50000       291000.000000000        140852420.874248     
  -59.50000       291000.000000000        141095770.551648     
  -58.50000       291000.000000000        141352946.473518     
  -57.50000       291000.000000000        141624678.471123     
  -56.50000       291000.000000000        141911753.614353     
  -55.50000       291000.000000000        142215021.051390     
  -54.50000       291000.000000000        142535397.339318     
  -53.50000       292000.000000000        142873872.354356     
  -52.50000       292000.000000000        143231515.803540     
  -51.50000       292000.000000000        143609484.452123     
  -50.50000       292000.000000000        144009030.128325     
  -49.50000       292000.000000000        144431508.609236     
  -48.50000       292000.000000000        144878389.490796     
  -47.50000       293000.000000000        145351267.173066     
  -46.50000       293000.000000000        145851873.106279     
  -45.50000       293000.000000000        146382089.444082     
  -44.50000       293000.000000000        146943964.327565     
  -43.50000       293000.000000000        147539728.972831     
  -42.50000       294000.000000000        148171816.869044     
  -41.50000       294000.000000000        148842885.325693     
  -40.50000       294000.000000000        149555839.752974     
  -39.50000       294000.000000000        150313861.052063     
  -38.50000       295000.000000000        151120436.590794     
  -37.50000       295000.000000000        151979395.308714     
  -36.50000       295000.000000000        152894947.600520     
  -35.50000       296000.000000000        153871730.734391     
  -34.50000       296000.000000000        154914860.716330     
  -33.50000       296000.000000000        156029991.666539     
  -32.50000       297000.000000000        157223383.974426     
  -31.50000       297000.000000000        158501982.768532     
  -30.50000       298000.000000000        159873508.480597     
  -29.50000       298000.000000000        161346561.642894     
  -28.50000       299000.000000000        162930744.454620     
  -27.50000       299000.000000000        164636802.023045     
  -26.50000       300000.000000000        166476786.638683     
  -25.50000       300000.000000000        168464248.762499     
  -24.50000       301000.000000000        170614458.470152     
  -23.50000       302000.000000000        172944660.623183     
  -22.50000       303000.000000000        175474365.283291     
  -21.50000       303000.000000000        178225670.681659     
  -20.50000       304000.000000000        181223607.054207     
  -19.50000       305000.000000000        184496471.646718     
  -18.50000       306000.000000000        188076091.154855     
  -17.50000       307000.000000000        191997888.323452     
  -16.50000       308000.000000000        196300539.977837     
  -15.50000       309000.000000000        201024927.289631     
  -14.50000       311000.000000000        206212148.857525     
  -13.50000       312000.000000000        211900976.839093     
  -12.50000       313000.000000000        218126774.090195     
  -11.50000       315000.000000000        224926142.388542     
  -10.50000       316000.000000000        232350902.038496     
  -9.500000       318000.000000000        240483682.213284     
  -8.500000       319000.000000000        249420786.991130     
  -7.500000       321000.000000000        259166312.162544     
  -6.500000       324000.000000000        269426978.738689     
  -5.500000       327000.000000000        279454837.977405     
  -4.500000       332000.000000000        288209762.785444     
  -3.500000       338000.000000000        294879806.233398     
  -2.500000       343000.000000000        299299990.000437     
  -1.500000       348000.000000000        301835237.961380     
 -0.5000000       350000.000000000        302953708.669919     
  0.5000000       350000.000000000        302953708.669918     
   1.500000       348000.000000000        301835237.961378     
   2.500000       343000.000000000        299299990.000430     
   3.500000       338000.000000000        294879806.233376     
   4.500000       332000.000000000        288209762.785417     
   5.500000       327000.000000000        279454837.977370     
   6.500000       324000.000000000        269426978.738610     
   7.500000       321000.000000000        259166312.162444     
   8.500000       319000.000000000        249420786.990990     
   9.500000       318000.000000000        240483682.213247     
   10.50000       316000.000000000        232350902.038469     
   11.50000       315000.000000000        224926142.388717     
   12.50000       313000.000000000        218126774.090189     
   13.50000       312000.000000000        211900976.838944     
   14.50000       311000.000000000        206212148.857486     
   15.50000       309000.000000000        201024927.289427     
   16.50000       308000.000000000        196300539.977710     
   17.50000       307000.000000000        191997888.323373     
   18.50000       306000.000000000        188076091.154706     
   19.50000       305000.000000000        184496471.646674     
   20.50000       304000.000000000        181223607.054381     
   21.50000       303000.000000000        178225670.681738     
   22.50000       303000.000000000        175474365.283673     
   23.50000       302000.000000000        172944660.623170     
   24.50000       301000.000000000        170614458.469421     
   25.50000       300000.000000000        168464248.762430     
   26.50000       300000.000000000        166476786.639007     
   27.50000       299000.000000000        164636802.023087     
   28.50000       299000.000000000        162930744.454607     
   29.50000       298000.000000000        161346561.642753     
   30.50000       298000.000000000        159873508.480098     
   31.50000       297000.000000000        158501982.768246     
   32.50000       297000.000000000        157223383.973712     
   33.50000       296000.000000000        156029991.666031     
   34.50000       296000.000000000        154914860.716169     
   35.50000       296000.000000000        153871730.734225     
   36.50000       295000.000000000        152894947.599873     
   37.50000       295000.000000000        151979395.308731     
   38.50000       295000.000000000        151120436.591527     
   39.50000       294000.000000000        150313861.052875     
   40.50000       294000.000000000        149555839.752973     
   41.50000       294000.000000000        148842885.325346     
   42.50000       294000.000000000        148171816.869272     
   43.50000       293000.000000000        147539728.972734     
   44.50000       293000.000000000        146943964.327371     
   45.50000       293000.000000000        146382089.445028     
   46.50000       293000.000000000        145851873.106323     
   47.50000       293000.000000000        145351267.173315     
   48.50000       292000.000000000        144878389.490669     
   49.50000       292000.000000000        144431508.608994     
   50.50000       292000.000000000        144009030.128035     
   51.50000       292000.000000000        143609484.452040     
   52.50000       292000.000000000        143231515.803121     
   53.50000       292000.000000000        142873872.353981     
   54.50000       291000.000000000        142535397.338168     
   55.50000       291000.000000000        142215021.050456     
   56.50000       291000.000000000        141911753.613619     
   57.50000       291000.000000000        141624678.469790     
   58.50000       291000.000000000        141352946.471585     
   59.50000       291000.000000000        141095770.549058     
   60.50000       291000.000000000        140852420.870683     
   61.50000       291000.000000000        140622220.461784     
   62.50000       291000.000000000        140404541.239644     
   63.50000       291000.000000000        140198800.388268     
   64.50000       290000.000000000        140004457.105276     
   65.50000       290000.000000000        139821009.629359     
   66.50000       290000.000000000        139647992.549241     
   67.50000       290000.000000000        139484974.371201     
   68.50000       290000.000000000        139331555.335591     
   69.50000       290000.000000000        139187365.430749     
   70.50000       290000.000000000        139052062.650493     
   71.50000       290000.000000000        138925331.443028     
   72.50000       290000.000000000        138806881.371548     
   73.50000       290000.000000000        138696446.010908     
   74.50000       290000.000000000        138593782.088824     
   75.50000       290000.000000000        138498668.918804     
   76.50000       290000.000000000        138410908.233378     
   77.50000       290000.000000000        138330324.530536     
   78.50000       290000.000000000        138256766.214344     
   79.50000       290000.000000000        138190107.957155     
   80.50000       290000.000000000        138130255.111062     
   81.50000       290000.000000000        138077151.774873     
   82.50000       290000.000000000        138030795.740604     
   83.50000       290000.000000000        137991267.432729     
   84.50000       290000.000000000        137958789.604070     
   85.50000       290000.000000000        137933861.621157     
   86.50000       290000.000000000        137917595.231580     
   87.50000       290000.000000000        137912627.312263     
   88.50000       290000.000000000        137923784.219505     
   89.50000       290000.000000000        137753931.799070     
