  -89.50000       298000.000000000        190827253.025417     
  -88.50000       298000.000000000        190587580.513454     
  -87.50000       298000.000000000        190563691.738110     
  -86.50000       298000.000000000        190571494.943238     
  -85.50000       298000.000000000        190594847.262932     
  -84.50000       298000.000000000        190629728.034084     
  -83.50000       298000.000000000        190674683.317254     
  -82.50000       298000.000000000        190729103.470548     
  -81.50000       298000.000000000        190792733.365577     
  -80.50000       298000.000000000        190865494.897662     
  -79.50000       298000.000000000        190947411.850981     
  -78.50000       298000.000000000        191038574.521592     
  -77.50000       298000.000000000        191139121.784070     
  -76.50000       298000.000000000        191249231.586697     
  -75.50000       298000.000000000        191369115.846651     
  -74.50000       298000.000000000        191499017.812100     
  -73.50000       298000.000000000        191639210.888102     
  -72.50000       298000.000000000        191789998.412300     
  -71.50000       298000.000000000        191951714.069019     
  -70.50000       298000.000000000        192124722.763062     
  -69.50000       298000.000000000        192309421.890897     
  -68.50000       298000.000000000        192506242.906095     
  -67.50000       299000.000000000        192715653.190078     
  -66.50000       299000.000000000        192938158.193908     
  -65.50000       299000.000000000        193174303.858717     
  -64.50000       299000.000000000        193424679.320112     
  -63.50000       299000.000000000        193689919.917932     
  -62.50000       299000.000000000        193970710.519888     
  -61.50000       299000.000000000        194267789.197185     
  -60.50000       299000.000000000        194581951.277000     
  -59.50000       299000.000000000        194914053.805427     
  -58.50000       299000.000000000        195265020.465605     
  -57.50000       299000.000000000        195635847.000075     
  -56.50000       299000.000000000        196027607.181514     
  -55.50000       300000.000000000        196441459.408843     
  -54.50000       300000.000000000        196878653.977523     
  -53.50000       300000.000000000        197340541.113961     
  -52.50000       300000.000000000        197828579.861672     
  -51.50000       300000.000000000        198344347.917924     
  -50.50000       300000.000000000        198889552.532210     
  -49.50000       300000.000000000        199466042.593642     
  -48.50000       301000.000000000        200075822.075270     
  -47.50000       301000.000000000        200721064.962765     
  -46.50000       301000.000000000        201404131.910560     
  -45.50000       301000.000000000        202127588.805844     
  -44.50000       301000.000000000        202894227.517178     
  -43.50000       302000.000000000        203707089.117400     
  -42.50000       302000.000000000        204569489.911951     
  -41.50000       302000.000000000        205485050.665901     
  -40.50000       302000.000000000        206457729.492557     
  -39.50000       303000.000000000        207491858.912349     
  -38.50000       303000.000000000        208592187.716427     
  -37.50000       303000.000000000        209763928.331223     
  -36.50000       303000.000000000        211012810.531172     
  -35.50000       304000.000000000        212345142.468764     
  -34.50000       304000.000000000        213767880.166662     
  -33.50000       305000.000000000        215288706.804891     
  -32.50000       305000.000000000        216916123.365022     
  -31.50000       305000.000000000        218659552.432854     
  -30.50000       306000.000000000        220529457.244551     
  -29.50000       306000.000000000        222537478.344637     
  -28.50000       307000.000000000        224696590.471853     
  -27.50000       307000.000000000        227021282.509983     
  -26.50000       308000.000000000        229527763.253045     
  -25.50000       309000.000000000        232234195.327519     
  -24.50000       309000.000000000        235160958.273236     
  -23.50000       310000.000000000        238330938.836606     
  -22.50000       311000.000000000        241769840.448171     
  -21.50000       312000.000000000        245506491.880887     
  -20.50000       312000.000000000        249573111.975715     
  -19.50000       313000.000000000        254005443.451157     
  -18.50000       314000.000000000        258842588.105562     
  -17.50000       315000.000000000        264126238.002970     
  -16.50000       316000.000000000        269898803.130589     
  -15.50000       318000.000000000        276199794.306872     
  -14.50000       319000.000000000        283060133.878466     
  -13.50000       320000.000000000        290495699.824463     
  -12.50000       322000.000000000        298505278.891738     
  -11.50000       323000.000000000        307083216.680194     
  -10.50000       324000.000000000        316256869.255273     
  -9.500000       326000.000000000        326139972.879678     
  -8.500000       327000.000000000        336945863.144593     
  -7.500000       328000.000000000        348857837.126322     
  -6.500000       330000.000000000        361708162.438028     
  -5.500000       334000.000000000        374662544.378035     
  -4.500000       338000.000000000        386342341.364810     
  -3.500000       344000.000000000        395522540.267510     
  -2.500000       349000.000000000        401789697.070500     
  -1.500000       353000.000000000        405482362.114785     
 -0.5000000       356000.000000000        407146209.851711     
  0.5000000       356000.000000000        407146209.851712     
   1.500000       353000.000000000        405482362.114786     
   2.500000       349000.000000000        401789697.070501     
   3.500000       344000.000000000        395522540.267513     
   4.500000       338000.000000000        386342341.364817     
   5.500000       334000.000000000        374662544.378045     
   6.500000       330000.000000000        361708162.438049     
   7.500000       328000.000000000        348857837.126376     
   8.500000       327000.000000000        336945863.144660     
   9.500000       326000.000000000        326139972.879679     
   10.50000       324000.000000000        316256869.255338     
   11.50000       323000.000000000        307083216.680138     
   12.50000       322000.000000000        298505278.891832     
   13.50000       320000.000000000        290495699.824556     
   14.50000       319000.000000000        283060133.878800     
   15.50000       318000.000000000        276199794.307135     
   16.50000       316000.000000000        269898803.130817     
   17.50000       315000.000000000        264126238.003088     
   18.50000       314000.000000000        258842588.105948     
   19.50000       313000.000000000        254005443.451838     
   20.50000       312000.000000000        249573111.975937     
   21.50000       312000.000000000        245506491.880768     
   22.50000       311000.000000000        241769840.448092     
   23.50000       310000.000000000        238330938.836400     
   24.50000       309000.000000000        235160958.272871     
   25.50000       309000.000000000        232234195.327463     
   26.50000       308000.000000000        229527763.253251     
   27.50000       307000.000000000        227021282.510056     
   28.50000       307000.000000000        224696590.471957     
   29.50000       306000.000000000        222537478.344988     
   30.50000       306000.000000000        220529457.245711     
   31.50000       305000.000000000        218659552.433296     
   32.50000       305000.000000000        216916123.365329     
   33.50000       305000.000000000        215288706.805062     
   34.50000       304000.000000000        213767880.166830     
   35.50000       304000.000000000        212345142.469218     
   36.50000       303000.000000000        211012810.531617     
   37.50000       303000.000000000        209763928.331260     
   38.50000       303000.000000000        208592187.716004     
   39.50000       303000.000000000        207491858.911935     
   40.50000       302000.000000000        206457729.492498     
   41.50000       302000.000000000        205485050.665933     
   42.50000       302000.000000000        204569489.911633     
   43.50000       302000.000000000        203707089.117125     
   44.50000       301000.000000000        202894227.515953     
   45.50000       301000.000000000        202127588.804851     
   46.50000       301000.000000000        201404131.910409     
   47.50000       301000.000000000        200721064.963361     
   48.50000       301000.000000000        200075822.075269     
   49.50000       300000.000000000        199466042.593490     
   50.50000       300000.000000000        198889552.531285     
   51.50000       300000.000000000        198344347.917001     
   52.50000       300000.000000000        197828579.861481     
   53.50000       300000.000000000        197340541.113882     
   54.50000       300000.000000000        196878653.977552     
   55.50000       300000.000000000        196441459.408740     
   56.50000       299000.000000000        196027607.181680     
   57.50000       299000.000000000        195635847.000621     
   58.50000       299000.000000000        195265020.465398     
   59.50000       299000.000000000        194914053.805214     
   60.50000       299000.000000000        194581951.276500     
   61.50000       299000.000000000        194267789.196419     
   62.50000       299000.000000000        193970710.518457     
   63.50000       299000.000000000        193689919.916528     
   64.50000       299000.000000000        193424679.318235     
   65.50000       299000.000000000        193174303.856123     
   66.50000       299000.000000000        192938158.190281     
   67.50000       299000.000000000        192715653.184955     
   68.50000       298000.000000000        192506242.898782     
   69.50000       298000.000000000        192309421.880326     
   70.50000       298000.000000000        192124722.747573     
   71.50000       298000.000000000        191951714.045912     
   72.50000       298000.000000000        191789998.377752     
   73.50000       298000.000000000        191639210.835690     
   74.50000       298000.000000000        191499017.729766     
   75.50000       298000.000000000        191369115.715780     
   76.50000       298000.000000000        191249231.374013     
   77.50000       298000.000000000        191139121.429560     
   78.50000       298000.000000000        191038573.913309     
   79.50000       298000.000000000        190947410.771703     
   80.50000       298000.000000000        190865492.905543     
   81.50000       298000.000000000        190792729.512996     
   82.50000       298000.000000000        190729095.580672     
   83.50000       298000.000000000        190674665.961665     
   84.50000       298000.000000000        190629686.155714     
   85.50000       298000.000000000        190594732.705291     
   86.50000       298000.000000000        190571118.727798     
   87.50000       298000.000000000        190562014.161864     
   88.50000       298000.000000000        190573188.536740     
   89.50000       298000.000000000        190337974.725398     
