  -89.50000       297000.000000000        196059438.111499     
  -88.50000       297000.000000000        195812587.176608     
  -87.50000       297000.000000000        195787762.907380     
  -86.50000       297000.000000000        195795432.981594     
  -85.50000       297000.000000000        195818981.947477     
  -84.50000       297000.000000000        195854271.397176     
  -83.50000       297000.000000000        195899803.942044     
  -82.50000       297000.000000000        195954950.680602     
  -81.50000       297000.000000000        196019447.207601     
  -80.50000       297000.000000000        196093210.967353     
  -79.50000       297000.000000000        196176263.936064     
  -78.50000       297000.000000000        196268696.209949     
  -77.50000       297000.000000000        196370647.539310     
  -76.50000       297000.000000000        196482297.533323     
  -75.50000       297000.000000000        196603860.389431     
  -74.50000       297000.000000000        196735582.160042     
  -73.50000       298000.000000000        196877739.527814     
  -72.50000       298000.000000000        197030639.545718     
  -71.50000       298000.000000000        197194620.041540     
  -70.50000       298000.000000000        197370050.487207     
  -69.50000       298000.000000000        197557333.272275     
  -68.50000       298000.000000000        197756905.284531     
  -67.50000       298000.000000000        197969239.793802     
  -66.50000       298000.000000000        198194848.611800     
  -65.50000       298000.000000000        198434284.539896     
  -64.50000       298000.000000000        198688144.097017     
  -63.50000       298000.000000000        198957070.559832     
  -62.50000       298000.000000000        199241757.320884     
  -61.50000       298000.000000000        199542951.599210     
  -60.50000       298000.000000000        199861458.535040     
  -59.50000       298000.000000000        200198145.695071     
  -58.50000       299000.000000000        200553948.041397     
  -57.50000       299000.000000000        200929873.402079     
  -56.50000       299000.000000000        201327008.502918     
  -55.50000       299000.000000000        201746525.622381     
  -54.50000       299000.000000000        202189689.931266     
  -53.50000       299000.000000000        202657867.597527     
  -52.50000       299000.000000000        203152534.751717     
  -51.50000       299000.000000000        203675287.410863     
  -50.50000       300000.000000000        204227852.465585     
  -49.50000       300000.000000000        204812099.869226     
  -48.50000       300000.000000000        205430056.187685     
  -47.50000       300000.000000000        206083919.646140     
  -46.50000       300000.000000000        206776076.907045     
  -45.50000       300000.000000000        207509121.769471     
  -44.50000       301000.000000000        208285876.056438     
  -43.50000       301000.000000000        209109412.995813     
  -42.50000       301000.000000000        209983083.403681     
  -41.50000       301000.000000000        210910545.085190     
  -40.50000       302000.000000000        211895795.900712     
  -39.50000       302000.000000000        212943211.006993     
  -38.50000       302000.000000000        214057584.909504     
  -37.50000       302000.000000000        215244179.013879     
  -36.50000       303000.000000000        216508775.520115     
  -35.50000       303000.000000000        217857738.615618     
  -34.50000       303000.000000000        219298084.108900     
  -33.50000       304000.000000000        220837558.807520     
  -32.50000       304000.000000000        222484731.184446     
  -31.50000       305000.000000000        224249095.091966     
  -30.50000       305000.000000000        226141188.560542     
  -29.50000       306000.000000000        228172729.968410     
  -28.50000       306000.000000000        230356774.094250     
  -27.50000       307000.000000000        232707890.717811     
  -26.50000       307000.000000000        235242368.296499     
  -25.50000       308000.000000000        237978444.699713     
  -24.50000       309000.000000000        240936565.494539     
  -23.50000       309000.000000000        244139667.052841     
  -22.50000       310000.000000000        247613475.270121     
  -21.50000       311000.000000000        251386798.058181     
  -20.50000       312000.000000000        255491765.602577     
  -19.50000       313000.000000000        259963926.743112     
  -18.50000       314000.000000000        264842026.286384     
  -17.50000       315000.000000000        270167146.341772     
  -16.50000       316000.000000000        275980697.342850     
  -15.50000       317000.000000000        282320607.702125     
  -14.50000       318000.000000000        289215405.957111     
  -13.50000       320000.000000000        296677604.083376     
  -12.50000       321000.000000000        304701795.468808     
  -11.50000       322000.000000000        313278104.085342     
  -10.50000       324000.000000000        322431323.161712     
  -9.500000       325000.000000000        332276500.153947     
  -8.500000       326000.000000000        343033496.000820     
  -7.500000       328000.000000000        354895836.349072     
  -6.500000       330000.000000000        367705090.003806     
  -5.500000       333000.000000000        380631208.255566     
  -4.500000       338000.000000000        392295329.104257     
  -3.500000       343000.000000000        401470837.290781     
  -2.500000       349000.000000000        407741457.096052     
  -1.500000       353000.000000000        411440758.560330     
 -0.5000000       356000.000000000        413109352.978098     
  0.5000000       356000.000000000        413109352.978098     
   1.500000       353000.000000000        411440758.560332     
   2.500000       349000.000000000        407741457.096060     
   3.500000       343000.000000000        401470837.290800     
   4.500000       338000.000000000        392295329.104297     
   5.500000       333000.000000000        380631208.255638     
   6.500000       330000.000000000        367705090.003933     
   7.500000       328000.000000000        354895836.349296     
   8.500000       326000.000000000        343033496.001075     
   9.500000       325000.000000000        332276500.154096     
   10.50000       324000.000000000        322431323.161955     
   11.50000       322000.000000000        313278104.085407     
   12.50000       321000.000000000        304701795.468943     
   13.50000       320000.000000000        296677604.083402     
   14.50000       318000.000000000        289215405.957339     
   15.50000       317000.000000000        282320607.702406     
   16.50000       316000.000000000        275980697.342960     
   17.50000       315000.000000000        270167146.341803     
   18.50000       314000.000000000        264842026.286658     
   19.50000       313000.000000000        259963926.743694     
   20.50000       312000.000000000        255491765.602673     
   21.50000       311000.000000000        251386798.057594     
   22.50000       310000.000000000        247613475.269701     
   23.50000       309000.000000000        244139667.052722     
   24.50000       309000.000000000        240936565.494492     
   25.50000       308000.000000000        237978444.699703     
   26.50000       307000.000000000        235242368.296550     
   27.50000       307000.000000000        232707890.717576     
   28.50000       306000.000000000        230356774.094213     
   29.50000       306000.000000000        228172729.968570     
   30.50000       305000.000000000        226141188.561464     
   31.50000       305000.000000000        224249095.092400     
   32.50000       304000.000000000        222484731.185270     
   33.50000       304000.000000000        220837558.807558     
   34.50000       303000.000000000        219298084.108785     
   35.50000       303000.000000000        217857738.615784     
   36.50000       303000.000000000        216508775.520129     
   37.50000       302000.000000000        215244179.013979     
   38.50000       302000.000000000        214057584.908930     
   39.50000       302000.000000000        212943211.006490     
   40.50000       302000.000000000        211895795.900290     
   41.50000       301000.000000000        210910545.085262     
   42.50000       301000.000000000        209983083.403266     
   43.50000       301000.000000000        209109412.995555     
   44.50000       301000.000000000        208285876.055370     
   45.50000       300000.000000000        207509121.768226     
   46.50000       300000.000000000        206776076.906984     
   47.50000       300000.000000000        206083919.646888     
   48.50000       300000.000000000        205430056.187498     
   49.50000       300000.000000000        204812099.868992     
   50.50000       300000.000000000        204227852.464286     
   51.50000       299000.000000000        203675287.409496     
   52.50000       299000.000000000        203152534.751479     
   53.50000       299000.000000000        202657867.597616     
   54.50000       299000.000000000        202189689.931670     
   55.50000       299000.000000000        201746525.622366     
   56.50000       299000.000000000        201327008.503496     
   57.50000       299000.000000000        200929873.402681     
   58.50000       299000.000000000        200553948.041178     
   59.50000       298000.000000000        200198145.695170     
   60.50000       298000.000000000        199861458.534509     
   61.50000       298000.000000000        199542951.598424     
   62.50000       298000.000000000        199241757.319380     
   63.50000       298000.000000000        198957070.558387     
   64.50000       298000.000000000        198688144.095082     
   65.50000       298000.000000000        198434284.537222     
   66.50000       298000.000000000        198194848.608059     
   67.50000       298000.000000000        197969239.788512     
   68.50000       298000.000000000        197756905.276936     
   69.50000       298000.000000000        197557333.261359     
   70.50000       298000.000000000        197370050.471228     
   71.50000       298000.000000000        197194620.017742     
   72.50000       298000.000000000        197030639.510048     
   73.50000       298000.000000000        196877739.473256     
   74.50000       297000.000000000        196735582.075051     
   75.50000       297000.000000000        196603860.254373     
   76.50000       297000.000000000        196482297.313838     
   77.50000       297000.000000000        196370647.173465     
   78.50000       297000.000000000        196268695.582219     
   79.50000       297000.000000000        196176262.822306     
   80.50000       297000.000000000        196093208.911597     
   81.50000       297000.000000000        196019443.231813     
   82.50000       297000.000000000        195954942.538398     
   83.50000       297000.000000000        195899786.031440     
   84.50000       297000.000000000        195854228.179833     
   85.50000       297000.000000000        195818863.728669     
   86.50000       297000.000000000        195795044.749425     
   87.50000       297000.000000000        195786031.618183     
   88.50000       297000.000000000        195797725.477927     
   89.50000       297000.000000000        195553969.347345     
