  -89.50000       296000.000000000        220922236.358745     
  -88.50000       296000.000000000        220633536.318655     
  -87.50000       296000.000000000        220604201.309491     
  -86.50000       296000.000000000        220612582.641854     
  -85.50000       296000.000000000        220639276.553109     
  -84.50000       296000.000000000        220679458.184334     
  -83.50000       296000.000000000        220731381.369462     
  -82.50000       296000.000000000        220794311.406042     
  -81.50000       296000.000000000        220867937.742285     
  -80.50000       296000.000000000        220952161.206143     
  -79.50000       296000.000000000        221047003.933321     
  -78.50000       296000.000000000        221152566.944066     
  -77.50000       296000.000000000        221269008.633261     
  -76.50000       296000.000000000        221396533.331757     
  -75.50000       296000.000000000        221535385.163889     
  -74.50000       297000.000000000        221685844.833088     
  -73.50000       297000.000000000        221848228.165069     
  -72.50000       297000.000000000        222022885.795524     
  -71.50000       297000.000000000        222210203.583196     
  -70.50000       297000.000000000        222410603.614066     
  -69.50000       297000.000000000        222624545.630662     
  -68.50000       297000.000000000        222852528.834956     
  -67.50000       297000.000000000        223095094.039566     
  -66.50000       297000.000000000        223352826.125207     
  -65.50000       297000.000000000        223626356.853588     
  -64.50000       297000.000000000        223916367.961815     
  -63.50000       297000.000000000        224223594.645649     
  -62.50000       297000.000000000        224548829.402667     
  -61.50000       297000.000000000        224892926.271956     
  -60.50000       297000.000000000        225256805.507421     
  -59.50000       297000.000000000        225641458.730104     
  -58.50000       298000.000000000        226047954.614689     
  -57.50000       298000.000000000        226477445.139150     
  -56.50000       298000.000000000        226931172.476617     
  -55.50000       298000.000000000        227410476.606566     
  -54.50000       298000.000000000        227916803.696694     
  -53.50000       298000.000000000        228451715.372347     
  -52.50000       298000.000000000        229016898.954234     
  -51.50000       298000.000000000        229614178.801497     
  -50.50000       299000.000000000        230245528.855695     
  -49.50000       299000.000000000        230913086.571182     
  -48.50000       299000.000000000        231619168.367565     
  -47.50000       299000.000000000        232366286.821851     
  -46.50000       299000.000000000        233157169.796269     
  -45.50000       299000.000000000        233994781.766920     
  -44.50000       300000.000000000        234882347.640085     
  -43.50000       300000.000000000        235823379.364977     
  -42.50000       300000.000000000        236821705.744693     
  -41.50000       300000.000000000        237881505.871496     
  -40.50000       301000.000000000        239007346.675489     
  -39.50000       301000.000000000        240204225.179965     
  -38.50000       301000.000000000        241477616.121962     
  -37.50000       301000.000000000        242833525.701350     
  -36.50000       302000.000000000        244278552.378374     
  -35.50000       302000.000000000        245819955.685220     
  -34.50000       302000.000000000        247465734.290693     
  -33.50000       303000.000000000        249224714.621714     
  -32.50000       303000.000000000        251106651.572724     
  -31.50000       304000.000000000        253122343.018102     
  -30.50000       304000.000000000        255283759.989483     
  -29.50000       305000.000000000        257604194.459705     
  -28.50000       305000.000000000        260098426.707250     
  -27.50000       306000.000000000        262782913.918127     
  -26.50000       306000.000000000        265676000.944011     
  -25.50000       307000.000000000        268798152.594751     
  -24.50000       308000.000000000        272172203.714269     
  -23.50000       308000.000000000        275823617.512703     
  -22.50000       309000.000000000        279780731.897490     
  -21.50000       310000.000000000        284074953.900014     
  -20.50000       311000.000000000        288740826.172821     
  -19.50000       312000.000000000        293815823.452129     
  -18.50000       312000.000000000        299339619.227380     
  -17.50000       313000.000000000        305352370.807045     
  -16.50000       315000.000000000        311891324.329170     
  -15.50000       316000.000000000        318984936.948046     
  -14.50000       317000.000000000        326644377.248409     
  -13.50000       318000.000000000        334854910.725594     
  -12.50000       320000.000000000        343575414.578377     
  -11.50000       321000.000000000        352761403.911841     
  -10.50000       322000.000000000        362426419.219207     
  -9.500000       323000.000000000        372730411.596222     
  -8.500000       324000.000000000        384019097.110141     
  -7.500000       325000.000000000        396671815.307004     
  -6.500000       327000.000000000        410679620.574819     
  -5.500000       330000.000000000        425194717.911614     
  -4.500000       335000.000000000        438613164.363684     
  -3.500000       340000.000000000        449401449.385852     
  -2.500000       346000.000000000        456928438.778530     
  -1.500000       350000.000000000        461455480.733775     
 -0.5000000       353000.000000000        463528861.835172     
  0.5000000       353000.000000000        463528861.835171     
   1.500000       350000.000000000        461455480.733772     
   2.500000       346000.000000000        456928438.778527     
   3.500000       340000.000000000        449401449.385851     
   4.500000       335000.000000000        438613164.363696     
   5.500000       330000.000000000        425194717.911634     
   6.500000       327000.000000000        410679620.574901     
   7.500000       325000.000000000        396671815.307154     
   8.500000       324000.000000000        384019097.110430     
   9.500000       323000.000000000        372730411.596592     
   10.50000       322000.000000000        362426419.219733     
   11.50000       321000.000000000        352761403.912511     
   12.50000       320000.000000000        343575414.579112     
   13.50000       318000.000000000        334854910.726196     
   14.50000       317000.000000000        326644377.248899     
   15.50000       316000.000000000        318984936.948543     
   16.50000       315000.000000000        311891324.329619     
   17.50000       313000.000000000        305352370.807148     
   18.50000       312000.000000000        299339619.227369     
   19.50000       312000.000000000        293815823.451960     
   20.50000       311000.000000000        288740826.172525     
   21.50000       310000.000000000        284074953.900091     
   22.50000       309000.000000000        279780731.897555     
   23.50000       308000.000000000        275823617.512709     
   24.50000       308000.000000000        272172203.714506     
   25.50000       307000.000000000        268798152.594911     
   26.50000       306000.000000000        265676000.944222     
   27.50000       306000.000000000        262782913.917979     
   28.50000       305000.000000000        260098426.706997     
   29.50000       305000.000000000        257604194.458973     
   30.50000       304000.000000000        255283759.989620     
   31.50000       304000.000000000        253122343.018090     
   32.50000       303000.000000000        251106651.572657     
   33.50000       303000.000000000        249224714.622094     
   34.50000       302000.000000000        247465734.290633     
   35.50000       302000.000000000        245819955.684660     
   36.50000       302000.000000000        244278552.377659     
   37.50000       301000.000000000        242833525.700531     
   38.50000       301000.000000000        241477616.120716     
   39.50000       301000.000000000        240204225.181175     
   40.50000       301000.000000000        239007346.675892     
   41.50000       300000.000000000        237881505.872166     
   42.50000       300000.000000000        236821705.744655     
   43.50000       300000.000000000        235823379.364964     
   44.50000       300000.000000000        234882347.640018     
   45.50000       299000.000000000        233994781.767100     
   46.50000       299000.000000000        233157169.796322     
   47.50000       299000.000000000        232366286.822028     
   48.50000       299000.000000000        231619168.367135     
   49.50000       299000.000000000        230913086.571061     
   50.50000       299000.000000000        230245528.855358     
   51.50000       298000.000000000        229614178.801067     
   52.50000       298000.000000000        229016898.953965     
   53.50000       298000.000000000        228451715.371344     
   54.50000       298000.000000000        227916803.696858     
   55.50000       298000.000000000        227410476.606350     
   56.50000       298000.000000000        226931172.475826     
   57.50000       298000.000000000        226477445.137642     
   58.50000       298000.000000000        226047954.614100     
   59.50000       297000.000000000        225641458.729033     
   60.50000       297000.000000000        225256805.506441     
   61.50000       297000.000000000        224892926.271032     
   62.50000       297000.000000000        224548829.401938     
   63.50000       297000.000000000        224223594.643994     
   64.50000       297000.000000000        223916367.959467     
   65.50000       297000.000000000        223626356.850326     
   66.50000       297000.000000000        223352826.120644     
   67.50000       297000.000000000        223095094.033124     
   68.50000       297000.000000000        222852528.825805     
   69.50000       297000.000000000        222624545.617610     
   70.50000       297000.000000000        222410603.594665     
   71.50000       297000.000000000        222210203.554083     
   72.50000       297000.000000000        222022885.752309     
   73.50000       297000.000000000        221848228.099075     
   74.50000       297000.000000000        221685844.730434     
   75.50000       296000.000000000        221535385.000999     
   76.50000       296000.000000000        221396533.067434     
   77.50000       296000.000000000        221269008.193350     
   78.50000       296000.000000000        221152566.190466     
   79.50000       296000.000000000        221047002.598854     
   80.50000       296000.000000000        220952158.746849     
   81.50000       296000.000000000        220867932.994319     
   82.50000       296000.000000000        220794301.701609     
   83.50000       296000.000000000        220731360.067786     
   84.50000       296000.000000000        220679406.904353     
   85.50000       296000.000000000        220639136.645541     
   86.50000       296000.000000000        220612124.532718     
   87.50000       296000.000000000        220602163.901693     
   88.50000       296000.000000000        220616059.210577     
   89.50000       296000.000000000        220333539.485990     
