  -89.50000       294000.000000000        226330587.614866     
  -88.50000       294000.000000000        226028891.717914     
  -87.50000       294000.000000000        225998003.278285     
  -86.50000       294000.000000000        226006449.835485     
  -85.50000       294000.000000000        226033947.736999     
  -84.50000       294000.000000000        226075449.270404     
  -83.50000       294000.000000000        226129126.410521     
  -82.50000       294000.000000000        226194209.103573     
  -81.50000       294000.000000000        226270370.886984     
  -80.50000       294000.000000000        226357506.257798     
  -79.50000       294000.000000000        226455636.429936     
  -78.50000       295000.000000000        226564864.933888     
  -77.50000       295000.000000000        226685355.087300     
  -76.50000       295000.000000000        226817318.030212     
  -75.50000       295000.000000000        226961006.272951     
  -74.50000       295000.000000000        227116710.327871     
  -73.50000       295000.000000000        227284757.176597     
  -72.50000       295000.000000000        227465509.913236     
  -71.50000       295000.000000000        227659368.186356     
  -70.50000       295000.000000000        227866769.207565     
  -69.50000       295000.000000000        228088189.246583     
  -68.50000       295000.000000000        228324145.493142     
  -67.50000       295000.000000000        228575198.285958     
  -66.50000       295000.000000000        228841953.665021     
  -65.50000       295000.000000000        229125066.279748     
  -64.50000       295000.000000000        229425242.612234     
  -63.50000       295000.000000000        229743244.595590     
  -62.50000       295000.000000000        230079893.589710     
  -61.50000       295000.000000000        230436074.788051     
  -60.50000       296000.000000000        230812742.080232     
  -59.50000       296000.000000000        231210923.399364     
  -58.50000       296000.000000000        231631726.621077     
  -57.50000       296000.000000000        232076346.061339     
  -56.50000       296000.000000000        232546069.644634     
  -55.50000       296000.000000000        233042286.801345     
  -54.50000       296000.000000000        233566497.189057     
  -53.50000       296000.000000000        234120320.321028     
  -52.50000       296000.000000000        234705506.219988     
  -51.50000       297000.000000000        235323947.197872     
  -50.50000       297000.000000000        235977690.917567     
  -49.50000       297000.000000000        236668954.863688     
  -48.50000       297000.000000000        237400142.440379     
  -47.50000       297000.000000000        238173860.837379     
  -46.50000       297000.000000000        238992940.949712     
  -45.50000       298000.000000000        239860459.573400     
  -44.50000       298000.000000000        240779764.189295     
  -43.50000       298000.000000000        241754500.685791     
  -42.50000       298000.000000000        242788644.399908     
  -41.50000       298000.000000000        243886534.930658     
  -40.50000       299000.000000000        245052915.265616     
  -39.50000       299000.000000000        246292975.797569     
  -38.50000       299000.000000000        247612403.946489     
  -37.50000       300000.000000000        249017440.184812     
  -36.50000       300000.000000000        250514941.387478     
  -35.50000       300000.000000000        252112452.572546     
  -34.50000       301000.000000000        253818288.269493     
  -33.50000       301000.000000000        255641624.897114     
  -32.50000       301000.000000000        257592605.745776     
  -31.50000       302000.000000000        259682460.321788     
  -30.50000       302000.000000000        261923639.987370     
  -29.50000       303000.000000000        264329971.907735     
  -28.50000       303000.000000000        266916833.289588     
  -27.50000       304000.000000000        269701347.594096     
  -26.50000       304000.000000000        272702603.573709     
  -25.50000       305000.000000000        275941896.320086     
  -24.50000       306000.000000000        279442986.171570     
  -23.50000       306000.000000000        283232365.173765     
  -22.50000       307000.000000000        287339509.378136     
  -21.50000       308000.000000000        291797074.387540     
  -20.50000       309000.000000000        296640953.125562     
  -19.50000       310000.000000000        301910044.248780     
  -18.50000       311000.000000000        307645453.497896     
  -17.50000       312000.000000000        313888643.927583     
  -16.50000       313000.000000000        320677786.774437     
  -15.50000       314000.000000000        328041459.271393     
  -14.50000       315000.000000000        335989570.205618     
  -13.50000       317000.000000000        344504273.251974     
  -12.50000       318000.000000000        353539809.807507     
  -11.50000       319000.000000000        363047809.117219     
  -10.50000       321000.000000000        373043765.581746     
  -9.500000       322000.000000000        383702012.724963     
  -8.500000       323000.000000000        395397309.860735     
  -7.500000       324000.000000000        408541207.802022     
  -6.500000       325000.000000000        423132184.745767     
  -5.500000       328000.000000000        438279340.109338     
  -4.500000       333000.000000000        452294161.851001     
  -3.500000       339000.000000000        463564450.921199     
  -2.500000       344000.000000000        471426964.664831     
  -1.500000       349000.000000000        476154513.069033     
 -0.5000000       351000.000000000        478319144.270968     
  0.5000000       351000.000000000        478319144.270969     
   1.500000       349000.000000000        476154513.069035     
   2.500000       344000.000000000        471426964.664838     
   3.500000       339000.000000000        463564450.921216     
   4.500000       333000.000000000        452294161.851027     
   5.500000       328000.000000000        438279340.109391     
   6.500000       325000.000000000        423132184.745833     
   7.500000       324000.000000000        408541207.802123     
   8.500000       323000.000000000        395397309.860799     
   9.500000       322000.000000000        383702012.724920     
   10.50000       321000.000000000        373043765.581732     
   11.50000       319000.000000000        363047809.117046     
   12.50000       318000.000000000        353539809.807389     
   13.50000       317000.000000000        344504273.252030     
   14.50000       315000.000000000        335989570.205938     
   15.50000       314000.000000000        328041459.271777     
   16.50000       313000.000000000        320677786.774689     
   17.50000       312000.000000000        313888643.927419     
   18.50000       311000.000000000        307645453.497984     
   19.50000       310000.000000000        301910044.249215     
   20.50000       309000.000000000        296640953.125591     
   21.50000       308000.000000000        291797074.387004     
   22.50000       307000.000000000        287339509.377939     
   23.50000       306000.000000000        283232365.173383     
   24.50000       306000.000000000        279442986.171043     
   25.50000       305000.000000000        275941896.320056     
   26.50000       304000.000000000        272702603.574215     
   27.50000       304000.000000000        269701347.594087     
   28.50000       303000.000000000        266916833.289701     
   29.50000       303000.000000000        264329971.908155     
   30.50000       302000.000000000        261923639.988408     
   31.50000       302000.000000000        259682460.322151     
   32.50000       301000.000000000        257592605.746148     
   33.50000       301000.000000000        255641624.897424     
   34.50000       301000.000000000        253818288.269520     
   35.50000       300000.000000000        252112452.572217     
   36.50000       300000.000000000        250514941.386999     
   37.50000       300000.000000000        249017440.184596     
   38.50000       299000.000000000        247612403.945809     
   39.50000       299000.000000000        246292975.796800     
   40.50000       299000.000000000        245052915.265411     
   41.50000       298000.000000000        243886534.930302     
   42.50000       298000.000000000        242788644.399120     
   43.50000       298000.000000000        241754500.685303     
   44.50000       298000.000000000        240779764.187454     
   45.50000       298000.000000000        239860459.571965     
   46.50000       297000.000000000        238992940.949440     
   47.50000       297000.000000000        238173860.837955     
   48.50000       297000.000000000        237400142.440533     
   49.50000       297000.000000000        236668954.863491     
   50.50000       297000.000000000        235977690.916349     
   51.50000       297000.000000000        235323947.196506     
   52.50000       296000.000000000        234705506.219808     
   53.50000       296000.000000000        234120320.321665     
   54.50000       296000.000000000        233566497.188892     
   55.50000       296000.000000000        233042286.801288     
   56.50000       296000.000000000        232546069.645775     
   57.50000       296000.000000000        232076346.062750     
   58.50000       296000.000000000        231631726.620941     
   59.50000       296000.000000000        231210923.399290     
   60.50000       296000.000000000        230812742.079613     
   61.50000       295000.000000000        230436074.787063     
   62.50000       295000.000000000        230079893.587659     
   63.50000       295000.000000000        229743244.593788     
   64.50000       295000.000000000        229425242.609841     
   65.50000       295000.000000000        229125066.276444     
   66.50000       295000.000000000        228841953.660407     
   67.50000       295000.000000000        228575198.279421     
   68.50000       295000.000000000        228324145.483683     
   69.50000       295000.000000000        228088189.233063     
   70.50000       295000.000000000        227866769.187825     
   71.50000       295000.000000000        227659368.156962     
   72.50000       295000.000000000        227465509.869183     
   73.50000       295000.000000000        227284757.109297     
   74.50000       295000.000000000        227116710.222912     
   75.50000       295000.000000000        226961006.106155     
   76.50000       295000.000000000        226817317.759151     
   77.50000       295000.000000000        226685354.635490     
   78.50000       295000.000000000        226564864.158657     
   79.50000       294000.000000000        226455635.054425     
   80.50000       294000.000000000        226357503.719311     
   81.50000       294000.000000000        226270365.977242     
   82.50000       294000.000000000        226194199.048943     
   83.50000       294000.000000000        226129104.294033     
   84.50000       294000.000000000        226075395.908115     
   85.50000       294000.000000000        226033801.783913     
   86.50000       294000.000000000        226005970.580465     
   87.50000       294000.000000000        225995864.494333     
   88.50000       294000.000000000        226010442.241887     
   89.50000       294000.000000000        225703146.870994     
