  -89.50000       329000.000000000        235592234.590095     
  -88.50000       329000.000000000        235514765.276208     
  -87.50000       329000.000000000        235516986.684062     
  -86.50000       329000.000000000        235538094.141498     
  -85.50000       329000.000000000        235571775.449445     
  -84.50000       329000.000000000        235616404.097537     
  -83.50000       329000.000000000        235671423.992785     
  -82.50000       329000.000000000        235736648.191918     
  -81.50000       329000.000000000        235812054.073704     
  -80.50000       329000.000000000        235897708.386118     
  -79.50000       329000.000000000        235993735.571656     
  -78.50000       330000.000000000        236100303.074232     
  -77.50000       330000.000000000        236217614.185207     
  -76.50000       330000.000000000        236345904.565956     
  -75.50000       330000.000000000        236485440.747214     
  -74.50000       330000.000000000        236636519.756630     
  -73.50000       330000.000000000        236799469.480147     
  -72.50000       330000.000000000        236974649.504937     
  -71.50000       330000.000000000        237162452.344452     
  -70.50000       330000.000000000        237363304.970496     
  -69.50000       330000.000000000        237577670.623903     
  -68.50000       330000.000000000        237806050.881014     
  -67.50000       330000.000000000        238048987.987663     
  -66.50000       330000.000000000        238307067.456437     
  -65.50000       330000.000000000        238580920.942191     
  -64.50000       330000.000000000        238871229.425600     
  -63.50000       330000.000000000        239178726.711357     
  -62.50000       330000.000000000        239504203.286608     
  -61.50000       331000.000000000        239848510.550855     
  -60.50000       331000.000000000        240212565.480613     
  -59.50000       331000.000000000        240597355.747103     
  -58.50000       331000.000000000        241003945.349220     
  -57.50000       331000.000000000        241433480.809427     
  -56.50000       331000.000000000        241887197.996816     
  -55.50000       331000.000000000        242366429.641438     
  -54.50000       331000.000000000        242872613.625649     
  -53.50000       332000.000000000        243407302.127494     
  -52.50000       332000.000000000        243972171.728881     
  -51.50000       332000.000000000        244569034.594639     
  -50.50000       332000.000000000        245199850.845290     
  -49.50000       332000.000000000        245866742.279843     
  -48.50000       332000.000000000        246572007.604197     
  -47.50000       333000.000000000        247318139.360115     
  -46.50000       333000.000000000        248107842.767271     
  -45.50000       333000.000000000        248944056.731517     
  -44.50000       333000.000000000        249829977.292298     
  -43.50000       334000.000000000        250769083.855471     
  -42.50000       334000.000000000        251765168.571466     
  -41.50000       334000.000000000        252822369.314248     
  -40.50000       334000.000000000        253945206.757562     
  -39.50000       335000.000000000        255138626.154150     
  -38.50000       335000.000000000        256408044.500358     
  -37.50000       335000.000000000        257759403.912191     
  -36.50000       336000.000000000        259199232.156594     
  -35.50000       336000.000000000        260734711.473518     
  -34.50000       337000.000000000        262373757.019688     
  -33.50000       337000.000000000        264125106.513071     
  -32.50000       338000.000000000        265998422.957367     
  -31.50000       338000.000000000        268004412.686705     
  -30.50000       339000.000000000        270154961.395578     
  -29.50000       339000.000000000        272463291.335587     
  -28.50000       340000.000000000        274944143.465842     
  -27.50000       340000.000000000        277613989.039525     
  -26.50000       341000.000000000        280491275.889468     
  -25.50000       342000.000000000        283596715.485719     
  -24.50000       343000.000000000        286953617.550449     
  -23.50000       343000.000000000        290588279.330554     
  -22.50000       344000.000000000        294530435.873199     
  -21.50000       345000.000000000        298813774.249321     
  -20.50000       346000.000000000        303476504.952228     
  -19.50000       347000.000000000        308561959.260164     
  -18.50000       348000.000000000        314119124.376021     
  -17.50000       350000.000000000        320202908.015765     
  -16.50000       351000.000000000        326873711.659728     
  -15.50000       352000.000000000        334195629.832015     
  -14.50000       354000.000000000        342232551.552076     
  -13.50000       355000.000000000        351042221.721204     
  -12.50000       357000.000000000        360670404.455956     
  -11.50000       359000.000000000        371149370.846047     
  -10.50000       360000.000000000        382501806.174388     
  -9.500000       362000.000000000        394735768.613898     
  -8.500000       365000.000000000        407792439.405074     
  -7.500000       367000.000000000        421410932.181053     
  -6.500000       370000.000000000        434957756.246117     
  -5.500000       374000.000000000        447409659.834039     
  -4.500000       379000.000000000        457675853.035801     
  -3.500000       384000.000000000        465123648.379327     
  -2.500000       389000.000000000        469845758.395270     
  -1.500000       393000.000000000        472430417.031322     
 -0.5000000       395000.000000000        473518336.500276     
  0.5000000       395000.000000000        473518336.500276     
   1.500000       393000.000000000        472430417.031322     
   2.500000       389000.000000000        469845758.395272     
   3.500000       384000.000000000        465123648.379330     
   4.500000       379000.000000000        457675853.035814     
   5.500000       374000.000000000        447409659.834069     
   6.500000       370000.000000000        434957756.246157     
   7.500000       367000.000000000        421410932.181082     
   8.500000       365000.000000000        407792439.405098     
   9.500000       362000.000000000        394735768.613913     
   10.50000       360000.000000000        382501806.174415     
   11.50000       359000.000000000        371149370.846061     
   12.50000       357000.000000000        360670404.455914     
   13.50000       355000.000000000        351042221.721144     
   14.50000       354000.000000000        342232551.552086     
   15.50000       352000.000000000        334195629.832018     
   16.50000       351000.000000000        326873711.659729     
   17.50000       350000.000000000        320202908.015771     
   18.50000       348000.000000000        314119124.375934     
   19.50000       347000.000000000        308561959.260100     
   20.50000       346000.000000000        303476504.952050     
   21.50000       345000.000000000        298813774.249150     
   22.50000       344000.000000000        294530435.872725     
   23.50000       343000.000000000        290588279.330207     
   24.50000       343000.000000000        286953617.550475     
   25.50000       342000.000000000        283596715.485714     
   26.50000       341000.000000000        280491275.889421     
   27.50000       340000.000000000        277613989.039675     
   28.50000       340000.000000000        274944143.465860     
   29.50000       339000.000000000        272463291.335464     
   30.50000       339000.000000000        270154961.395584     
   31.50000       338000.000000000        268004412.686658     
   32.50000       338000.000000000        265998422.957083     
   33.50000       337000.000000000        264125106.512840     
   34.50000       337000.000000000        262373757.019579     
   35.50000       336000.000000000        260734711.473306     
   36.50000       336000.000000000        259199232.156289     
   37.50000       335000.000000000        257759403.912111     
   38.50000       335000.000000000        256408044.500265     
   39.50000       335000.000000000        255138626.154029     
   40.50000       334000.000000000        253945206.757532     
   41.50000       334000.000000000        252822369.314268     
   42.50000       334000.000000000        251765168.571445     
   43.50000       334000.000000000        250769083.855537     
   44.50000       333000.000000000        249829977.292697     
   45.50000       333000.000000000        248944056.731343     
   46.50000       333000.000000000        248107842.767250     
   47.50000       333000.000000000        247318139.359879     
   48.50000       332000.000000000        246572007.604192     
   49.50000       332000.000000000        245866742.279868     
   50.50000       332000.000000000        245199850.845481     
   51.50000       332000.000000000        244569034.594556     
   52.50000       332000.000000000        243972171.728853     
   53.50000       332000.000000000        243407302.127251     
   54.50000       331000.000000000        242872613.625297     
   55.50000       331000.000000000        242366429.641366     
   56.50000       331000.000000000        241887197.996667     
   57.50000       331000.000000000        241433480.809795     
   58.50000       331000.000000000        241003945.349224     
   59.50000       331000.000000000        240597355.747231     
   60.50000       331000.000000000        240212565.480639     
   61.50000       331000.000000000        239848510.550861     
   62.50000       330000.000000000        239504203.286679     
   63.50000       330000.000000000        239178726.711551     
   64.50000       330000.000000000        238871229.425619     
   65.50000       330000.000000000        238580920.942197     
   66.50000       330000.000000000        238307067.456439     
   67.50000       330000.000000000        238048987.987665     
   68.50000       330000.000000000        237806050.881012     
   69.50000       330000.000000000        237577670.623880     
   70.50000       330000.000000000        237363304.970492     
   71.50000       330000.000000000        237162452.344436     
   72.50000       330000.000000000        236974649.504938     
   73.50000       330000.000000000        236799469.480261     
   74.50000       330000.000000000        236636519.756627     
   75.50000       330000.000000000        236485440.747194     
   76.50000       330000.000000000        236345904.565908     
   77.50000       330000.000000000        236217614.185090     
   78.50000       330000.000000000        236100303.073937     
   79.50000       329000.000000000        235993735.570878     
   80.50000       329000.000000000        235897708.383971     
   81.50000       329000.000000000        235812054.067178     
   82.50000       329000.000000000        235736648.170703     
   83.50000       329000.000000000        235671423.916591     
   84.50000       329000.000000000        235616403.787017     
   85.50000       329000.000000000        235571773.953945     
   86.50000       329000.000000000        235538084.951574     
   87.50000       329000.000000000        235516898.453358     
   88.50000       329000.000000000        235512672.994060     
   89.50000       329000.000000000        235426589.132330     
