  -89.50000       295000.000000000        152456428.235238     
  -88.50000       295000.000000000        152256336.543756     
  -87.50000       295000.000000000        152235946.354015     
  -86.50000       295000.000000000        152241709.764808     
  -85.50000       295000.000000000        152260170.273241     
  -84.50000       295000.000000000        152287978.371702     
  -83.50000       295000.000000000        152323921.320871     
  -82.50000       295000.000000000        152367488.652396     
  -81.50000       295000.000000000        152418464.423837     
  -80.50000       295000.000000000        152476779.464545     
  -79.50000       295000.000000000        152542448.821558     
  -78.50000       295000.000000000        152615542.303084     
  -77.50000       295000.000000000        152696169.521713     
  -76.50000       295000.000000000        152784471.962555     
  -75.50000       295000.000000000        152880618.706031     
  -74.50000       295000.000000000        152984804.196917     
  -73.50000       295000.000000000        153097247.233757     
  -72.50000       295000.000000000        153218190.741172     
  -71.50000       296000.000000000        153347902.070674     
  -70.50000       296000.000000000        153486673.677731     
  -69.50000       296000.000000000        153634824.127103     
  -68.50000       296000.000000000        153792699.336302     
  -67.50000       296000.000000000        153960674.068373     
  -66.50000       296000.000000000        154139153.641633     
  -65.50000       296000.000000000        154328575.867058     
  -64.50000       296000.000000000        154529413.211754     
  -63.50000       296000.000000000        154742175.211344     
  -62.50000       296000.000000000        154967411.129625     
  -61.50000       296000.000000000        155205712.905959     
  -60.50000       296000.000000000        155457718.402075     
  -59.50000       296000.000000000        155724114.974764     
  -58.50000       296000.000000000        156005643.423274     
  -57.50000       297000.000000000        156303102.326920     
  -56.50000       297000.000000000        156617352.836283     
  -55.50000       297000.000000000        156949323.951436     
  -54.50000       297000.000000000        157300018.349762     
  -53.50000       297000.000000000        157670518.819197     
  -52.50000       297000.000000000        158061995.376845     
  -51.50000       297000.000000000        158475713.142893     
  -50.50000       297000.000000000        158913041.066492     
  -49.50000       298000.000000000        159375461.598356     
  -48.50000       298000.000000000        159864581.447557     
  -47.50000       298000.000000000        160382143.521732     
  -46.50000       298000.000000000        160930040.242402     
  -45.50000       298000.000000000        161510328.380260     
  -44.50000       299000.000000000        162125245.625191     
  -43.50000       299000.000000000        162777229.123706     
  -42.50000       299000.000000000        163468936.235349     
  -41.50000       299000.000000000        164203267.823586     
  -40.50000       300000.000000000        164983394.434948     
  -39.50000       300000.000000000        165812785.764067     
  -38.50000       300000.000000000        166695243.886167     
  -37.50000       300000.000000000        167634940.794771     
  -36.50000       301000.000000000        168636460.879658     
  -35.50000       301000.000000000        169704849.071828     
  -34.50000       301000.000000000        170845665.500923     
  -33.50000       302000.000000000        172065047.626771     
  -32.50000       302000.000000000        173369780.962090     
  -31.50000       303000.000000000        174767379.617278     
  -30.50000       303000.000000000        176266178.064046     
  -29.50000       304000.000000000        177875435.596693     
  -28.50000       304000.000000000        179605455.010868     
  -27.50000       305000.000000000        181467716.915268     
  -26.50000       305000.000000000        183475030.651047     
  -25.50000       306000.000000000        185641701.879576     
  -24.50000       306000.000000000        187983714.958993     
  -23.50000       307000.000000000        190518924.534584     
  -22.50000       308000.000000000        193267243.823716     
  -21.50000       309000.000000000        196250804.184218     
  -20.50000       310000.000000000        199494036.608081     
  -19.50000       310000.000000000        203023581.573679     
  -18.50000       311000.000000000        206867854.185852     
  -17.50000       312000.000000000        211055960.223611     
  -16.50000       314000.000000000        215615486.508718     
  -15.50000       315000.000000000        220568605.496921     
  -14.50000       316000.000000000        225926361.083650     
  -13.50000       317000.000000000        231682769.518460     
  -12.50000       319000.000000000        237814246.029453     
  -11.50000       320000.000000000        244294710.100110     
  -10.50000       322000.000000000        251136310.674659     
  -9.500000       323000.000000000        258447717.082638     
  -8.500000       324000.000000000        266457843.079570     
  -7.500000       325000.000000000        275408504.698283     
  -6.500000       326000.000000000        285265691.814777     
  -5.500000       330000.000000000        295418506.870813     
  -4.500000       334000.000000000        304749247.629366     
  -3.500000       340000.000000000        312209184.713320     
  -2.500000       346000.000000000        317385508.238870     
  -1.500000       350000.000000000        320482611.334346     
 -0.5000000       352000.000000000        321895268.359623     
  0.5000000       352000.000000000        321895268.359623     
   1.500000       350000.000000000        320482611.334344     
   2.500000       346000.000000000        317385508.238868     
   3.500000       340000.000000000        312209184.713315     
   4.500000       334000.000000000        304749247.629356     
   5.500000       330000.000000000        295418506.870795     
   6.500000       326000.000000000        285265691.814747     
   7.500000       325000.000000000        275408504.698267     
   8.500000       324000.000000000        266457843.079523     
   9.500000       323000.000000000        258447717.082522     
   10.50000       322000.000000000        251136310.674672     
   11.50000       320000.000000000        244294710.100125     
   12.50000       319000.000000000        237814246.029573     
   13.50000       317000.000000000        231682769.518628     
   14.50000       316000.000000000        225926361.083902     
   15.50000       315000.000000000        220568605.497156     
   16.50000       314000.000000000        215615486.508845     
   17.50000       312000.000000000        211055960.223636     
   18.50000       311000.000000000        206867854.186149     
   19.50000       310000.000000000        203023581.574076     
   20.50000       310000.000000000        199494036.608171     
   21.50000       309000.000000000        196250804.183965     
   22.50000       308000.000000000        193267243.823654     
   23.50000       307000.000000000        190518924.534268     
   24.50000       306000.000000000        187983714.958881     
   25.50000       306000.000000000        185641701.879600     
   26.50000       305000.000000000        183475030.651277     
   27.50000       305000.000000000        181467716.915259     
   28.50000       304000.000000000        179605455.010913     
   29.50000       304000.000000000        177875435.596903     
   30.50000       303000.000000000        176266178.064960     
   31.50000       303000.000000000        174767379.617643     
   32.50000       302000.000000000        173369780.962601     
   33.50000       302000.000000000        172065047.627016     
   34.50000       301000.000000000        170845665.500817     
   35.50000       301000.000000000        169704849.072079     
   36.50000       301000.000000000        168636460.879484     
   37.50000       300000.000000000        167634940.794640     
   38.50000       300000.000000000        166695243.885623     
   39.50000       300000.000000000        165812785.763608     
   40.50000       300000.000000000        164983394.434797     
   41.50000       299000.000000000        164203267.823270     
   42.50000       299000.000000000        163468936.234938     
   43.50000       299000.000000000        162777229.123513     
   44.50000       299000.000000000        162125245.624554     
   45.50000       298000.000000000        161510328.379411     
   46.50000       298000.000000000        160930040.242235     
   47.50000       298000.000000000        160382143.521958     
   48.50000       298000.000000000        159864581.447597     
   49.50000       298000.000000000        159375461.598155     
   50.50000       297000.000000000        158913041.065220     
   51.50000       297000.000000000        158475713.141712     
   52.50000       297000.000000000        158061995.376618     
   53.50000       297000.000000000        157670518.819100     
   54.50000       297000.000000000        157300018.349446     
   55.50000       297000.000000000        156949323.951324     
   56.50000       297000.000000000        156617352.836591     
   57.50000       297000.000000000        156303102.327603     
   58.50000       296000.000000000        156005643.423139     
   59.50000       296000.000000000        155724114.974692     
   60.50000       296000.000000000        155457718.401662     
   61.50000       296000.000000000        155205712.905300     
   62.50000       296000.000000000        154967411.128224     
   63.50000       296000.000000000        154742175.210137     
   64.50000       296000.000000000        154529413.210167     
   65.50000       296000.000000000        154328575.864871     
   66.50000       296000.000000000        154139153.638576     
   67.50000       296000.000000000        153960674.064056     
   68.50000       296000.000000000        153792699.330153     
   69.50000       296000.000000000        153634824.118193     
   70.50000       296000.000000000        153486673.664676     
   71.50000       296000.000000000        153347902.051223     
   72.50000       295000.000000000        153218190.712029     
   73.50000       295000.000000000        153097247.189234     
   74.50000       295000.000000000        152984804.127490     
   75.50000       295000.000000000        152880618.595702     
   76.50000       295000.000000000        152784471.783260     
   77.50000       295000.000000000        152696169.222858     
   78.50000       295000.000000000        152615541.790300     
   79.50000       295000.000000000        152542447.911776     
   80.50000       295000.000000000        152476777.785422     
   81.50000       295000.000000000        152418461.176183     
   82.50000       295000.000000000        152367482.001494     
   83.50000       295000.000000000        152323906.691155     
   84.50000       295000.000000000        152287943.072688     
   85.50000       295000.000000000        152260073.722525     
   86.50000       295000.000000000        152241392.717755     
   87.50000       295000.000000000        152234531.746116     
   88.50000       295000.000000000        152244150.109358     
   89.50000       295000.000000000        152041964.401108     
