  -89.50000       295000.000000000        215969179.295867     
  -88.50000       295000.000000000        215685325.098100     
  -87.50000       294000.000000000        215656381.543655     
  -86.50000       295000.000000000        215664560.980135     
  -85.50000       295000.000000000        215690768.119164     
  -84.50000       295000.000000000        215730247.497236     
  -83.50000       295000.000000000        215781277.071772     
  -82.50000       295000.000000000        215843131.952394     
  -81.50000       295000.000000000        215915505.493878     
  -80.50000       295000.000000000        215998299.462659     
  -79.50000       295000.000000000        216091535.243519     
  -78.50000       295000.000000000        216195311.979834     
  -77.50000       295000.000000000        216309785.354547     
  -76.50000       295000.000000000        216435156.312673     
  -75.50000       295000.000000000        216571664.997168     
  -74.50000       295000.000000000        216719587.572822     
  -73.50000       295000.000000000        216879234.797825     
  -72.50000       295000.000000000        217050951.702405     
  -71.50000       295000.000000000        217235118.006170     
  -70.50000       295000.000000000        217432149.098705     
  -69.50000       295000.000000000        217642497.453422     
  -68.50000       295000.000000000        217866654.402732     
  -67.50000       295000.000000000        218105152.254872     
  -66.50000       295000.000000000        218358566.730730     
  -65.50000       295000.000000000        218627519.710029     
  -64.50000       295000.000000000        218912682.314877     
  -63.50000       295000.000000000        219214778.329566     
  -62.50000       295000.000000000        219534587.990902     
  -61.50000       296000.000000000        219872952.169679     
  -60.50000       296000.000000000        220230776.989926     
  -59.50000       296000.000000000        220609038.912646     
  -58.50000       296000.000000000        221008790.338419     
  -57.50000       296000.000000000        221431165.786729     
  -56.50000       296000.000000000        221877388.697240     
  -55.50000       296000.000000000        222348778.941994     
  -54.50000       296000.000000000        222846761.111896     
  -53.50000       296000.000000000        223372873.668843     
  -52.50000       297000.000000000        223928779.065682     
  -51.50000       297000.000000000        224516274.952769     
  -50.50000       297000.000000000        225137306.582191     
  -49.50000       297000.000000000        225793980.584827     
  -48.50000       297000.000000000        226488580.256760     
  -47.50000       297000.000000000        227223582.568977     
  -46.50000       298000.000000000        228001677.107279     
  -45.50000       298000.000000000        228825787.195685     
  -44.50000       298000.000000000        229699093.489923     
  -43.50000       298000.000000000        230625060.364894     
  -42.50000       298000.000000000        231607465.485541     
  -41.50000       299000.000000000        232650432.983792     
  -40.50000       299000.000000000        233758470.763464     
  -39.50000       299000.000000000        234936512.502517     
  -38.50000       299000.000000000        236189965.032936     
  -37.50000       300000.000000000        237524761.887188     
  -36.50000       300000.000000000        238947423.913109     
  -35.50000       300000.000000000        240465128.014231     
  -34.50000       301000.000000000        242085785.229852     
  -33.50000       301000.000000000        243818129.568247     
  -32.50000       302000.000000000        245671819.184985     
  -31.50000       302000.000000000        247657551.752083     
  -30.50000       302000.000000000        249787196.029074     
  -29.50000       303000.000000000        252073941.880804     
  -28.50000       303000.000000000        254532471.034373     
  -27.50000       304000.000000000        257179150.750145     
  -26.50000       305000.000000000        260032252.139367     
  -25.50000       305000.000000000        263112193.564991     
  -24.50000       306000.000000000        266441807.093234     
  -23.50000       307000.000000000        270046620.900274     
  -22.50000       307000.000000000        273955141.151476     
  -21.50000       308000.000000000        278199099.124201     
  -20.50000       309000.000000000        282813596.303774     
  -19.50000       310000.000000000        287837018.773417     
  -18.50000       311000.000000000        293310481.183377     
  -17.50000       312000.000000000        299276375.954107     
  -16.50000       313000.000000000        305775358.333211     
  -15.50000       314000.000000000        312840970.558966     
  -14.50000       315000.000000000        320491687.003170     
  -13.50000       317000.000000000        328722612.600941     
  -12.50000       318000.000000000        337504481.894069     
  -11.50000       320000.000000000        346804386.302770     
  -10.50000       321000.000000000        356642034.892465     
  -9.500000       322000.000000000        367169962.364312     
  -8.500000       323000.000000000        378704169.396377     
  -7.500000       324000.000000000        391570121.908114     
  -6.500000       326000.000000000        405695969.242307     
  -5.500000       330000.000000000        420194542.402723     
  -4.500000       334000.000000000        433473530.155340     
  -3.500000       340000.000000000        444055426.716712     
  -2.500000       345000.000000000        451374516.235589     
  -1.500000       350000.000000000        455740369.410776     
 -0.5000000       352000.000000000        457726933.348981     
  0.5000000       352000.000000000        457726933.348983     
   1.500000       350000.000000000        455740369.410780     
   2.500000       345000.000000000        451374516.235596     
   3.500000       340000.000000000        444055426.716718     
   4.500000       334000.000000000        433473530.155340     
   5.500000       330000.000000000        420194542.402720     
   6.500000       326000.000000000        405695969.242264     
   7.500000       324000.000000000        391570121.908025     
   8.500000       323000.000000000        378704169.396204     
   9.500000       322000.000000000        367169962.364129     
   10.50000       321000.000000000        356642034.892142     
   11.50000       320000.000000000        346804386.302402     
   12.50000       318000.000000000        337504481.893662     
   13.50000       317000.000000000        328722612.600495     
   14.50000       315000.000000000        320491687.002583     
   15.50000       314000.000000000        312840970.558688     
   16.50000       313000.000000000        305775358.332751     
   17.50000       312000.000000000        299276375.953353     
   18.50000       311000.000000000        293310481.182723     
   19.50000       310000.000000000        287837018.773159     
   20.50000       309000.000000000        282813596.303529     
   21.50000       308000.000000000        278199099.123693     
   22.50000       307000.000000000        273955141.150743     
   23.50000       307000.000000000        270046620.900001     
   24.50000       306000.000000000        266441807.093046     
   25.50000       305000.000000000        263112193.564916     
   26.50000       305000.000000000        260032252.139396     
   27.50000       304000.000000000        257179150.750414     
   28.50000       303000.000000000        254532471.034572     
   29.50000       303000.000000000        252073941.881296     
   30.50000       302000.000000000        249787196.029596     
   31.50000       302000.000000000        247657551.752515     
   32.50000       302000.000000000        245671819.185929     
   33.50000       301000.000000000        243818129.567451     
   34.50000       301000.000000000        242085785.229707     
   35.50000       300000.000000000        240465128.013045     
   36.50000       300000.000000000        238947423.912908     
   37.50000       300000.000000000        237524761.887051     
   38.50000       299000.000000000        236189965.032489     
   39.50000       299000.000000000        234936512.501500     
   40.50000       299000.000000000        233758470.763262     
   41.50000       299000.000000000        232650432.983740     
   42.50000       298000.000000000        231607465.485756     
   43.50000       298000.000000000        230625060.365040     
   44.50000       298000.000000000        229699093.490739     
   45.50000       298000.000000000        228825787.196111     
   46.50000       298000.000000000        228001677.107264     
   47.50000       297000.000000000        227223582.568534     
   48.50000       297000.000000000        226488580.257029     
   49.50000       297000.000000000        225793980.584991     
   50.50000       297000.000000000        225137306.583129     
   51.50000       297000.000000000        224516274.952596     
   52.50000       297000.000000000        223928779.065606     
   53.50000       296000.000000000        223372873.668678     
   54.50000       296000.000000000        222846761.111294     
   55.50000       296000.000000000        222348778.941874     
   56.50000       296000.000000000        221877388.697824     
   57.50000       296000.000000000        221431165.786427     
   58.50000       296000.000000000        221008790.338008     
   59.50000       296000.000000000        220609038.911732     
   60.50000       296000.000000000        220230776.989232     
   61.50000       296000.000000000        219872952.168834     
   62.50000       295000.000000000        219534587.990076     
   63.50000       295000.000000000        219214778.328061     
   64.50000       295000.000000000        218912682.312689     
   65.50000       295000.000000000        218627519.706986     
   66.50000       295000.000000000        218358566.726512     
   67.50000       295000.000000000        218105152.248813     
   68.50000       295000.000000000        217866654.393859     
   69.50000       295000.000000000        217642497.440907     
   70.50000       295000.000000000        217432149.080407     
   71.50000       295000.000000000        217235117.979028     
   72.50000       295000.000000000        217050951.661530     
   73.50000       295000.000000000        216879234.735120     
   74.50000       295000.000000000        216719587.475249     
   75.50000       295000.000000000        216571664.842032     
   76.50000       295000.000000000        216435156.060406     
   77.50000       295000.000000000        216309784.933793     
   78.50000       295000.000000000        216195311.257403     
   79.50000       295000.000000000        216091533.960775     
   80.50000       295000.000000000        215998297.093624     
   81.50000       295000.000000000        215915500.908341     
   82.50000       295000.000000000        215843122.553859     
   83.50000       295000.000000000        215781256.379788     
   84.50000       295000.000000000        215730197.522434     
   85.50000       295000.000000000        215690631.278895     
   86.50000       295000.000000000        215664111.082285     
   87.50000       294000.000000000        215654371.445379     
   88.50000       295000.000000000        215667978.391688     
   89.50000       294000.000000000        215376384.118239     
