  -89.50000       312000.000000000        227988570.210355     
  -88.50000       312000.000000000        227852814.584323     
  -87.50000       312000.000000000        227845512.493112     
  -86.50000       312000.000000000        227862773.772824     
  -85.50000       312000.000000000        227894440.904657     
  -84.50000       312000.000000000        227937905.945337     
  -83.50000       312000.000000000        227992241.381359     
  -82.50000       312000.000000000        228057088.315273     
  -81.50000       312000.000000000        228132333.851097     
  -80.50000       312000.000000000        228217993.135170     
  -79.50000       312000.000000000        228314159.326816     
  -78.50000       312000.000000000        228420980.149634     
  -77.50000       313000.000000000        228538646.195670     
  -76.50000       313000.000000000        228667384.927916     
  -75.50000       313000.000000000        228807457.718003     
  -74.50000       313000.000000000        228959158.576098     
  -73.50000       313000.000000000        229122813.948950     
  -72.50000       313000.000000000        229298783.209975     
  -71.50000       313000.000000000        229487459.643424     
  -70.50000       313000.000000000        229689271.823103     
  -69.50000       313000.000000000        229904685.326293     
  -68.50000       313000.000000000        230134204.736424     
  -67.50000       313000.000000000        230378375.944445     
  -66.50000       313000.000000000        230637788.734648     
  -65.50000       313000.000000000        230913079.658042     
  -64.50000       313000.000000000        231204935.242866     
  -63.50000       313000.000000000        231514095.514486     
  -62.50000       313000.000000000        231841357.889975     
  -61.50000       313000.000000000        232187581.471713     
  -60.50000       314000.000000000        232553691.757058     
  -59.50000       314000.000000000        232940685.837227     
  -58.50000       314000.000000000        233349638.111035     
  -57.50000       314000.000000000        233781706.574509     
  -56.50000       314000.000000000        234238139.751259     
  -55.50000       314000.000000000        234720284.336720     
  -54.50000       314000.000000000        235229593.621870     
  -53.50000       314000.000000000        235767636.804918     
  -52.50000       315000.000000000        236336109.276638     
  -51.50000       315000.000000000        236936844.003989     
  -50.50000       315000.000000000        237571824.141189     
  -49.50000       315000.000000000        238243197.012348     
  -48.50000       315000.000000000        238953289.649065     
  -47.50000       315000.000000000        239704626.053834     
  -46.50000       316000.000000000        240499946.437936     
  -45.50000       316000.000000000        241342228.672051     
  -44.50000       316000.000000000        242234712.240186     
  -43.50000       316000.000000000        243180925.044533     
  -42.50000       317000.000000000        244184713.440617     
  -41.50000       317000.000000000        245250275.957738     
  -40.50000       317000.000000000        246382201.223779     
  -39.50000       317000.000000000        247585510.697402     
  -38.50000       318000.000000000        248865706.913363     
  -37.50000       318000.000000000        250228828.072982     
  -36.50000       318000.000000000        251681509.926361     
  -35.50000       319000.000000000        253231056.093041     
  -34.50000       319000.000000000        254885518.127359     
  -33.50000       320000.000000000        256653786.890419     
  -32.50000       320000.000000000        258545697.048870     
  -31.50000       320000.000000000        260572146.821632     
  -30.50000       321000.000000000        262745235.459318     
  -29.50000       321000.000000000        265078421.315115     
  -28.50000       322000.000000000        267586703.758996     
  -27.50000       323000.000000000        270286832.542641     
  -26.50000       323000.000000000        273197548.445570     
  -25.50000       324000.000000000        276339858.905339     
  -24.50000       325000.000000000        279737351.505683     
  -23.50000       325000.000000000        283416545.889745     
  -22.50000       326000.000000000        287407279.417020     
  -21.50000       327000.000000000        291743110.707867     
  -20.50000       328000.000000000        296461702.036928     
  -19.50000       329000.000000000        301605094.227022     
  -18.50000       330000.000000000        307219694.125635     
  -17.50000       331000.000000000        313355624.351858     
  -16.50000       332000.000000000        320064829.182113     
  -15.50000       334000.000000000        327397111.034191     
  -14.50000       335000.000000000        335393555.039189     
  -13.50000       336000.000000000        344078533.637303     
  -12.50000       338000.000000000        353455507.560713     
  -11.50000       340000.000000000        363516631.018434     
  -10.50000       341000.000000000        374274386.010924     
  -9.500000       343000.000000000        385802162.632154     
  -8.500000       344000.000000000        398225588.371144     
  -7.500000       346000.000000000        411575709.324261     
  -6.500000       348000.000000000        425495486.106466     
  -5.500000       352000.000000000        439025220.741365     
  -4.500000       357000.000000000        450831878.834233     
  -3.500000       362000.000000000        459882886.144449     
  -2.500000       367000.000000000        465955257.101539     
  -1.500000       371000.000000000        469486455.676652     
 -0.5000000       374000.000000000        471060185.292807     
  0.5000000       374000.000000000        471060185.292807     
   1.500000       371000.000000000        469486455.676652     
   2.500000       367000.000000000        465955257.101538     
   3.500000       362000.000000000        459882886.144447     
   4.500000       357000.000000000        450831878.834229     
   5.500000       352000.000000000        439025220.741359     
   6.500000       348000.000000000        425495486.106453     
   7.500000       346000.000000000        411575709.324238     
   8.500000       344000.000000000        398225588.371107     
   9.500000       343000.000000000        385802162.632049     
   10.50000       341000.000000000        374274386.010787     
   11.50000       340000.000000000        363516631.018324     
   12.50000       338000.000000000        353455507.560602     
   13.50000       336000.000000000        344078533.637140     
   14.50000       335000.000000000        335393555.039282     
   15.50000       334000.000000000        327397111.034654     
   16.50000       332000.000000000        320064829.182410     
   17.50000       331000.000000000        313355624.352083     
   18.50000       330000.000000000        307219694.125623     
   19.50000       329000.000000000        301605094.226767     
   20.50000       328000.000000000        296461702.036950     
   21.50000       327000.000000000        291743110.707650     
   22.50000       326000.000000000        287407279.416971     
   23.50000       325000.000000000        283416545.889438     
   24.50000       325000.000000000        279737351.505493     
   25.50000       324000.000000000        276339858.905259     
   26.50000       323000.000000000        273197548.445569     
   27.50000       323000.000000000        270286832.542786     
   28.50000       322000.000000000        267586703.759187     
   29.50000       321000.000000000        265078421.315775     
   30.50000       321000.000000000        262745235.459871     
   31.50000       320000.000000000        260572146.821942     
   32.50000       320000.000000000        258545697.049286     
   33.50000       320000.000000000        256653786.890703     
   34.50000       319000.000000000        254885518.127544     
   35.50000       319000.000000000        253231056.093509     
   36.50000       318000.000000000        251681509.926851     
   37.50000       318000.000000000        250228828.073122     
   38.50000       318000.000000000        248865706.913619     
   39.50000       317000.000000000        247585510.697371     
   40.50000       317000.000000000        246382201.223749     
   41.50000       317000.000000000        245250275.957535     
   42.50000       317000.000000000        244184713.440264     
   43.50000       316000.000000000        243180925.044510     
   44.50000       316000.000000000        242234712.240392     
   45.50000       316000.000000000        241342228.671975     
   46.50000       316000.000000000        240499946.437801     
   47.50000       315000.000000000        239704626.053196     
   48.50000       315000.000000000        238953289.649570     
   49.50000       315000.000000000        238243197.012364     
   50.50000       315000.000000000        237571824.140806     
   51.50000       315000.000000000        236936844.003649     
   52.50000       315000.000000000        236336109.276619     
   53.50000       314000.000000000        235767636.805222     
   54.50000       314000.000000000        235229593.621611     
   55.50000       314000.000000000        234720284.336774     
   56.50000       314000.000000000        234238139.752052     
   57.50000       314000.000000000        233781706.574610     
   58.50000       314000.000000000        233349638.111073     
   59.50000       314000.000000000        232940685.837310     
   60.50000       314000.000000000        232553691.756681     
   61.50000       313000.000000000        232187581.471680     
   62.50000       313000.000000000        231841357.890097     
   63.50000       313000.000000000        231514095.514504     
   64.50000       313000.000000000        231204935.242887     
   65.50000       313000.000000000        230913079.658035     
   66.50000       313000.000000000        230637788.734633     
   67.50000       313000.000000000        230378375.944417     
   68.50000       313000.000000000        230134204.736349     
   69.50000       313000.000000000        229904685.326300     
   70.50000       313000.000000000        229689271.822986     
   71.50000       313000.000000000        229487459.643217     
   72.50000       313000.000000000        229298783.209616     
   73.50000       313000.000000000        229122813.948310     
   74.50000       313000.000000000        228959158.574937     
   75.50000       313000.000000000        228807457.715840     
   76.50000       313000.000000000        228667384.923774     
   77.50000       313000.000000000        228538646.187488     
   78.50000       312000.000000000        228420980.132880     
   79.50000       312000.000000000        228314159.291034     
   80.50000       312000.000000000        228217993.055219     
   81.50000       312000.000000000        228132333.661456     
   82.50000       312000.000000000        228057087.833705     
   83.50000       312000.000000000        227992240.049223     
   84.50000       312000.000000000        227937901.833198     
   85.50000       312000.000000000        227894426.200871     
   86.50000       312000.000000000        227862708.717484     
   87.50000       312000.000000000        227845097.533255     
   88.50000       312000.000000000        227847048.775246     
   89.50000       312000.000000000        227684172.634784     
