  -89.50000       296000.000000000        219180418.133540     
  -88.50000       296000.000000000        218910584.490251     
  -87.50000       296000.000000000        218883135.283671     
  -86.50000       296000.000000000        218892071.189047     
  -85.50000       296000.000000000        218918952.693733     
  -84.50000       296000.000000000        218959147.646319     
  -83.50000       296000.000000000        219010974.694864     
  -82.50000       296000.000000000        219073727.253397     
  -81.50000       296000.000000000        219147108.905443     
  -80.50000       296000.000000000        219231028.251233     
  -79.50000       296000.000000000        219325511.946719     
  -78.50000       296000.000000000        219430663.694139     
  -77.50000       296000.000000000        219546643.454902     
  -76.50000       296000.000000000        219673656.414096     
  -75.50000       296000.000000000        219811947.053417     
  -74.50000       296000.000000000        219961796.083823     
  -73.50000       296000.000000000        220123519.081881     
  -72.50000       296000.000000000        220297466.219848     
  -71.50000       296000.000000000        220484022.735666     
  -70.50000       296000.000000000        220683609.943789     
  -69.50000       296000.000000000        220896686.697039     
  -68.50000       296000.000000000        221123751.203626     
  -67.50000       296000.000000000        221365343.180774     
  -66.50000       296000.000000000        221622046.328689     
  -65.50000       296000.000000000        221894491.135449     
  -64.50000       296000.000000000        222183357.999515     
  -63.50000       297000.000000000        222489380.702282     
  -62.50000       297000.000000000        222813350.264251     
  -61.50000       297000.000000000        223156119.185407     
  -60.50000       297000.000000000        223518606.128078     
  -59.50000       297000.000000000        223901801.085040     
  -58.50000       297000.000000000        224306771.060339     
  -57.50000       297000.000000000        224734666.337364     
  -56.50000       297000.000000000        225186727.388102     
  -55.50000       297000.000000000        225664292.492057     
  -54.50000       297000.000000000        226168806.140457     
  -53.50000       298000.000000000        226701828.326265     
  -52.50000       298000.000000000        227265044.814930     
  -51.50000       298000.000000000        227860278.506710     
  -50.50000       298000.000000000        228489502.025521     
  -49.50000       298000.000000000        229154851.696512     
  -48.50000       298000.000000000        229858643.043311     
  -47.50000       298000.000000000        230603388.049148     
  -46.50000       299000.000000000        231391814.354905     
  -45.50000       299000.000000000        232226886.678896     
  -44.50000       299000.000000000        233111830.728158     
  -43.50000       299000.000000000        234050159.937905     
  -42.50000       300000.000000000        235045705.425292     
  -41.50000       300000.000000000        236102649.580583     
  -40.50000       300000.000000000        237225563.818992     
  -39.50000       300000.000000000        238419451.053591     
  -38.50000       301000.000000000        239689793.579364     
  -37.50000       301000.000000000        241042607.127491     
  -36.50000       301000.000000000        242484501.994217     
  -35.50000       301000.000000000        244022752.253461     
  -34.50000       302000.000000000        245665374.266166     
  -33.50000       302000.000000000        247421215.781568     
  -32.50000       303000.000000000        249300057.201554     
  -31.50000       303000.000000000        251312726.663921     
  -30.50000       304000.000000000        253471230.810476     
  -29.50000       304000.000000000        255788903.167767     
  -28.50000       305000.000000000        258280572.035564     
  -27.50000       305000.000000000        260962749.480157     
  -26.50000       306000.000000000        263853842.248838     
  -25.50000       306000.000000000        266974383.806560     
  -24.50000       307000.000000000        270347283.534657     
  -23.50000       308000.000000000        273998083.240566     
  -22.50000       308000.000000000        277955200.196117     
  -21.50000       309000.000000000        282250115.781484     
  -20.50000       310000.000000000        286917431.172184     
  -19.50000       311000.000000000        291994641.027382     
  -18.50000       312000.000000000        297521347.031954     
  -17.50000       313000.000000000        303537416.728452     
  -16.50000       314000.000000000        310079308.647111     
  -15.50000       315000.000000000        317173655.079774     
  -14.50000       316000.000000000        324827925.602288     
  -13.50000       318000.000000000        333020928.027768     
  -12.50000       319000.000000000        341702198.954674     
  -11.50000       321000.000000000        350817025.235349     
  -10.50000       322000.000000000        360373037.689538     
  -9.500000       323000.000000000        370535892.067143     
  -8.500000       324000.000000000        381672657.829783     
  -7.500000       325000.000000000        394192861.703071     
  -6.500000       327000.000000000        408109153.808060     
  -5.500000       330000.000000000        422574541.426352     
  -4.500000       335000.000000000        435971854.877579     
  -3.500000       341000.000000000        446753409.986671     
  -2.500000       346000.000000000        454276741.701903     
  -1.500000       350000.000000000        458797562.013335     
 -0.5000000       353000.000000000        460865320.238805     
  0.5000000       353000.000000000        460865320.238805     
   1.500000       350000.000000000        458797562.013334     
   2.500000       346000.000000000        454276741.701900     
   3.500000       341000.000000000        446753409.986663     
   4.500000       335000.000000000        435971854.877560     
   5.500000       330000.000000000        422574541.426311     
   6.500000       327000.000000000        408109153.807985     
   7.500000       325000.000000000        394192861.702964     
   8.500000       324000.000000000        381672657.829608     
   9.500000       323000.000000000        370535892.066852     
   10.50000       322000.000000000        360373037.689158     
   11.50000       321000.000000000        350817025.234946     
   12.50000       319000.000000000        341702198.954271     
   13.50000       318000.000000000        333020928.027432     
   14.50000       316000.000000000        324827925.602052     
   15.50000       315000.000000000        317173655.079822     
   16.50000       314000.000000000        310079308.647289     
   17.50000       313000.000000000        303537416.728546     
   18.50000       312000.000000000        297521347.031789     
   19.50000       311000.000000000        291994641.027238     
   20.50000       310000.000000000        286917431.171888     
   21.50000       309000.000000000        282250115.781311     
   22.50000       308000.000000000        277955200.196724     
   23.50000       308000.000000000        273998083.241433     
   24.50000       307000.000000000        270347283.535382     
   25.50000       306000.000000000        266974383.806915     
   26.50000       306000.000000000        263853842.249223     
   27.50000       305000.000000000        260962749.480295     
   28.50000       305000.000000000        258280572.035563     
   29.50000       304000.000000000        255788903.167626     
   30.50000       304000.000000000        253471230.811643     
   31.50000       303000.000000000        251312726.664255     
   32.50000       303000.000000000        249300057.201992     
   33.50000       302000.000000000        247421215.781212     
   34.50000       302000.000000000        245665374.266044     
   35.50000       301000.000000000        244022752.253201     
   36.50000       301000.000000000        242484501.993737     
   37.50000       301000.000000000        241042607.127577     
   38.50000       301000.000000000        239689793.579747     
   39.50000       300000.000000000        238419451.053721     
   40.50000       300000.000000000        237225563.819087     
   41.50000       300000.000000000        236102649.580868     
   42.50000       300000.000000000        235045705.425062     
   43.50000       299000.000000000        234050159.937872     
   44.50000       299000.000000000        233111830.728206     
   45.50000       299000.000000000        232226886.679161     
   46.50000       299000.000000000        231391814.354897     
   47.50000       298000.000000000        230603388.048631     
   48.50000       298000.000000000        229858643.042501     
   49.50000       298000.000000000        229154851.696506     
   50.50000       298000.000000000        228489502.026233     
   51.50000       298000.000000000        227860278.505627     
   52.50000       298000.000000000        227265044.814783     
   53.50000       298000.000000000        226701828.326417     
   54.50000       297000.000000000        226168806.140612     
   55.50000       297000.000000000        225664292.492000     
   56.50000       297000.000000000        225186727.387658     
   57.50000       297000.000000000        224734666.335984     
   58.50000       297000.000000000        224306771.060126     
   59.50000       297000.000000000        223901801.085622     
   60.50000       297000.000000000        223518606.127667     
   61.50000       297000.000000000        223156119.185064     
   62.50000       297000.000000000        222813350.264000     
   63.50000       297000.000000000        222489380.701516     
   64.50000       296000.000000000        222183357.998517     
   65.50000       296000.000000000        221894491.134091     
   66.50000       296000.000000000        221622046.326739     
   67.50000       296000.000000000        221365343.177973     
   68.50000       296000.000000000        221123751.199500     
   69.50000       296000.000000000        220896686.691016     
   70.50000       296000.000000000        220683609.934760     
   71.50000       296000.000000000        220484022.721961     
   72.50000       296000.000000000        220297466.198724     
   73.50000       296000.000000000        220123519.048764     
   74.50000       296000.000000000        219961796.030929     
   75.50000       296000.000000000        219811946.967155     
   76.50000       296000.000000000        219673656.270098     
   77.50000       296000.000000000        219546643.208103     
   78.50000       296000.000000000        219430663.258222     
   79.50000       296000.000000000        219325511.149494     
   80.50000       296000.000000000        219231026.732499     
   81.50000       296000.000000000        219147105.868186     
   82.50000       296000.000000000        219073720.808927     
   83.50000       296000.000000000        219010959.972132     
   84.50000       296000.000000000        218959110.641851     
   85.50000       296000.000000000        218918846.858781     
   86.50000       296000.000000000        218891705.897792     
   87.50000       296000.000000000        218881405.572239     
   88.50000       296000.000000000        218894402.903689     
   89.50000       296000.000000000        218578742.005470     
