  -89.50000       297000.000000000        222240233.694162     
  -88.50000       297000.000000000        221950648.869789     
  -87.50000       297000.000000000        221921289.141146     
  -86.50000       297000.000000000        221929763.681193     
  -85.50000       297000.000000000        221956615.085805     
  -84.50000       297000.000000000        221997007.700062     
  -83.50000       297000.000000000        222049191.932680     
  -82.50000       297000.000000000        222112431.871293     
  -81.50000       297000.000000000        222186416.708211     
  -80.50000       297000.000000000        222271047.481565     
  -79.50000       297000.000000000        222366346.834578     
  -78.50000       297000.000000000        222472416.514069     
  -77.50000       297000.000000000        222589415.809354     
  -76.50000       297000.000000000        222717550.100295     
  -75.50000       297000.000000000        222857064.698565     
  -74.50000       297000.000000000        223008241.630326     
  -73.50000       297000.000000000        223171398.194777     
  -72.50000       297000.000000000        223346886.626601     
  -71.50000       297000.000000000        223535094.536960     
  -70.50000       297000.000000000        223736445.917021     
  -69.50000       297000.000000000        223951402.566990     
  -68.50000       297000.000000000        224180465.918659     
  -67.50000       297000.000000000        224424179.181819     
  -66.50000       297000.000000000        224683129.831555     
  -65.50000       297000.000000000        224957952.404838     
  -64.50000       298000.000000000        225249331.631699     
  -63.50000       298000.000000000        225558005.926258     
  -62.50000       298000.000000000        225884771.234779     
  -61.50000       298000.000000000        226230485.301622     
  -60.50000       298000.000000000        226596072.352331     
  -59.50000       298000.000000000        226982528.275668     
  -58.50000       298000.000000000        227390926.319759     
  -57.50000       298000.000000000        227822423.367189     
  -56.50000       298000.000000000        228278266.853557     
  -55.50000       298000.000000000        228759802.404532     
  -54.50000       299000.000000000        229268482.246073     
  -53.50000       299000.000000000        229805874.500685     
  -52.50000       299000.000000000        230373673.474450     
  -51.50000       299000.000000000        230973711.012735     
  -50.50000       299000.000000000        231607969.099415     
  -49.50000       299000.000000000        232278593.827662     
  -48.50000       299000.000000000        232987910.896312     
  -47.50000       300000.000000000        233738442.853231     
  -46.50000       300000.000000000        234532928.270016     
  -45.50000       300000.000000000        235374343.138500     
  -44.50000       300000.000000000        236265924.732257     
  -43.50000       300000.000000000        237211198.292495     
  -42.50000       301000.000000000        238214006.903634     
  -41.50000       301000.000000000        239278544.989030     
  -40.50000       301000.000000000        240409395.931985     
  -39.50000       301000.000000000        241611574.399067     
  -38.50000       302000.000000000        242890574.018322     
  -37.50000       302000.000000000        244252421.192250     
  -36.50000       302000.000000000        245703735.916834     
  -35.50000       303000.000000000        247251800.628540     
  -34.50000       303000.000000000        248904638.245017     
  -33.50000       303000.000000000        250671100.715196     
  -32.50000       304000.000000000        252560969.594696     
  -31.50000       304000.000000000        254585070.300690     
  -30.50000       305000.000000000        256755401.877871     
  -29.50000       305000.000000000        259085284.149700     
  -28.50000       306000.000000000        261589524.118482     
  -27.50000       306000.000000000        264284603.128596     
  -26.50000       307000.000000000        267188885.515718     
  -25.50000       307000.000000000        270322847.787692     
  -24.50000       308000.000000000        273709324.161554     
  -23.50000       309000.000000000        277373758.230969     
  -22.50000       309000.000000000        281344439.510563     
  -21.50000       310000.000000000        285652683.423218     
  -20.50000       311000.000000000        290332876.359864     
  -19.50000       312000.000000000        295422240.202701     
  -18.50000       313000.000000000        300960051.409061     
  -17.50000       314000.000000000        306985856.074026     
  -16.50000       315000.000000000        313535975.938210     
  -15.50000       316000.000000000        320637502.742672     
  -14.50000       317000.000000000        328299664.637814     
  -13.50000       319000.000000000        336505143.397230     
  -12.50000       320000.000000000        345209737.983647     
  -11.50000       321000.000000000        354365995.306920     
  -10.50000       323000.000000000        363985920.827090     
  -9.500000       324000.000000000        374231471.374265     
  -8.500000       325000.000000000        385456185.932174     
  -7.500000       325000.000000000        398053602.402748     
  -6.500000       327000.000000000        412031484.975383     
  -5.500000       330000.000000000        426552665.922056     
  -4.500000       335000.000000000        440010262.219436     
  -3.500000       340000.000000000        450855796.153378     
  -2.500000       346000.000000000        458440429.729491     
  -1.500000       350000.000000000        463012266.332711     
 -0.5000000       353000.000000000        465109824.419012     
  0.5000000       353000.000000000        465109824.419011     
   1.500000       350000.000000000        463012266.332706     
   2.500000       346000.000000000        458440429.729480     
   3.500000       340000.000000000        450855796.153352     
   4.500000       335000.000000000        440010262.219403     
   5.500000       330000.000000000        426552665.922006     
   6.500000       327000.000000000        412031484.975296     
   7.500000       325000.000000000        398053602.402727     
   8.500000       325000.000000000        385456185.932169     
   9.500000       324000.000000000        374231471.374329     
   10.50000       323000.000000000        363985920.827253     
   11.50000       321000.000000000        354365995.306892     
   12.50000       320000.000000000        345209737.983772     
   13.50000       319000.000000000        336505143.397459     
   14.50000       317000.000000000        328299664.638110     
   15.50000       316000.000000000        320637502.742592     
   16.50000       315000.000000000        313535975.937862     
   17.50000       314000.000000000        306985856.073349     
   18.50000       313000.000000000        300960051.408753     
   19.50000       312000.000000000        295422240.202180     
   20.50000       311000.000000000        290332876.359246     
   21.50000       310000.000000000        285652683.423221     
   22.50000       309000.000000000        281344439.510979     
   23.50000       309000.000000000        277373758.230937     
   24.50000       308000.000000000        273709324.161979     
   25.50000       307000.000000000        270322847.787782     
   26.50000       307000.000000000        267188885.515543     
   27.50000       306000.000000000        264284603.127975     
   28.50000       306000.000000000        261589524.118222     
   29.50000       305000.000000000        259085284.149403     
   30.50000       305000.000000000        256755401.878610     
   31.50000       304000.000000000        254585070.300407     
   32.50000       304000.000000000        252560969.594246     
   33.50000       303000.000000000        250671100.714622     
   34.50000       303000.000000000        248904638.244881     
   35.50000       303000.000000000        247251800.628731     
   36.50000       302000.000000000        245703735.917681     
   37.50000       302000.000000000        244252421.192702     
   38.50000       302000.000000000        242890574.019723     
   39.50000       301000.000000000        241611574.400852     
   40.50000       301000.000000000        240409395.932378     
   41.50000       301000.000000000        239278544.989080     
   42.50000       301000.000000000        238214006.902943     
   43.50000       300000.000000000        237211198.292263     
   44.50000       300000.000000000        236265924.731613     
   45.50000       300000.000000000        235374343.139003     
   46.50000       300000.000000000        234532928.270118     
   47.50000       300000.000000000        233738442.853440     
   48.50000       299000.000000000        232987910.895698     
   49.50000       299000.000000000        232278593.827466     
   50.50000       299000.000000000        231607969.098758     
   51.50000       299000.000000000        230973711.011797     
   52.50000       299000.000000000        230373673.474228     
   53.50000       299000.000000000        229805874.500376     
   54.50000       299000.000000000        229268482.245485     
   55.50000       298000.000000000        228759802.404253     
   56.50000       298000.000000000        228278266.853046     
   57.50000       298000.000000000        227822423.366270     
   58.50000       298000.000000000        227390926.319268     
   59.50000       298000.000000000        226982528.275040     
   60.50000       298000.000000000        226596072.351673     
   61.50000       298000.000000000        226230485.300646     
   62.50000       298000.000000000        225884771.233326     
   63.50000       298000.000000000        225558005.924501     
   64.50000       298000.000000000        225249331.629502     
   65.50000       297000.000000000        224957952.401512     
   66.50000       297000.000000000        224683129.826871     
   67.50000       297000.000000000        224424179.175232     
   68.50000       297000.000000000        224180465.909271     
   69.50000       297000.000000000        223951402.553418     
   70.50000       297000.000000000        223736445.897230     
   71.50000       297000.000000000        223535094.507696     
   72.50000       297000.000000000        223346886.582576     
   73.50000       297000.000000000        223171398.127392     
   74.50000       297000.000000000        223008241.525874     
   75.50000       297000.000000000        222857064.532964     
   76.50000       297000.000000000        222717549.831796     
   77.50000       297000.000000000        222589415.362873     
   78.50000       297000.000000000        222472415.749873     
   79.50000       297000.000000000        222366345.482190     
   80.50000       297000.000000000        222271044.992384     
   81.50000       297000.000000000        222186411.907521     
   82.50000       297000.000000000        222112422.069746     
   83.50000       297000.000000000        222049170.442867     
   84.50000       297000.000000000        221996956.032562     
   85.50000       297000.000000000        221956474.317709     
   86.50000       297000.000000000        221929303.477662     
   87.50000       297000.000000000        221919246.101944     
   88.50000       297000.000000000        221933165.514830     
   89.50000       297000.000000000        221654127.668050     
