  -89.50000       294000.000000000        215028981.180631     
  -88.50000       294000.000000000        214780652.190223     
  -87.50000       294000.000000000        214756223.858518     
  -86.50000       294000.000000000        214766314.793980     
  -85.50000       294000.000000000        214793785.597931     
  -84.50000       294000.000000000        214834312.157750     
  -83.50000       294000.000000000        214886326.273053     
  -82.50000       294000.000000000        214949173.079634     
  -81.50000       294000.000000000        215022583.232483     
  -80.50000       294000.000000000        215106480.875658     
  -79.50000       294000.000000000        215200902.207902     
  -78.50000       294000.000000000        215305957.099559     
  -77.50000       294000.000000000        215421809.655886     
  -76.50000       294000.000000000        215548667.935392     
  -75.50000       294000.000000000        215686778.458807     
  -74.50000       294000.000000000        215836423.409149     
  -73.50000       294000.000000000        215997919.443322     
  -72.50000       294000.000000000        216171617.537452     
  -71.50000       294000.000000000        216357903.526722     
  -70.50000       294000.000000000        216557199.183770     
  -69.50000       294000.000000000        216769963.713835     
  -68.50000       294000.000000000        216996695.594933     
  -67.50000       294000.000000000        217237934.769813     
  -66.50000       294000.000000000        217494265.133410     
  -65.50000       294000.000000000        217766317.346439     
  -64.50000       294000.000000000        218054771.984551     
  -63.50000       295000.000000000        218360363.024186     
  -62.50000       295000.000000000        218683881.705854     
  -61.50000       295000.000000000        219026180.789054     
  -60.50000       295000.000000000        219388179.262935     
  -59.50000       295000.000000000        219770867.514067     
  -58.50000       295000.000000000        220175313.035104     
  -57.50000       295000.000000000        220602666.713495     
  -56.50000       295000.000000000        221054169.763045     
  -55.50000       295000.000000000        221531161.358509     
  -54.50000       295000.000000000        222035087.084508     
  -53.50000       296000.000000000        222567508.250525     
  -52.50000       296000.000000000        223130112.207065     
  -51.50000       296000.000000000        223724723.745536     
  -50.50000       296000.000000000        224353317.749432     
  -49.50000       296000.000000000        225018033.220003     
  -48.50000       296000.000000000        225721188.859603     
  -47.50000       297000.000000000        226465300.404266     
  -46.50000       297000.000000000        227253099.925423     
  -45.50000       297000.000000000        228087557.358421     
  -44.50000       297000.000000000        228971904.546150     
  -43.50000       297000.000000000        229909662.136641     
  -42.50000       298000.000000000        230904669.718660     
  -41.50000       298000.000000000        231961119.624276     
  -40.50000       298000.000000000        233083594.938830     
  -39.50000       298000.000000000        234277112.269150     
  -38.50000       299000.000000000        235547169.984605     
  -37.50000       299000.000000000        236899802.692450     
  -36.50000       299000.000000000        238341642.866520     
  -35.50000       300000.000000000        239879990.669092     
  -34.50000       300000.000000000        241522893.162761     
  -33.50000       300000.000000000        243279234.293242     
  -32.50000       301000.000000000        245158837.181704     
  -31.50000       301000.000000000        247172580.481307     
  -30.50000       302000.000000000        249332530.678871     
  -29.50000       302000.000000000        251652092.366037     
  -28.50000       303000.000000000        254146178.456984     
  -27.50000       303000.000000000        256831402.073483     
  -26.50000       304000.000000000        259726291.099595     
  -25.50000       304000.000000000        262851524.855198     
  -24.50000       305000.000000000        266230189.290107     
  -23.50000       306000.000000000        269888041.382252     
  -22.50000       307000.000000000        273853762.795144     
  -21.50000       307000.000000000        278159163.029415     
  -20.50000       308000.000000000        282839254.946447     
  -19.50000       309000.000000000        287932054.460933     
  -18.50000       310000.000000000        293477823.516276     
  -17.50000       311000.000000000        299517248.640003     
  -16.50000       313000.000000000        306087742.187983     
  -15.50000       314000.000000000        313216898.588118     
  -14.50000       315000.000000000        320912870.151001     
  -13.50000       316000.000000000        329154444.337855     
  -12.50000       318000.000000000        337890105.822428     
  -11.50000       319000.000000000        347063290.105650     
  -10.50000       321000.000000000        356680151.606049     
  -9.500000       322000.000000000        366906832.052244     
  -8.500000       323000.000000000        378112659.975229     
  -7.500000       325000.000000000        390706839.987699     
  -6.500000       327000.000000000        404693118.553102     
  -5.500000       330000.000000000        419208585.678191     
  -4.500000       335000.000000000        432625476.141401     
  -3.500000       340000.000000000        443399764.574937     
  -2.500000       346000.000000000        450901495.250462     
  -1.500000       350000.000000000        455399138.665854     
 -0.5000000       352000.000000000        457452391.242758     
  0.5000000       352000.000000000        457452391.242757     
   1.500000       350000.000000000        455399138.665851     
   2.500000       346000.000000000        450901495.250454     
   3.500000       340000.000000000        443399764.574920     
   4.500000       335000.000000000        432625476.141375     
   5.500000       330000.000000000        419208585.678143     
   6.500000       327000.000000000        404693118.553049     
   7.500000       325000.000000000        390706839.987602     
   8.500000       323000.000000000        378112659.975122     
   9.500000       322000.000000000        366906832.052095     
   10.50000       321000.000000000        356680151.606085     
   11.50000       319000.000000000        347063290.105697     
   12.50000       318000.000000000        337890105.822475     
   13.50000       316000.000000000        329154444.337940     
   14.50000       315000.000000000        320912870.151028     
   15.50000       314000.000000000        313216898.588096     
   16.50000       313000.000000000        306087742.187817     
   17.50000       311000.000000000        299517248.639816     
   18.50000       310000.000000000        293477823.516303     
   19.50000       309000.000000000        287932054.461080     
   20.50000       308000.000000000        282839254.946594     
   21.50000       307000.000000000        278159163.029293     
   22.50000       307000.000000000        273853762.795347     
   23.50000       306000.000000000        269888041.382369     
   24.50000       305000.000000000        266230189.290091     
   25.50000       304000.000000000        262851524.855257     
   26.50000       304000.000000000        259726291.099821     
   27.50000       303000.000000000        256831402.073227     
   28.50000       303000.000000000        254146178.456923     
   29.50000       302000.000000000        251652092.366100     
   30.50000       302000.000000000        249332530.679042     
   31.50000       301000.000000000        247172580.481345     
   32.50000       301000.000000000        245158837.181672     
   33.50000       300000.000000000        243279234.293339     
   34.50000       300000.000000000        241522893.162739     
   35.50000       300000.000000000        239879990.668914     
   36.50000       299000.000000000        238341642.866787     
   37.50000       299000.000000000        236899802.692324     
   38.50000       299000.000000000        235547169.983724     
   39.50000       298000.000000000        234277112.268954     
   40.50000       298000.000000000        233083594.938842     
   41.50000       298000.000000000        231961119.624481     
   42.50000       298000.000000000        230904669.717999     
   43.50000       297000.000000000        229909662.136451     
   44.50000       297000.000000000        228971904.545857     
   45.50000       297000.000000000        228087557.358171     
   46.50000       297000.000000000        227253099.925603     
   47.50000       297000.000000000        226465300.404606     
   48.50000       296000.000000000        225721188.859769     
   49.50000       296000.000000000        225018033.220015     
   50.50000       296000.000000000        224353317.749501     
   51.50000       296000.000000000        223724723.746156     
   52.50000       296000.000000000        223130112.207392     
   53.50000       296000.000000000        222567508.252301     
   54.50000       295000.000000000        222035087.084057     
   55.50000       295000.000000000        221531161.358321     
   56.50000       295000.000000000        221054169.762862     
   57.50000       295000.000000000        220602666.713779     
   58.50000       295000.000000000        220175313.035071     
   59.50000       295000.000000000        219770867.514209     
   60.50000       295000.000000000        219388179.262822     
   61.50000       295000.000000000        219026180.788764     
   62.50000       295000.000000000        218683881.704504     
   63.50000       295000.000000000        218360363.023634     
   64.50000       294000.000000000        218054771.983934     
   65.50000       294000.000000000        217766317.345592     
   66.50000       294000.000000000        217494265.132186     
   67.50000       294000.000000000        217237934.768052     
   68.50000       294000.000000000        216996695.592337     
   69.50000       294000.000000000        216769963.709955     
   70.50000       294000.000000000        216557199.177899     
   71.50000       294000.000000000        216357903.517697     
   72.50000       294000.000000000        216171617.523378     
   73.50000       294000.000000000        215997919.420976     
   74.50000       294000.000000000        215836423.372985     
   75.50000       294000.000000000        215686778.399022     
   76.50000       294000.000000000        215548667.834180     
   77.50000       294000.000000000        215421809.479867     
   78.50000       294000.000000000        215305956.783899     
   79.50000       294000.000000000        215200901.621372     
   80.50000       294000.000000000        215106479.739571     
   81.50000       294000.000000000        215022580.920191     
   82.50000       294000.000000000        214949168.081201     
   83.50000       294000.000000000        214886314.624298     
   84.50000       294000.000000000        214834282.243308     
   85.50000       294000.000000000        214793698.004050     
   86.50000       294000.000000000        214766004.401430     
   87.50000       294000.000000000        214754707.190032     
   88.50000       294000.000000000        214765816.311328     
   89.50000       294000.000000000        214445729.931492     
