  -89.50000       295000.000000000        196015405.876287     
  -88.50000       295000.000000000        195758145.132539     
  -87.50000       295000.000000000        195731929.174549     
  -86.50000       295000.000000000        195739339.274070     
  -85.50000       295000.000000000        195763074.213260     
  -84.50000       295000.000000000        195798827.482369     
  -83.50000       295000.000000000        195845039.845149     
  -82.50000       295000.000000000        195901054.985150     
  -81.50000       295000.000000000        195966595.262094     
  -80.50000       295000.000000000        196041571.742293     
  -79.50000       295000.000000000        196126003.771935     
  -78.50000       295000.000000000        196219981.104435     
  -77.50000       295000.000000000        196323644.670260     
  -76.50000       295000.000000000        196437176.378836     
  -75.50000       295000.000000000        196560793.619273     
  -74.50000       295000.000000000        196694746.391998     
  -73.50000       295000.000000000        196839316.009420     
  -72.50000       295000.000000000        196994814.803191     
  -71.50000       296000.000000000        197161586.510966     
  -70.50000       296000.000000000        197340007.146916     
  -69.50000       296000.000000000        197530486.294301     
  -68.50000       296000.000000000        197733468.704199     
  -67.50000       296000.000000000        197949436.214810     
  -66.50000       296000.000000000        198178909.949678     
  -65.50000       296000.000000000        198422452.808625     
  -64.50000       296000.000000000        198680672.249351     
  -63.50000       296000.000000000        198954223.389079     
  -62.50000       296000.000000000        199243812.424117     
  -61.50000       296000.000000000        199550200.419348     
  -60.50000       296000.000000000        199874207.482700     
  -59.50000       296000.000000000        200216717.358614     
  -58.50000       296000.000000000        200578682.503254     
  -57.50000       297000.000000000        200961129.661445     
  -56.50000       297000.000000000        201365166.026778     
  -55.50000       297000.000000000        201791986.027911     
  -54.50000       297000.000000000        202242878.821462     
  -53.50000       297000.000000000        202719236.563339     
  -52.50000       297000.000000000        203222563.561231     
  -51.50000       297000.000000000        203754486.398217     
  -50.50000       297000.000000000        204316765.151764     
  -49.50000       298000.000000000        204911305.829910     
  -48.50000       298000.000000000        205540174.201445     
  -47.50000       298000.000000000        206205611.147593     
  -46.50000       298000.000000000        206910049.781711     
  -45.50000       298000.000000000        207656134.523238     
  -44.50000       299000.000000000        208446742.401994     
  -43.50000       299000.000000000        209285006.892036     
  -42.50000       299000.000000000        210174344.598452     
  -41.50000       299000.000000000        211118485.202804     
  -40.50000       300000.000000000        212121505.122018     
  -39.50000       300000.000000000        213187865.391999     
  -38.50000       300000.000000000        214322454.395125     
  -37.50000       300000.000000000        215530636.123006     
  -36.50000       301000.000000000        216818304.791005     
  -35.50000       301000.000000000        218191946.738902     
  -34.50000       301000.000000000        219658710.704717     
  -33.50000       302000.000000000        221226487.708128     
  -32.50000       302000.000000000        222904001.979653     
  -31.50000       303000.000000000        224700914.518234     
  -30.50000       303000.000000000        226627941.073051     
  -29.50000       304000.000000000        228696986.450859     
  -28.50000       304000.000000000        230921297.102969     
  -27.50000       305000.000000000        233315633.811691     
  -26.50000       305000.000000000        235896465.729564     
  -25.50000       306000.000000000        238682185.849309     
  -24.50000       306000.000000000        241693345.487916     
  -23.50000       307000.000000000        244952900.617085     
  -22.50000       308000.000000000        248486453.943776     
  -21.50000       309000.000000000        252322460.069428     
  -20.50000       310000.000000000        256492330.267389     
  -19.50000       310000.000000000        261030316.578346     
  -18.50000       311000.000000000        265972952.704261     
  -17.50000       312000.000000000        271357660.354709     
  -16.50000       314000.000000000        277219908.291057     
  -15.50000       315000.000000000        283588203.942064     
  -14.50000       316000.000000000        290476746.580335     
  -13.50000       317000.000000000        297877842.781406     
  -12.50000       319000.000000000        305761169.226057     
  -11.50000       320000.000000000        314093193.775794     
  -10.50000       322000.000000000        322889536.467600     
  -9.500000       323000.000000000        332289915.018947     
  -8.500000       324000.000000000        342588647.202060     
  -7.500000       325000.000000000        354096639.523278     
  -6.500000       326000.000000000        366770164.902022     
  -5.500000       330000.000000000        379823783.772483     
  -4.500000       334000.000000000        391820450.387000     
  -3.500000       340000.000000000        401411798.246558     
  -2.500000       346000.000000000        408067071.607477     
  -1.500000       350000.000000000        412049061.517866     
 -0.5000000       352000.000000000        413865334.955226     
  0.5000000       352000.000000000        413865334.955225     
   1.500000       350000.000000000        412049061.517864     
   2.500000       346000.000000000        408067071.607474     
   3.500000       340000.000000000        401411798.246553     
   4.500000       334000.000000000        391820450.386988     
   5.500000       330000.000000000        379823783.772460     
   6.500000       326000.000000000        366770164.901983     
   7.500000       325000.000000000        354096639.523258     
   8.500000       324000.000000000        342588647.202000     
   9.500000       323000.000000000        332289915.018798     
   10.50000       322000.000000000        322889536.467618     
   11.50000       320000.000000000        314093193.775813     
   12.50000       319000.000000000        305761169.226212     
   13.50000       317000.000000000        297877842.781621     
   14.50000       316000.000000000        290476746.580661     
   15.50000       315000.000000000        283588203.942367     
   16.50000       314000.000000000        277219908.291219     
   17.50000       312000.000000000        271357660.354740     
   18.50000       311000.000000000        265972952.704643     
   19.50000       310000.000000000        261030316.578856     
   20.50000       310000.000000000        256492330.267503     
   21.50000       309000.000000000        252322460.069102     
   22.50000       308000.000000000        248486453.943696     
   23.50000       307000.000000000        244952900.616680     
   24.50000       306000.000000000        241693345.487771     
   25.50000       306000.000000000        238682185.849339     
   26.50000       305000.000000000        235896465.729861     
   27.50000       305000.000000000        233315633.811679     
   28.50000       304000.000000000        230921297.103028     
   29.50000       304000.000000000        228696986.451129     
   30.50000       303000.000000000        226627941.074226     
   31.50000       303000.000000000        224700914.518703     
   32.50000       302000.000000000        222904001.980310     
   33.50000       302000.000000000        221226487.708443     
   34.50000       301000.000000000        219658710.704580     
   35.50000       301000.000000000        218191946.739225     
   36.50000       301000.000000000        216818304.790782     
   37.50000       300000.000000000        215530636.122838     
   38.50000       300000.000000000        214322454.394425     
   39.50000       300000.000000000        213187865.391409     
   40.50000       300000.000000000        212121505.121824     
   41.50000       299000.000000000        211118485.202398     
   42.50000       299000.000000000        210174344.597923     
   43.50000       299000.000000000        209285006.891788     
   44.50000       299000.000000000        208446742.401176     
   45.50000       298000.000000000        207656134.522146     
   46.50000       298000.000000000        206910049.781497     
   47.50000       298000.000000000        206205611.147882     
   48.50000       298000.000000000        205540174.201498     
   49.50000       298000.000000000        204911305.829652     
   50.50000       297000.000000000        204316765.150128     
   51.50000       297000.000000000        203754486.396699     
   52.50000       297000.000000000        203222563.560939     
   53.50000       297000.000000000        202719236.563214     
   54.50000       297000.000000000        202242878.821057     
   55.50000       297000.000000000        201791986.027766     
   56.50000       297000.000000000        201365166.027175     
   57.50000       297000.000000000        200961129.662322     
   58.50000       296000.000000000        200578682.503079     
   59.50000       296000.000000000        200216717.358521     
   60.50000       296000.000000000        199874207.482169     
   61.50000       296000.000000000        199550200.418501     
   62.50000       296000.000000000        199243812.422315     
   63.50000       296000.000000000        198954223.387529     
   64.50000       296000.000000000        198680672.247310     
   65.50000       296000.000000000        198422452.805812     
   66.50000       296000.000000000        198178909.945747     
   67.50000       296000.000000000        197949436.209259     
   68.50000       296000.000000000        197733468.696293     
   69.50000       296000.000000000        197530486.282844     
   70.50000       296000.000000000        197340007.130132     
   71.50000       296000.000000000        197161586.485958     
   72.50000       295000.000000000        196994814.765721     
   73.50000       295000.000000000        196839315.952176     
   74.50000       295000.000000000        196694746.302735     
   75.50000       295000.000000000        196560793.477422     
   76.50000       295000.000000000        196437176.148313     
   77.50000       295000.000000000        196323644.286018     
   78.50000       295000.000000000        196219980.445141     
   79.50000       295000.000000000        196126002.602216     
   80.50000       295000.000000000        196041569.583420     
   81.50000       295000.000000000        195966591.086540     
   82.50000       295000.000000000        195901046.433989     
   83.50000       295000.000000000        195845021.035514     
   84.50000       295000.000000000        195798782.097924     
   85.50000       295000.000000000        195762950.076626     
   86.50000       295000.000000000        195738931.642149     
   87.50000       295000.000000000        195730110.392982     
   88.50000       295000.000000000        195742476.859890     
   89.50000       295000.000000000        195482523.808884     
