  -89.50000       297000.000000000        203796433.531499     
  -88.50000       297000.000000000        203533685.459872     
  -87.50000       297000.000000000        203507283.251759     
  -86.50000       297000.000000000        203515475.520317     
  -85.50000       297000.000000000        203540574.598765     
  -84.50000       297000.000000000        203578176.845434     
  -83.50000       297000.000000000        203626689.212225     
  -82.50000       297000.000000000        203685442.846722     
  -81.50000       297000.000000000        203754156.792671     
  -80.50000       297000.000000000        203832743.649772     
  -79.50000       297000.000000000        203921227.306728     
  -78.50000       297000.000000000        204019704.203703     
  -77.50000       297000.000000000        204128323.684543     
  -76.50000       297000.000000000        204247277.583684     
  -75.50000       297000.000000000        204376794.624443     
  -74.50000       297000.000000000        204517137.514412     
  -73.50000       297000.000000000        204668601.650408     
  -72.50000       297000.000000000        204831514.853155     
  -71.50000       297000.000000000        205006237.803962     
  -70.50000       297000.000000000        205193164.981438     
  -69.50000       297000.000000000        205392726.029784     
  -68.50000       297000.000000000        205605387.451701     
  -67.50000       297000.000000000        205831654.629227     
  -66.50000       297000.000000000        206072074.138231     
  -65.50000       297000.000000000        206327236.372021     
  -64.50000       297000.000000000        206597778.463030     
  -63.50000       298000.000000000        206884387.544929     
  -62.50000       298000.000000000        207187804.349445     
  -61.50000       298000.000000000        207508827.186638     
  -60.50000       298000.000000000        207848316.332940     
  -59.50000       298000.000000000        208207198.864999     
  -58.50000       298000.000000000        208586473.987276     
  -57.50000       298000.000000000        208987218.903782     
  -56.50000       298000.000000000        209410595.289479     
  -55.50000       298000.000000000        209857856.431277     
  -54.50000       298000.000000000        210330355.107524     
  -53.50000       299000.000000000        210829552.293418     
  -52.50000       299000.000000000        211357026.787540     
  -51.50000       299000.000000000        211914485.870976     
  -50.50000       299000.000000000        212503777.116648     
  -49.50000       299000.000000000        213126901.487298     
  -48.50000       299000.000000000        213786027.901735     
  -47.50000       299000.000000000        214483509.416096     
  -46.50000       300000.000000000        215221901.265485     
  -45.50000       300000.000000000        216003980.981847     
  -44.50000       300000.000000000        216832770.869772     
  -43.50000       300000.000000000        217711563.167145     
  -42.50000       300000.000000000        218643948.228688     
  -41.50000       301000.000000000        219633846.177155     
  -40.50000       301000.000000000        220685542.504353     
  -39.50000       301000.000000000        221803728.168340     
  -38.50000       302000.000000000        222993544.870945     
  -37.50000       302000.000000000        224260636.249271     
  -36.50000       302000.000000000        225611205.886674     
  -35.50000       303000.000000000        227052083.156034     
  -34.50000       303000.000000000        228590798.105546     
  -33.50000       303000.000000000        230235666.767655     
  -32.50000       304000.000000000        231995888.496368     
  -31.50000       304000.000000000        233881657.168438     
  -30.50000       305000.000000000        235904288.334414     
  -29.50000       305000.000000000        238076364.613140     
  -28.50000       306000.000000000        240411901.805430     
  -27.50000       306000.000000000        242926538.224418     
  -26.50000       307000.000000000        245637749.411144     
  -25.50000       307000.000000000        248565089.532131     
  -24.50000       308000.000000000        251730458.692748     
  -23.50000       309000.000000000        255158391.240271     
  -22.50000       309000.000000000        258876352.023110     
  -21.50000       310000.000000000        262915012.150230     
  -20.50000       311000.000000000        267308446.694026     
  -19.50000       312000.000000000        272094142.394700     
  -18.50000       313000.000000000        277312604.617698     
  -17.50000       314000.000000000        283006187.050500     
  -16.50000       315000.000000000        289216542.309879     
  -15.50000       316000.000000000        295979954.669517     
  -14.50000       317000.000000000        303320278.067397     
  -13.50000       319000.000000000        311241309.246502     
  -12.50000       320000.000000000        319725219.457220     
  -11.50000       322000.000000000        328749841.962751     
  -10.50000       323000.000000000        338337350.972222     
  -9.500000       324000.000000000        348624304.617915     
  -8.500000       325000.000000000        359886963.471786     
  -7.500000       326000.000000000        372399073.905607     
  -6.500000       328000.000000000        386058842.266232     
  -5.500000       331000.000000000        400005673.837294     
  -4.500000       336000.000000000        412726996.796177     
  -3.500000       342000.000000000        422830141.651494     
  -2.500000       347000.000000000        429794977.925046     
  -1.500000       351000.000000000        433936055.854353     
 -0.5000000       354000.000000000        435815445.401049     
  0.5000000       354000.000000000        435815445.401050     
   1.500000       351000.000000000        433936055.854357     
   2.500000       347000.000000000        429794977.925054     
   3.500000       342000.000000000        422830141.651511     
   4.500000       336000.000000000        412726996.796204     
   5.500000       331000.000000000        400005673.837346     
   6.500000       328000.000000000        386058842.266298     
   7.500000       326000.000000000        372399073.905718     
   8.500000       325000.000000000        359886963.471919     
   9.500000       324000.000000000        348624304.617925     
   10.50000       323000.000000000        338337350.972253     
   11.50000       322000.000000000        328749841.962700     
   12.50000       320000.000000000        319725219.457205     
   13.50000       319000.000000000        311241309.246550     
   14.50000       317000.000000000        303320278.067554     
   15.50000       316000.000000000        295979954.669669     
   16.50000       315000.000000000        289216542.309848     
   17.50000       314000.000000000        283006187.050319     
   18.50000       313000.000000000        277312604.617765     
   19.50000       312000.000000000        272094142.395038     
   20.50000       311000.000000000        267308446.694055     
   21.50000       310000.000000000        262915012.149871     
   22.50000       309000.000000000        258876352.023132     
   23.50000       309000.000000000        255158391.240118     
   24.50000       308000.000000000        251730458.692532     
   25.50000       307000.000000000        248565089.532154     
   26.50000       307000.000000000        245637749.411497     
   27.50000       306000.000000000        242926538.224575     
   28.50000       306000.000000000        240411901.805643     
   29.50000       305000.000000000        238076364.613797     
   30.50000       305000.000000000        235904288.335766     
   31.50000       304000.000000000        233881657.168919     
   32.50000       304000.000000000        231995888.496973     
   33.50000       303000.000000000        230235666.768264     
   34.50000       303000.000000000        228590798.105692     
   35.50000       303000.000000000        227052083.155938     
   36.50000       302000.000000000        225611205.886503     
   37.50000       302000.000000000        224260636.249148     
   38.50000       302000.000000000        222993544.870290     
   39.50000       301000.000000000        221803728.167736     
   40.50000       301000.000000000        220685542.504238     
   41.50000       301000.000000000        219633846.177116     
   42.50000       300000.000000000        218643948.228143     
   43.50000       300000.000000000        217711563.166945     
   44.50000       300000.000000000        216832770.869208     
   45.50000       300000.000000000        216003980.980652     
   46.50000       300000.000000000        215221901.265350     
   47.50000       299000.000000000        214483509.416894     
   48.50000       299000.000000000        213786027.902414     
   49.50000       299000.000000000        213126901.487180     
   50.50000       299000.000000000        212503777.115317     
   51.50000       299000.000000000        211914485.869508     
   52.50000       299000.000000000        211357026.787279     
   53.50000       299000.000000000        210829552.293362     
   54.50000       298000.000000000        210330355.107443     
   55.50000       298000.000000000        209857856.431213     
   56.50000       298000.000000000        209410595.290167     
   57.50000       298000.000000000        208987218.904258     
   58.50000       298000.000000000        208586473.987044     
   59.50000       298000.000000000        208207198.864751     
   60.50000       298000.000000000        207848316.332376     
   61.50000       298000.000000000        207508827.185811     
   62.50000       298000.000000000        207187804.348044     
   63.50000       298000.000000000        206884387.543406     
   64.50000       297000.000000000        206597778.460968     
   65.50000       297000.000000000        206327236.369167     
   66.50000       297000.000000000        206072074.134237     
   67.50000       297000.000000000        205831654.623583     
   68.50000       297000.000000000        205605387.443651     
   69.50000       297000.000000000        205392726.018137     
   70.50000       297000.000000000        205193164.964376     
   71.50000       297000.000000000        205006237.778554     
   72.50000       297000.000000000        204831514.815068     
   73.50000       297000.000000000        204668601.592227     
   74.50000       297000.000000000        204517137.423669     
   75.50000       297000.000000000        204376794.480239     
   76.50000       297000.000000000        204247277.349338     
   77.50000       297000.000000000        204128323.293931     
   78.50000       297000.000000000        204019703.533481     
   79.50000       297000.000000000        203921226.117597     
   80.50000       297000.000000000        203832741.454687     
   81.50000       297000.000000000        203754152.547857     
   82.50000       297000.000000000        203685434.153694     
   83.50000       297000.000000000        203626670.090275     
   84.50000       297000.000000000        203578130.706266     
   85.50000       297000.000000000        203540448.392055     
   86.50000       297000.000000000        203515061.069116     
   87.50000       297000.000000000        203505434.553566     
   88.50000       297000.000000000        203517790.191419     
   89.50000       297000.000000000        203256060.500393     
