  -89.50000       294000.000000000        213811988.351560     
  -88.50000       293000.000000000        213512995.249035     
  -87.50000       293000.000000000        213482822.407580     
  -86.50000       293000.000000000        213490467.313547     
  -85.50000       293000.000000000        213516193.793140     
  -84.50000       293000.000000000        213555146.893474     
  -83.50000       294000.000000000        213605576.466837     
  -82.50000       294000.000000000        213666746.196646     
  -81.50000       294000.000000000        213738343.261947     
  -80.50000       294000.000000000        213820265.256352     
  -79.50000       294000.000000000        213912530.150086     
  -78.50000       294000.000000000        214015233.963962     
  -77.50000       294000.000000000        214128529.286455     
  -76.50000       294000.000000000        214252613.889034     
  -75.50000       294000.000000000        214387724.548496     
  -74.50000       294000.000000000        214534133.843227     
  -73.50000       294000.000000000        214692148.677323     
  -72.50000       294000.000000000        214862109.906330     
  -71.50000       294000.000000000        215044392.753245     
  -70.50000       294000.000000000        215239407.736047     
  -69.50000       294000.000000000        215447602.059730     
  -68.50000       294000.000000000        215669461.356443     
  -67.50000       294000.000000000        215905511.776968     
  -66.50000       294000.000000000        216156322.375073     
  -65.50000       294000.000000000        216422507.826027     
  -64.50000       294000.000000000        216704731.463385     
  -63.50000       294000.000000000        217003708.651998     
  -62.50000       294000.000000000        217320210.521192     
  -61.50000       295000.000000000        217655068.103105     
  -60.50000       295000.000000000        218009176.869013     
  -59.50000       295000.000000000        218383501.755257     
  -58.50000       295000.000000000        218779082.689779     
  -57.50000       295000.000000000        219197040.675777     
  -56.50000       295000.000000000        219638584.511398     
  -55.50000       295000.000000000        220105018.191894     
  -54.50000       295000.000000000        220597749.075966     
  -53.50000       295000.000000000        221118296.912194     
  -52.50000       296000.000000000        221668303.815170     
  -51.50000       296000.000000000        222249545.311977     
  -50.50000       296000.000000000        222863942.569689     
  -49.50000       296000.000000000        223513575.968715     
  -48.50000       296000.000000000        224200700.177848     
  -47.50000       296000.000000000        224927760.905877     
  -46.50000       297000.000000000        225697413.573326     
  -45.50000       297000.000000000        226512544.125754     
  -44.50000       297000.000000000        227376292.281757     
  -43.50000       297000.000000000        228292077.538974     
  -42.50000       297000.000000000        229263628.314264     
  -41.50000       298000.000000000        230295014.653535     
  -40.50000       298000.000000000        231390685.000002     
  -39.50000       298000.000000000        232555507.614111     
  -38.50000       298000.000000000        233794817.315461     
  -37.50000       299000.000000000        235114468.325987     
  -36.50000       299000.000000000        236520894.128560     
  -35.50000       299000.000000000        238021175.398692     
  -34.50000       300000.000000000        239623117.249510     
  -33.50000       300000.000000000        241335337.221987     
  -32.50000       301000.000000000        243167365.662730     
  -31.50000       301000.000000000        245129760.412577     
  -30.50000       302000.000000000        247234237.946439     
  -29.50000       302000.000000000        249493823.383833     
  -28.50000       303000.000000000        251923021.936921     
  -27.50000       303000.000000000        254538014.462146     
  -26.50000       304000.000000000        257356879.447823     
  -25.50000       304000.000000000        260399842.950291     
  -24.50000       305000.000000000        263689555.982394     
  -23.50000       306000.000000000        267251394.753926     
  -22.50000       306000.000000000        271113771.197150     
  -21.50000       307000.000000000        275308426.140686     
  -20.50000       308000.000000000        279870649.408563     
  -19.50000       309000.000000000        284839319.575784     
  -18.50000       310000.000000000        290256564.512592     
  -17.50000       311000.000000000        296166693.290753     
  -16.50000       312000.000000000        302613848.620419     
  -15.50000       313000.000000000        309637709.570139     
  -14.50000       315000.000000000        317266999.486051     
  -13.50000       316000.000000000        325512496.397431     
  -12.50000       317000.000000000        334365720.032274     
  -11.50000       319000.000000000        343815312.276570     
  -10.50000       320000.000000000        353892829.783138     
  -9.500000       321000.000000000        364737666.859622     
  -8.500000       322000.000000000        376616040.016555     
  -7.500000       324000.000000000        389773830.453210     
  -6.500000       326000.000000000        404063236.820738     
  -5.500000       329000.000000000        418566610.102501     
  -4.500000       334000.000000000        431720969.890323     
  -3.500000       339000.000000000        442114772.956619     
  -2.500000       345000.000000000        449249724.088563     
  -1.500000       349000.000000000        453479999.392879     
 -0.5000000       352000.000000000        455396984.861394     
  0.5000000       352000.000000000        455396984.861395     
   1.500000       349000.000000000        453479999.392882     
   2.500000       345000.000000000        449249724.088569     
   3.500000       339000.000000000        442114772.956637     
   4.500000       334000.000000000        431720969.890346     
   5.500000       329000.000000000        418566610.102535     
   6.500000       326000.000000000        404063236.820785     
   7.500000       324000.000000000        389773830.453320     
   8.500000       322000.000000000        376616040.016688     
   9.500000       321000.000000000        364737666.859674     
   10.50000       320000.000000000        353892829.783032     
   11.50000       319000.000000000        343815312.276531     
   12.50000       317000.000000000        334365720.032143     
   13.50000       316000.000000000        325512496.397395     
   14.50000       315000.000000000        317266999.485941     
   15.50000       313000.000000000        309637709.570269     
   16.50000       312000.000000000        302613848.620558     
   17.50000       311000.000000000        296166693.291110     
   18.50000       310000.000000000        290256564.513253     
   19.50000       309000.000000000        284839319.576403     
   20.50000       308000.000000000        279870649.409406     
   21.50000       307000.000000000        275308426.141710     
   22.50000       306000.000000000        271113771.197522     
   23.50000       306000.000000000        267251394.754228     
   24.50000       305000.000000000        263689555.983303     
   25.50000       304000.000000000        260399842.950412     
   26.50000       304000.000000000        257356879.447316     
   27.50000       303000.000000000        254538014.462253     
   28.50000       303000.000000000        251923021.936767     
   29.50000       302000.000000000        249493823.383232     
   30.50000       302000.000000000        247234237.946041     
   31.50000       301000.000000000        245129760.412657     
   32.50000       301000.000000000        243167365.663338     
   33.50000       300000.000000000        241335337.221684     
   34.50000       300000.000000000        239623117.249347     
   35.50000       299000.000000000        238021175.398233     
   36.50000       299000.000000000        236520894.128099     
   37.50000       299000.000000000        235114468.325785     
   38.50000       298000.000000000        233794817.315100     
   39.50000       298000.000000000        232555507.614224     
   40.50000       298000.000000000        231390685.000128     
   41.50000       298000.000000000        230295014.654179     
   42.50000       297000.000000000        229263628.314368     
   43.50000       297000.000000000        228292077.538625     
   44.50000       297000.000000000        227376292.282609     
   45.50000       297000.000000000        226512544.125666     
   46.50000       297000.000000000        225697413.573116     
   47.50000       296000.000000000        224927760.904760     
   48.50000       296000.000000000        224200700.176620     
   49.50000       296000.000000000        223513575.968152     
   50.50000       296000.000000000        222863942.567871     
   51.50000       296000.000000000        222249545.311625     
   52.50000       296000.000000000        221668303.814919     
   53.50000       295000.000000000        221118296.912234     
   54.50000       295000.000000000        220597749.074901     
   55.50000       295000.000000000        220105018.191038     
   56.50000       295000.000000000        219638584.510184     
   57.50000       295000.000000000        219197040.675038     
   58.50000       295000.000000000        218779082.688722     
   59.50000       295000.000000000        218383501.754212     
   60.50000       295000.000000000        218009176.867181     
   61.50000       295000.000000000        217655068.100655     
   62.50000       294000.000000000        217320210.517843     
   63.50000       294000.000000000        217003708.647620     
   64.50000       294000.000000000        216704731.457569     
   65.50000       294000.000000000        216422507.818148     
   66.50000       294000.000000000        216156322.364305     
   67.50000       294000.000000000        215905511.762097     
   68.50000       294000.000000000        215669461.335707     
   69.50000       294000.000000000        215447602.030510     
   70.50000       294000.000000000        215239407.694351     
   71.50000       294000.000000000        215044392.693106     
   72.50000       294000.000000000        214862109.819163     
   73.50000       294000.000000000        214692148.546060     
   74.50000       294000.000000000        214534133.644445     
   75.50000       294000.000000000        214387724.241784     
   76.50000       294000.000000000        214252613.405597     
   77.50000       294000.000000000        214128528.505805     
   78.50000       294000.000000000        214015232.667995     
   79.50000       294000.000000000        213912527.928553     
   80.50000       294000.000000000        213820261.302161     
   81.50000       294000.000000000        213738335.900007     
   82.50000       294000.000000000        213666731.717276     
   83.50000       294000.000000000        213605545.963405     
   84.50000       293000.000000000        213555076.645014     
   85.50000       293000.000000000        213516011.193213     
   86.50000       293000.000000000        213489900.882623     
   87.50000       293000.000000000        213480460.590281     
   88.50000       293000.000000000        213494450.524930     
   89.50000       293000.000000000        213240142.771898     
