  -89.50000       296000.000000000        219437745.739832     
  -88.50000       296000.000000000        219150293.154980     
  -87.50000       296000.000000000        219121034.724790     
  -86.50000       296000.000000000        219129335.243051     
  -85.50000       296000.000000000        219155868.886917     
  -84.50000       296000.000000000        219195827.655358     
  -83.50000       296000.000000000        219247471.077238     
  -82.50000       296000.000000000        219310066.661534     
  -81.50000       296000.000000000        219383304.633610     
  -80.50000       296000.000000000        219467085.859212     
  -79.50000       296000.000000000        219561432.093829     
  -78.50000       296000.000000000        219666443.677825     
  -77.50000       296000.000000000        219782278.101844     
  -76.50000       296000.000000000        219909138.616071     
  -75.50000       296000.000000000        220047268.079342     
  -74.50000       296000.000000000        220196945.771625     
  -73.50000       296000.000000000        220358485.950385     
  -72.50000       296000.000000000        220532237.501260     
  -71.50000       296000.000000000        220718584.394409     
  -70.50000       296000.000000000        220917946.644211     
  -69.50000       296000.000000000        221130781.746794     
  -68.50000       296000.000000000        221357586.486208     
  -67.50000       296000.000000000        221598899.052462     
  -66.50000       296000.000000000        221855301.511621     
  -65.50000       296000.000000000        222127422.578730     
  -64.50000       297000.000000000        222415940.728260     
  -63.50000       297000.000000000        222721587.650425     
  -62.50000       297000.000000000        223045152.071098     
  -61.50000       297000.000000000        223387483.984629     
  -60.50000       297000.000000000        223749499.302914     
  -59.50000       297000.000000000        224132184.989083     
  -58.50000       297000.000000000        224536604.721829     
  -57.50000       297000.000000000        224963905.114600     
  -56.50000       297000.000000000        225415322.594225     
  -55.50000       297000.000000000        225892190.963073     
  -54.50000       297000.000000000        226395949.767482     
  -53.50000       298000.000000000        226928153.527418     
  -52.50000       298000.000000000        227490481.933273     
  -51.50000       298000.000000000        228084751.153393     
  -50.50000       298000.000000000        228712926.332866     
  -49.50000       298000.000000000        229377135.471267     
  -48.50000       298000.000000000        230079684.843796     
  -47.50000       299000.000000000        230823076.112716     
  -46.50000       299000.000000000        231610025.419253     
  -45.50000       299000.000000000        232443484.640819     
  -44.50000       299000.000000000        233326665.135714     
  -43.50000       299000.000000000        234263064.298023     
  -42.50000       300000.000000000        235256495.296197     
  -41.50000       300000.000000000        236311120.420941     
  -40.50000       300000.000000000        237431488.567751     
  -39.50000       300000.000000000        238622577.420634     
  -38.50000       301000.000000000        239889840.998684     
  -37.50000       301000.000000000        241239263.349676     
  -36.50000       301000.000000000        242677419.286494     
  -35.50000       302000.000000000        244211543.196421     
  -34.50000       302000.000000000        245849607.114864     
  -33.50000       302000.000000000        247600409.411388     
  -32.50000       303000.000000000        249473675.657875     
  -31.50000       303000.000000000        251480173.423798     
  -30.50000       304000.000000000        253631842.877709     
  -29.50000       304000.000000000        255941945.282417     
  -28.50000       305000.000000000        258425231.416957     
  -27.50000       305000.000000000        261098131.743479     
  -26.50000       306000.000000000        263978969.504448     
  -25.50000       306000.000000000        267088196.432469     
  -24.50000       307000.000000000        270448647.849745     
  -23.50000       308000.000000000        274085808.370394     
  -22.50000       308000.000000000        278028069.071882     
  -21.50000       309000.000000000        282306937.956970     
  -20.50000       310000.000000000        286957130.296453     
  -19.50000       311000.000000000        292016400.725278     
  -18.50000       312000.000000000        297524863.234977     
  -17.50000       313000.000000000        303523355.138985     
  -16.50000       314000.000000000        310050154.604560     
  -15.50000       315000.000000000        317135249.710448     
  -14.50000       317000.000000000        324791995.381622     
  -13.50000       318000.000000000        333008583.371767     
  -12.50000       319000.000000000        341747395.135034     
  -11.50000       321000.000000000        350967343.032958     
  -10.50000       322000.000000000        360683746.697384     
  -9.500000       323000.000000000        371054311.799043     
  -8.500000       324000.000000000        382415904.878399     
  -7.500000       325000.000000000        395131823.235290     
  -6.500000       327000.000000000        409174319.870696     
  -5.500000       330000.000000000        423683734.216922     
  -4.500000       335000.000000000        437059505.762426     
  -3.500000       340000.000000000        447784901.388813     
  -2.500000       346000.000000000        455248516.009529     
  -1.500000       350000.000000000        459726353.412066     
 -0.5000000       353000.000000000        461773202.006409     
  0.5000000       353000.000000000        461773202.006410     
   1.500000       350000.000000000        459726353.412066     
   2.500000       346000.000000000        455248516.009530     
   3.500000       340000.000000000        447784901.388813     
   4.500000       335000.000000000        437059505.762433     
   5.500000       330000.000000000        423683734.216946     
   6.500000       327000.000000000        409174319.870717     
   7.500000       325000.000000000        395131823.235291     
   8.500000       324000.000000000        382415904.878414     
   9.500000       323000.000000000        371054311.799001     
   10.50000       322000.000000000        360683746.697290     
   11.50000       321000.000000000        350967343.032811     
   12.50000       319000.000000000        341747395.134859     
   13.50000       318000.000000000        333008583.371583     
   14.50000       317000.000000000        324791995.381731     
   15.50000       315000.000000000        317135249.710743     
   16.50000       314000.000000000        310050154.605091     
   17.50000       313000.000000000        303523355.139825     
   18.50000       312000.000000000        297524863.235633     
   19.50000       311000.000000000        292016400.725988     
   20.50000       310000.000000000        286957130.296452     
   21.50000       309000.000000000        282306937.956961     
   22.50000       308000.000000000        278028069.071425     
   23.50000       308000.000000000        274085808.369816     
   24.50000       307000.000000000        270448647.849624     
   25.50000       306000.000000000        267088196.432422     
   26.50000       306000.000000000        263978969.504399     
   27.50000       305000.000000000        261098131.743516     
   28.50000       305000.000000000        258425231.416831     
   29.50000       304000.000000000        255941945.281918     
   30.50000       304000.000000000        253631842.876579     
   31.50000       303000.000000000        251480173.423376     
   32.50000       303000.000000000        249473675.657356     
   33.50000       302000.000000000        247600409.410957     
   34.50000       302000.000000000        245849607.114872     
   35.50000       302000.000000000        244211543.196927     
   36.50000       301000.000000000        242677419.286506     
   37.50000       301000.000000000        241239263.349769     
   38.50000       301000.000000000        239889840.999077     
   39.50000       300000.000000000        238622577.421121     
   40.50000       300000.000000000        237431488.567756     
   41.50000       300000.000000000        236311120.420459     
   42.50000       300000.000000000        235256495.295681     
   43.50000       299000.000000000        234263064.297728     
   44.50000       299000.000000000        233326665.134795     
   45.50000       299000.000000000        232443484.639752     
   46.50000       299000.000000000        231610025.420007     
   47.50000       299000.000000000        230823076.112861     
   48.50000       298000.000000000        230079684.844371     
   49.50000       298000.000000000        229377135.470983     
   50.50000       298000.000000000        228712926.330771     
   51.50000       298000.000000000        228084751.152885     
   52.50000       298000.000000000        227490481.933015     
   53.50000       298000.000000000        226928153.526799     
   54.50000       297000.000000000        226395949.767516     
   55.50000       297000.000000000        225892190.962854     
   56.50000       297000.000000000        225415322.593782     
   57.50000       297000.000000000        224963905.115238     
   58.50000       297000.000000000        224536604.721564     
   59.50000       297000.000000000        224132184.988902     
   60.50000       297000.000000000        223749499.302278     
   61.50000       297000.000000000        223387483.983831     
   62.50000       297000.000000000        223045152.070818     
   63.50000       297000.000000000        222721587.648479     
   64.50000       297000.000000000        222415940.725944     
   65.50000       296000.000000000        222127422.575542     
   66.50000       296000.000000000        221855301.507160     
   67.50000       296000.000000000        221598899.046160     
   68.50000       296000.000000000        221357586.477202     
   69.50000       296000.000000000        221130781.733762     
   70.50000       296000.000000000        220917946.625194     
   71.50000       296000.000000000        220718584.366140     
   72.50000       296000.000000000        220532237.458884     
   73.50000       296000.000000000        220358485.885518     
   74.50000       296000.000000000        220196945.670739     
   75.50000       296000.000000000        220047267.919138     
   76.50000       296000.000000000        219909138.355906     
   77.50000       296000.000000000        219782277.668508     
   78.50000       296000.000000000        219666442.934851     
   79.50000       296000.000000000        219561430.776582     
   80.50000       296000.000000000        219467083.430241     
   81.50000       296000.000000000        219383299.939815     
   82.50000       296000.000000000        219310057.058016     
   83.50000       296000.000000000        219247449.973912     
   84.50000       296000.000000000        219195776.792139     
   85.50000       296000.000000000        219155729.932841     
   86.50000       296000.000000000        219128879.577273     
   87.50000       296000.000000000        219119004.750242     
   88.50000       296000.000000000        219132840.694082     
   89.50000       296000.000000000        218847030.188028     
