  -89.50000       293000.000000000        211844159.768060     
  -88.50000       293000.000000000        211565334.854619     
  -87.50000       293000.000000000        211536919.342290     
  -86.50000       293000.000000000        211545029.693880     
  -85.50000       293000.000000000        211570899.424282     
  -84.50000       293000.000000000        211609850.659732     
  -83.50000       293000.000000000        211660189.187964     
  -82.50000       293000.000000000        211721201.961338     
  -81.50000       293000.000000000        211792587.561081     
  -80.50000       293000.000000000        211874249.742569     
  -79.50000       293000.000000000        211966210.039536     
  -78.50000       293000.000000000        212068566.578639     
  -77.50000       293000.000000000        212181473.202645     
  -76.50000       293000.000000000        212305128.377796     
  -75.50000       293000.000000000        212439769.214113     
  -74.50000       293000.000000000        212585668.363881     
  -73.50000       293000.000000000        212743132.608250     
  -72.50000       293000.000000000        212912502.548488     
  -71.50000       294000.000000000        213094153.028975     
  -70.50000       294000.000000000        213288494.103948     
  -69.50000       294000.000000000        213495972.438415     
  -68.50000       294000.000000000        213717073.065777     
  -67.50000       294000.000000000        213952321.480614     
  -66.50000       294000.000000000        214202286.048859     
  -65.50000       294000.000000000        214467580.723675     
  -64.50000       294000.000000000        214748868.091272     
  -63.50000       294000.000000000        215046862.759661     
  -62.50000       294000.000000000        215362335.099126     
  -61.50000       294000.000000000        215696115.380189     
  -60.50000       294000.000000000        216049098.344606     
  -59.50000       294000.000000000        216422248.229559     
  -58.50000       294000.000000000        216816604.317360     
  -57.50000       295000.000000000        217233287.035839     
  -56.50000       295000.000000000        217673504.698795     
  -55.50000       295000.000000000        218138560.942479     
  -54.50000       295000.000000000        218629862.913275     
  -53.50000       295000.000000000        219148930.340476     
  -52.50000       295000.000000000        219697405.548420     
  -51.50000       295000.000000000        220277064.551133     
  -50.50000       295000.000000000        220889829.352542     
  -49.50000       296000.000000000        221537781.574502     
  -48.50000       296000.000000000        222223177.617875     
  -47.50000       296000.000000000        222948465.516519     
  -46.50000       296000.000000000        223716303.716173     
  -45.50000       296000.000000000        224529582.022255     
  -44.50000       297000.000000000        225391445.004052     
  -43.50000       297000.000000000        226305318.189083     
  -42.50000       297000.000000000        227274937.414738     
  -41.50000       297000.000000000        228304381.795990     
  -40.50000       298000.000000000        229398110.793689     
  -39.50000       298000.000000000        230561005.993868     
  -38.50000       298000.000000000        231798418.257804     
  -37.50000       298000.000000000        233116221.061310     
  -36.50000       299000.000000000        234520870.922366     
  -35.50000       299000.000000000        236019476.017018     
  -34.50000       299000.000000000        237619874.203264     
  -33.50000       300000.000000000        239330721.933027     
  -32.50000       300000.000000000        241161595.707371     
  -31.50000       301000.000000000        243123107.992338     
  -30.50000       301000.000000000        245227039.781686     
  -29.50000       302000.000000000        247486492.213827     
  -28.50000       302000.000000000        249916059.823849     
  -27.50000       303000.000000000        252532028.063959     
  -26.50000       303000.000000000        255352597.374321     
  -25.50000       304000.000000000        258398135.213020     
  -24.50000       305000.000000000        261691455.313179     
  -23.50000       305000.000000000        265258119.142464     
  -22.50000       306000.000000000        269126746.141091     
  -21.50000       307000.000000000        273329303.277114     
  -20.50000       308000.000000000        277901314.014469     
  -19.50000       309000.000000000        282881869.531858     
  -18.50000       310000.000000000        288313220.165092     
  -17.50000       311000.000000000        294239547.925551     
  -16.50000       312000.000000000        300704279.722306     
  -15.50000       313000.000000000        307745157.151021     
  -14.50000       314000.000000000        315386785.950406     
  -13.50000       316000.000000000        323632665.177247     
  -12.50000       317000.000000000        332463814.448019     
  -11.50000       319000.000000000        341857560.935909     
  -10.50000       320000.000000000        351839336.911905     
  -9.500000       321000.000000000        362555711.383132     
  -8.500000       323000.000000000        374297443.511174     
  -7.500000       324000.000000000        387344051.631774     
  -6.500000       326000.000000000        401570379.672624     
  -5.500000       329000.000000000        416056490.716440     
  -4.500000       334000.000000000        429220593.137809     
  -3.500000       340000.000000000        439632558.979480     
  -2.500000       345000.000000000        446781159.606792     
  -1.500000       349000.000000000        451015419.283378     
 -0.5000000       352000.000000000        452931332.696184     
  0.5000000       352000.000000000        452931332.696185     
   1.500000       349000.000000000        451015419.283377     
   2.500000       345000.000000000        446781159.606788     
   3.500000       340000.000000000        439632558.979470     
   4.500000       334000.000000000        429220593.137792     
   5.500000       329000.000000000        416056490.716410     
   6.500000       326000.000000000        401570379.672559     
   7.500000       324000.000000000        387344051.631679     
   8.500000       323000.000000000        374297443.511034     
   9.500000       321000.000000000        362555711.382844     
   10.50000       320000.000000000        351839336.911577     
   11.50000       319000.000000000        341857560.935552     
   12.50000       317000.000000000        332463814.447807     
   13.50000       316000.000000000        323632665.177106     
   14.50000       314000.000000000        315386785.950387     
   15.50000       313000.000000000        307745157.150944     
   16.50000       312000.000000000        300704279.721832     
   17.50000       311000.000000000        294239547.924600     
   18.50000       310000.000000000        288313220.164422     
   19.50000       309000.000000000        282881869.531515     
   20.50000       308000.000000000        277901314.014516     
   21.50000       307000.000000000        273329303.277522     
   22.50000       306000.000000000        269126746.141085     
   23.50000       305000.000000000        265258119.142137     
   24.50000       305000.000000000        261691455.312964     
   25.50000       304000.000000000        258398135.212872     
   26.50000       303000.000000000        255352597.374017     
   27.50000       303000.000000000        252532028.063792     
   28.50000       302000.000000000        249916059.823728     
   29.50000       302000.000000000        247486492.213544     
   30.50000       301000.000000000        245227039.781482     
   31.50000       301000.000000000        243123107.992104     
   32.50000       300000.000000000        241161595.706755     
   33.50000       300000.000000000        239330721.933022     
   34.50000       299000.000000000        237619874.203243     
   35.50000       299000.000000000        236019476.017171     
   36.50000       299000.000000000        234520870.923177     
   37.50000       298000.000000000        233116221.061590     
   38.50000       298000.000000000        231798418.258406     
   39.50000       298000.000000000        230561005.994966     
   40.50000       298000.000000000        229398110.793717     
   41.50000       297000.000000000        228304381.795100     
   42.50000       297000.000000000        227274937.414982     
   43.50000       297000.000000000        226305318.189276     
   44.50000       297000.000000000        225391445.004903     
   45.50000       296000.000000000        224529582.022506     
   46.50000       296000.000000000        223716303.716221     
   47.50000       296000.000000000        222948465.516359     
   48.50000       296000.000000000        222223177.616382     
   49.50000       296000.000000000        221537781.574137     
   50.50000       295000.000000000        220889829.351737     
   51.50000       295000.000000000        220277064.551435     
   52.50000       295000.000000000        219697405.548369     
   53.50000       295000.000000000        219148930.340368     
   54.50000       295000.000000000        218629862.913294     
   55.50000       295000.000000000        218138560.942444     
   56.50000       295000.000000000        217673504.699779     
   57.50000       295000.000000000        217233287.035617     
   58.50000       294000.000000000        216816604.317071     
   59.50000       294000.000000000        216422248.229424     
   60.50000       294000.000000000        216049098.344078     
   61.50000       294000.000000000        215696115.379284     
   62.50000       294000.000000000        215362335.097028     
   63.50000       294000.000000000        215046862.758006     
   64.50000       294000.000000000        214748868.088852     
   65.50000       294000.000000000        214467580.720694     
   66.50000       294000.000000000        214202286.044716     
   67.50000       294000.000000000        213952321.474766     
   68.50000       294000.000000000        213717073.057417     
   69.50000       294000.000000000        213495972.426333     
   70.50000       294000.000000000        213288494.086226     
   71.50000       294000.000000000        213094153.002613     
   72.50000       293000.000000000        212912502.508767     
   73.50000       293000.000000000        212743132.547463     
   74.50000       293000.000000000        212585668.269074     
   75.50000       293000.000000000        212439769.063236     
   76.50000       293000.000000000        212305128.132231     
   77.50000       293000.000000000        212181472.792689     
   78.50000       293000.000000000        212068565.874094     
   79.50000       293000.000000000        211966208.787881     
   80.50000       293000.000000000        211874247.427457     
   81.50000       293000.000000000        211792583.074790     
   82.50000       293000.000000000        211721192.755260     
   83.50000       293000.000000000        211660168.893615     
   84.50000       293000.000000000        211609801.575950     
   85.50000       293000.000000000        211570764.810062     
   86.50000       293000.000000000        211544586.312280     
   87.50000       293000.000000000        211534934.515620     
   88.50000       293000.000000000        211548165.909152     
   89.50000       293000.000000000        211252123.626977     
