  -89.50000       295000.000000000        216628893.774174     
  -88.50000       295000.000000000        216337661.663524     
  -87.50000       295000.000000000        216308060.643800     
  -86.50000       295000.000000000        216316061.308310     
  -85.50000       295000.000000000        216342211.019802     
  -84.50000       295000.000000000        216381688.075721     
  -83.50000       295000.000000000        216432749.233974     
  -82.50000       295000.000000000        216494660.691974     
  -81.50000       295000.000000000        216567111.408782     
  -80.50000       295000.000000000        216650000.752605     
  -79.50000       295000.000000000        216743348.720567     
  -78.50000       295000.000000000        216847253.621204     
  -77.50000       295000.000000000        216961870.642545     
  -76.50000       295000.000000000        217087400.445120     
  -75.50000       295000.000000000        217224083.030662     
  -74.50000       295000.000000000        217372194.523410     
  -73.50000       295000.000000000        217532045.715524     
  -72.50000       295000.000000000        217703981.722270     
  -71.50000       295000.000000000        217888382.400758     
  -70.50000       295000.000000000        218085663.305673     
  -69.50000       295000.000000000        218296277.103841     
  -68.50000       295000.000000000        218520715.345062     
  -67.50000       295000.000000000        218759510.580461     
  -66.50000       295000.000000000        219013238.780585     
  -65.50000       295000.000000000        219282522.088675     
  -64.50000       295000.000000000        219568031.904386     
  -63.50000       296000.000000000        219870492.286729     
  -62.50000       296000.000000000        220190683.756012     
  -61.50000       296000.000000000        220529447.460375     
  -60.50000       296000.000000000        220887689.793702     
  -59.50000       296000.000000000        221266387.472511     
  -58.50000       296000.000000000        221666593.140317     
  -57.50000       296000.000000000        222089441.525794     
  -56.50000       296000.000000000        222536156.247195     
  -55.50000       296000.000000000        223008057.313592     
  -54.50000       296000.000000000        223506569.394678     
  -53.50000       297000.000000000        224033230.959805     
  -52.50000       297000.000000000        224589704.393529     
  -51.50000       297000.000000000        225177787.167427     
  -50.50000       297000.000000000        225799424.240489     
  -49.50000       297000.000000000        226456721.791396     
  -48.50000       297000.000000000        227151962.494031     
  -47.50000       298000.000000000        227887622.483447     
  -46.50000       298000.000000000        228666390.258845     
  -45.50000       298000.000000000        229491187.755228     
  -44.50000       298000.000000000        230365193.890464     
  -43.50000       298000.000000000        231291870.878395     
  -42.50000       299000.000000000        232274993.730985     
  -41.50000       299000.000000000        233318683.345718     
  -40.50000       299000.000000000        234427443.707698     
  -39.50000       299000.000000000        235606203.771208     
  -38.50000       300000.000000000        236860364.694765     
  -37.50000       300000.000000000        238195853.230870     
  -36.50000       300000.000000000        239619182.152343     
  -35.50000       301000.000000000        241137518.766152     
  -34.50000       301000.000000000        242758762.758435     
  -33.50000       301000.000000000        244491634.721037     
  -32.50000       302000.000000000        246345777.024022     
  -31.50000       302000.000000000        248331868.807287     
  -30.50000       303000.000000000        250461757.167296     
  -29.50000       303000.000000000        252748606.741191     
  -28.50000       304000.000000000        255207070.017629     
  -27.50000       304000.000000000        257853480.581413     
  -26.50000       305000.000000000        260706071.043050     
  -25.50000       305000.000000000        263785216.195670     
  -24.50000       306000.000000000        267113699.441753     
  -23.50000       307000.000000000        270716995.626308     
  -22.50000       308000.000000000        274623554.125996     
  -21.50000       308000.000000000        278865048.670568     
  -20.50000       309000.000000000        283476528.206266     
  -19.50000       310000.000000000        288496343.845606     
  -18.50000       311000.000000000        293965621.048590     
  -17.50000       312000.000000000        299926871.848271     
  -16.50000       313000.000000000        306421112.248513     
  -15.50000       314000.000000000        313482731.466619     
  -14.50000       316000.000000000        321131905.592216     
  -13.50000       317000.000000000        329366669.260291     
  -12.50000       318000.000000000        338161928.236883     
  -11.50000       320000.000000000        347489243.812960     
  -10.50000       321000.000000000        357370742.370099     
  -9.500000       322000.000000000        367956103.828043     
  -8.500000       323000.000000000        379551474.521988     
  -7.500000       324000.000000000        392468540.284854     
  -6.500000       326000.000000000        406625619.015880     
  -5.500000       329000.000000000        421135496.581398     
  -4.500000       334000.000000000        434412895.255174     
  -3.500000       340000.000000000        444988056.725309     
  -2.500000       345000.000000000        452301168.481924     
  -1.500000       350000.000000000        456664571.422453     
 -0.5000000       352000.000000000        458650960.502046     
  0.5000000       352000.000000000        458650960.502046     
   1.500000       350000.000000000        456664571.422454     
   2.500000       345000.000000000        452301168.481930     
   3.500000       340000.000000000        444988056.725322     
   4.500000       334000.000000000        434412895.255208     
   5.500000       329000.000000000        421135496.581462     
   6.500000       326000.000000000        406625619.016015     
   7.500000       324000.000000000        392468540.285069     
   8.500000       323000.000000000        379551474.522354     
   9.500000       322000.000000000        367956103.828455     
   10.50000       321000.000000000        357370742.370529     
   11.50000       320000.000000000        347489243.813254     
   12.50000       318000.000000000        338161928.237171     
   13.50000       317000.000000000        329366669.260653     
   14.50000       316000.000000000        321131905.592417     
   15.50000       314000.000000000        313482731.466481     
   16.50000       313000.000000000        306421112.248311     
   17.50000       312000.000000000        299926871.848233     
   18.50000       311000.000000000        293965621.048284     
   19.50000       310000.000000000        288496343.844921     
   20.50000       309000.000000000        283476528.205448     
   21.50000       308000.000000000        278865048.670117     
   22.50000       308000.000000000        274623554.125324     
   23.50000       307000.000000000        270716995.626544     
   24.50000       306000.000000000        267113699.441543     
   25.50000       305000.000000000        263785216.195714     
   26.50000       305000.000000000        260706071.043431     
   27.50000       304000.000000000        257853480.581207     
   28.50000       304000.000000000        255207070.017614     
   29.50000       303000.000000000        252748606.741300     
   30.50000       303000.000000000        250461757.166988     
   31.50000       302000.000000000        248331868.807283     
   32.50000       302000.000000000        246345777.024248     
   33.50000       301000.000000000        244491634.720559     
   34.50000       301000.000000000        242758762.758269     
   35.50000       301000.000000000        241137518.766262     
   36.50000       300000.000000000        239619182.152106     
   37.50000       300000.000000000        238195853.231248     
   38.50000       300000.000000000        236860364.694753     
   39.50000       299000.000000000        235606203.771160     
   40.50000       299000.000000000        234427443.707644     
   41.50000       299000.000000000        233318683.345524     
   42.50000       299000.000000000        232274993.730991     
   43.50000       298000.000000000        231291870.878350     
   44.50000       298000.000000000        230365193.890314     
   45.50000       298000.000000000        229491187.754707     
   46.50000       298000.000000000        228666390.258689     
   47.50000       298000.000000000        227887622.484020     
   48.50000       297000.000000000        227151962.494846     
   49.50000       297000.000000000        226456721.791444     
   50.50000       297000.000000000        225799424.240374     
   51.50000       297000.000000000        225177787.167988     
   52.50000       297000.000000000        224589704.393273     
   53.50000       297000.000000000        224033230.958334     
   54.50000       296000.000000000        223506569.395222     
   55.50000       296000.000000000        223008057.313488     
   56.50000       296000.000000000        222536156.247676     
   57.50000       296000.000000000        222089441.525584     
   58.50000       296000.000000000        221666593.139895     
   59.50000       296000.000000000        221266387.473324     
   60.50000       296000.000000000        220887689.792906     
   61.50000       296000.000000000        220529447.459076     
   62.50000       296000.000000000        220190683.753718     
   63.50000       296000.000000000        219870492.284340     
   64.50000       295000.000000000        219568031.901183     
   65.50000       295000.000000000        219282522.084274     
   66.50000       295000.000000000        219013238.774521     
   67.50000       295000.000000000        218759510.571907     
   68.50000       295000.000000000        218520715.332947     
   69.50000       295000.000000000        218296277.086515     
   70.50000       295000.000000000        218085663.280532     
   71.50000       295000.000000000        217888382.363810     
   72.50000       295000.000000000        217703981.666759     
   73.50000       295000.000000000        217532045.632089     
   74.50000       295000.000000000        217372194.394903     
   75.50000       295000.000000000        217224082.828680     
   76.50000       295000.000000000        217087400.120572     
   77.50000       295000.000000000        216961870.107885     
   78.50000       295000.000000000        216847252.714938     
   79.50000       295000.000000000        216743347.132863     
   80.50000       295000.000000000        216649997.861570     
   81.50000       295000.000000000        216567105.895201     
   82.50000       295000.000000000        216494649.568022     
   83.50000       295000.000000000        216432725.152413     
   84.50000       295000.000000000        216381630.962794     
   85.50000       295000.000000000        216342057.715674     
   86.50000       295000.000000000        216315568.373100     
   87.50000       295000.000000000        216305915.656270     
   88.50000       295000.000000000        216319808.894861     
   89.50000       295000.000000000        216043604.869910     
