  -89.50000       294000.000000000        235668548.182135     
  -88.50000       294000.000000000        235349170.479447     
  -87.50000       294000.000000000        235316313.372144     
  -86.50000       294000.000000000        235324988.361303     
  -85.50000       294000.000000000        235353729.276354     
  -84.50000       294000.000000000        235397195.435568     
  -83.50000       294000.000000000        235453452.248667     
  -82.50000       294000.000000000        235521684.118409     
  -81.50000       294000.000000000        235601544.497199     
  -80.50000       294000.000000000        235692920.384785     
  -79.50000       294000.000000000        235795832.622269     
  -78.50000       294000.000000000        235910388.926113     
  -77.50000       294000.000000000        236036760.049555     
  -76.50000       294000.000000000        236175167.115305     
  -75.50000       294000.000000000        236325874.784815     
  -74.50000       294000.000000000        236489187.680747     
  -73.50000       294000.000000000        236665448.759053     
  -72.50000       294000.000000000        236855038.917562     
  -71.50000       294000.000000000        237058377.449146     
  -70.50000       294000.000000000        237275923.094892     
  -69.50000       294000.000000000        237508175.609097     
  -68.50000       294000.000000000        237755677.711034     
  -67.50000       294000.000000000        238019017.420980     
  -66.50000       294000.000000000        238298830.742948     
  -65.50000       294000.000000000        238595804.710285     
  -64.50000       294000.000000000        238910680.777997     
  -63.50000       294000.000000000        239244258.614894     
  -62.50000       295000.000000000        239597400.285906     
  -61.50000       295000.000000000        239971034.871543     
  -60.50000       295000.000000000        240366163.579746     
  -59.50000       295000.000000000        240783865.361479     
  -58.50000       295000.000000000        241225303.105253     
  -57.50000       295000.000000000        241691730.464628     
  -56.50000       295000.000000000        242184499.380049     
  -55.50000       295000.000000000        242705068.383139     
  -54.50000       295000.000000000        243255011.752342     
  -53.50000       295000.000000000        243836029.625524     
  -52.50000       296000.000000000        244449959.190275     
  -51.50000       296000.000000000        245098787.061365     
  -50.50000       296000.000000000        245784662.990021     
  -49.50000       296000.000000000        246509915.072328     
  -48.50000       296000.000000000        247277066.646228     
  -47.50000       296000.000000000        248088855.057855     
  -46.50000       297000.000000000        248948252.576353     
  -45.50000       297000.000000000        249858489.693642     
  -44.50000       297000.000000000        250823081.143425     
  -43.50000       297000.000000000        251845854.996463     
  -42.50000       297000.000000000        252930985.226433     
  -41.50000       298000.000000000        254083028.229413     
  -40.50000       298000.000000000        255306963.851600     
  -39.50000       298000.000000000        256608241.519188     
  -38.50000       298000.000000000        257992832.223735     
  -37.50000       299000.000000000        259467287.166413     
  -36.50000       299000.000000000        261038804.025279     
  -35.50000       299000.000000000        262715301.925538     
  -34.50000       300000.000000000        264505506.364413     
  -33.50000       300000.000000000        266419045.491844     
  -32.50000       301000.000000000        268466559.331266     
  -31.50000       301000.000000000        270659823.666928     
  -30.50000       301000.000000000        273011890.460600     
  -29.50000       302000.000000000        275537246.668481     
  -28.50000       302000.000000000        278251993.191774     
  -27.50000       303000.000000000        281174045.245025     
  -26.50000       304000.000000000        284323354.308048     
  -25.50000       304000.000000000        287722149.771617     
  -24.50000       305000.000000000        291395194.408915     
  -23.50000       306000.000000000        295370040.597818     
  -22.50000       306000.000000000        299677261.150441     
  -21.50000       307000.000000000        304350604.924186     
  -20.50000       308000.000000000        309426984.148615     
  -19.50000       309000.000000000        314946121.487085     
  -18.50000       310000.000000000        320949544.530244     
  -17.50000       311000.000000000        327478388.164963     
  -16.50000       312000.000000000        334569181.980387     
  -15.50000       313000.000000000        342246714.318159     
  -14.50000       314000.000000000        350513948.005100     
  -13.50000       316000.000000000        359342253.090047     
  -12.50000       317000.000000000        368672130.940221     
  -11.50000       318000.000000000        378442919.055398     
  -10.50000       320000.000000000        388668848.345010     
  -9.500000       321000.000000000        399547301.186945     
  -8.500000       321000.000000000        411508826.697901     
  -7.500000       322000.000000000        425041221.865880     
  -6.500000       324000.000000000        440196718.589026     
  -5.500000       327000.000000000        456063438.021918     
  -4.500000       332000.000000000        470848468.308991     
  -3.500000       338000.000000000        482810264.633134     
  -2.500000       343000.000000000        491201749.498566     
  -1.500000       348000.000000000        496272915.112602     
 -0.5000000       350000.000000000        498603955.095134     
  0.5000000       350000.000000000        498603955.095134     
   1.500000       348000.000000000        496272915.112604     
   2.500000       343000.000000000        491201749.498571     
   3.500000       338000.000000000        482810264.633144     
   4.500000       332000.000000000        470848468.309009     
   5.500000       327000.000000000        456063438.021954     
   6.500000       324000.000000000        440196718.589076     
   7.500000       322000.000000000        425041221.866003     
   8.500000       321000.000000000        411508826.698048     
   9.500000       321000.000000000        399547301.187055     
   10.50000       320000.000000000        388668848.345226     
   11.50000       318000.000000000        378442919.055431     
   12.50000       317000.000000000        368672130.940254     
   13.50000       316000.000000000        359342253.090017     
   14.50000       314000.000000000        350513948.005436     
   15.50000       313000.000000000        342246714.318499     
   16.50000       312000.000000000        334569181.980427     
   17.50000       311000.000000000        327478388.164838     
   18.50000       310000.000000000        320949544.530566     
   19.50000       309000.000000000        314946121.487729     
   20.50000       308000.000000000        309426984.148721     
   21.50000       307000.000000000        304350604.923420     
   22.50000       306000.000000000        299677261.150192     
   23.50000       306000.000000000        295370040.597258     
   24.50000       305000.000000000        291395194.408598     
   25.50000       304000.000000000        287722149.771555     
   26.50000       304000.000000000        284323354.308243     
   27.50000       303000.000000000        281174045.245164     
   28.50000       302000.000000000        278251993.191840     
   29.50000       302000.000000000        275537246.668670     
   30.50000       301000.000000000        273011890.462267     
   31.50000       301000.000000000        270659823.667834     
   32.50000       301000.000000000        268466559.331932     
   33.50000       300000.000000000        266419045.492493     
   34.50000       300000.000000000        264505506.364641     
   35.50000       299000.000000000        262715301.925668     
   36.50000       299000.000000000        261038804.024909     
   37.50000       299000.000000000        259467287.166166     
   38.50000       298000.000000000        257992832.222826     
   39.50000       298000.000000000        256608241.518781     
   40.50000       298000.000000000        255306963.851499     
   41.50000       298000.000000000        254083028.229284     
   42.50000       297000.000000000        252930985.225454     
   43.50000       297000.000000000        251845854.995953     
   44.50000       297000.000000000        250823081.141756     
   45.50000       297000.000000000        249858489.691819     
   46.50000       297000.000000000        248948252.576022     
   47.50000       296000.000000000        248088855.058448     
   48.50000       296000.000000000        247277066.645994     
   49.50000       296000.000000000        246509915.072032     
   50.50000       296000.000000000        245784662.988468     
   51.50000       296000.000000000        245098787.059368     
   52.50000       296000.000000000        244449959.189965     
   53.50000       295000.000000000        243836029.625868     
   54.50000       295000.000000000        243255011.752162     
   55.50000       295000.000000000        242705068.383053     
   56.50000       295000.000000000        242184499.380697     
   57.50000       295000.000000000        241691730.464894     
   58.50000       295000.000000000        241225303.104941     
   59.50000       295000.000000000        240783865.361185     
   60.50000       295000.000000000        240366163.579043     
   61.50000       295000.000000000        239971034.870474     
   62.50000       295000.000000000        239597400.283730     
   63.50000       294000.000000000        239244258.612979     
   64.50000       294000.000000000        238910680.775453     
   65.50000       294000.000000000        238595804.706772     
   66.50000       294000.000000000        238298830.738039     
   67.50000       294000.000000000        238019017.414098     
   68.50000       294000.000000000        237755677.701816     
   69.50000       294000.000000000        237508175.594842     
   70.50000       294000.000000000        237275923.073948     
   71.50000       294000.000000000        237058377.417847     
   72.50000       294000.000000000        236855038.870787     
   73.50000       294000.000000000        236665448.687519     
   74.50000       294000.000000000        236489187.569331     
   75.50000       294000.000000000        236325874.607765     
   76.50000       294000.000000000        236175166.827581     
   77.50000       294000.000000000        236036759.569972     
   78.50000       294000.000000000        235910388.103233     
   79.50000       294000.000000000        235795831.162209     
   80.50000       294000.000000000        235692917.690034     
   81.50000       294000.000000000        235601539.285733     
   82.50000       294000.000000000        235521673.446000     
   83.50000       294000.000000000        235453428.773609     
   84.50000       294000.000000000        235397138.796552     
   85.50000       294000.000000000        235353574.366497     
   86.50000       294000.000000000        235324479.714866     
   87.50000       294000.000000000        235314042.932190     
   88.50000       294000.000000000        235329557.607941     
   89.50000       294000.000000000        235001590.133156     
