  -89.50000       930172.996226786        216628893.774174     
  -88.50000       929017.440476787        216337661.663524     
  -87.50000       928915.865692320        216308060.643800     
  -86.50000       928970.030348107        216316061.308310     
  -85.50000       929103.862549270        216342211.019802     
  -84.50000       929298.306989717        216381688.075721     
  -83.50000       929546.509284937        216432749.233974     
  -82.50000       929845.643070638        216494660.691974     
  -81.50000       930194.581290565        216567111.408782     
  -80.50000       930593.052152448        216650000.752605     
  -79.50000       931041.282319871        216743348.720567     
  -78.50000       931539.829027223        216847253.621204     
  -77.50000       932089.495427777        216961870.642545     
  -76.50000       932691.285959081        217087400.445120     
  -75.50000       933346.382821596        217224083.030662     
  -74.50000       934056.134165099        217372194.523410     
  -73.50000       934822.049418814        217532045.715524     
  -72.50000       935645.799160963        217703981.722270     
  -71.50000       936529.218158174        217888382.400758     
  -70.50000       937474.310686086        218085663.305673     
  -69.50000       938483.257829043        218296277.103841     
  -68.50000       939558.426361244        218520715.345062     
  -67.50000       940702.379186218        218759510.580461     
  -66.50000       941917.887166154        219013238.780585     
  -65.50000       943207.942501613        219282522.088675     
  -64.50000       944575.773644907        219568031.904386     
  -63.50000       946031.835070020        219870492.286729     
  -62.50000       947576.991867076        220190683.756012     
  -61.50000       949211.897435852        220529447.460375     
  -60.50000       950940.949373268        220887689.793702     
  -59.50000       952768.886615166        221266387.472511     
  -58.50000       954700.816679110        221666593.140317     
  -57.50000       956742.245601251        222089441.525794     
  -56.50000       958899.110984365        222536156.247195     
  -55.50000       961177.818403013        223008057.313592     
  -54.50000       963585.281525215        223506569.394678     
  -53.50000       966139.974031160        224033230.959805     
  -52.50000       968847.242223927        224589704.393529     
  -51.50000       971708.783843755        225177787.167427     
  -50.50000       974734.134338340        225799424.240489     
  -49.50000       977933.620985127        226456721.791396     
  -48.50000       981318.437833256        227151962.494031     
  -47.50000       984902.315055893        227887622.483447     
  -46.50000       988722.225948468        228666390.258845     
  -45.50000       992769.046380944        229491187.755228     
  -44.50000       997058.540527940        230365193.890464     
  -43.50000       1001607.88170784        231291870.878395     
  -42.50000       1006443.41069100        232274993.730985     
  -41.50000       1011606.67420454        233318683.345718     
  -40.50000       1017094.16295198        234427443.707698     
  -39.50000       1022930.63141656        235606203.771208     
  -38.50000       1029160.68579103        236860364.694765     
  -37.50000       1035825.98990696        238195853.230870     
  -36.50000       1042933.98455709        239619182.152343     
  -35.50000       1050534.63122633        241137518.766152     
  -34.50000       1058698.21735898        242758762.758435     
  -33.50000       1067431.07894744        244491634.721037     
  -32.50000       1076821.69525720        246345777.024022     
  -31.50000       1086918.88571214        248331868.807287     
  -30.50000       1097781.25621090        250461757.167296     
  -29.50000       1109515.25697214        252748606.741191     
  -28.50000       1122171.77741808        255207070.017629     
  -27.50000       1135885.20059122        257853480.581413     
  -26.50000       1150742.54225332        260706071.043050     
  -25.50000       1166870.04237990        263785216.195670     
  -24.50000       1184446.12402882        267113699.441753     
  -23.50000       1203593.97653422        270716995.626308     
  -22.50000       1224508.50767134        274623554.125996     
  -21.50000       1247442.15656097        278865048.670568     
  -20.50000       1272611.88711173        283476528.206266     
  -19.50000       1300292.21052229        288496343.845606     
  -18.50000       1330793.61661549        293965621.048590     
  -17.50000       1364450.10542046        299926871.848271     
  -16.50000       1401602.06946129        306421112.248513     
  -15.50000       1442562.63199371        313482731.466619     
  -14.50000       1487597.39007115        321131905.592216     
  -13.50000       1536845.74498638        329366669.260291     
  -12.50000       1590307.81671110        338161928.236883     
  -11.50000       1648276.02371021        347489243.812960     
  -10.50000       1711771.21617410        357370742.370099     
  -9.500000       1783703.57128129        367956103.828043     
  -8.500000       1869762.54661089        379551474.521988     
  -7.500000       1977206.27332979        392468540.284854     
  -6.500000       2109330.32467265        406625619.015880     
  -5.500000       2256953.77417392        421135496.581398     
  -4.500000       2398320.92947127        434412895.255174     
  -3.500000       2510595.92802729        444988056.725309     
  -2.500000       2583805.57082171        452301168.481924     
  -1.500000       2622691.34649324        456664571.422453     
 -0.5000000       2638093.47851454        458650960.502046     
  0.5000000       2638093.47851456        458650960.502046     
   1.500000       2622691.34649328        456664571.422454     
   2.500000       2583805.57082177        452301168.481930     
   3.500000       2510595.92802736        444988056.725322     
   4.500000       2398320.92947127        434412895.255208     
   5.500000       2256953.77417371        421135496.581462     
   6.500000       2109330.32467219        406625619.016015     
   7.500000       1977206.27332931        392468540.285069     
   8.500000       1869762.54661101        379551474.522354     
   9.500000       1783703.57128243        367956103.828455     
   10.50000       1711771.21617620        357370742.370529     
   11.50000       1648276.02371206        347489243.813254     
   12.50000       1590307.81671227        338161928.237171     
   13.50000       1536845.74498801        329366669.260653     
   14.50000       1487597.39007320        321131905.592417     
   15.50000       1442562.63199435        313482731.466481     
   16.50000       1401602.06946041        306421112.248311     
   17.50000       1364450.10542034        299926871.848233     
   18.50000       1330793.61661545        293965621.048284     
   19.50000       1300292.21052057        288496343.844921     
   20.50000       1272611.88710817        283476528.205448     
   21.50000       1247442.15655873        278865048.670117     
   22.50000       1224508.50766767        274623554.125324     
   23.50000       1203593.97653422        270716995.626544     
   24.50000       1184446.12402823        267113699.441543     
   25.50000       1166870.04237935        263785216.195714     
   26.50000       1150742.54225498        260706071.043431     
   27.50000       1135885.20059100        257853480.581207     
   28.50000       1122171.77741769        255207070.017614     
   29.50000       1109515.25697281        252748606.741300     
   30.50000       1097781.25620985        250461757.166988     
   31.50000       1086918.88571159        248331868.807283     
   32.50000       1076821.69525848        246345777.024248     
   33.50000       1067431.07894601        244491634.720559     
   34.50000       1058698.21735780        242758762.758269     
   35.50000       1050534.63122676        241137518.766262     
   36.50000       1042933.98455602        239619182.152106     
   37.50000       1035825.98990822        238195853.231248     
   38.50000       1029160.68579135        236860364.694753     
   39.50000       1022930.63141644        235606203.771160     
   40.50000       1017094.16295187        234427443.707644     
   41.50000       1011606.67420375        233318683.345524     
   42.50000       1006443.41069092        232274993.730991     
   43.50000       1001607.88170777        231291870.878350     
   44.50000       997058.540527665        230365193.890314     
   45.50000       992769.046378919        229491187.754707     
   46.50000       988722.225947167        228666390.258689     
   47.50000       984902.315057537        227887622.484020     
   48.50000       981318.437836732        227151962.494846     
   49.50000       977933.620985872        226456721.791444     
   50.50000       974734.134337687        225799424.240374     
   51.50000       971708.783846038        225177787.167988     
   52.50000       968847.242223918        224589704.393273     
   53.50000       966139.974025038        224033230.958334     
   54.50000       963585.281526631        223506569.395222     
   55.50000       961177.818402659        223008057.313488     
   56.50000       958899.110986298        222536156.247676     
   57.50000       956742.245600849        222089441.525584     
   58.50000       954700.816677098        221666593.139895     
   59.50000       952768.886618454        221266387.473324     
   60.50000       950940.949370984        220887689.792906     
   61.50000       949211.897431314        220529447.459076     
   62.50000       947576.991858461        220190683.753718     
   63.50000       946031.835060940        219870492.284340     
   64.50000       944575.773633090        219568031.901183     
   65.50000       943207.942485365        219282522.084274     
   66.50000       941917.887143763        219013238.774521     
   67.50000       940702.379154589        218759510.571907     
   68.50000       939558.426316360        218520715.332947     
   69.50000       938483.257764794        218296277.086515     
   70.50000       937474.310592741        218085663.280532     
   71.50000       936529.218020901        217888382.363810     
   72.50000       935645.798954252        217703981.666759     
   73.50000       934822.049107736        217532045.632089     
   74.50000       934056.133685565        217372194.394903     
   75.50000       933346.382067012        217224082.828680     
   76.50000       932691.284745182        217087400.120572     
   77.50000       932089.493425680        216961870.107885     
   78.50000       931539.825629699        216847252.714938     
   79.50000       931041.276360893        216743347.132863     
   80.50000       930593.041289776        216649997.861570     
   81.50000       930194.560551720        216567105.895201     
   82.50000       929845.601186473        216494649.568022     
   83.50000       929546.418531308        216432725.152413     
   84.50000       929298.091613493        216381630.962794     
   85.50000       929103.284387845        216342057.715674     
   86.50000       928968.174785165        216315568.373100     
   87.50000       928907.880032559        216305915.656270     
   88.50000       928953.786378968        216319808.894861     
   89.50000       927876.276636086        216043604.869910     
