  -89.50000       906141.196010933        213811988.351560     
  -88.50000       904971.572872538        213512995.249035     
  -87.50000       904869.795404585        213482822.407580     
  -86.50000       904921.218129593        213490467.313547     
  -85.50000       905050.326419731        213516193.793140     
  -84.50000       905238.330437642        213555146.893474     
  -83.50000       905478.974369039        213605576.466837     
  -82.50000       905770.555675848        213666746.196646     
  -81.50000       906110.749722327        213738343.261947     
  -80.50000       906499.278755751        213820265.256352     
  -79.50000       906936.356256197        213912530.150086     
  -78.50000       907422.521016228        214015233.963962     
  -77.50000       907958.553289563        214128529.286455     
  -76.50000       908545.430763389        214252613.889034     
  -75.50000       909184.305124565        214387724.548496     
  -74.50000       909876.490437618        214534133.843227     
  -73.50000       910623.458427763        214692148.677323     
  -72.50000       911426.838228571        214862109.906330     
  -71.50000       912288.419360388        215044392.753245     
  -70.50000       913210.156861031        215239407.736047     
  -69.50000       914194.178393926        215447602.059730     
  -68.50000       915242.792888155        215669461.356443     
  -67.50000       916358.500731760        215905511.776968     
  -66.50000       917544.005310046        216156322.375073     
  -65.50000       918802.226069973        216422507.826027     
  -64.50000       920136.313057682        216704731.463385     
  -63.50000       921549.663028477        217003708.651998     
  -62.50000       923045.937250928        217320210.521192     
  -61.50000       924635.101018030        217655068.103105     
  -60.50000       926321.284544725        218009176.869013     
  -59.50000       928103.916637625        218383501.755257     
  -58.50000       929987.980826398        218779082.689779     
  -57.50000       931978.849700043        219197040.675777     
  -56.50000       934082.317204521        219638584.511398     
  -55.50000       936304.634207194        220105018.191894     
  -54.50000       938652.547723865        220597749.075966     
  -53.50000       941133.344250865        221118296.912194     
  -52.50000       943762.669253915        221668303.815170     
  -51.50000       946553.100128079        222249545.311977     
  -50.50000       949503.311314029        222863942.569689     
  -49.50000       952623.382029546        223513575.968715     
  -48.50000       955924.238260865        224200700.177848     
  -47.50000       959417.734184768        224927760.905877     
  -46.50000       963124.126524702        225697413.573326     
  -45.50000       967070.179598272        226512544.125754     
  -44.50000       971252.956238492        227376292.281757     
  -43.50000       975689.223127952        228292077.538974     
  -42.50000       980397.268293684        229263628.314264     
  -41.50000       985420.430172128        230295014.653535     
  -40.50000       990771.157262583        231390685.000002     
  -39.50000       996462.361714964        232555507.614111     
  -38.50000       1002520.55458603        233794817.315461     
  -37.50000       1009018.94545939        235114468.325987     
  -36.50000       1015949.82458907        236520894.128560     
  -35.50000       1023348.34547563        238021175.398692     
  -34.50000       1031305.15604984        239623117.249510     
  -33.50000       1039820.58084566        241335337.221987     
  -32.50000       1048962.77823938        243167365.662730     
  -31.50000       1058808.59582972        245129760.412577     
  -30.50000       1069388.05414419        247234237.946439     
  -29.50000       1080830.55817035        249493823.383833     
  -28.50000       1093162.14903338        251923021.936921     
  -27.50000       1106536.64953187        254538014.462146     
  -26.50000       1121018.21379262        257356879.447823     
  -25.50000       1136751.02655106        260399842.950291     
  -24.50000       1153890.53051652        263689555.982394     
  -23.50000       1172569.51451733        267251394.753926     
  -22.50000       1192980.16853240        271113771.197150     
  -21.50000       1215375.25754555        275308426.140686     
  -20.50000       1239961.95003812        279870649.408563     
  -19.50000       1267020.93327912        284839319.575784     
  -18.50000       1296865.98836600        290256564.512592     
  -17.50000       1329840.07962959        296166693.290753     
  -16.50000       1366302.73120923        302613848.620419     
  -15.50000       1406603.53902734        309637709.570139     
  -14.50000       1451075.02280557        317266999.486051     
  -13.50000       1499943.51517459        325512496.397431     
  -12.50000       1553342.18313473        334365720.032274     
  -11.50000       1611691.82011235        343815312.276570     
  -10.50000       1676035.75109998        353892829.783138     
  -9.500000       1749109.76952686        364737666.859622     
  -8.500000       1836061.22681154        376616040.016555     
  -7.500000       1943314.53739715        389773830.453210     
  -6.500000       2073370.58287303        404063236.820738     
  -5.500000       2217483.99775146        418566610.102501     
  -4.500000       2354552.88202228        431720969.890323     
  -3.500000       2463162.16954362        442114772.956619     
  -2.500000       2533886.65462333        449249724.088563     
  -1.500000       2571431.44978521        453479999.392879     
 -0.5000000       2586390.55881638        455396984.861394     
  0.5000000       2586390.55881638        455396984.861395     
   1.500000       2571431.44978522        453479999.392882     
   2.500000       2533886.65462335        449249724.088569     
   3.500000       2463162.16954362        442114772.956637     
   4.500000       2354552.88202224        431720969.890346     
   5.500000       2217483.99775138        418566610.102535     
   6.500000       2073370.58287284        404063236.820785     
   7.500000       1943314.53739687        389773830.453320     
   8.500000       1836061.22681183        376616040.016688     
   9.500000       1749109.76952792        364737666.859674     
   10.50000       1676035.75110036        353892829.783032     
   11.50000       1611691.82011227        343815312.276531     
   12.50000       1553342.18313429        334365720.032143     
   13.50000       1499943.51517431        325512496.397395     
   14.50000       1451075.02280478        317266999.485941     
   15.50000       1406603.53902717        309637709.570269     
   16.50000       1366302.73120919        302613848.620558     
   17.50000       1329840.07963001        296166693.291110     
   18.50000       1296865.98836808        290256564.513253     
   19.50000       1267020.93328134        284839319.576403     
   20.50000       1239961.95004088        279870649.409406     
   21.50000       1215375.25755024        275308426.141710     
   22.50000       1192980.16853515        271113771.197522     
   23.50000       1172569.51451799        267251394.754228     
   24.50000       1153890.53052032        263689555.983303     
   25.50000       1136751.02655348        260399842.950412     
   26.50000       1121018.21379088        257356879.447316     
   27.50000       1106536.64953181        254538014.462253     
   28.50000       1093162.14903354        251923021.936767     
   29.50000       1080830.55816833        249493823.383232     
   30.50000       1069388.05414188        247234237.946041     
   31.50000       1058808.59582895        245129760.412657     
   32.50000       1048962.77824204        243167365.663338     
   33.50000       1039820.58084527        241335337.221684     
   34.50000       1031305.15604937        239623117.249347     
   35.50000       1023348.34547412        238021175.398233     
   36.50000       1015949.82458709        236520894.128099     
   37.50000       1009018.94545846        235114468.325785     
   38.50000       1002520.55458441        233794817.315100     
   39.50000       996462.361714960        232555507.614224     
   40.50000       990771.157262686        231390685.000128     
   41.50000       985420.430174620        230295014.654179     
   42.50000       980397.268294820        229263628.314368     
   43.50000       975689.223126187        228292077.538625     
   44.50000       971252.956241514        227376292.282609     
   45.50000       967070.179598649        226512544.125666     
   46.50000       963124.126524526        225697413.573116     
   47.50000       959417.734181007        224927760.904760     
   48.50000       955924.238255898        224200700.176620     
   49.50000       952623.382027583        223513575.968152     
   50.50000       949503.311306851        222863942.567871     
   51.50000       946553.100125832        222249545.311625     
   52.50000       943762.669252727        221668303.814919     
   53.50000       941133.344251365        221118296.912234     
   54.50000       938652.547720210        220597749.074901     
   55.50000       936304.634203940        220105018.191038     
   56.50000       934082.317199749        219638584.510184     
   57.50000       931978.849697079        219197040.675038     
   58.50000       929987.980822439        218779082.688722     
   59.50000       928103.916633875        218383501.754212     
   60.50000       926321.284538172        218009176.867181     
   61.50000       924635.101009097        217655068.100655     
   62.50000       923045.937238773        217320210.517843     
   63.50000       921549.663012485        217003708.647620     
   64.50000       920136.313036446        216704731.457569     
   65.50000       918802.226041190        216422507.818148     
   66.50000       917544.005270664        216156322.364305     
   67.50000       916358.500677301        215905511.762097     
   68.50000       915242.792812119        215669461.335707     
   69.50000       914194.178286659        215447602.030510     
   70.50000       913210.156707748        215239407.694351     
   71.50000       912288.419138866        215044392.693106     
   72.50000       911426.837907622        214862109.819163     
   73.50000       910623.457943840        214692148.546060     
   74.50000       909876.489703579        214534133.644445     
   75.50000       909184.303990669        214387724.241784     
   76.50000       908545.428974135        214252613.405597     
   77.50000       907958.550397081        214128528.505805     
   78.50000       907422.516209085        214015232.667995     
   79.50000       906936.348006888        213912527.928553     
   80.50000       906499.264056828        213820261.302161     
   81.50000       906110.722327541        213738335.900007     
   82.50000       905770.501743663        213666731.717276     
   83.50000       905478.860652926        213605545.963405     
   84.50000       905238.070810137        213555076.645014     
   85.50000       905049.651489520        213516011.193213     
   86.50000       904919.128023258        213489900.882623     
   87.50000       904861.168922197        213480460.590281     
   88.50000       904906.612518545        213494450.524930     
   89.50000       903936.725252160        213240142.771898     
