  -89.50000       831260.515729183        190827253.025417     
  -88.50000       830294.919198427        190587580.513454     
  -87.50000       830212.610999104        190563691.738110     
  -86.50000       830263.982039300        190571494.943238     
  -85.50000       830384.843489032        190594847.262932     
  -84.50000       830559.048247288        190629728.034084     
  -83.50000       830780.789715503        190674683.317254     
  -82.50000       831047.685623573        190729103.470548     
  -81.50000       831358.802264473        190792733.365577     
  -80.50000       831713.937597746        190865494.897662     
  -79.50000       832113.317835656        190947411.850981     
  -78.50000       832557.454846033        191038574.521592     
  -77.50000       833047.074196714        191139121.784070     
  -76.50000       833583.077389550        191249231.586697     
  -75.50000       834166.521990308        191369115.846651     
  -74.50000       834798.611834844        191499017.812100     
  -73.50000       835480.693261823        191639210.888102     
  -72.50000       836214.255294540        191789998.412300     
  -71.50000       837000.932516892        191951714.069019     
  -70.50000       837842.509936559        192124722.763062     
  -69.50000       838740.929584439        192309421.890897     
  -68.50000       839698.298446909        192506242.906095     
  -67.50000       840721.741695015        192715653.190078     
  -66.50000       841811.940068542        192938158.193908     
  -65.50000       842969.013664058        193174303.858717     
  -64.50000       844195.862155599        193424679.320112     
  -63.50000       845495.612295235        193689919.917932     
  -62.50000       846871.634331208        193970710.519888     
  -61.50000       848327.560138086        194267789.197185     
  -60.50000       849867.303182199        194581951.277000     
  -59.50000       851495.080493496        194914053.805427     
  -58.50000       853215.436859718        195265020.465605     
  -57.50000       855033.271475818        195635847.000075     
  -56.50000       856953.867275817        196027607.181514     
  -55.50000       858993.537873622        196441459.408843     
  -54.50000       861152.813972437        196878653.977523     
  -53.50000       863434.344215232        197340541.113961     
  -52.50000       865845.378440722        197828579.861672     
  -51.50000       868393.756520159        198344347.917924     
  -50.50000       871087.962445087        198889552.532210     
  -49.50000       873937.184279739        199466042.593642     
  -48.50000       876961.969032031        200075822.075270     
  -47.50000       880175.044613741        200721064.962765     
  -46.50000       883577.243054422        201404131.910560     
  -45.50000       887181.453627720        202127588.805844     
  -44.50000       891001.702391518        202894227.517178     
  -43.50000       895061.060958201        203707089.117400     
  -42.50000       899391.540965585        204569489.911951     
  -41.50000       903990.566668218        205485050.665901     
  -40.50000       908878.259362725        206457729.492557     
  -39.50000       914084.347595640        207491858.912349     
  -38.50000       919657.190089834        208592187.716427     
  -37.50000       925594.723571894        209763928.331223     
  -36.50000       931926.461760141        211012810.531172     
  -35.50000       938728.104862581        212345142.468764     
  -34.50000       946001.363271975        213767880.166662     
  -33.50000       953788.556830810        215288706.804891     
  -32.50000       962179.477286354        216916123.365022     
  -31.50000       971177.136008528        218659552.432854     
  -30.50000       980887.472925774        220529457.244551     
  -29.50000       991346.285155631        222537478.344637     
  -28.50000       1002658.38746152        224696590.471853     
  -27.50000       1014885.56388920        227021282.509983     
  -26.50000       1028165.12395097        229527763.253045     
  -25.50000       1042566.33145396        232234195.327519     
  -24.50000       1058266.27927510        235160958.273236     
  -23.50000       1075390.82946373        238330938.836606     
  -22.50000       1094103.34798968        241769840.448171     
  -21.50000       1114607.18994055        245506491.880887     
  -20.50000       1137159.58950755        249573111.975715     
  -19.50000       1161991.98769635        254005443.451157     
  -18.50000       1189399.45910354        258842588.105562     
  -17.50000       1219709.17200075        264126238.002970     
  -16.50000       1253269.33326964        269898803.130589     
  -15.50000       1290435.02347302        276199794.306872     
  -14.50000       1331555.58526197        283060133.878466     
  -13.50000       1376842.63169785        290495699.824463     
  -12.50000       1426491.22299910        298505278.891738     
  -11.50000       1480925.16145208        307083216.680194     
  -10.50000       1540999.60280848        316256869.255273     
  -9.500000       1609140.58084652        326139972.879678     
  -8.500000       1689566.08572976        336945863.144593     
  -7.500000       1787491.04400653        348857837.126322     
  -6.500000       1904729.47746131        361708162.438028     
  -5.500000       2033206.34898984        374662544.378035     
  -4.500000       2154815.55849973        386342341.364810     
  -3.500000       2250643.23786882        395522540.267510     
  -2.500000       2312714.83046641        401789697.070500     
  -1.500000       2345220.20278846        405482362.114785     
 -0.5000000       2358046.76356275        407146209.851711     
  0.5000000       2358046.76356275        407146209.851712     
   1.500000       2345220.20278847        405482362.114786     
   2.500000       2312714.83046643        401789697.070501     
   3.500000       2250643.23786885        395522540.267513     
   4.500000       2154815.55849977        386342341.364817     
   5.500000       2033206.34898987        374662544.378045     
   6.500000       1904729.47746120        361708162.438049     
   7.500000       1787491.04400636        348857837.126376     
   8.500000       1689566.08573000        336945863.144660     
   9.500000       1609140.58084666        326139972.879679     
   10.50000       1540999.60280887        316256869.255338     
   11.50000       1480925.16145198        307083216.680138     
   12.50000       1426491.22299904        298505278.891832     
   13.50000       1376842.63169755        290495699.824556     
   14.50000       1331555.58526277        283060133.878800     
   15.50000       1290435.02347437        276199794.307135     
   16.50000       1253269.33327099        269898803.130817     
   17.50000       1219709.17200102        264126238.003088     
   18.50000       1189399.45910407        258842588.105948     
   19.50000       1161991.98769925        254005443.451838     
   20.50000       1137159.58950990        249573111.975937     
   21.50000       1114607.18994074        245506491.880768     
   22.50000       1094103.34798948        241769840.448092     
   23.50000       1075390.82946325        238330938.836400     
   24.50000       1058266.27927343        235160958.272871     
   25.50000       1042566.33145293        232234195.327463     
   26.50000       1028165.12395153        229527763.253251     
   27.50000       1014885.56388960        227021282.510056     
   28.50000       1002658.38746163        224696590.471957     
   29.50000       991346.285155930        222537478.344988     
   30.50000       980887.472930275        220529457.245711     
   31.50000       971177.136011285        218659552.433296     
   32.50000       962179.477287953        216916123.365329     
   33.50000       953788.556831689        215288706.805062     
   34.50000       946001.363272421        213767880.166830     
   35.50000       938728.104864158        212345142.469218     
   36.50000       931926.461762256        211012810.531617     
   37.50000       925594.723572793        209763928.331260     
   38.50000       919657.190088585        208592187.716004     
   39.50000       914084.347593704        207491858.911935     
   40.50000       908878.259362119        206457729.492498     
   41.50000       903990.566668494        205485050.665933     
   42.50000       899391.540964542        204569489.911633     
   43.50000       895061.060957670        203707089.117125     
   44.50000       891001.702387073        202894227.515953     
   45.50000       887181.453623068        202127588.804851     
   46.50000       883577.243052802        201404131.910409     
   47.50000       880175.044615955        200721064.963361     
   48.50000       876961.969032528        200075822.075269     
   49.50000       873937.184279647        199466042.593490     
   50.50000       871087.962441807        198889552.531285     
   51.50000       868393.756516078        198344347.917001     
   52.50000       865845.378439495        197828579.861481     
   53.50000       863434.344214801        197340541.113882     
   54.50000       861152.813972541        196878653.977552     
   55.50000       858993.537873157        196441459.408740     
   56.50000       856953.867276214        196027607.181680     
   57.50000       855033.271478132        195635847.000621     
   58.50000       853215.436859235        195265020.465398     
   59.50000       851495.080492801        194914053.805214     
   60.50000       849867.303180422        194581951.276500     
   61.50000       848327.560135371        194267789.196419     
   62.50000       846871.634325720        193970710.518457     
   63.50000       845495.612289790        193689919.916528     
   64.50000       844195.862148500        193424679.318235     
   65.50000       842969.013654261        193174303.856123     
   66.50000       841811.940054828        192938158.190281     
   67.50000       840721.741675615        192715653.184955     
   68.50000       839698.298419451        192506242.898782     
   69.50000       838740.929544716        192309421.880326     
   70.50000       837842.509878288        192124722.747573     
   71.50000       837000.932429768        191951714.045912     
   72.50000       836214.255164047        191789998.377752     
   73.50000       835480.693063878        191639210.835690     
   74.50000       834798.611523489        191499017.729766     
   75.50000       834166.521494659        191369115.715780     
   76.50000       833583.076583075        191249231.374013     
   77.50000       833047.072850858        191139121.429560     
   78.50000       832557.452534058        191038573.913309     
   79.50000       832113.313728821        190947410.771703     
   80.50000       831713.930008714        190865492.905543     
   81.50000       831358.787571992        190792729.512996     
   82.50000       831047.655503334        190729095.580672     
   83.50000       830780.723399137        190674665.961665     
   84.50000       830558.888122991        190629686.155714     
   85.50000       830384.405442451        190594732.705291     
   86.50000       830262.546206066        190571118.727798     
   87.50000       830206.280298609        190562014.161864     
   88.50000       830242.939361943        190573188.536740     
   89.50000       829312.883618400        190337974.725398     
