  -89.50000       1073003.13328658        240166896.532353     
  -88.50000       1072771.95356154        240117798.821778     
  -87.50000       1072816.30589249        240124638.776366     
  -86.50000       1072941.39743850        240147119.218818     
  -85.50000       1073126.71018110        240180937.251443     
  -84.50000       1073367.01480686        240224993.542768     
  -83.50000       1073660.65752758        240278931.439314     
  -82.50000       1074007.24760167        240342654.587171     
  -81.50000       1074406.97995103        240416185.818356     
  -80.50000       1074860.38774033        240499615.585193     
  -79.50000       1075368.23861151        240593080.285689     
  -78.50000       1075931.48741982        240696752.333255     
  -77.50000       1076551.25416511        240810835.455133     
  -76.50000       1077228.81436542        240935562.565215     
  -75.50000       1077965.59616570        241071195.022815     
  -74.50000       1078763.18149522        241218022.718376     
  -73.50000       1079623.30984255        241376364.686689     
  -72.50000       1080547.88394962        241546570.101543     
  -71.50000       1081538.97705872        241729019.574561     
  -70.50000       1082598.84147503        241924126.707043     
  -69.50000       1083729.91840607        242132339.885534     
  -68.50000       1084938.71985454        242354144.309945     
  -67.50000       1086229.00997298        242590064.256015     
  -66.50000       1087599.65719732        242840665.589816     
  -65.50000       1089054.01043123        243106558.539904     
  -64.50000       1090595.67863841        243388400.754222     
  -63.50000       1092228.54925743        243686900.660750     
  -62.50000       1093956.80841443        244002821.159195     
  -61.50000       1095784.96310836        244336983.676215     
  -60.50000       1097717.86556624        244690272.621630     
  -59.50000       1099760.73994971        245063640.278533     
  -58.50000       1101919.21168726        245458112.179378     
  -57.50000       1104213.90491856        245874793.017351     
  -56.50000       1106638.48853524        246314873.146708     
  -55.50000       1109199.31560306        246779635.741759     
  -54.50000       1111904.04299097        247270464.681937     
  -53.50000       1114760.93210483        247788853.249572     
  -52.50000       1117778.90160436        248336413.731097     
  -51.50000       1120973.37566383        248914888.025589     
  -50.50000       1124365.80074972        249526159.381880     
  -49.50000       1127952.12179870        250172265.398096     
  -48.50000       1131744.65286713        250855412.438573     
  -47.50000       1135756.73707187        251577991.641839     
  -46.50000       1140012.28819252        252342596.722167     
  -45.50000       1144538.24104402        253152043.794478     
  -44.50000       1149333.14878935        254009393.481422     
  -43.50000       1154415.76381860        254917975.616556     
  -42.50000       1159821.83015024        255881416.881331     
  -41.50000       1165581.24431356        256903671.792736     
  -40.50000       1171698.29768382        257989057.504027     
  -39.50000       1178208.70886939        259142292.973076     
  -38.50000       1185170.08130265        260368543.138042     
  -37.50000       1192581.25446357        261673468.849539     
  -36.50000       1200502.96211014        263063283.448586     
  -35.50000       1208980.55146865        264544817.035112     
  -34.50000       1218037.92337996        266125589.665834     
  -33.50000       1227773.39760318        267813894.961365     
  -32.50000       1238191.77822056        269618895.888385     
  -31.50000       1249420.82835701        271550734.834123     
  -30.50000       1261478.37209670        273620660.526940     
  -29.50000       1274493.66796990        275841174.890956     
  -28.50000       1288537.16757141        278226203.566608     
  -27.50000       1303707.20835061        280791294.645669     
  -26.50000       1320172.39872514        283553851.140726     
  -25.50000       1338033.39815205        286533403.902916     
  -24.50000       1357453.43413347        289751933.125311     
  -23.50000       1378620.69721931        293234248.217126     
  -22.50000       1401751.18787144        297008437.603784     
  -21.50000       1427094.03004939        301106401.528022     
  -20.50000       1454938.00067827        305564480.942409     
  -19.50000       1485619.53747443        310424190.479959     
  -18.50000       1519532.42436574        315733043.790306     
  -17.50000       1557139.04410557        321545405.304021     
  -16.50000       1598982.28764847        327923185.758617     
  -15.50000       1645781.02720073        334936016.871177     
  -14.50000       1698214.06953927        342660397.159998     
  -13.50000       1757243.17737899        351177435.060000     
  -12.50000       1823814.28030173        360569202.655575     
  -11.50000       1899114.93153582        370912874.786899     
  -10.50000       1984490.02526121        382266022.326164     
  -9.500000       2081215.43976106        394623752.206528     
  -8.500000       2189593.81833735        407821543.667351     
  -7.500000       2307352.54714393        421391536.036344     
  -6.500000       2427669.77246040        434473839.307080     
  -5.500000       2539333.03920980        445955060.175660     
  -4.500000       2630774.09651514        454883617.420919     
  -3.500000       2695236.45225807        460908959.402695     
  -2.500000       2734342.52219070        464379143.586955     
  -1.500000       2754939.15502423        466043537.010626     
 -0.5000000       2763390.88624577        466641676.255602     
  0.5000000       2763390.88624577        466641676.255602     
   1.500000       2754939.15502422        466043537.010627     
   2.500000       2734342.52219070        464379143.586958     
   3.500000       2695236.45225808        460908959.402700     
   4.500000       2630774.09651514        454883617.420923     
   5.500000       2539333.03920984        445955060.175669     
   6.500000       2427669.77246051        434473839.307070     
   7.500000       2307352.54714399        421391536.036301     
   8.500000       2189593.81833715        407821543.667287     
   9.500000       2081215.43976044        394623752.206461     
   10.50000       1984490.02526077        382266022.326165     
   11.50000       1899114.93153585        370912874.786966     
   12.50000       1823814.28030239        360569202.655707     
   13.50000       1757243.17737958        351177435.060101     
   14.50000       1698214.06953962        342660397.160090     
   15.50000       1645781.02720146        334936016.871348     
   16.50000       1598982.28764938        327923185.758781     
   17.50000       1557139.04410647        321545405.304175     
   18.50000       1519532.42436665        315733043.790444     
   19.50000       1485619.53747448        310424190.479917     
   20.50000       1454938.00067824        305564480.942409     
   21.50000       1427094.03004927        301106401.528005     
   22.50000       1401751.18787159        297008437.603820     
   23.50000       1378620.69721926        293234248.217116     
   24.50000       1357453.43413399        289751933.125413     
   25.50000       1338033.39815229        286533403.902916     
   26.50000       1320172.39872472        283553851.140611     
   27.50000       1303707.20834984        280791294.645534     
   28.50000       1288537.16757106        278226203.566575     
   29.50000       1274493.66796991        275841174.890995     
   30.50000       1261478.37209716        273620660.527029     
   31.50000       1249420.82835724        271550734.834167     
   32.50000       1238191.77822111        269618895.888485     
   33.50000       1227773.39760309        267813894.961307     
   34.50000       1218037.92337962        266125589.665760     
   35.50000       1208980.55146818        264544817.035026     
   36.50000       1200502.96211006        263063283.448575     
   37.50000       1192581.25446348        261673468.849518     
   38.50000       1185170.08130246        260368543.137995     
   39.50000       1178208.70886928        259142292.973062     
   40.50000       1171698.29768377        257989057.504012     
   41.50000       1165581.24431321        256903671.792675     
   42.50000       1159821.83015046        255881416.881387     
   43.50000       1154415.76381868        254917975.616564     
   44.50000       1149333.14878927        254009393.481396     
   45.50000       1144538.24104359        253152043.794395     
   46.50000       1140012.28819242        252342596.722157     
   47.50000       1135756.73707207        251577991.641889     
   48.50000       1131744.65286755        250855412.438670     
   49.50000       1127952.12179882        250172265.398122     
   50.50000       1124365.80075018        249526159.381992     
   51.50000       1120973.37566420        248914888.025663     
   52.50000       1117778.90160449        248336413.731117     
   53.50000       1114760.93210494        247788853.249574     
   54.50000       1111904.04299007        247270464.681741     
   55.50000       1109199.31560285        246779635.741715     
   56.50000       1106638.48853433        246314873.146519     
   57.50000       1104213.90491879        245874793.017423     
   58.50000       1101919.21168733        245458112.179400     
   59.50000       1099760.73995071        245063640.278742     
   60.50000       1097717.86556605        244690272.621571     
   61.50000       1095784.96310830        244336983.676188     
   62.50000       1093956.80841296        244002821.158879     
   63.50000       1092228.54925763        243686900.660815     
   64.50000       1090595.67863843        243388400.754223     
   65.50000       1089054.01043123        243106558.539904     
   66.50000       1087599.65719735        242840665.589820     
   67.50000       1086229.00997298        242590064.256017     
   68.50000       1084938.71985481        242354144.310006     
   69.50000       1083729.91840610        242132339.885538     
   70.50000       1082598.84147503        241924126.707043     
   71.50000       1081538.97705871        241729019.574557     
   72.50000       1080547.88394960        241546570.101543     
   73.50000       1079623.30984286        241376364.686757     
   74.50000       1078763.18149525        241218022.718380     
   75.50000       1077965.59616570        241071195.022816     
   76.50000       1077228.81436542        240935562.565214     
   77.50000       1076551.25416510        240810835.455132     
   78.50000       1075931.48741979        240696752.333250     
   79.50000       1075368.23861137        240593080.285657     
   80.50000       1074860.38774004        240499615.585125     
   81.50000       1074406.97995014        240416185.818140     
   82.50000       1074007.24759787        240342654.586255     
   83.50000       1073660.65750961        240278931.434984     
   84.50000       1073367.01470928        240224993.519244     
   85.50000       1073126.70955018        240180937.098559     
   86.50000       1072941.39217882        240147117.908495     
   87.50000       1072816.23197449        240124618.792079     
   88.50000       1072768.95437466        240116964.732310     
   89.50000       1072578.86761071        240073149.729429     
