  -89.50000       943898.167996455        217794901.187606     
  -88.50000       942759.330541025        217509055.909207     
  -87.50000       942659.384958836        217479927.066224     
  -86.50000       942715.051991268        217488160.510355     
  -85.50000       942850.802040248        217514532.665708     
  -84.50000       943047.642802968        217554258.521326     
  -83.50000       943298.734185710        217605605.592441     
  -82.50000       943601.256913792        217667844.638533     
  -81.50000       943954.090364331        217740667.170400     
  -80.50000       944356.969990177        217823974.372827     
  -79.50000       944810.130664217        217917787.741581     
  -78.50000       945314.139027733        218022207.002679     
  -77.50000       945869.808740191        218137388.745534     
  -76.50000       946478.155958647        218263535.091736     
  -75.50000       947140.375797464        218400887.584749     
  -74.50000       947857.830587622        218549724.002828     
  -73.50000       948632.045225472        218710356.915328     
  -72.50000       949464.707114098        218883133.357427     
  -71.50000       950361.985655764        219068435.259861     
  -70.50000       951324.278917853        219266680.416166     
  -69.50000       952351.594100900        219478323.918864     
  -68.50000       953446.342761898        219703859.935833     
  -67.50000       954611.136282290        219943823.842866     
  -66.50000       955848.797974600        220198794.666136     
  -65.50000       957162.376717681        220469397.849907     
  -64.50000       958555.162133685        220756308.347200     
  -63.50000       960030.701453172        221060254.066056     
  -62.50000       961592.818089996        221382019.669061     
  -61.50000       963245.632187179        221722450.783885     
  -60.50000       964993.583220533        222082458.641586     
  -59.50000       966841.454862349        222463025.180454     
  -58.50000       968794.402409405        222865208.685144     
  -57.50000       970868.063012331        223290149.983272     
  -56.50000       973064.213530401        223739079.289970     
  -55.50000       975384.461556517        224213323.748226     
  -54.50000       977835.852896129        224714315.754322     
  -53.50000       980425.996626691        225243602.148192     
  -52.50000       983163.115071768        225802854.382873     
  -51.50000       986056.099040270        226393879.772943     
  -50.50000       989114.568987455        227018633.960083     
  -49.50000       992367.866682259        227679234.731058     
  -48.50000       995814.409104052        228377977.384584     
  -47.50000       999462.110858760        229117351.788752     
  -46.50000       1003324.41335403        229900061.402922     
  -45.50000       1007415.92658196        230729044.470988     
  -44.50000       1011760.95523551        231607497.692838     
  -43.50000       1016393.24492407        232538902.706400     
  -42.50000       1021309.33013040        233527055.739653     
  -41.50000       1026530.05692555        234576100.883326     
  -40.50000       1032078.49346427        235690567.489680     
  -39.50000       1038021.32692824        236875412.265402     
  -38.50000       1044347.33982171        238136066.746612     
  -37.50000       1051086.90015176        239478490.924140     
  -36.50000       1058302.73901485        240909233.926334     
  -35.50000       1066028.24872234        242435502.797579     
  -34.50000       1074282.98602482        244065240.580324     
  -33.50000       1083156.08044315        245807215.074432     
  -32.50000       1092678.34456073        247671119.869608     
  -31.50000       1102904.98502428        249667689.409389     
  -30.50000       1113941.91968653        251808830.082041     
  -29.50000       1125814.32270024        254107769.450945     
  -28.50000       1138675.06969303        256579225.795676     
  -27.50000       1152559.69752947        259239599.985845     
  -26.50000       1167634.33467783        262107191.080227     
  -25.50000       1183995.19580751        265202435.737825     
  -24.50000       1201779.87619884        268548168.755736     
  -23.50000       1221209.29896587        272169896.769631     
  -22.50000       1242422.18111022        276096067.232110     
  -21.50000       1265640.96870073        280358296.367362     
  -20.50000       1291116.81900575        284991485.590452     
  -19.50000       1319133.08308637        290033692.724357     
  -18.50000       1350002.89431204        295525510.770813     
  -17.50000       1384038.15083957        301508519.405913     
  -16.50000       1421587.94842653        308022128.362000     
  -15.50000       1462948.51011546        315098012.555288     
  -14.50000       1508321.40245258        322751948.947436     
  -13.50000       1557770.17701377        330975389.276714     
  -12.50000       1611325.58991124        339734640.949241     
  -11.50000       1669131.92957026        348992446.014421     
  -10.50000       1732197.76880721        358766160.056135     
  -9.500000       1803632.99813708        369211024.990448     
  -8.500000       1889305.38168627        380654060.607679     
  -7.500000       1996973.29288401        393440718.661223     
  -6.500000       2130142.46718814        407522413.590758     
  -5.500000       2279665.28967664        422026434.800686     
  -4.500000       2422854.43210994        435356064.740439     
  -3.500000       2536762.30863128        446013118.305405     
  -2.500000       2610820.06854543        453407866.804389     
  -1.500000       2650105.43489241        457832300.254092     
 -0.5000000       2665441.80998328        459850381.957637     
  0.5000000       2665441.80998328        459850381.957636     
   1.500000       2650105.43489242        457832300.254091     
   2.500000       2610820.06854543        453407866.804385     
   3.500000       2536762.30863127        446013118.305399     
   4.500000       2422854.43210997        435356064.740425     
   5.500000       2279665.28967678        422026434.800660     
   6.500000       2130142.46718818        407522413.590715     
   7.500000       1996973.29288400        393440718.661201     
   8.500000       1889305.38168647        380654060.607613     
   9.500000       1803632.99813644        369211024.990283     
   10.50000       1732197.76880643        358766160.056157     
   11.50000       1669131.92956980        348992446.014443     
   12.50000       1611325.58991127        339734640.949413     
   13.50000       1557770.17701408        330975389.276953     
   14.50000       1508321.40245372        322751948.947798     
   15.50000       1462948.51011724        315098012.555624     
   16.50000       1421587.94842803        308022128.362181     
   17.50000       1384038.15083943        301508519.405946     
   18.50000       1350002.89431265        295525510.771237     
   19.50000       1319133.08308906        290033692.724923     
   20.50000       1291116.81900789        284991485.590579     
   21.50000       1265640.96869986        280358296.366999     
   22.50000       1242422.18110985        276096067.232021     
   23.50000       1221209.29896416        272169896.769179     
   24.50000       1201779.87619748        268548168.755575     
   25.50000       1183995.19580695        265202435.737858     
   26.50000       1167634.33467907        262107191.080557     
   27.50000       1152559.69752981        259239599.985832     
   28.50000       1138675.06969293        256579225.795742     
   29.50000       1125814.32270014        254107769.451245     
   30.50000       1113941.91969135        251808830.083347     
   31.50000       1102904.98502710        249667689.409911     
   32.50000       1092678.34456389        247671119.870339     
   33.50000       1083156.08044546        245807215.074782     
   34.50000       1074282.98602434        244065240.580173     
   35.50000       1066028.24872381        242435502.797939     
   36.50000       1058302.73901437        240909233.926085     
   37.50000       1051086.90015144        239478490.923952     
   38.50000       1044347.33981909        238136066.745834     
   39.50000       1038021.32692521        236875412.264746     
   40.50000       1032078.49346318        235690567.489463     
   41.50000       1026530.05692401        234576100.882875     
   42.50000       1021309.33012792        233527055.739065     
   43.50000       1016393.24492314        232538902.706125     
   44.50000       1011760.95523244        231607497.691928     
   45.50000       1007415.92657675        230729044.469774     
   46.50000       1003324.41335208        229900061.402684     
   47.50000       999462.110859779        229117351.789074     
   48.50000       995814.409104718        228377977.384643     
   49.50000       992367.866682138        227679234.730771     
   50.50000       989114.568981047        227018633.958265     
   51.50000       986056.099032796        226393879.771256     
   52.50000       983163.115069620        225802854.382548     
   53.50000       980425.996626156        225243602.148053     
   54.50000       977835.852894328        224714315.753871     
   55.50000       975384.461555474        224213323.748064     
   56.50000       973064.213531663        223739079.290410     
   57.50000       970868.063016425        223290149.984246     
   58.50000       968794.402409136        222865208.684951     
   59.50000       966841.454862076        222463025.180350     
   60.50000       964993.583218551        222082458.640997     
   61.50000       963245.632183977        221722450.782945     
   62.50000       961592.818082372        221382019.667060     
   63.50000       960030.701446450        221060254.064333     
   64.50000       958555.162125192        220756308.344933     
   65.50000       957162.376706004        220469397.846782     
   66.50000       955848.797958267        220198794.661769     
   67.50000       954611.136259185        219943823.836697     
   68.50000       953446.342728963        219703859.927048     
   69.50000       952351.594053128        219478323.906134     
   70.50000       951324.278847783        219266680.397516     
   71.50000       950361.985551155        219068435.232074     
   72.50000       949464.706958655        218883133.315793     
   73.50000       948632.044987801        218710356.851724     
   74.50000       947857.830216548        218549723.903647     
   75.50000       947140.375207026        218400887.427136     
   76.50000       946478.154997962        218263534.835600     
   77.50000       945869.807136960        218137388.318598     
   78.50000       945314.136273578        218022206.270130     
   79.50000       944810.125772101        217917786.441893     
   80.50000       944356.960950723        217823971.974080     
   81.50000       943954.072861341        217740662.530895     
   82.50000       943601.221031816        217667835.137245     
   83.50000       943298.655184958        217605584.692847     
   84.50000       943047.452060143        217554208.094162     
   85.50000       942850.280283588        217514394.736111     
   86.50000       942713.342070201        217487707.585986     
   87.50000       942651.844232011        217477906.197762     
   88.50000       942697.206322710        217491646.716913     
   89.50000       941565.546061076        217202809.985921     
