  -89.50000       1010883.44926108        234480872.890045     
  -88.50000       1009642.00571894        234167041.990769     
  -87.50000       1009531.14084133        234134563.066387     
  -86.50000       1009587.90712793        234142770.592046     
  -85.50000       1009730.32448844        234170581.707842     
  -84.50000       1009937.77922103        234212749.774104     
  -83.50000       1010202.83846686        234267373.348104     
  -82.50000       1010522.42802267        234333649.805279     
  -81.50000       1010896.32723628        234411236.958665     
  -80.50000       1011325.35967346        234500021.730030     
  -79.50000       1011808.01180583        234600022.211432     
  -78.50000       1012344.87511274        234711341.518554     
  -77.50000       1012936.80807035        234834144.361708     
  -76.50000       1013584.88726034        234968644.589703     
  -75.50000       1014290.38146743        235115098.462669     
  -74.50000       1015054.73865045        235273801.119122     
  -73.50000       1015879.58065947        235445084.950800     
  -72.50000       1016766.70295285        235629319.197364     
  -71.50000       1017718.07773308        235826910.362822     
  -70.50000       1018735.85958054        236038303.218542     
  -69.50000       1019822.39324470        236263982.306850     
  -68.50000       1020980.22310539        236504473.818915     
  -67.50000       1022212.10434281        236760347.853589     
  -66.50000       1023521.01560041        237032220.997653     
  -65.50000       1024910.17333114        237320759.271881     
  -64.50000       1026383.04771067        237626681.408877     
  -63.50000       1027943.38031951        237950762.506343     
  -62.50000       1029595.20366871        238293838.069320     
  -61.50000       1031342.86274392        238656808.477951     
  -60.50000       1033204.72782135        239040643.911049     
  -59.50000       1035173.01564635        239446389.772377     
  -58.50000       1037253.20941283        239875172.669987     
  -57.50000       1039451.22475517        240328207.001762     
  -56.50000       1041773.44017658        240806802.211613     
  -55.50000       1044226.73599902        241312370.802510     
  -54.50000       1046818.53723376        241846437.159726     
  -53.50000       1049556.86093845        242410647.306321     
  -52.50000       1052450.36849504        243006779.682925     
  -51.50000       1055530.68144717        243636757.075144     
  -50.50000       1058787.43631619        244302659.823314     
  -49.50000       1062231.44037424        245006740.465191     
  -48.50000       1065874.70484756        245751440.003250     
  -47.50000       1069730.25717886        246539405.967608     
  -46.50000       1073812.23958981        247373512.537621     
  -45.50000       1078164.65383017        248256882.958631     
  -44.50000       1082780.89285108        249192914.554167     
  -43.50000       1087676.33568114        250185306.701147     
  -42.50000       1092871.04788171        251238092.119636     
  -41.50000       1098399.96391578        252355671.963719     
  -40.50000       1104303.89631584        253542855.219018     
  -39.50000       1110582.53967731        254804902.997817     
  -38.50000       1117264.92164863        256147578.439757     
  -37.50000       1124417.44115261        257577202.993364     
  -36.50000       1132061.74459017        259100719.997023     
  -35.50000       1140220.02022869        260725766.606784     
  -34.50000       1148975.69464737        262460755.259564     
  -33.50000       1158363.53677368        264314966.038738     
  -32.50000       1168419.50088266        266298651.460321     
  -31.50000       1179270.34094211        268423155.359709     
  -30.50000       1190916.45558166        270701047.704235     
  -29.50000       1203506.39683596        273146277.168852     
  -28.50000       1217070.74879424        275774343.232118     
  -27.50000       1231778.80023855        278602489.149886     
  -26.50000       1247681.34044672        281649916.173780     
  -25.50000       1264978.23135416        284938017.515712     
  -24.50000       1283778.33227561        288490626.920310     
  -23.50000       1304248.26208366        292334270.062248     
  -22.50000       1326626.64385036        296498394.873181     
  -21.50000       1351113.41086903        301015534.896885     
  -20.50000       1377950.25036493        305921319.477203     
  -19.50000       1407421.07443484        311254170.987924     
  -18.50000       1439834.07845332        317054398.298680     
  -17.50000       1475510.48608130        323362182.957493     
  -16.50000       1514759.42628527        330213687.268857     
  -15.50000       1557832.11127140        337634424.305910     
  -14.50000       1604856.41913493        345629833.657055     
  -13.50000       1655867.83284451        354176046.435448     
  -12.50000       1710654.17502048        363220242.978640     
  -11.50000       1769295.17489271        372707744.996664     
  -10.50000       1832943.52704072        382651864.073174     
  -9.500000       1904969.88683774        393232901.807222     
  -8.500000       1992268.45660125        404841469.578401     
  -7.500000       2103855.63362123        417910446.353232     
  -6.500000       2244009.34680003        432454612.112831     
  -5.500000       2402744.92214236        447585970.495233     
  -4.500000       2555226.16931007        461608342.598850     
  -3.500000       2676388.46203000        472900372.280254     
  -2.500000       2755254.00587574        480790846.962927     
  -1.500000       2796746.91273803        485543754.293713     
 -0.5000000       2813062.63917756        487723213.226098     
  0.5000000       2813062.63917758        487723213.226098     
   1.500000       2796746.91273807        485543754.293715     
   2.500000       2755254.00587581        480790846.962931     
   3.500000       2676388.46203006        472900372.280265     
   4.500000       2555226.16931006        461608342.598870     
   5.500000       2402744.92214231        447585970.495275     
   6.500000       2244009.34679991        432454612.112884     
   7.500000       2103855.63362114        417910446.353333     
   8.500000       1992268.45660171        404841469.578507     
   9.500000       1904969.88683813        393232901.807230     
   10.50000       1832943.52704127        382651864.073273     
   11.50000       1769295.17489278        372707744.996591     
   12.50000       1710654.17502068        363220242.978687     
   13.50000       1655867.83284442        354176046.435371     
   14.50000       1604856.41913441        345629833.656992     
   15.50000       1557832.11127110        337634424.305974     
   16.50000       1514759.42628562        330213687.268987     
   17.50000       1475510.48608140        323362182.957607     
   18.50000       1439834.07845439        317054398.299011     
   19.50000       1407421.07443695        311254170.988118     
   20.50000       1377950.25036518        305921319.476759     
   21.50000       1351113.41086564        301015534.895976     
   22.50000       1326626.64384793        296498394.872706     
   23.50000       1304248.26208049        292334270.061515     
   24.50000       1283778.33227311        288490626.919948     
   25.50000       1264978.23135293        284938017.515674     
   26.50000       1247681.34044748        281649916.174153     
   27.50000       1231778.80024044        278602489.150335     
   28.50000       1217070.74879519        275774343.232360     
   29.50000       1203506.39683649        273146277.169353     
   30.50000       1190916.45558754        270701047.705847     
   31.50000       1179270.34094636        268423155.360521     
   32.50000       1168419.50088544        266298651.461058     
   33.50000       1158363.53677873        264314966.039900     
   34.50000       1148975.69464963        262460755.259831     
   35.50000       1140220.02022875        260725766.606762     
   36.50000       1132061.74459103        259100719.997248     
   37.50000       1124417.44115307        257577202.993347     
   38.50000       1117264.92164736        256147578.439353     
   39.50000       1110582.53967579        254804902.997489     
   40.50000       1104303.89631535        253542855.218915     
   41.50000       1098399.96391507        252355671.963454     
   42.50000       1092871.04787950        251238092.119081     
   43.50000       1087676.33568032        250185306.700922     
   44.50000       1082780.89284909        249192914.553452     
   45.50000       1078164.65382365        248256882.957019     
   46.50000       1073812.23958727        247373512.537296     
   47.50000       1069730.25717981        246539405.967926     
   48.50000       1065874.70484787        245751440.003245     
   49.50000       1062231.44037416        245006740.465049     
   50.50000       1058787.43631373        244302659.822456     
   51.50000       1055530.68143934        243636757.073224     
   52.50000       1052450.36849270        243006779.682588     
   53.50000       1049556.86093832        242410647.306295     
   54.50000       1046818.53723227        241846437.159341     
   55.50000       1044226.73599806        241312370.802412     
   56.50000       1041773.44018001        240806802.212545     
   57.50000       1039451.22475739        240328207.002201     
   58.50000       1037253.20941205        239875172.669684     
   59.50000       1035173.01564466        239446389.771910     
   60.50000       1033204.72781893        239040643.910379     
   61.50000       1031342.86274038        238656808.476941     
   62.50000       1029595.20366200        238293838.067528     
   63.50000       1027943.38031250        237950762.504487     
   64.50000       1026383.04770144        237626681.406386     
   65.50000       1024910.17331840        237320759.268436     
   66.50000       1023521.01558259        237032220.992839     
   67.50000       1022212.10431758        236760347.846780     
   68.50000       1020980.22306917        236504473.809160     
   69.50000       1019822.39319245        236263982.292795     
   70.50000       1018735.85950401        236038303.197970     
   71.50000       1017718.07761896        235826910.332200     
   72.50000       1016766.70278148        235629319.151439     
   73.50000       1015879.58039705        235445084.880552     
   74.50000       1015054.73824119        235273801.009700     
   75.50000       1014290.38081628        235115098.288786     
   76.50000       1013584.88620087        234968644.307125     
   77.50000       1012936.80630226        234834143.890699     
   78.50000       1012344.87207537        234711340.710377     
   79.50000       1011808.00641019        234600020.777447     
   80.50000       1011325.34970335        234500019.083366     
   81.50000       1010896.30793340        234411231.840188     
   82.50000       1010522.38882906        234333639.323217     
   83.50000       1010202.75217510        234267350.291521     
   84.50000       1009937.57087834        234212694.144134     
   85.50000       1009729.75461890        234170429.555511     
   86.50000       1009586.03972554        234142270.995365     
   87.50000       1009522.90521924        234132333.271843     
   88.50000       1009574.05372938        234147791.555348     
   89.50000       1008324.11767090        233825866.298478     
