  -89.50000       941714.068058227        215969179.295867     
  -88.50000       940574.759302291        215685325.098100     
  -87.50000       940474.866033586        215656381.543655     
  -86.50000       940530.597623039        215664560.980135     
  -85.50000       940666.663683240        215690768.119164     
  -84.50000       940863.942499595        215730247.497236     
  -83.50000       941115.584157836        215781277.071772     
  -82.50000       941418.765487297        215843131.952394     
  -81.50000       941772.364699093        215915505.493878     
  -80.50000       942176.117443273        215998299.462659     
  -79.50000       942630.259749655        216091535.243519     
  -78.50000       943135.359999936        216195311.979834     
  -77.50000       943692.234132482        216309785.354547     
  -76.50000       944301.901001789        216435156.312673     
  -75.50000       944965.558845018        216571664.997168     
  -74.50000       945684.573497827        216719587.572822     
  -73.50000       946460.473768709        216879234.797825     
  -72.50000       947294.951392252        217050951.702405     
  -71.50000       948189.864092520        217235118.006170     
  -70.50000       949147.241056446        217432149.098705     
  -69.50000       950169.290300170        217642497.453422     
  -68.50000       951258.407656499        217866654.402732     
  -67.50000       952417.187317595        218105152.254872     
  -66.50000       953648.433853839        218358566.730730     
  -65.50000       954955.175691647        218627519.710029     
  -64.50000       956340.680177180        218912682.314877     
  -63.50000       957808.470242169        219214778.329566     
  -62.50000       959362.342833665        219534587.990902     
  -61.50000       961014.140078952        219872952.169679     
  -60.50000       962765.876820179        220230776.989926     
  -59.50000       964617.765852139        220609038.912646     
  -58.50000       966574.976277106        221008790.338419     
  -57.50000       968643.080189178        221431165.786729     
  -56.50000       970828.085988605        221877388.697240     
  -55.50000       973136.475138791        222348778.941994     
  -54.50000       975575.242675233        222846761.111896     
  -53.50000       978151.941904965        223372873.668843     
  -52.50000       980881.562819738        223928779.065682     
  -51.50000       983780.844098455        224516274.952769     
  -50.50000       986846.013440301        225137306.582191     
  -49.50000       990087.518745275        225793980.584827     
  -48.50000       993516.683488164        226488580.256760     
  -47.50000       997145.790591151        227223582.568977     
  -46.50000       1000991.71337513        228001677.107279     
  -45.50000       1005092.18431310        228825787.195685     
  -44.50000       1009438.38338931        229699093.489923     
  -43.50000       1014047.67758185        230625060.364894     
  -42.50000       1018939.00385359        231607465.485541     
  -41.50000       1024151.30123590        232650432.983792     
  -40.50000       1029711.76490741        233758470.763464     
  -39.50000       1035625.54321482        234936512.502517     
  -38.50000       1041920.06439187        236189965.032936     
  -37.50000       1048663.67015531        237524761.887188     
  -36.50000       1055866.38381259        238947423.913109     
  -35.50000       1063554.15122156        240465128.014231     
  -34.50000       1071810.93329352        242085785.229852     
  -33.50000       1080660.50214166        243818129.568247     
  -32.50000       1090145.22271777        245671819.184985     
  -31.50000       1100378.19104661        247657551.752083     
  -30.50000       1111363.18399979        249787196.029074     
  -29.50000       1123245.42786986        252073941.880804     
  -28.50000       1136047.10877915        254532471.034373     
  -27.50000       1149936.35971277        257179150.750145     
  -26.50000       1164958.43297923        260032252.139367     
  -25.50000       1181303.32707313        263112193.564991     
  -24.50000       1199080.31626632        266441807.093234     
  -23.50000       1218448.33335887        270046620.900274     
  -22.50000       1239637.63936073        273955141.151476     
  -21.50000       1262847.17496271        278199099.124201     
  -20.50000       1288314.28977490        282813596.303774     
  -19.50000       1316322.57825953        287837018.773417     
  -18.50000       1347185.37754166        293310481.183377     
  -17.50000       1381238.58985971        299276375.954107     
  -16.50000       1418822.13489016        305775358.333211     
  -15.50000       1460243.71375667        312840970.558966     
  -14.50000       1505724.46391017        320491687.003170     
  -13.50000       1555437.93993985        328722612.600941     
  -12.50000       1609328.70807020        337504481.894069     
  -11.50000       1667622.34765788        346804386.302770     
  -10.50000       1731408.00249838        356642034.892465     
  -9.500000       1803634.70902431        367169962.364312     
  -8.500000       1890155.20433893        378704169.396377     
  -7.500000       1998365.04111147        391570121.908114     
  -6.500000       2131483.12522824        405695969.242307     
  -5.500000       2279980.97018109        420194542.402723     
  -4.500000       2421615.60989383        433473530.155340     
  -3.500000       2533636.75266142        444055426.716712     
  -2.500000       2606032.22933583        451374516.235589     
  -1.500000       2644070.65283697        455740369.410776     
 -0.5000000       2658833.84760316        457726933.348981     
  0.5000000       2658833.84760317        457726933.348983     
   1.500000       2644070.65283698        455740369.410780     
   2.500000       2606032.22933584        451374516.235596     
   3.500000       2533636.75266145        444055426.716718     
   4.500000       2421615.60989384        433473530.155340     
   5.500000       2279980.97018117        420194542.402720     
   6.500000       2131483.12522836        405695969.242264     
   7.500000       1998365.04111179        391570121.908025     
   8.500000       1890155.20433895        378704169.396204     
   9.500000       1803634.70902406        367169962.364129     
   10.50000       1731408.00249767        356642034.892142     
   11.50000       1667622.34765670        346804386.302402     
   12.50000       1609328.70806885        337504481.893662     
   13.50000       1555437.93993843        328722612.600495     
   14.50000       1505724.46390748        320491687.002583     
   15.50000       1460243.71375495        312840970.558688     
   16.50000       1418822.13488919        305775358.332751     
   17.50000       1381238.58985719        299276375.953353     
   18.50000       1347185.37753807        293310481.182723     
   19.50000       1316322.57825750        287837018.773159     
   20.50000       1288314.28977420        282813596.303529     
   21.50000       1262847.17496152        278199099.123693     
   22.50000       1239637.63935755        273955141.150743     
   23.50000       1218448.33335677        270046620.900001     
   24.50000       1199080.31626521        266441807.093046     
   25.50000       1181303.32707251        263112193.564916     
   26.50000       1164958.43297893        260032252.139396     
   27.50000       1149936.35971356        257179150.750414     
   28.50000       1136047.10877972        254532471.034572     
   29.50000       1123245.42787150        252073941.881296     
   30.50000       1111363.18400198        249787196.029596     
   31.50000       1100378.19104805        247657551.752515     
   32.50000       1090145.22272263        245671819.185929     
   33.50000       1080660.50213979        243818129.567451     
   34.50000       1071810.93329321        242085785.229707     
   35.50000       1063554.15121696        240465128.013045     
   36.50000       1055866.38381078        238947423.912908     
   37.50000       1048663.67015490        237524761.887051     
   38.50000       1041920.06439078        236189965.032489     
   39.50000       1035625.54321070        234936512.501500     
   40.50000       1029711.76490580        233758470.763262     
   41.50000       1024151.30123534        232650432.983740     
   42.50000       1018939.00385426        231607465.485756     
   43.50000       1014047.67758205        230625060.365040     
   44.50000       1009438.38339234        229699093.490739     
   45.50000       1005092.18431535        228825787.196111     
   46.50000       1000991.71337563        228001677.107264     
   47.50000       997145.790589276        227223582.568534     
   48.50000       993516.683488827        226488580.257029     
   49.50000       990087.518745585        225793980.584991     
   50.50000       986846.013444180        225137306.583129     
   51.50000       983780.844098382        224516274.952596     
   52.50000       980881.562819449        223928779.065606     
   53.50000       978151.941904544        223372873.668678     
   54.50000       975575.242672822        222846761.111294     
   55.50000       973136.475137786        222348778.941874     
   56.50000       970828.085990969        221877388.697824     
   57.50000       968643.080188461        221431165.786427     
   58.50000       966574.976275729        221008790.338008     
   59.50000       964617.765848615        220609038.911732     
   60.50000       962765.876817388        220230776.989232     
   61.50000       961014.140075652        219872952.168834     
   62.50000       959362.342830628        219534587.990076     
   63.50000       957808.470236729        219214778.328061     
   64.50000       956340.680169075        218912682.312689     
   65.50000       954955.175680302        218627519.706986     
   66.50000       953648.433838145        218358566.726512     
   67.50000       952417.187295035        218105152.248813     
   68.50000       951258.407623272        217866654.393859     
   69.50000       950169.290253224        217642497.440907     
   70.50000       949147.240987802        217432149.080407     
   71.50000       948189.863990585        217235117.979028     
   72.50000       947294.951238572        217050951.661530     
   73.50000       946460.473532606        216879234.735120     
   74.50000       945684.573129975        216719587.475249     
   75.50000       944965.558259470        216571664.842032     
   76.50000       944301.900048480        216435156.060406     
   77.50000       943692.232540559        216309784.933793     
   78.50000       943135.357263372        216195311.257403     
   79.50000       942630.254884930        216091533.960775     
   80.50000       942176.108448573        215998297.093624     
   81.50000       941772.347269564        215915500.908341     
   82.50000       941418.729726492        215843122.553859     
   83.50000       941115.505353989        215781256.379788     
   84.50000       940863.752047500        215730197.522434     
   85.50000       940666.142157509        215690631.278895     
   86.50000       940528.886345303        215664111.082285     
   87.50000       940467.382185078        215654371.445379     
   88.50000       940512.387428489        215667978.391688     
   89.50000       939371.837557780        215376384.118239     
