  -89.50000       947838.357550641        222240233.694162     
  -88.50000       946686.573327350        221950648.869789     
  -87.50000       946585.707302712        221921289.141146     
  -86.50000       946641.889301544        221929763.681193     
  -85.50000       946778.826044290        221956615.085805     
  -84.50000       946977.363733503        221997007.700062     
  -83.50000       947230.608454230        222049191.932680     
  -82.50000       947535.720329678        222112431.871293     
  -81.50000       947891.572007268        222186416.708211     
  -80.50000       948297.899154216        222271047.481565     
  -79.50000       948754.941061770        222366346.834578     
  -78.50000       949263.271682220        222472416.514069     
  -77.50000       949823.714300298        222589415.809354     
  -76.50000       950437.296647999        222717550.100295     
  -75.50000       951105.227249641        222857064.698565     
  -74.50000       951828.883619669        223008241.630326     
  -73.50000       952609.807664941        223171398.194777     
  -72.50000       953449.705620361        223346886.626601     
  -71.50000       954350.451230772        223535094.536960     
  -70.50000       955314.091317397        223736445.917021     
  -69.50000       956342.853204921        223951402.566990     
  -68.50000       957439.153888050        224180465.918659     
  -67.50000       958605.610678807        224424179.181819     
  -66.50000       959845.053415514        224683129.831555     
  -65.50000       961160.538124443        224957952.404838     
  -64.50000       962562.780241606        225249331.631699     
  -63.50000       964050.518229810        225558005.926258     
  -62.50000       965625.618661546        225884771.234779     
  -61.50000       967292.248423317        226230485.301622     
  -60.50000       969054.898002875        226596072.352331     
  -59.50000       970918.406851346        226982528.275668     
  -58.50000       972887.991256997        227390926.319759     
  -57.50000       974969.275047798        227822423.367189     
  -56.50000       977168.323438631        228278266.853557     
  -55.50000       979491.680368678        228759802.404532     
  -54.50000       981949.448401691        229268482.246073     
  -53.50000       984560.623236498        229805874.500685     
  -52.50000       987320.172880405        230373673.474450     
  -51.50000       990237.097754929        230973711.012735     
  -50.50000       993321.139470949        231607969.099415     
  -49.50000       996582.850055397        232278593.827662     
  -48.50000       1000033.66875641        232987910.896312     
  -47.50000       1003696.46044001        233738442.853231     
  -46.50000       1007589.73311327        234532928.270016     
  -45.50000       1011714.50097387        235374343.138500     
  -44.50000       1016086.87337610        236265924.732257     
  -43.50000       1020724.40258006        237211198.292495     
  -42.50000       1025661.38057858        238214006.903634     
  -41.50000       1030923.33686319        239278544.989030     
  -40.50000       1036516.09607252        240409395.931985     
  -39.50000       1042464.95885601        241611574.399067     
  -38.50000       1048821.02477990        242890574.018322     
  -37.50000       1055612.99588221        244252421.192250     
  -36.50000       1062856.62756367        245703735.916834     
  -35.50000       1070607.30061332        247251800.628540     
  -34.50000       1078924.65425801        248904638.245017     
  -33.50000       1087822.70152659        250671100.715196     
  -32.50000       1097392.94944176        252560969.594696     
  -31.50000       1107678.53749470        254585070.300690     
  -30.50000       1118744.76043631        256755401.877871     
  -29.50000       1130694.38628072        259085284.149700     
  -28.50000       1143582.34194505        261589524.118482     
  -27.50000       1157543.14792398        264284603.128596     
  -26.50000       1172663.00450066        267188885.515718     
  -25.50000       1189074.34967991        270322847.787692     
  -24.50000       1206946.93636695        273709324.161554     
  -23.50000       1226408.44296975        277373758.230969     
  -22.50000       1247658.49552755        281344439.510563     
  -21.50000       1270943.71640020        285652683.423218     
  -20.50000       1296469.71735742        290332876.359864     
  -19.50000       1324510.13744140        295422240.202701     
  -18.50000       1355363.93859159        300960051.409061     
  -17.50000       1389346.06612572        306985856.074026     
  -16.50000       1426765.78724924        313535975.938210     
  -15.50000       1467886.32261126        320637502.742672     
  -14.50000       1512865.88727321        328299664.637814     
  -13.50000       1561753.97873343        336505143.397230     
  -12.50000       1614443.28885357        345209737.983647     
  -11.50000       1670974.98720866        354365995.306920     
  -10.50000       1732414.00366379        363985920.827090     
  -9.500000       1801785.35326890        374231471.374265     
  -8.500000       1885318.75788458        385456185.932174     
  -7.500000       1991564.35787329        398053602.402748     
  -6.500000       2124987.33871779        412031484.975383     
  -5.500000       2276795.80914139        426552665.922056     
  -4.500000       2424004.94383718        440010262.219436     
  -3.500000       2542424.23730487        450855796.153378     
  -2.500000       2620827.98133137        458440429.729491     
  -1.500000       2663091.02794215        463012266.332711     
 -0.5000000       2680185.57429049        465109824.419012     
  0.5000000       2680185.57429048        465109824.419011     
   1.500000       2663091.02794214        463012266.332706     
   2.500000       2620827.98133138        458440429.729480     
   3.500000       2542424.23730486        450855796.153352     
   4.500000       2424004.94383720        440010262.219403     
   5.500000       2276795.80914153        426552665.922006     
   6.500000       2124987.33871780        412031484.975296     
   7.500000       1991564.35787303        398053602.402727     
   8.500000       1885318.75788397        385456185.932169     
   9.500000       1801785.35326842        374231471.374329     
   10.50000       1732414.00366448        363985920.827253     
   11.50000       1670974.98720909        354365995.306892     
   12.50000       1614443.28885342        345209737.983772     
   13.50000       1561753.97873372        336505143.397459     
   14.50000       1512865.88727490        328299664.638110     
   15.50000       1467886.32261264        320637502.742592     
   16.50000       1426765.78724931        313535975.937862     
   17.50000       1389346.06612303        306985856.073349     
   18.50000       1355363.93858986        300960051.408753     
   19.50000       1324510.13743977        295422240.202180     
   20.50000       1296469.71735415        290332876.359246     
   21.50000       1270943.71639837        285652683.423221     
   22.50000       1247658.49552891        281344439.510979     
   23.50000       1226408.44296976        277373758.230937     
   24.50000       1206946.93636843        273709324.161979     
   25.50000       1189074.34968109        270322847.787782     
   26.50000       1172663.00450089        267188885.515543     
   27.50000       1157543.14792176        264284603.127975     
   28.50000       1143582.34194352        261589524.118222     
   29.50000       1130694.38627847        259085284.149403     
   30.50000       1118744.76043913        256755401.878610     
   31.50000       1107678.53749488        254585070.300407     
   32.50000       1097392.94944027        252560969.594246     
   33.50000       1087822.70152398        250671100.714622     
   34.50000       1078924.65425670        248904638.244881     
   35.50000       1070607.30061320        247251800.628731     
   36.50000       1062856.62756672        245703735.917681     
   37.50000       1055612.99588362        244252421.192702     
   38.50000       1048821.02478438        242890574.019723     
   39.50000       1042464.95886377        241611574.400852     
   40.50000       1036516.09607552        240409395.932378     
   41.50000       1030923.33686417        239278544.989080     
   42.50000       1025661.38057612        238214006.902943     
   43.50000       1020724.40257905        237211198.292263     
   44.50000       1016086.87337313        236265924.731613     
   45.50000       1011714.50097535        235374343.139003     
   46.50000       1007589.73311388        234532928.270118     
   47.50000       1003696.46044124        233738442.853440     
   48.50000       1000033.66875433        232987910.895698     
   49.50000       996582.850054624        232278593.827466     
   50.50000       993321.139468743        231607969.098758     
   51.50000       990237.097750992        230973711.011797     
   52.50000       987320.172879174        230373673.474228     
   53.50000       984560.623235434        229805874.500376     
   54.50000       981949.448399375        229268482.245485     
   55.50000       979491.680367531        228759802.404253     
   56.50000       977168.323436858        228278266.853046     
   57.50000       974969.275044206        227822423.366270     
   58.50000       972887.991254926        227390926.319268     
   59.50000       970918.406848959        226982528.275040     
   60.50000       969054.898000416        226596072.351673     
   61.50000       967292.248419762        226230485.300646     
   62.50000       965625.618656116        225884771.233326     
   63.50000       964050.518223143        225558005.924501     
   64.50000       962562.780233458        225249331.629502     
   65.50000       961160.538112221        224957952.401512     
   66.50000       959845.053398170        224683129.826871     
   67.50000       958605.610654375        224424179.175232     
   68.50000       957439.153853196        224180465.909271     
   69.50000       956342.853154461        223951402.553418     
   70.50000       955314.091243710        223736445.897230     
   71.50000       954350.451121698        223535094.507696     
   72.50000       953449.705456100        223346886.582576     
   73.50000       952609.807413123        223171398.127392     
   74.50000       951828.883228888        223008241.525874     
   75.50000       951105.226629410        222857064.532964     
   76.50000       950437.295641199        222717549.831796     
   77.50000       949823.712624166        222589415.362873     
   78.50000       949263.268810036        222472415.749873     
   79.50000       948754.935973147        222366345.482190     
   80.50000       948297.889777721        222271044.992384     
   81.50000       947891.553904022        222186411.907521     
   82.50000       947535.683330871        222112422.069746     
   83.50000       947230.527262163        222049170.442867     
   84.50000       946977.168398987        221996956.032562     
   85.50000       946778.293830424        221956474.317709     
   86.50000       946640.152805619        221929303.477662     
   87.50000       946578.086715255        221919246.101944     
   88.50000       946624.137429987        221933165.514830     
   89.50000       945532.315512225        221654127.668050     
