  -89.50000       862016.764247800        197596936.818138     
  -88.50000       861002.871554773        197344295.648086     
  -87.50000       860916.324225136        197319074.988081     
  -86.50000       860970.006202147        197327230.302258     
  -85.50000       861096.536314932        197351746.431245     
  -84.50000       861278.968505903        197388386.729237     
  -83.50000       861511.208883303        197435619.162369     
  -82.50000       861790.757012695        197492801.247695     
  -81.50000       862116.632495285        197559663.992692     
  -80.50000       862488.622643948        197636124.886501     
  -79.50000       862906.964081718        197722208.737070     
  -78.50000       863372.193109536        197818010.399640     
  -77.50000       863885.829260431        197923675.884196     
  -76.50000       864451.338335682        198039392.337871     
  -75.50000       865066.916125537        198165382.671569     
  -74.50000       865733.835829019        198301902.773098     
  -73.50000       866453.521504186        198449240.279131     
  -72.50000       867227.548260850        198607714.333791     
  -71.50000       868057.645343781        198777676.028549     
  -70.50000       868945.701296629        198959509.319865     
  -69.50000       869893.770997563        199153632.373034     
  -68.50000       870904.084086348        199360499.210065     
  -67.50000       871979.054890400        199580601.684365     
  -66.50000       873121.293669486        199814471.734815     
  -65.50000       874333.619294708        200062683.943696     
  -64.50000       875619.073323281        200325858.383453     
  -63.50000       876980.935658069        200604663.795115     
  -62.50000       878422.741785051        200899821.090337     
  -61.50000       879948.301833333        201212107.229858     
  -60.50000       881561.721562225        201542359.499969     
  -59.50000       883276.281111817        201891480.217757     
  -58.50000       885091.996432028        202260441.925116     
  -57.50000       887010.719149670        202650293.107083     
  -56.50000       889038.046897068        203062164.495654     
  -55.50000       891180.019419367        203497276.031486     
  -54.50000       893443.156618493        203956944.538970     
  -53.50000       895834.500581913        204442592.208436     
  -52.50000       898361.662055232        204955755.983199     
  -51.50000       901034.505826603        205498097.943012     
  -50.50000       903878.793430153        206071416.818982     
  -49.50000       906887.033172554        206677660.761259     
  -48.50000       910069.792159714        207318941.542491     
  -47.50000       913438.537145668        207997550.334714     
  -46.50000       917005.722692828        208715975.307463     
  -45.50000       920789.524762752        209476921.252187     
  -44.50000       924823.831790313        210283331.508309     
  -43.50000       929103.008355668        211138412.517825     
  -42.50000       933644.762078097        212045661.335922     
  -41.50000       938468.434175851        213008896.532513     
  -40.50000       943620.222720259        214032292.961364     
  -39.50000       949112.019585664        215120420.936736     
  -38.50000       954958.627698752        216278290.483683     
  -37.50000       961192.756344349        217511401.400040     
  -36.50000       967883.114856825        218825800.007781     
  -35.50000       975025.877991047        220228143.616767     
  -34.50000       982665.909887572        221725773.888230     
  -33.50000       990889.235639754        223326800.489188     
  -32.50000       999697.709609994        225040196.638250     
  -31.50000       1009182.70438371        226875908.401421     
  -30.50000       1019396.65941358        228844979.851301     
  -29.50000       1030409.07355707        230959696.460662     
  -28.50000       1042317.38024867        233233749.308912     
  -27.50000       1055199.77341397        235682422.796462     
  -26.50000       1069168.17998398        238322808.341539     
  -25.50000       1084356.01107701        241174045.856034     
  -24.50000       1100868.24023995        244257593.037155     
  -23.50000       1118904.51653664        247597518.824376     
  -22.50000       1138626.49326427        251220810.069823     
  -21.50000       1160230.79506939        255157666.351282     
  -20.50000       1183959.65738966        259441730.996297     
  -19.50000       1210087.45403998        264110155.889674     
  -18.50000       1238921.44188602        269203305.355198     
  -17.50000       1270797.96591333        274763748.493581     
  -16.50000       1306069.71531662        280833973.986619     
  -15.50000       1345078.44282031        287452118.990646     
  -14.50000       1388111.60166223        294645404.823755     
  -13.50000       1435360.75749059        302422899.787656     
  -12.50000       1487014.94104221        310773693.825887     
  -11.50000       1543336.52777645        319682398.867929     
  -10.50000       1605304.69831744        329173733.832550     
  -9.500000       1675570.48939036        339376732.172059     
  -8.500000       1758960.44007214        350546087.287149     
  -7.500000       1861666.84591110        362924481.681084     
  -6.500000       1986213.69223490        376386718.654597     
  -5.500000       2124175.28685376        390077402.118391     
  -4.500000       2255647.95930795        402521336.884867     
  -3.500000       2359873.95047173        412373089.738886     
  -2.500000       2427889.48181066        419143612.938081     
  -1.500000       2463892.90574129        423157096.760129     
 -0.5000000       2478016.01052659        424974198.357297     
  0.5000000       2478016.01052659        424974198.357297     
   1.500000       2463892.90574130        423157096.760129     
   2.500000       2427889.48181067        419143612.938080     
   3.500000       2359873.95047170        412373089.738886     
   4.500000       2255647.95930793        402521336.884871     
   5.500000       2124175.28685379        390077402.118406     
   6.500000       1986213.69223482        376386718.654602     
   7.500000       1861666.84591093        362924481.681142     
   8.500000       1758960.44007238        350546087.287220     
   9.500000       1675570.48939052        339376732.172054     
   10.50000       1605304.69831766        329173733.832623     
   11.50000       1543336.52777672        319682398.867960     
   12.50000       1487014.94104240        310773693.825938     
   13.50000       1435360.75749021        302422899.787714     
   14.50000       1388111.60166288        294645404.824047     
   15.50000       1345078.44282171        287452118.990849     
   16.50000       1306069.71531773        280833973.986665     
   17.50000       1270797.96591229        274763748.493408     
   18.50000       1238921.44188577        269203305.355503     
   19.50000       1210087.45404240        264110155.890232     
   20.50000       1183959.65739204        259441730.996433     
   21.50000       1160230.79506811        255157666.350809     
   22.50000       1138626.49326351        251220810.069717     
   23.50000       1118904.51653521        247597518.824044     
   24.50000       1100868.24023905        244257593.037068     
   25.50000       1084356.01107666        241174045.856057     
   26.50000       1069168.17998485        238322808.341766     
   27.50000       1055199.77341401        235682422.796433     
   28.50000       1042317.38024854        233233749.309051     
   29.50000       1030409.07355833        230959696.461240     
   30.50000       1019396.65941810        228844979.852413     
   31.50000       1009182.70438606        226875908.401878     
   32.50000       999697.709612716        225040196.638995     
   33.50000       990889.235643555        223326800.489993     
   34.50000       982665.909889212        221725773.888408     
   35.50000       975025.877990883        220228143.616669     
   36.50000       967883.114856793        218825800.007778     
   37.50000       961192.756344347        217511401.399953     
   38.50000       954958.627696867        216278290.483225     
   39.50000       949112.019585656        215120420.936828     
   40.50000       943620.222720428        214032292.961366     
   41.50000       938468.434175639        213008896.532376     
   42.50000       933644.762076433        212045661.335458     
   43.50000       929103.008354941        211138412.517452     
   44.50000       924823.831784350        210283331.506622     
   45.50000       920789.524755258        209476921.250540     
   46.50000       917005.722690232        208715975.307157     
   47.50000       913438.537146999        207997550.335148     
   48.50000       910069.792160987        207318941.542714     
   49.50000       906887.033172668        206677660.761130     
   50.50000       903878.793427025        206071416.818076     
   51.50000       901034.505821617        205498097.941864     
   52.50000       898361.662053818        204955755.982990     
   53.50000       895834.500581836        204442592.208370     
   54.50000       893443.156615803        203956944.538290     
   55.50000       891180.019418195        203497276.031342     
   56.50000       889038.046899420        203062164.496312     
   57.50000       887010.719151823        202650293.107536     
   58.50000       885091.996431458        202260441.924931     
   59.50000       883276.281112541        201891480.217912     
   60.50000       881561.721560665        201542359.499480     
   61.50000       879948.301830584        201212107.229064     
   62.50000       878422.741779177        200899821.088754     
   63.50000       876980.935650153        200604663.793083     
   64.50000       875619.073315439        200325858.381422     
   65.50000       874333.619284329        200062683.940942     
   66.50000       873121.293655037        199814471.730980     
   67.50000       871979.054869966        199580601.678946     
   68.50000       870904.084057037        199360499.202304     
   69.50000       869893.770955241        199153632.361841     
   70.50000       868945.701234672        198959509.303493     
   71.50000       868057.645251351        198777676.004170     
   72.50000       867227.548122153        198607714.297253     
   73.50000       866453.521292014        198449240.223291     
   74.50000       865733.835497850        198301902.686040     
   75.50000       865066.915598631        198165382.533225     
   76.50000       864451.337478400        198039392.113049     
   77.50000       863885.827829832        197923675.509459     
   78.50000       863372.190675227        197818009.756654     
   79.50000       862906.959757529        197722207.596224     
   80.50000       862488.614654366        197636122.781019     
   81.50000       862116.617025406        197559659.920417     
   82.50000       861790.725298692        197492792.907958     
   83.50000       861511.139058314        197435600.817426     
   84.50000       861278.799912207        197388342.464403     
   85.50000       861096.075112915        197351625.349032     
   86.50000       860968.494547063        197326832.670274     
   87.50000       860909.658745214        197317301.540867     
   88.50000       860948.086002583        197329061.041216     
   89.50000       859963.344688133        197079129.420164     
