  -89.50000       891221.836132287        205551935.068167     
  -88.50000       888016.046488768        204724225.379343     
  -87.50000       887672.984369506        204630026.572791     
  -86.50000       887633.974895488        204613826.959431     
  -85.50000       887714.261602993        204626574.268100     
  -84.50000       887870.694350399        204657000.688554     
  -83.50000       888087.964161406        204701111.573805     
  -82.50000       888359.482157173        204757173.994653     
  -81.50000       888682.174816325        204824362.008190     
  -80.50000       889054.649597438        204902280.358205     
  -79.50000       889476.431580579        204990766.444231     
  -78.50000       889947.607247661        205089797.887152     
  -77.50000       890468.643568839        205199445.502608     
  -76.50000       891040.290870635        205319847.946135     
  -75.50000       891663.528637084        205451197.445692     
  -74.50000       892339.535062878        205593731.651369     
  -73.50000       893069.670426745        205747729.030641     
  -72.50000       893855.469026469        205913506.443769     
  -71.50000       894698.636792587        206091418.154043     
  -70.50000       895601.052720613        206281855.787477     
  -69.50000       896564.773247599        206485249.011057     
  -68.50000       897592.038969002        206702066.773507     
  -67.50000       898685.283207973        206932818.976040     
  -66.50000       899847.142430059        207178058.566449     
  -65.50000       901080.468286672        207438383.996844     
  -64.50000       902388.341362914        207714442.059560     
  -63.50000       903774.086554142        208006931.077672     
  -62.50000       905246.402823187        208316604.460865     
  -61.50000       906810.907454463        208644274.708651     
  -60.50000       908465.658898908        208990817.800071     
  -59.50000       910215.196183106        209357178.084495     
  -58.50000       912064.412929948        209744373.640217     
  -57.50000       914018.586209229        210153502.256635     
  -56.50000       916083.408041653        210585747.954536     
  -55.50000       918265.020399912        211042388.240381     
  -54.50000       920570.053764052        211524802.102023     
  -53.50000       923005.669715689        212034478.850626     
  -52.50000       925580.996528716        212573027.863586     
  -51.50000       928322.451784267        213142189.406137     
  -50.50000       931221.035643240        213743846.599710     
  -49.50000       934286.666154359        214380038.694960     
  -48.50000       937530.095261729        215052975.816767     
  -47.50000       940962.988837134        215765055.329750     
  -46.50000       944598.015810147        216518880.074226     
  -45.50000       948460.907300066        217317278.677727     
  -44.50000       952573.913572491        218163328.194753     
  -43.50000       956936.430422091        219060379.441782     
  -42.50000       961566.469139740        220012085.291948     
  -41.50000       966483.696316942        221022432.408629     
  -40.50000       971729.784439691        222095776.842648     
  -39.50000       977330.266712388        223236883.979969     
  -38.50000       983292.229616487        224450973.537953     
  -37.50000       989644.336852627        225743770.191098     
  -36.50000       996451.827532055        227121560.686955     
  -35.50000       1003736.96513281        228591258.296825     
  -34.50000       1011521.64858638        230160475.612368     
  -33.50000       1019880.49090306        231837606.801022     
  -32.50000       1028864.56742994        233631920.524219     
  -31.50000       1038497.32102189        235553664.802004     
  -30.50000       1048903.08888438        237614185.127975     
  -29.50000       1060101.19735055        239826057.021401     
  -28.50000       1072204.48067039        242203233.887486     
  -27.50000       1085293.06020156        244761210.371369     
  -26.50000       1099479.69986379        247517200.059199     
  -25.50000       1114868.50933525        250490323.962746     
  -24.50000       1131625.56212101        253701801.882915     
  -23.50000       1149853.10019994        257175131.305045     
  -22.50000       1169775.97666783        260936225.301934     
  -21.50000       1191562.50941249        265013458.262146     
  -20.50000       1215414.42695644        269437528.380776     
  -19.50000       1241574.71540890        274240976.556108     
  -18.50000       1270307.85756761        279457083.180924     
  -17.50000       1301880.02933694        285117678.751486     
  -16.50000       1336503.94587082        291249175.497119     
  -15.50000       1374344.73335005        297866056.098265     
  -14.50000       1415453.32966303        304961788.182991     
  -13.50000       1459694.43751797        312499996.960639     
  -12.50000       1506788.98454628        320415179.644656     
  -11.50000       1556736.03165667        328641170.330853     
  -10.50000       1610757.53070212        337187944.164415     
  -9.500000       1672886.40267022        346262430.829382     
  -8.500000       1751469.17312212        356355270.804811     
  -7.500000       1858552.58287997        368117397.248180     
  -6.500000       2001343.13794208        381871808.827748     
  -5.500000       2170572.87335101        396954099.839628     
  -4.500000       2338089.03118719        411582547.743336     
  -3.500000       2472893.04039065        423752586.183587     
  -2.500000       2560277.88027123        432414258.805359     
  -1.500000       2605955.04499960        437675573.726281     
 -0.5000000       2623635.87859715        440098636.101341     
  0.5000000       2623635.87859714        440098636.101337     
   1.500000       2605955.04499955        437675573.726270     
   2.500000       2560277.88027115        432414258.805337     
   3.500000       2472893.04039050        423752586.183535     
   4.500000       2338089.03118711        411582547.743258     
   5.500000       2170572.87335151        396954099.839528     
   6.500000       2001343.13794300        381871808.827527     
   7.500000       1858552.58287979        368117397.247930     
   8.500000       1751469.17312076        356355270.804683     
   9.500000       1672886.40266906        346262430.829257     
   10.50000       1610757.53070133        337187944.164325     
   11.50000       1556736.03165582        328641170.330881     
   12.50000       1506788.98454627        320415179.644756     
   13.50000       1459694.43752026        312499996.960694     
   14.50000       1415453.32966308        304961788.182278     
   15.50000       1374344.73334727        297866056.097517     
   16.50000       1336503.94586699        291249175.496571     
   17.50000       1301880.02933343        285117678.751441     
   18.50000       1270307.85756801        279457083.181854     
   19.50000       1241574.71541273        274240976.557382     
   20.50000       1215414.42696398        269437528.382173     
   21.50000       1191562.50941685        265013458.262210     
   22.50000       1169775.97666853        260936225.301186     
   23.50000       1149853.10019470        257175131.303149     
   24.50000       1131625.56211229        253701801.880996     
   25.50000       1114868.50932830        250490323.961711     
   26.50000       1099479.69986252        247517200.059139     
   27.50000       1085293.06020116        244761210.370808     
   28.50000       1072204.48066684        242203233.886017     
   29.50000       1060101.19734409        239826057.019241     
   30.50000       1048903.08887367        237614185.125009     
   31.50000       1038497.32101018        235553664.799192     
   32.50000       1028864.56742295        233631920.521997     
   33.50000       1019880.49088683        231837606.796355     
   34.50000       1011521.64857216        230160475.608475     
   35.50000       1003736.96511300        228591258.291171     
   36.50000       996451.827507338        227121560.680846     
   37.50000       989644.336832590        225743770.186539     
   38.50000       983292.229601244        224450973.534303     
   39.50000       977330.266700327        223236883.976408     
   40.50000       971729.784419715        222095776.836740     
   41.50000       966483.696293203        221022432.401640     
   42.50000       961566.469103045        220012085.281993     
   43.50000       956936.430385735        219060379.432666     
   44.50000       952573.913542609        218163328.186301     
   45.50000       948460.907252259        217317278.664209     
   46.50000       944598.015756286        216518880.059348     
   47.50000       940962.988767339        215765055.311137     
   48.50000       937530.095196383        215052975.799219     
   49.50000       934286.666073233        214380038.672434     
   50.50000       931221.035542967        213743846.572468     
   51.50000       928322.451669375        213142189.375137     
   52.50000       925580.996394355        212573027.827295     
   53.50000       923005.669560652        212034478.808342     
   54.50000       920570.053582133        211524802.052089     
   55.50000       918265.020174758        211042388.178571     
   56.50000       916083.407763073        210585747.879235     
   57.50000       914018.585895661        210153502.171660     
   58.50000       912064.412543174        209744373.534892     
   59.50000       910215.195710779        209357177.956395     
   60.50000       908465.658323234        208990817.644146     
   61.50000       906810.906747842        208644274.517298     
   62.50000       905246.401943626        208316604.223296     
   63.50000       903774.085482028        208006930.785542     
   64.50000       902388.340025439        207714441.695281     
   65.50000       901080.466605369        207438383.539388     
   66.50000       899847.140301198        207178057.987818     
   67.50000       898685.280491625        206932818.238478     
   68.50000       897592.035474261        206702065.825532     
   69.50000       896564.768711126        206485247.781699     
   70.50000       895601.046774536        206281854.177656     
   71.50000       894698.628916082        206091416.023576     
   72.50000       893855.458471323        205913503.591390     
   73.50000       893069.656100743        205747725.162721     
   74.50000       892339.515340980        205593726.331320     
   75.50000       891663.501054769        205451190.011782     
   76.50000       891040.251602546        205319837.371848     
   77.50000       890468.586522575        205199430.154030     
   78.50000       889947.522428907        205089775.085446     
   79.50000       889476.302021615        204990731.643928     
   80.50000       889054.445305529        204902225.528730     
   81.50000       888681.840158181        204824272.260631     
   82.50000       888358.907697071        204757020.052435     
   83.50000       888086.918257183        204700831.482236     
   84.50000       887868.638110227        204656450.311377     
   85.50000       887709.771531332        204625372.616968     
   86.50000       887622.540312490        204610763.710877     
   87.50000       887635.470328537        204619912.299706     
   88.50000       887807.329005427        204666148.613684     
   89.50000       886336.903244394        204283936.357650     
