  -89.50000       593071.496432303        138163854.850130     
  -88.50000       592184.923218412        137938152.865585     
  -87.50000       592103.041708283        137914613.532927     
  -86.50000       592131.369117658        137918099.530585     
  -85.50000       592213.583027758        137934032.009866     
  -84.50000       592335.786273539        137958857.951852     
  -83.50000       592492.994527867        137991298.264132     
  -82.50000       592683.133001078        138030810.900927     
  -81.50000       592905.343124069        138077159.741213     
  -80.50000       593159.372449967        138130259.524942     
  -79.50000       593445.317523042        138190110.510768     
  -78.50000       593763.503121311        138256767.746288     
  -77.50000       594114.421228001        138330325.478348     
  -76.50000       594498.698740722        138410908.835599     
  -75.50000       594917.080230870        138498669.310435     
  -74.50000       595370.419084344        138593782.348782     
  -73.50000       595859.673637019        138696446.186642     
  -72.50000       596385.906564207        138806881.492308     
  -71.50000       596950.286401386        138925331.527250     
  -70.50000       597554.090745735        139052062.710033     
  -69.50000       598198.710706645        139187365.473462     
  -68.50000       598885.656431683        139331555.366441     
  -67.50000       599616.563685586        139484974.393747     
  -66.50000       600393.201373611        139647992.565855     
  -65.50000       601217.479971468        139821009.641752     
  -64.50000       602091.461054156        140004457.114585     
  -63.50000       603021.558250133        140198800.395251     
  -62.50000       604009.027454284        140404541.243837     
  -61.50000       605053.857163509        140622220.465838     
  -60.50000       606158.856893639        140852420.874248     
  -59.50000       607327.054308310        141095770.551648     
  -58.50000       608561.712673106        141352946.473518     
  -57.50000       609866.349954497        141624678.471123     
  -56.50000       611244.759927433        141911753.614353     
  -55.50000       612701.035451978        142215021.051390     
  -54.50000       614239.594109453        142535397.339318     
  -53.50000       615871.711487001        142873872.354356     
  -52.50000       617602.169715122        143231515.803540     
  -51.50000       619431.237315775        143609484.452123     
  -50.50000       621365.009284133        144009030.128325     
  -49.50000       623410.087019723        144431508.609236     
  -48.50000       625573.626278879        144878389.490796     
  -47.50000       627863.415079196        145351267.173066     
  -46.50000       630305.499208341        145851873.106279     
  -45.50000       632892.659112403        146382089.444082     
  -44.50000       635634.977792705        146943964.327565     
  -43.50000       638543.440871871        147539728.972831     
  -42.50000       641633.718577940        148171816.869044     
  -41.50000       644935.331276337        148842885.325693     
  -40.50000       648444.331334527        149555839.752974     
  -39.50000       652176.571543545        150313861.052063     
  -38.50000       656159.333219643        151120436.590794     
  -37.50000       660422.618909877        151979395.308714     
  -36.50000       664969.269216569        152894947.600520     
  -35.50000       669829.761056472        153871730.734391     
  -34.50000       675053.226921455        154914860.716330     
  -33.50000       680641.451228044        156029991.666539     
  -32.50000       686649.941120517        157223383.974426     
  -31.50000       693114.023832077        158501982.768532     
  -30.50000       700067.512234592        159873508.480597     
  -29.50000       707583.873763269        161346561.642894     
  -28.50000       715691.798965441        162930744.454620     
  -27.50000       724483.464492821        164636802.023045     
  -26.50000       734011.740230992        166476786.638683     
  -25.50000       744364.068240658        168464248.762499     
  -24.50000       755654.896671573        170614458.470152     
  -23.50000       767969.579118978        172944660.623183     
  -22.50000       781440.496801135        175474365.283291     
  -21.50000       796241.527752988        178225670.681659     
  -20.50000       812525.192801808        181223607.054207     
  -19.50000       830492.437545528        184496471.646718     
  -18.50000       850378.760091410        188076091.154855     
  -17.50000       872454.815524678        191997888.323452     
  -16.50000       897027.728505546        196300539.977837     
  -15.50000       924438.275810652        201024927.289631     
  -14.50000       955081.691144861        206212148.857525     
  -13.50000       989345.860496036        211900976.839093     
  -12.50000       1027642.64061920        218126774.090195     
  -11.50000       1070610.95331559        224926142.388542     
  -10.50000       1119128.53995752        232350902.038496     
  -9.500000       1174892.02438076        240483682.213284     
  -8.500000       1240226.20854812        249420786.991130     
  -7.500000       1317405.88516827        259166312.162544     
  -6.500000       1405625.21380955        269426978.738689     
  -5.500000       1497957.70671754        279454837.977405     
  -4.500000       1581682.85859306        288209762.785444     
  -3.500000       1644971.59150261        294879806.233398     
  -2.500000       1683983.28806378        299299990.000437     
  -1.500000       1703395.01111716        301835237.961380     
 -0.5000000       1710615.94731729        302953708.669919     
  0.5000000       1710615.94731728        302953708.669918     
   1.500000       1703395.01111714        301835237.961378     
   2.500000       1683983.28806376        299299990.000430     
   3.500000       1644971.59150258        294879806.233376     
   4.500000       1581682.85859308        288209762.785417     
   5.500000       1497957.70671773        279454837.977370     
   6.500000       1405625.21380980        269426978.738610     
   7.500000       1317405.88516837        259166312.162444     
   8.500000       1240226.20854761        249420786.990990     
   9.500000       1174892.02437995        240483682.213247     
   10.50000       1119128.53995649        232350902.038469     
   11.50000       1070610.95331593        224926142.388717     
   12.50000       1027642.64062018        218126774.090189     
   13.50000       989345.860495864        211900976.838944     
   14.50000       955081.691144724        206212148.857486     
   15.50000       924438.275810055        201024927.289427     
   16.50000       897027.728504789        196300539.977710     
   17.50000       872454.815524376        191997888.323373     
   18.50000       850378.760090729        188076091.154706     
   19.50000       830492.437544781        184496471.646674     
   20.50000       812525.192802119        181223607.054381     
   21.50000       796241.527753014        178225670.681738     
   22.50000       781440.496802722        175474365.283673     
   23.50000       767969.579120578        172944660.623170     
   24.50000       755654.896668994        170614458.469421     
   25.50000       744364.068238912        168464248.762430     
   26.50000       734011.740231978        166476786.639007     
   27.50000       724483.464493418        164636802.023087     
   28.50000       715691.798965651        162930744.454607     
   29.50000       707583.873763244        161346561.642753     
   30.50000       700067.512232862        159873508.480098     
   31.50000       693114.023831117        158501982.768246     
   32.50000       686649.941117936        157223383.973712     
   33.50000       680641.451225472        156029991.666031     
   34.50000       675053.226920441        154914860.716169     
   35.50000       669829.761056174        153871730.734225     
   36.50000       664969.269213921        152894947.599873     
   37.50000       660422.618908759        151979395.308731     
   38.50000       656159.333221848        151120436.591527     
   39.50000       652176.571547247        150313861.052875     
   40.50000       648444.331335457        149555839.752973     
   41.50000       644935.331274888        148842885.325346     
   42.50000       641633.718578645        148171816.869272     
   43.50000       638543.440871767        147539728.972734     
   44.50000       635634.977791321        146943964.327371     
   45.50000       632892.659115853        146382089.445028     
   46.50000       630305.499208993        145851873.106323     
   47.50000       627863.415080274        145351267.173315     
   48.50000       625573.626278694        144878389.490669     
   49.50000       623410.087018892        144431508.608994     
   50.50000       621365.009282941        144009030.128035     
   51.50000       619431.237315484        143609484.452040     
   52.50000       617602.169713662        143231515.803121     
   53.50000       615871.711485910        142873872.353981     
   54.50000       614239.594105302        142535397.338168     
   55.50000       612701.035448191        142215021.050456     
   56.50000       611244.759924781        141911753.613619     
   57.50000       609866.349949870        141624678.469790     
   58.50000       608561.712666152        141352946.471585     
   59.50000       607327.054298928        141095770.549058     
   60.50000       606158.856880378        140852420.870683     
   61.50000       605053.857148041        140622220.461784     
   62.50000       604009.027439044        140404541.239644     
   63.50000       603021.558224773        140198800.388268     
   64.50000       602091.461020092        140004457.105276     
   65.50000       601217.479926010        139821009.629359     
   66.50000       600393.201312635        139647992.549241     
   67.50000       599616.563602705        139484974.371201     
   68.50000       598885.656318145        139331555.335591     
   69.50000       598198.710549202        139187365.430749     
   70.50000       597554.090526021        139052062.650493     
   71.50000       596950.286090273        138925331.443028     
   72.50000       596385.906117635        138806881.371548     
   73.50000       595859.672986431        138696446.010908     
   74.50000       595370.418120895        138593782.088824     
   75.50000       594917.078777853        138498668.918804     
   76.50000       594498.696503995        138410908.233378     
   77.50000       594114.417703973        138330324.530536     
   78.50000       593763.497419487        138256766.214344     
   79.50000       593445.308008813        138190107.957155     
   80.50000       593159.355987991        138130255.111062     
   81.50000       592905.313383667        138077151.774873     
   82.50000       592683.076350987        138030795.740604     
   83.50000       592492.879223112        137991267.432729     
   84.50000       592335.530501792        137958789.604070     
   85.50000       592212.945300535        137933861.621157     
   86.50000       592129.484235883        137917595.231580     
   87.50000       592095.681514035        137912627.312263     
   88.50000       592133.679191942        137923784.219505     
   89.50000       591480.010960883        137753931.799070     
