  -89.50000       980564.456851449        226330587.614866     
  -88.50000       979367.232118734        226028891.717914     
  -87.50000       979261.545154301        225998003.278285     
  -86.50000       979318.989420011        226006449.835485     
  -85.50000       979460.204615390        226033947.736999     
  -84.50000       979665.238388311        226075449.270404     
  -83.50000       979926.902808915        226129126.410521     
  -82.50000       980242.232529817        226194209.103573     
  -81.50000       980610.045611728        226270370.886984     
  -80.50000       981030.058488627        226357506.257798     
  -79.50000       981502.511381699        226455636.429936     
  -78.50000       982030.490915411        226564864.933888     
  -77.50000       982614.071243278        226685355.087300     
  -76.50000       983252.994460092        226817318.030212     
  -75.50000       983948.516937787        226961006.272951     
  -74.50000       984702.071332339        227116710.327871     
  -73.50000       985515.261626904        227284757.176597     
  -72.50000       986389.863029137        227465509.913236     
  -71.50000       987327.825214456        227659368.186356     
  -70.50000       988331.278000314        227866769.207565     
  -69.50000       989402.539134538        228088189.246583     
  -68.50000       990544.123731981        228324145.493142     
  -67.50000       991758.755375965        228575198.285958     
  -66.50000       993049.378729241        228841953.665021     
  -65.50000       994419.173793559        229125066.279748     
  -64.50000       995871.571688302        229425242.612234     
  -63.50000       997410.272281928        229743244.595590     
  -62.50000       999039.263551038        230079893.589710     
  -61.50000       1000762.84300325        230436074.788051     
  -60.50000       1002588.62674086        230812742.080232     
  -59.50000       1004529.63557992        231210923.399364     
  -58.50000       1006581.10785046        231631726.621077     
  -57.50000       1008748.89648614        232076346.061339     
  -56.50000       1011039.31345139        232546069.644634     
  -55.50000       1013459.16846843        233042286.801345     
  -54.50000       1016015.81175400        233566497.189057     
  -53.50000       1018717.18117988        234120320.321028     
  -52.50000       1021571.85440582        234705506.219988     
  -51.50000       1024598.82966145        235323947.197872     
  -50.50000       1027811.80648831        235977690.917567     
  -49.50000       1031209.81384711        236668954.863688     
  -48.50000       1034804.75529639        237400142.440379     
  -47.50000       1038609.54513638        238173860.837379     
  -46.50000       1042638.20698847        238992940.949712     
  -45.50000       1046920.23853114        239860459.573400     
  -44.50000       1051476.36311368        240779764.189295     
  -43.50000       1056308.65551543        241754500.685791     
  -42.50000       1061437.03517643        242788644.399908     
  -41.50000       1066883.25119085        243886534.930658     
  -40.50000       1072709.92658819        245052915.265616     
  -39.50000       1078909.98911881        246292975.797569     
  -38.50000       1085509.85554584        247612403.946489     
  -37.50000       1092557.63384875        249017440.184812     
  -36.50000       1100108.88559349        250514941.387478     
  -35.50000       1108169.51585050        252112452.572546     
  -34.50000       1116802.50710307        253818288.269493     
  -33.50000       1126080.38468496        255641624.897114     
  -32.50000       1136016.32535472        257592605.745776     
  -31.50000       1146727.47239944        259682460.321788     
  -30.50000       1158244.35352484        261923639.987370     
  -29.50000       1170673.51130936        264329971.907735     
  -28.50000       1184093.57381888        266916833.289588     
  -27.50000       1198622.78396698        269701347.594096     
  -26.50000       1214352.14083514        272702603.573709     
  -25.50000       1231464.41570364        275941896.320086     
  -24.50000       1250056.85547946        279442986.171570     
  -23.50000       1270329.02077675        283232365.173765     
  -22.50000       1292496.32399159        287339509.378136     
  -21.50000       1316750.13599868        291797074.387540     
  -20.50000       1343348.72494197        296640953.125562     
  -19.50000       1372579.76997383        301910044.248780     
  -18.50000       1404757.63731058        307645453.497896     
  -17.50000       1440213.44906710        313888643.927583     
  -16.50000       1479271.97095637        320677786.774437     
  -15.50000       1522208.51937160        328041459.271393     
  -14.50000       1569186.29941786        335989570.205618     
  -13.50000       1620206.63173287        344504273.251974     
  -12.50000       1675259.61822559        353539809.807507     
  -11.50000       1734349.66043312        363047809.117219     
  -10.50000       1798624.53357407        373043765.581746     
  -9.500000       1871423.25369801        383702012.724963     
  -8.500000       1959348.06406635        395397309.860735     
  -7.500000       2071173.02102895        408541207.802022     
  -6.500000       2211194.52411466        423132184.745767     
  -5.500000       2369392.00244976        438279340.109338     
  -4.500000       2521743.72643582        452294161.851001     
  -3.500000       2643071.81146950        463564450.921199     
  -2.500000       2722245.44433562        471426964.664831     
  -1.500000       2764317.15930964        476154513.069033     
 -0.5000000       2780908.64940687        478319144.270968     
  0.5000000       2780908.64940689        478319144.270969     
   1.500000       2764317.15930967        476154513.069035     
   2.500000       2722245.44433566        471426964.664838     
   3.500000       2643071.81146950        463564450.921216     
   4.500000       2521743.72643574        452294161.851027     
   5.500000       2369392.00244958        438279340.109391     
   6.500000       2211194.52411445        423132184.745833     
   7.500000       2071173.02102907        408541207.802123     
   8.500000       1959348.06406701        395397309.860799     
   9.500000       1871423.25369846        383702012.724920     
   10.50000       1798624.53357446        373043765.581732     
   11.50000       1734349.66043297        363047809.117046     
   12.50000       1675259.61822456        353539809.807389     
   13.50000       1620206.63173166        344504273.252030     
   14.50000       1569186.29941806        335989570.205938     
   15.50000       1522208.51937323        328041459.271777     
   16.50000       1479271.97095865        320677786.774689     
   17.50000       1440213.44906710        313888643.927419     
   18.50000       1404757.63730988        307645453.497984     
   19.50000       1372579.76997545        301910044.249215     
   20.50000       1343348.72494374        296640953.125591     
   21.50000       1316750.13599717        291797074.387004     
   22.50000       1292496.32399048        287339509.377939     
   23.50000       1270329.02077562        283232365.173383     
   24.50000       1250056.85547689        279442986.171043     
   25.50000       1231464.41570209        275941896.320056     
   26.50000       1214352.14083688        272702603.574215     
   27.50000       1198622.78396750        269701347.594087     
   28.50000       1184093.57381886        266916833.289701     
   29.50000       1170673.51131000        264329971.908155     
   30.50000       1158244.35352896        261923639.988408     
   31.50000       1146727.47240170        259682460.322151     
   32.50000       1136016.32535630        257592605.746148     
   33.50000       1126080.38468658        255641624.897424     
   34.50000       1116802.50710380        253818288.269520     
   35.50000       1108169.51584966        252112452.572217     
   36.50000       1100108.88559151        250514941.386999     
   37.50000       1092557.63384800        249017440.184596     
   38.50000       1085509.85554364        247612403.945809     
   39.50000       1078909.98911544        246292975.796800     
   40.50000       1072709.92658700        245052915.265411     
   41.50000       1066883.25118986        243886534.930302     
   42.50000       1061437.03517343        242788644.399120     
   43.50000       1056308.65551413        241754500.685303     
   44.50000       1051476.36310700        240779764.187454     
   45.50000       1046920.23852445        239860459.571965     
   46.50000       1042638.20698607        238992940.949440     
   47.50000       1038609.54513829        238173860.837955     
   48.50000       1034804.75529754        237400142.440533     
   49.50000       1031209.81384709        236668954.863491     
   50.50000       1027811.80648410        235977690.916349     
   51.50000       1024598.82965546        235323947.196506     
   52.50000       1021571.85440406        234705506.219808     
   53.50000       1018717.18118232        234120320.321665     
   54.50000       1016015.81175368        233566497.188892     
   55.50000       1013459.16846765        233042286.801288     
   56.50000       1011039.31345527        232546069.645775     
   57.50000       1008748.89649221        232076346.062750     
   58.50000       1006581.10785060        231631726.620941     
   59.50000       1004529.63557983        231210923.399290     
   60.50000       1002588.62673877        230812742.079613     
   61.50000       1000762.84299989        230436074.787063     
   62.50000       999039.263543226        230079893.587659     
   63.50000       997410.272274957        229743244.593788     
   64.50000       995871.571679379        229425242.609841     
   65.50000       994419.173781265        229125066.276444     
   66.50000       993049.378712072        228841953.660407     
   67.50000       991758.755351618        228575198.279421     
   68.50000       990544.123696635        228324145.483683     
   69.50000       989402.539083950        228088189.233063     
   70.50000       988331.277926424        227866769.187825     
   71.50000       987327.825104246        227659368.156962     
   72.50000       986389.862863735        227465509.869183     
   73.50000       985515.261373997        227284757.109297     
   74.50000       984702.070937431        227116710.222912     
   75.50000       983948.516309428        226961006.106155     
   76.50000       983252.993437716        226817317.759151     
   77.50000       982614.069537132        226685354.635490     
   78.50000       982030.487984507        226564864.158657     
   79.50000       981502.506224697        226455635.054425     
   80.50000       981030.048960433        226357503.719311     
   81.50000       980610.027162428        226270365.977242     
   82.50000       980242.194707906        226194199.048943     
   83.50000       979926.819537560        226129104.294033     
   84.50000       979665.037337396        226075395.908115     
   85.50000       979459.654680290        226033801.783913     
   86.50000       979317.187256493        226005970.580465     
   87.50000       979253.597133419        225995864.494333     
   88.50000       979301.683436499        226010442.241887     
   89.50000       978101.964094588        225703146.870994     
