  -89.50000       1003540.39966635        212343978.658513     
  -88.50000       1002610.12793874        212120859.728961     
  -87.50000       1002540.42182017        212099858.867141     
  -86.50000       1002614.49226309        212111264.899667     
  -85.50000       1002767.62049865        212139423.344313     
  -84.50000       1002983.23650610        212180357.058024     
  -83.50000       1003255.38222255        212232624.659334     
  -82.50000       1003581.65695656        212295629.202067     
  -81.50000       1003961.18036533        212369131.686605     
  -80.50000       1004393.84930114        212453073.741618     
  -79.50000       1004880.02258783        212547502.377488     
  -78.50000       1005420.37279877        212652534.530109     
  -77.50000       1006015.81168166        212768339.132525     
  -76.50000       1006667.45130486        212895127.675455     
  -75.50000       1007376.58393409        213033149.207216     
  -74.50000       1008144.67250099        213182687.833032     
  -73.50000       1008973.34750424        213344061.722382     
  -72.50000       1009864.40805344        213517623.077736     
  -71.50000       1010819.82582881        213703758.770590     
  -70.50000       1011841.75127597        213902891.481608     
  -69.50000       1012932.52158281        214115481.234696     
  -68.50000       1014094.67028715        214342027.287322     
  -67.50000       1015330.93835810        214583070.337629     
  -66.50000       1016644.28674953        214839195.045544     
  -65.50000       1018046.17211926        215111032.871125     
  -64.50000       1019538.33681481        215399265.233003     
  -63.50000       1021118.87821592        215704627.025518     
  -62.50000       1022791.84607759        216027910.492440     
  -61.50000       1024561.60151146        216369969.511981     
  -60.50000       1026432.84038245        216731724.322935     
  -59.50000       1028410.61895946        217114166.717606     
  -58.50000       1030500.38217281        217518365.784042     
  -57.50000       1032707.99456956        217945474.213317     
  -56.50000       1035039.77438893        218396735.266976     
  -55.50000       1037502.53100432        218873490.461856     
  -54.50000       1040122.09469076        219377188.043735     
  -53.50000       1042896.95429125        219909392.359703     
  -52.50000       1045828.38058491        220471794.223022     
  -51.50000       1048925.73624607        221066222.386340     
  -50.50000       1052199.14044780        221694656.253313     
  -49.50000       1055659.53735828        222359239.993126     
  -48.50000       1059318.77180801        223062298.215054     
  -47.50000       1063223.06453001        223806353.404108     
  -46.50000       1067360.64550503        224594145.356755     
  -45.50000       1071741.80460325        225428652.840950     
  -44.50000       1076383.18086873        226313117.809642     
  -43.50000       1081302.86306508        227251072.481412     
  -42.50000       1086565.54399613        228246369.694207     
  -41.50000       1092158.19941782        229303216.954647     
  -40.50000       1098097.99968308        230426214.729376     
  -39.50000       1104410.88783608        231620399.547207     
  -38.50000       1111188.58714554        232891292.602678     
  -37.50000       1118407.22220592        234244954.664107     
  -36.50000       1126098.47727018        235688048.187875     
  -35.50000       1134361.65107336        237227907.686855     
  -34.50000       1143203.38642673        238872619.570513     
  -33.50000       1152657.28939394        240631112.812564     
  -32.50000       1162862.36605061        242513262.023623     
  -31.50000       1173791.68767629        244530004.645926     
  -30.50000       1185595.15463970        246693474.159143     
  -29.50000       1198297.33809844        249017151.305332     
  -28.50000       1212046.46312445        251516035.260409     
  -27.50000       1226885.46127239        254206836.441386     
  -26.50000       1243022.38771235        257108191.871743     
  -25.50000       1260508.18222905        260240902.462722     
  -24.50000       1279537.69539733        263628188.522374     
  -23.50000       1300311.68800553        267295954.109229     
  -22.50000       1322987.77053210        271273040.287836     
  -21.50000       1347802.79231766        275591427.652893     
  -20.50000       1375022.27673995        280286310.878652     
  -19.50000       1404940.84797861        285395895.013524     
  -18.50000       1437878.63505976        290960623.186986     
  -17.50000       1474169.12470393        297021299.105168     
  -16.50000       1514130.90796284        303615226.096961     
  -15.50000       1558014.47485754        310769290.024555     
  -14.50000       1605926.64194951        318489662.806192     
  -13.50000       1657916.47030231        326751006.933995     
  -12.50000       1713597.78131882        335495002.670222     
  -11.50000       1773126.58905788        344656487.675858     
  -10.50000       1837394.85881083        354234638.132588     
  -9.500000       1910049.77805590        364395733.299988     
  -8.500000       1997848.25687842        375520086.467718     
  -7.500000       2109338.55055062        388034935.926378     
  -6.500000       2247492.75878824        401958140.989101     
  -5.500000       2400749.47812979        416430263.170219     
  -4.500000       2544726.60616866        429821155.781916     
  -3.500000       2655516.69929649        440583281.920476     
  -2.500000       2724337.99230997        448080051.335295     
  -1.500000       2757698.76122179        452573492.218959     
 -0.5000000       2769184.46180116        454623306.850445     
  0.5000000       2769184.46180116        454623306.850445     
   1.500000       2757698.76122180        452573492.218960     
   2.500000       2724337.99230997        448080051.335301     
   3.500000       2655516.69929647        440583281.920488     
   4.500000       2544726.60616857        429821155.781944     
   5.500000       2400749.47812953        416430263.170270     
   6.500000       2247492.75878791        401958140.989197     
   7.500000       2109338.55055052        388034935.926509     
   8.500000       1997848.25687897        375520086.467861     
   9.500000       1910049.77805672        364395733.300057     
   10.50000       1837394.85881160        354234638.132633     
   11.50000       1773126.58905833        344656487.675800     
   12.50000       1713597.78131878        335495002.670060     
   13.50000       1657916.47030188        326751006.933773     
   14.50000       1605926.64194854        318489662.805850     
   15.50000       1558014.47485624        310769290.024151     
   16.50000       1514130.90796094        303615226.096452     
   17.50000       1474169.12470160        297021299.104672     
   18.50000       1437878.63505759        290960623.186572     
   19.50000       1404940.84797657        285395895.013162     
   20.50000       1375022.27673878        280286310.878503     
   21.50000       1347802.79231722        275591427.652773     
   22.50000       1322987.77053131        271273040.287610     
   23.50000       1300311.68800458        267295954.109049     
   24.50000       1279537.69539678        263628188.522271     
   25.50000       1260508.18222873        260240902.462599     
   26.50000       1243022.38771079        257108191.871452     
   27.50000       1226885.46127259        254206836.441555     
   28.50000       1212046.46312481        251516035.260441     
   29.50000       1198297.33809807        249017151.305287     
   30.50000       1185595.15464041        246693474.159382     
   31.50000       1173791.68767688        244530004.646080     
   32.50000       1162862.36605235        242513262.023944     
   33.50000       1152657.28939311        240631112.812216     
   34.50000       1143203.38642592        238872619.570346     
   35.50000       1134361.65107270        237227907.686640     
   36.50000       1126098.47726822        235688048.187416     
   37.50000       1118407.22220503        234244954.664001     
   38.50000       1111188.58714533        232891292.602696     
   39.50000       1104410.88783702        231620399.547447     
   40.50000       1098097.99968350        230426214.729420     
   41.50000       1092158.19941772        229303216.954598     
   42.50000       1086565.54399575        228246369.694113     
   43.50000       1081302.86306492        227251072.481310     
   44.50000       1076383.18086653        226313117.809126     
   45.50000       1071741.80460331        225428652.841058     
   46.50000       1067360.64550521        224594145.356739     
   47.50000       1063223.06452913        223806353.403800     
   48.50000       1059318.77180496        223062298.214314     
   49.50000       1055659.53735730        222359239.993025     
   50.50000       1052199.14044854        221694656.253509     
   51.50000       1048925.73624587        221066222.386258     
   52.50000       1045828.38058486        220471794.222942     
   53.50000       1042896.95428884        219909392.359050     
   54.50000       1040122.09468749        219377188.043001     
   55.50000       1037502.53100358        218873490.461744     
   56.50000       1035039.77438863        218396735.266795     
   57.50000       1032707.99456445        217945474.212050     
   58.50000       1030500.38217139        217518365.783793     
   59.50000       1028410.61895745        217114166.717142     
   60.50000       1026432.84038210        216731724.322883     
   61.50000       1024561.60151109        216369969.511860     
   62.50000       1022791.84607588        216027910.492019     
   63.50000       1021118.87821503        215704627.025318     
   64.50000       1019538.33681384        215399265.232755     
   65.50000       1018046.17211790        215111032.870772     
   66.50000       1016644.28674755        214839195.045025     
   67.50000       1015330.93835518        214583070.336865     
   68.50000       1014094.67028274        214342027.286173     
   69.50000       1012932.52157616        214115481.232966     
   70.50000       1011841.75126554        213902891.478901     
   71.50000       1010819.82581256        213703758.766371     
   72.50000       1009864.40802716        213517623.070929     
   73.50000       1008973.34746136        213344061.711299     
   74.50000       1008144.67242973        213182687.814640     
   75.50000       1007376.58381302        213033149.176014     
   76.50000       1006667.45109403        212895127.621204     
   77.50000       1006015.81130415        212768339.035526     
   78.50000       1005420.37210097        212652534.351065     
   79.50000       1004880.02124890        212547502.034448     
   80.50000       1004393.84662251        212453073.056269     
   81.50000       1003961.17472189        212369130.244578     
   82.50000       1003581.64430461        212295625.973188     
   83.50000       1003255.35157563        212232616.846346     
   84.50000       1002983.15448969        212180336.164794     
   85.50000       1002767.36949995        212139359.402343     
   86.50000       1002613.56056558        212111026.891159     
   87.50000       1002535.67178115        212098625.646443     
   88.50000       1002562.39427636        212107761.522398     
   89.50000       1001212.03205507        211778718.467160     
