  -89.50000       993058.939123122        227988570.210355     
  -88.50000       992493.753449637        227852814.584323     
  -87.50000       992477.708572091        227845512.493112     
  -86.50000       992571.497682773        227862773.772824     
  -85.50000       992732.954762764        227894440.904657     
  -84.50000       992951.203326287        227937905.945337     
  -83.50000       993222.420990151        227992241.381359     
  -82.50000       993545.188724969        228057088.315273     
  -81.50000       993919.137295024        228132333.851097     
  -80.50000       994344.452132334        228217993.135170     
  -79.50000       994821.663562050        228314159.326816     
  -78.50000       995351.548803145        228420980.149634     
  -77.50000       995937.299259888        228538646.195670     
  -76.50000       996580.134262691        228667384.927916     
  -75.50000       997279.485277003        228807457.718003     
  -74.50000       998036.834619747        228959158.576098     
  -73.50000       998853.824082423        229122813.948950     
  -72.50000       999732.258179410        229298783.209975     
  -71.50000       1000674.10961199        229487459.643424     
  -70.50000       1001681.52653626        229689271.823103     
  -69.50000       1002756.84138774        229904685.326293     
  -68.50000       1003902.58108442        230134204.736424     
  -67.50000       1005121.47865963        230378375.944445     
  -66.50000       1006416.48627437        230637788.734648     
  -65.50000       1007790.78965097        230913079.658042     
  -64.50000       1009247.82413918        231204935.242866     
  -63.50000       1010791.29232396        231514095.514486     
  -62.50000       1012425.18347981        231841357.889975     
  -61.50000       1014153.79498190        232187581.471713     
  -60.50000       1015992.19156811        232553691.757058     
  -59.50000       1017938.10148058        232940685.837227     
  -58.50000       1019994.57098593        233349638.111035     
  -57.50000       1022167.44419796        233781706.574509     
  -56.50000       1024463.02184201        234238139.751259     
  -55.50000       1026888.09968995        234720284.336720     
  -54.50000       1029450.01088848        235229593.621870     
  -53.50000       1032156.67269462        235767636.804918     
  -52.50000       1035024.72591818        236336109.276638     
  -51.50000       1038068.41190590        236936844.003989     
  -50.50000       1041286.04567174        237571824.141189     
  -49.50000       1044688.56413188        238243197.012348     
  -48.50000       1048287.81876860        238953289.649065     
  -47.50000       1052096.66298177        239704626.053834     
  -46.50000       1056145.69125430        240499946.437936     
  -45.50000       1060446.65691236        241342228.672051     
  -44.50000       1065004.96833378        242234712.240186     
  -43.50000       1069838.77243483        243180925.044533     
  -42.50000       1074973.57171261        244184713.440617     
  -41.50000       1080457.27932739        245250275.957738     
  -40.50000       1086284.39842204        246382201.223779     
  -39.50000       1092481.03728862        247585510.697402     
  -38.50000       1099103.07900254        248865706.913363     
  -37.50000       1106176.25986363        250228828.072982     
  -36.50000       1113717.64962138        251681509.926361     
  -35.50000       1121800.60474580        253231056.093041     
  -34.50000       1130457.37052887        254885518.127359     
  -33.50000       1139721.54328792        256653786.890419     
  -32.50000       1149701.24237970        258545697.048870     
  -31.50000       1160399.50163319        260572146.821632     
  -30.50000       1171951.37611316        262745235.459318     
  -29.50000       1184376.41100517        265078421.315115     
  -28.50000       1197834.25715587        267586703.758996     
  -27.50000       1212366.69575052        270286832.542641     
  -26.50000       1228139.59209490        273197548.445570     
  -25.50000       1245269.93898815        276339858.905339     
  -24.50000       1263898.83404897        279737351.505683     
  -23.50000       1284225.65270750        283416545.889745     
  -22.50000       1306462.57431761        287407279.417020     
  -21.50000       1330823.72717247        291743110.707867     
  -20.50000       1357583.23197054        296461702.036928     
  -19.50000       1387054.27459964        301605094.227022     
  -18.50000       1419592.15540567        307219694.125635     
  -17.50000       1455593.49569942        313355624.351858     
  -16.50000       1495486.93477859        320064829.182113     
  -15.50000       1539738.24739070        327397111.034191     
  -14.50000       1588778.22135319        335393555.039189     
  -13.50000       1642898.68518845        344078533.637303     
  -12.50000       1702472.47617906        353455507.560713     
  -11.50000       1767759.72860037        363516631.018434     
  -10.50000       1839665.32183691        374274386.010924     
  -9.500000       1920080.06625085        385802162.632154     
  -8.500000       2012287.71921842        398225588.371144     
  -7.500000       2120041.16655869        411575709.324261     
  -6.500000       2243311.38460135        425495486.106466     
  -5.500000       2373901.65490896        439025220.741365     
  -4.500000       2495024.68087608        450831878.834233     
  -3.500000       2590580.91152929        459882886.144449     
  -2.500000       2653370.77296952        465955257.101539     
  -1.500000       2687190.77884072        469486455.676652     
 -0.5000000       2700800.29600822        471060185.292807     
  0.5000000       2700800.29600822        471060185.292807     
   1.500000       2687190.77884072        469486455.676652     
   2.500000       2653370.77296952        465955257.101538     
   3.500000       2590580.91152932        459882886.144447     
   4.500000       2495024.68087613        450831878.834229     
   5.500000       2373901.65490904        439025220.741359     
   6.500000       2243311.38460151        425495486.106453     
   7.500000       2120041.16655869        411575709.324238     
   8.500000       2012287.71921849        398225588.371107     
   9.500000       1920080.06625074        385802162.632049     
   10.50000       1839665.32183640        374274386.010787     
   11.50000       1767759.72859976        363516631.018324     
   12.50000       1702472.47617871        353455507.560602     
   13.50000       1642898.68518739        344078533.637140     
   14.50000       1588778.22135220        335393555.039282     
   15.50000       1539738.24739194        327397111.034654     
   16.50000       1495486.93478047        320064829.182410     
   17.50000       1455593.49570111        313355624.352083     
   18.50000       1419592.15540653        307219694.125623     
   19.50000       1387054.27459859        301605094.226767     
   20.50000       1357583.23197044        296461702.036950     
   21.50000       1330823.72717175        291743110.707650     
   22.50000       1306462.57431740        287407279.416971     
   23.50000       1284225.65270640        283416545.889438     
   24.50000       1263898.83404783        279737351.505493     
   25.50000       1245269.93898754        276339858.905259     
   26.50000       1228139.59209460        273197548.445569     
   27.50000       1212366.69575092        270286832.542786     
   28.50000       1197834.25715615        267586703.759187     
   29.50000       1184376.41100754        265078421.315775     
   30.50000       1171951.37611577        262745235.459871     
   31.50000       1160399.50163469        260572146.821942     
   32.50000       1149701.24238150        258545697.049286     
   33.50000       1139721.54328926        256653786.890703     
   34.50000       1130457.37052953        254885518.127544     
   35.50000       1121800.60474754        253231056.093509     
   36.50000       1113717.64962360        251681509.926851     
   37.50000       1106176.25986445        250228828.073122     
   38.50000       1099103.07900375        248865706.913619     
   39.50000       1092481.03728877        247585510.697371     
   40.50000       1086284.39842203        246382201.223749     
   41.50000       1080457.27932675        245250275.957535     
   42.50000       1074973.57171100        244184713.440264     
   43.50000       1069838.77243437        243180925.044510     
   44.50000       1065004.96833464        242234712.240392     
   45.50000       1060446.65691226        241342228.671975     
   46.50000       1056145.69125403        240499946.437801     
   47.50000       1052096.66297890        239704626.053196     
   48.50000       1048287.81877028        238953289.649570     
   49.50000       1044688.56413240        238243197.012364     
   50.50000       1041286.04567030        237571824.140806     
   51.50000       1038068.41190438        236936844.003649     
   52.50000       1035024.72591780        236336109.276619     
   53.50000       1032156.67269593        235767636.805222     
   54.50000       1029450.01088753        235229593.621611     
   55.50000       1026888.09968975        234720284.336774     
   56.50000       1024463.02184521        234238139.752052     
   57.50000       1022167.44419869        233781706.574610     
   58.50000       1019994.57098611        233349638.111073     
   59.50000       1017938.10148105        232940685.837310     
   60.50000       1015992.19156661        232553691.756681     
   61.50000       1014153.79498160        232187581.471680     
   62.50000       1012425.18348025        231841357.890097     
   63.50000       1010791.29232407        231514095.514504     
   64.50000       1009247.82413929        231204935.242887     
   65.50000       1007790.78965095        230913079.658035     
   66.50000       1006416.48627431        230637788.734633     
   67.50000       1005121.47865953        230378375.944417     
   68.50000       1003902.58108410        230134204.736349     
   69.50000       1002756.84138779        229904685.326300     
   70.50000       1001681.52653583        229689271.822986     
   71.50000       1000674.10961120        229487459.643217     
   72.50000       999732.258178032        229298783.209616     
   73.50000       998853.824079964        229122813.948310     
   74.50000       998036.834615279        228959158.574937     
   75.50000       997279.485268664        228807457.715840     
   76.50000       996580.134246695        228667384.923774     
   77.50000       995937.299228245        228538646.187488     
   78.50000       995351.548738852        228420980.132880     
   79.50000       994821.663424509        228314159.291034     
   80.50000       994344.451824618        228217993.055219     
   81.50000       993919.136564123        228132333.661456     
   82.50000       993545.186866601        228057087.833705     
   83.50000       993222.415844068        227992240.049223     
   84.50000       992951.187431006        227937901.833198     
   85.50000       992732.897951219        227894426.200871     
   86.50000       992571.247454328        227862708.717484     
   87.50000       992476.148209801        227845097.533255     
   88.50000       992473.284350531        227847048.775246     
   89.50000       991817.731824620        227684172.634784     
