  -89.50000       660728.706346366        152456428.235238     
  -88.50000       659931.520141101        152256336.543756     
  -87.50000       659861.558234755        152235946.354015     
  -86.50000       659900.525156795        152241709.764808     
  -85.50000       659995.550189464        152260170.273241     
  -84.50000       660133.338721029        152287978.371702     
  -83.50000       660309.102685959        152323921.320871     
  -82.50000       660520.868592021        152367488.652396     
  -81.50000       660767.852003199        152418464.423837     
  -80.50000       661049.867736498        152476779.464545     
  -79.50000       661367.080202939        152542448.821558     
  -78.50000       661719.886051405        152615542.303084     
  -77.50000       662108.854843514        152696169.521713     
  -76.50000       662534.697889202        152784471.962555     
  -75.50000       662998.251768497        152880618.706031     
  -74.50000       663500.470113073        152984804.196917     
  -73.50000       664042.420350365        153097247.233757     
  -72.50000       664625.283662499        153218190.741172     
  -71.50000       665253.378631006        153347902.070674     
  -70.50000       665926.983903027        153486673.677731     
  -69.50000       666646.104518944        153634824.127103     
  -68.50000       667412.428568629        153792699.336302     
  -67.50000       668227.784019058        153960674.068373     
  -66.50000       669094.147188967        154139153.641633     
  -65.50000       670013.652293510        154328575.867058     
  -64.50000       670988.602068161        154529413.211754     
  -63.50000       672021.479574269        154742175.211344     
  -62.50000       673114.961201485        154967411.129625     
  -61.50000       674271.931049878        155205712.905959     
  -60.50000       675495.496752464        155457718.402075     
  -59.50000       676789.006879788        155724114.974764     
  -58.50000       678156.070139539        156005643.423274     
  -57.50000       679607.632536978        156303102.326920     
  -56.50000       681144.937873559        156617352.836283     
  -55.50000       682769.111464304        156949323.951436     
  -54.50000       684485.085372948        157300018.349762     
  -53.50000       686298.185953621        157670518.819197     
  -52.50000       688214.168832717        158061995.376845     
  -51.50000       690239.257576377        158475713.142893     
  -50.50000       692380.186503165        158913041.066492     
  -49.50000       694657.494851019        159375461.598356     
  -48.50000       697070.074505470        159864581.447557     
  -47.50000       699623.465690606        160382143.521732     
  -46.50000       702327.077391625        160930040.242402     
  -45.50000       705191.136602823        161510328.380260     
  -44.50000       708232.656609039        162125245.625191     
  -43.50000       711475.259336387        162777229.123706     
  -42.50000       714916.518922886        163468936.235349     
  -41.50000       718571.027618045        164203267.823586     
  -40.50000       722454.933129990        164983394.434948     
  -39.50000       726614.916485040        165812785.764067     
  -38.50000       731043.125436376        166695243.886167     
  -37.50000       735760.817588664        167634940.794771     
  -36.50000       740811.904708831        168636460.879658     
  -35.50000       746219.761414346        169704849.071828     
  -34.50000       751998.077430578        170845665.500923     
  -33.50000       758209.243421370        172065047.626771     
  -32.50000       764874.828194659        173369780.962090     
  -31.50000       772033.476403086        174767379.617278     
  -30.50000       779759.330542295        176266178.064046     
  -29.50000       788070.012519849        177875435.596693     
  -28.50000       797072.535273410        179605455.010868     
  -27.50000       806791.774609339        181467716.915268     
  -26.50000       817344.020453965        183475030.651047     
  -25.50000       828796.623077519        185641701.879576     
  -24.50000       841245.899176013        187983714.958993     
  -23.50000       854846.494931884        190518924.534584     
  -22.50000       869695.512249495        193267243.823716     
  -21.50000       885948.663382519        196250804.184218     
  -20.50000       903781.758427948        199494036.608081     
  -19.50000       923393.143141054        203023581.573679     
  -18.50000       945002.010909446        206867854.185852     
  -17.50000       968826.690481483        211055960.223611     
  -16.50000       995111.548958305        215615486.508718     
  -15.50000       1024063.94256956        220568605.496921     
  -14.50000       1055824.96807427        225926361.083650     
  -13.50000       1090439.11183607        231682769.518460     
  -12.50000       1127927.90349198        237814246.029453     
  -11.50000       1168392.34531869        244294710.100110     
  -10.50000       1212538.43856176        251136310.674659     
  -9.500000       1262543.10629327        258447717.082638     
  -8.500000       1322513.78211164        266457843.079570     
  -7.500000       1397881.32470839        275408504.698283     
  -6.500000       1491099.74529946        285265691.814777     
  -5.500000       1595765.71446185        295418506.870813     
  -4.500000       1695998.10213735        304749247.629366     
  -3.500000       1775733.60497616        312209184.713320     
  -2.500000       1827574.02905413        317385508.238870     
  -1.500000       1855073.78005555        320482611.334346     
 -0.5000000       1865809.24003362        321895268.359623     
  0.5000000       1865809.24003362        321895268.359623     
   1.500000       1855073.78005556        320482611.334344     
   2.500000       1827574.02905413        317385508.238868     
   3.500000       1775733.60497615        312209184.713315     
   4.500000       1695998.10213738        304749247.629356     
   5.500000       1595765.71446195        295418506.870795     
   6.500000       1491099.74529948        285265691.814747     
   7.500000       1397881.32470838        275408504.698267     
   8.500000       1322513.78211178        266457843.079523     
   9.500000       1262543.10629282        258447717.082522     
   10.50000       1212538.43856121        251136310.674672     
   11.50000       1168392.34531837        244294710.100125     
   12.50000       1127927.90349199        237814246.029573     
   13.50000       1090439.11183629        231682769.518628     
   14.50000       1055824.96807507        225926361.083902     
   15.50000       1024063.94257081        220568605.497156     
   16.50000       995111.548959355        215615486.508845     
   17.50000       968826.690481387        211055960.223636     
   18.50000       945002.010909877        206867854.186149     
   19.50000       923393.143142938        203023581.574076     
   20.50000       903781.758429453        199494036.608171     
   21.50000       885948.663381907        196250804.183965     
   22.50000       869695.512249234        193267243.823654     
   23.50000       854846.494930689        190518924.534268     
   24.50000       841245.899175063        187983714.958881     
   25.50000       828796.623077125        185641701.879600     
   26.50000       817344.020454834        183475030.651277     
   27.50000       806791.774609576        181467716.915259     
   28.50000       797072.535273339        179605455.010913     
   29.50000       788070.012519773        177875435.596903     
   30.50000       779759.330545668        176266178.064960     
   31.50000       772033.476405062        174767379.617643     
   32.50000       764874.828196865        173369780.962601     
   33.50000       758209.243422983        172065047.627016     
   34.50000       751998.077430245        170845665.500817     
   35.50000       746219.761415375        169704849.072079     
   36.50000       740811.904708495        168636460.879484     
   37.50000       735760.817588444        167634940.794640     
   38.50000       731043.125434546        166695243.885623     
   39.50000       726614.916482913        165812785.763608     
   40.50000       722454.933129227        164983394.434797     
   41.50000       718571.027616962        164203267.823270     
   42.50000       714916.518921150        163468936.234938     
   43.50000       711475.259335735        162777229.123513     
   44.50000       708232.656606893        162125245.624554     
   45.50000       705191.136599180        161510328.379411     
   46.50000       702327.077390261        160930040.242235     
   47.50000       699623.465691321        160382143.521958     
   48.50000       697070.074505936        159864581.447597     
   49.50000       694657.494850934        159375461.598155     
   50.50000       692380.186498680        158913041.065220     
   51.50000       690239.257571145        158475713.141712     
   52.50000       688214.168831216        158061995.376618     
   53.50000       686298.185953247        157670518.819100     
   54.50000       684485.085371688        157300018.349446     
   55.50000       682769.111463575        156949323.951324     
   56.50000       681144.937874442        156617352.836591     
   57.50000       679607.632539847        156303102.327603     
   58.50000       678156.070139348        156005643.423139     
   59.50000       676789.006879596        155724114.974692     
   60.50000       675495.496751075        155457718.401662     
   61.50000       674271.931047633        155205712.905300     
   62.50000       673114.961196148        154967411.128224     
   63.50000       672021.479569563        154742175.210137     
   64.50000       670988.602062214        154529413.210167     
   65.50000       670013.652285338        154328575.864871     
   66.50000       669094.147177532        154139153.638576     
   67.50000       668227.784002886        153960674.064056     
   68.50000       667412.428545576        153792699.330153     
   69.50000       666646.104485506        153634824.118193     
   70.50000       665926.983853976        153486673.664676     
   71.50000       665253.378557781        153347902.051223     
   72.50000       664625.283553690        153218190.712029     
   73.50000       664042.420183994        153097247.189234     
   74.50000       663500.469853325        152984804.127490     
   75.50000       662998.251355192        152880618.595702     
   76.50000       662534.697216721        152784471.783260     
   77.50000       662108.853721254        152696169.222858     
   78.50000       661719.884123495        152615541.790300     
   79.50000       661367.076778458        152542447.911776     
   80.50000       661049.861408881        152476777.785422     
   81.50000       660767.839751105        152418461.176183     
   82.50000       660520.843474635        152367482.001494     
   83.50000       660309.047385434        152323906.691155     
   84.50000       660133.205201052        152287943.072688     
   85.50000       659995.184959807        152260073.722525     
   86.50000       659899.328212067        152241392.717755     
   87.50000       659856.279726071        152234531.746116     
   88.50000       659888.033189020        152244150.109358     
   89.50000       659095.871019373        152041964.401108     
