  -89.50000       887241.890316059        203796433.531499     
  -88.50000       886184.011418570        203533685.459872     
  -87.50000       886092.822091593        203507283.251759     
  -86.50000       886147.349875305        203515475.520317     
  -85.50000       886277.330792363        203540574.598765     
  -84.50000       886465.096409526        203578176.845434     
  -83.50000       886704.290137979        203626689.212225     
  -82.50000       886992.300050789        203685442.846722     
  -81.50000       887328.097561768        203754156.792671     
  -80.50000       887711.453226495        203832743.649772     
  -79.50000       888142.604849560        203921227.306728     
  -78.50000       888622.101492441        204019704.203703     
  -77.50000       889150.724716405        204128323.684543     
  -76.50000       889729.447248548        204247277.583684     
  -75.50000       890359.411197394        204376794.624443     
  -74.50000       891041.917276936        204517137.514412     
  -73.50000       891778.420649600        204668601.650408     
  -72.50000       892570.531048618        204831514.853155     
  -71.50000       893420.015860541        205006237.803962     
  -70.50000       894328.805368945        205193164.981438     
  -69.50000       895298.999885155        205392726.029784     
  -68.50000       896332.878347920        205605387.451701     
  -67.50000       897432.908420675        205831654.629227     
  -66.50000       898601.757961788        206072074.138231     
  -65.50000       899842.307944268        206327236.372021     
  -64.50000       901157.666804708        206597778.463030     
  -63.50000       902555.104220440        206884387.544929     
  -62.50000       904041.055233392        207187804.349445     
  -61.50000       905613.344558426        207508827.186638     
  -60.50000       907276.207003271        207848316.332940     
  -59.50000       909034.206311377        208207198.864999     
  -58.50000       910892.261435710        208586473.987276     
  -57.50000       912855.675477380        208987218.903782     
  -56.50000       914930.167562727        209410595.289479     
  -55.50000       917121.907994968        209857856.431277     
  -54.50000       919437.557017503        210330355.107524     
  -53.50000       921890.297369828        210829552.293418     
  -52.50000       924494.513991742        211357026.787540     
  -51.50000       927247.226721373        211914485.870976     
  -50.50000       930157.624844063        212503777.116648     
  -49.50000       933235.661757767        213126901.487298     
  -48.50000       936492.127425403        213786027.901735     
  -47.50000       939938.728822391        214483509.416096     
  -46.50000       943609.189888862        215221901.265485     
  -45.50000       947503.132659306        216003980.981847     
  -44.50000       951630.796128125        216832770.869772     
  -43.50000       956008.744886869        217711563.167145     
  -42.50000       960655.047010387        218643948.228688     
  -41.50000       965623.327426410        219633846.177155     
  -40.50000       970905.108231739        220685542.504353     
  -39.50000       976523.186195080        221803728.168340     
  -38.50000       982510.154867005        222993544.870945     
  -37.50000       988927.092743436        224260636.249271     
  -36.50000       995770.824265787        225611205.886674     
  -35.50000       1003077.07827004        227052083.156034     
  -34.50000       1010938.70675948        228590798.105546     
  -33.50000       1019349.47911399        230235666.767655     
  -32.50000       1028380.17439734        231995888.496368     
  -31.50000       1038107.37327242        233881657.168438     
  -30.50000       1048556.33518067        235904288.334414     
  -29.50000       1059863.71274250        238076364.613140     
  -28.50000       1072043.02220992        240411901.805430     
  -27.50000       1085262.63317470        242926538.224418     
  -26.50000       1099566.51801567        245637749.411144     
  -25.50000       1115120.36480306        248565089.532131     
  -24.50000       1132051.92542928        251730458.692748     
  -23.50000       1150503.13890169        255158391.240271     
  -22.50000       1170687.44607040        258876352.023110     
  -21.50000       1192813.01444450        262915012.150230     
  -20.50000       1217102.55425497        267308446.694026     
  -19.50000       1243832.56904135        272094142.394700     
  -18.50000       1273311.11646267        277312604.617698     
  -17.50000       1305872.77233898        283006187.050500     
  -16.50000       1341863.79520112        289216542.309879     
  -15.50000       1381611.65347226        295979954.669517     
  -14.50000       1425377.74927253        303320278.067397     
  -13.50000       1473370.75883192        311241309.246502     
  -12.50000       1525658.12585602        319725219.457220     
  -11.50000       1582461.84005677        328749841.962751     
  -10.50000       1644877.14253849        338337350.972222     
  -9.500000       1715532.30863831        348624304.617915     
  -8.500000       1799663.95100358        359886963.471786     
  -7.500000       1903907.50445647        372399073.905607     
  -6.500000       2031150.00619087        386058842.266232     
  -5.500000       2172645.55168727        400005673.837294     
  -4.500000       2307844.97019168        412726996.796177     
  -3.500000       2415076.82999820        422830141.651494     
  -2.500000       2485056.23425566        429794977.925046     
  -1.500000       2521982.79315991        433936055.854353     
 -0.5000000       2536664.72569822        435815445.401049     
  0.5000000       2536664.72569824        435815445.401050     
   1.500000       2521982.79315996        433936055.854357     
   2.500000       2485056.23425573        429794977.925054     
   3.500000       2415076.82999826        422830141.651511     
   4.500000       2307844.97019167        412726996.796204     
   5.500000       2172645.55168721        400005673.837346     
   6.500000       2031150.00619076        386058842.266298     
   7.500000       1903907.50445641        372399073.905718     
   8.500000       1799663.95100410        359886963.471919     
   9.500000       1715532.30863894        348624304.617925     
   10.50000       1644877.14253900        338337350.972253     
   11.50000       1582461.84005681        328749841.962700     
   12.50000       1525658.12585573        319725219.457205     
   13.50000       1473370.75883150        311241309.246550     
   14.50000       1425377.74927276        303320278.067554     
   15.50000       1381611.65347327        295979954.669669     
   16.50000       1341863.79520183        289216542.309848     
   17.50000       1305872.77233820        283006187.050319     
   18.50000       1273311.11646192        277312604.617765     
   19.50000       1243832.56904264        272094142.395038     
   20.50000       1217102.55425622        267308446.694055     
   21.50000       1192813.01444327        262915012.149871     
   22.50000       1170687.44607006        258876352.023132     
   23.50000       1150503.13890134        255158391.240118     
   24.50000       1132051.92542819        251730458.692532     
   25.50000       1115120.36480238        248565089.532154     
   26.50000       1099566.51801680        245637749.411497     
   27.50000       1085262.63317554        242926538.224575     
   28.50000       1072043.02221023        240411901.805643     
   29.50000       1059863.71274389        238076364.613797     
   30.50000       1048556.33518621        235904288.335766     
   31.50000       1038107.37327528        233881657.168919     
   32.50000       1028380.17439972        231995888.496973     
   33.50000       1019349.47911689        230235666.768264     
   34.50000       1010938.70676078        228590798.105692     
   35.50000       1003077.07826997        227052083.155938     
   36.50000       995770.824265132        225611205.886503     
   37.50000       988927.092743318        224260636.249148     
   38.50000       982510.154864831        222993544.870290     
   39.50000       976523.186192257        221803728.167736     
   40.50000       970905.108230810        220685542.504238     
   41.50000       965623.327426543        219633846.177116     
   42.50000       960655.047008378        218643948.228143     
   43.50000       956008.744886062        217711563.166945     
   44.50000       951630.796126436        216832770.869208     
   45.50000       947503.132654325        216003980.980652     
   46.50000       943609.189887063        215221901.265350     
   47.50000       939938.728825019        214483509.416894     
   48.50000       936492.127428685        213786027.902414     
   49.50000       933235.661758440        213126901.487180     
   50.50000       930157.624839493        212503777.115317     
   51.50000       927247.226714920        211914485.869508     
   52.50000       924494.513989922        211357026.787279     
   53.50000       921890.297369494        210829552.293362     
   54.50000       919437.557017161        210330355.107443     
   55.50000       917121.907994396        209857856.431213     
   56.50000       914930.167565236        209410595.290167     
   57.50000       912855.675479646        208987218.904258     
   58.50000       910892.261435121        208586473.987044     
   59.50000       909034.206310521        208207198.864751     
   60.50000       907276.207001257        207848316.332376     
   61.50000       905613.344555437        207508827.185811     
   62.50000       904041.055228025        207187804.348044     
   63.50000       902555.104214593        206884387.543406     
   64.50000       901157.666796998        206597778.460968     
   65.50000       899842.307933594        206327236.369167     
   66.50000       898601.757946836        206072074.134237     
   67.50000       897432.908399513        205831654.623583     
   68.50000       896332.878317702        205605387.443651     
   69.50000       895298.999841385        205392726.018137     
   70.50000       894328.805304749        205193164.964376     
   71.50000       893420.015764766        205006237.778554     
   72.50000       892570.530904855        204831514.815068     
   73.50000       891778.420429800        204668601.592227     
   74.50000       891041.916933708        204517137.423669     
   75.50000       890359.410651275        204376794.480239     
   76.50000       889729.446359987        204247277.349338     
   77.50000       889150.723233585        204128323.293931     
   78.50000       888622.098945208        204019703.533481     
   79.50000       888142.600325042        203921226.117597     
   80.50000       887711.444864830        203832741.454687     
   81.50000       887328.081374560        203754152.547857     
   82.50000       886992.266866828        203685434.153694     
   83.50000       886704.217077628        203626670.090275     
   84.50000       886464.920007212        203578130.706266     
   85.50000       886276.848241793        203540448.392055     
   86.50000       886145.768295497        203515061.069116     
   87.50000       886085.847528701        203505434.553566     
   88.50000       886126.622818342        203517790.191419     
   89.50000       885090.947507035        203256060.500393     
