  -89.50000       1038288.00730006        239574396.498924     
  -88.50000       1037035.28607194        239259966.685873     
  -87.50000       1036925.34592915        239227924.957898     
  -86.50000       1036986.57966616        239236981.746638     
  -85.50000       1037135.90472327        239265991.118155     
  -84.50000       1037352.42956695        239309689.560281     
  -83.50000       1037628.63009395        239366171.339731     
  -82.50000       1037961.40510205        239434634.291916     
  -81.50000       1038349.52190606        239514739.078706     
  -80.50000       1038792.68950409        239606377.003361     
  -79.50000       1039291.16625634        239709571.711227     
  -78.50000       1039845.57546821        239824432.900922     
  -77.50000       1040456.81216516        239951132.820808     
  -76.50000       1041125.99411996        240089893.804638     
  -75.50000       1041854.43595844        240240981.550224     
  -74.50000       1042643.63624471        240404701.613658     
  -73.50000       1043495.27236480        240581397.821236     
  -72.50000       1044411.20046213        240771451.911660     
  -71.50000       1045398.20687935        240975284.008755     
  -70.50000       1046456.72949057        241193353.685415     
  -69.50000       1047586.77621641        241426161.543426     
  -68.50000       1048790.99976959        241674251.167466     
  -67.50000       1050072.27266979        241938211.470921     
  -66.50000       1051433.70056082        242218679.382595     
  -65.50000       1052878.63720951        242516342.891191     
  -64.50000       1054410.70120031        242831944.445049     
  -63.50000       1056033.79448690        243166284.743034     
  -62.50000       1057752.12282463        243520226.914006     
  -61.50000       1059570.21837092        243894701.148423     
  -60.50000       1061492.96454926        244290709.800471     
  -59.50000       1063525.62339928        244709333.002293     
  -58.50000       1065673.86574758        245151734.867035     
  -57.50000       1067954.89246020        245619170.305100     
  -56.50000       1070370.65808240        246112992.553162     
  -55.50000       1072922.93096640        246634661.468541     
  -54.50000       1075619.46149837        247185752.687180     
  -53.50000       1078468.61966370        247767967.733045     
  -52.50000       1081479.45001848        248383145.204514     
  -51.50000       1084661.73245274        249033273.147669     
  -50.50000       1088026.04946749        249720502.768401     
  -49.50000       1091604.67700925        250447163.632206     
  -48.50000       1095395.87375530        251215780.567721     
  -47.50000       1099408.34577234        252029092.429912     
  -46.50000       1103656.87860910        252890073.024132     
  -45.50000       1108157.54325722        253801954.418738     
  -44.50000       1112937.07487954        254768252.983680     
  -43.50000       1118032.59364721        255792798.520763     
  -42.50000       1123440.28749116        256879766.880852     
  -41.50000       1129183.08709004        258033716.563848     
  -40.50000       1135286.36741459        259259629.857342     
  -39.50000       1141823.48436628        260562959.138807     
  -38.50000       1148782.09869946        261949679.098099     
  -37.50000       1156195.61522267        263426345.725272     
  -36.50000       1164133.03814344        265000163.061662     
  -35.50000       1172631.09900508        266679058.856257     
  -34.50000       1181711.31023365        268471770.455933     
  -33.50000       1191471.71430412        270387942.440736     
  -32.50000       1201946.20505898        272438237.759563     
  -31.50000       1213195.50981076        274634464.300543     
  -30.50000       1225336.13819998        276989719.091032     
  -29.50000       1238395.78179496        279518552.451030     
  -28.50000       1252542.60378967        282237154.488383     
  -27.50000       1267815.69473549        285163566.159999     
  -26.50000       1284397.79595126        288317916.430889     
  -25.50000       1302394.74357472        291722685.626340     
  -24.50000       1321957.89241701        295402992.023557     
  -23.50000       1343330.25790710        299386892.922175     
  -22.50000       1366664.42874850        303705680.520444     
  -21.50000       1392205.09561950        308394132.665294     
  -20.50000       1420228.53151720        313490640.913515     
  -19.50000       1451046.42261030        319037068.870369     
  -18.50000       1485003.21560172        325078068.837364     
  -17.50000       1522441.99845730        331659378.457115     
  -16.50000       1563746.77649368        338824348.432944     
  -15.50000       1609243.39503027        346607821.168513     
  -14.50000       1659153.57721300        355027151.314537     
  -13.50000       1713547.22968978        364072935.772022     
  -12.50000       1772458.18406516        373708112.672425     
  -11.50000       1836045.15748345        383891698.253049     
  -10.50000       1905417.57997137        394642783.644671     
  -9.500000       1983996.33125332        406132134.961949     
  -8.500000       2078235.95241493        418719474.013299     
  -7.500000       2196670.65528550        432784797.799168     
  -6.500000       2343156.75013983        448274662.279494     
  -5.500000       2507631.86004111        464229085.828889     
  -4.500000       2665139.92357191        478891679.093877     
  -3.500000       2790438.59358391        490614438.364250     
  -2.500000       2871902.13358151        498748662.001299     
  -1.500000       2915116.03915755        503615538.990318     
 -0.5000000       2931986.05292406        505835428.960046     
  0.5000000       2931986.05292407        505835428.960046     
   1.500000       2915116.03915755        503615538.990316     
   2.500000       2871902.13358152        498748662.001295     
   3.500000       2790438.59358390        490614438.364243     
   4.500000       2665139.92357195        478891679.093862     
   5.500000       2507631.86004126        464229085.828859     
   6.500000       2343156.75013986        448274662.279447     
   7.500000       2196670.65528549        432784797.799143     
   8.500000       2078235.95241515        418719474.013225     
   9.500000       1983996.33125261        406132134.961766     
   10.50000       1905417.57997050        394642783.644693     
   11.50000       1836045.15748295        383891698.253073     
   12.50000       1772458.18406519        373708112.672614     
   13.50000       1713547.22969013        364072935.772286     
   14.50000       1659153.57721426        355027151.314935     
   15.50000       1609243.39503223        346607821.168882     
   16.50000       1563746.77649533        338824348.433143     
   17.50000       1522441.99845714        331659378.457153     
   18.50000       1485003.21560239        325078068.837831     
   19.50000       1451046.42261326        319037068.870991     
   20.50000       1420228.53151956        313490640.913654     
   21.50000       1392205.09561853        308394132.664896     
   22.50000       1366664.42874809        303705680.520346     
   23.50000       1343330.25790523        299386892.921680     
   24.50000       1321957.89241551        295402992.023379     
   25.50000       1302394.74357410        291722685.626377     
   26.50000       1284397.79595262        288317916.431252     
   27.50000       1267815.69473586        285163566.159984     
   28.50000       1252542.60378957        282237154.488456     
   29.50000       1238395.78179484        279518552.451360     
   30.50000       1225336.13820528        276989719.092467     
   31.50000       1213195.50981387        274634464.301118     
   32.50000       1201946.20506246        272438237.760367     
   33.50000       1191471.71430666        270387942.441121     
   34.50000       1181711.31023313        268471770.455766     
   35.50000       1172631.09900670        266679058.856653     
   36.50000       1164133.03814291        265000163.061389     
   37.50000       1156195.61522233        263426345.725065     
   38.50000       1148782.09869659        261949679.097242     
   39.50000       1141823.48436293        260562959.138084     
   40.50000       1135286.36741339        259259629.857103     
   41.50000       1129183.08708834        258033716.563351     
   42.50000       1123440.28748843        256879766.880205     
   43.50000       1118032.59364619        255792798.520460     
   44.50000       1112937.07487617        254768252.982681     
   45.50000       1108157.54325150        253801954.417403     
   46.50000       1103656.87860696        252890073.023870     
   47.50000       1099408.34577346        252029092.430266     
   48.50000       1095395.87375603        251215780.567787     
   49.50000       1091604.67700912        250447163.631890     
   50.50000       1088026.04946044        249720502.766401     
   51.50000       1084661.73244452        249033273.145813     
   52.50000       1081479.45001612        248383145.204157     
   53.50000       1078468.61966311        247767967.732893     
   54.50000       1075619.46149639        247185752.686684     
   55.50000       1072922.93096525        246634661.468363     
   56.50000       1070370.65808378        246112992.553646     
   57.50000       1067954.89246470        245619170.306171     
   58.50000       1065673.86574728        245151734.866822     
   59.50000       1063525.62339898        244709333.002179     
   60.50000       1061492.96454708        244290709.799823     
   61.50000       1059570.21836739        243894701.147388     
   62.50000       1057752.12281625        243520226.911804     
   63.50000       1056033.79447951        243166284.741138     
   64.50000       1054410.70119096        242831944.442555     
   65.50000       1052878.63719667        242516342.887753     
   66.50000       1051433.70054285        242218679.377790     
   67.50000       1050072.27264437        241938211.464135     
   68.50000       1048790.99973337        241674251.157804     
   69.50000       1047586.77616386        241426161.529423     
   70.50000       1046456.72941350        241193353.664900     
   71.50000       1045398.20676428        240975283.978190     
   72.50000       1044411.20029114        240771451.865864     
   73.50000       1043495.27210336        240581397.751271     
   74.50000       1042643.63583653        240404701.504559     
   75.50000       1041854.43530896        240240981.376849     
   76.50000       1041125.99306321        240089893.522886     
   77.50000       1040456.81040160        239951132.351178     
   78.50000       1039845.57243864        239824432.095118     
   79.50000       1039291.16087501        239709570.281570     
   80.50000       1038792.67956069        239606374.364739     
   81.50000       1038349.50265276        239514733.975250     
   82.50000       1037961.36563188        239434623.840499     
   83.50000       1037628.54319312        239366148.350177     
   84.50000       1037352.21974984        239309634.090400     
   85.50000       1037135.33079093        239265839.395595     
   86.50000       1036984.69875294        239236483.529821     
   87.50000       1036917.05112947        239225702.002543     
   88.50000       1036966.94943031        239240816.573935     
   89.50000       1035722.12311553        238923096.162957     
