  -89.50000       849508.328692854        196015405.876287     
  -88.50000       848483.375010103        195758145.132539     
  -87.50000       848393.423988513        195731929.174549     
  -86.50000       848443.524316376        195739339.274070     
  -85.50000       848565.699357223        195763074.213260     
  -84.50000       848742.856038980        195798827.482369     
  -83.50000       848968.838277463        195845039.845149     
  -82.50000       849241.108725531        195901054.985150     
  -81.50000       849558.658822604        195966595.262094     
  -80.50000       849921.250476264        196041571.742293     
  -79.50000       850329.095072099        196126003.771935     
  -78.50000       850782.702587253        196219981.104435     
  -77.50000       851282.805315221        196323644.670260     
  -76.50000       851830.317797334        196437176.378836     
  -75.50000       852426.315636482        196560793.619273     
  -74.50000       853072.024930530        196694746.391998     
  -73.50000       853768.818086146        196839316.009420     
  -72.50000       854518.213766062        196994814.803191     
  -71.50000       855325.764432181        197161586.510966     
  -70.50000       856191.828345130        197340007.146916     
  -69.50000       857116.411985388        197530486.294301     
  -68.50000       858101.685754195        197733468.704199     
  -67.50000       859149.999894793        197949436.214810     
  -66.50000       860263.895388377        198178909.949678     
  -65.50000       861446.116225852        198422452.808625     
  -64.50000       862699.623067062        198680672.249351     
  -63.50000       864027.608419441        198954223.389079     
  -62.50000       865433.513355361        199243812.424117     
  -61.50000       866921.046003443        199550200.419348     
  -60.50000       868494.201891810        199874207.482700     
  -59.50000       870157.286325414        200216717.358614     
  -58.50000       871914.939071235        200578682.503254     
  -57.50000       873781.233564465        200961129.661445     
  -56.50000       875757.768978405        201365166.026778     
  -55.50000       877845.992146633        201791986.027911     
  -54.50000       880052.244293880        202242878.821462     
  -53.50000       882383.373589688        202719236.563339     
  -52.50000       884846.780125055        203222563.561231     
  -51.50000       887450.465627796        203754486.398217     
  -50.50000       890203.088507416        204316765.151764     
  -49.50000       893131.056355267        204911305.829910     
  -48.50000       896232.944452803        205540174.201445     
  -47.50000       899515.875945181        206205611.147593     
  -46.50000       902991.948098963        206910049.781711     
  -45.50000       906674.309906689        207656134.523238     
  -44.50000       910584.835591466        208446742.401994     
  -43.50000       914753.896200922        209285006.892036     
  -42.50000       919178.372769631        210174344.598452     
  -41.50000       923877.026761063        211118485.202804     
  -40.50000       928870.619513955        212121505.122018     
  -39.50000       934219.169490212        213187865.391999     
  -38.50000       939912.580943944        214322454.395125     
  -37.50000       945978.185080836        215530636.123006     
  -36.50000       952472.439886255        216818304.791005     
  -35.50000       959425.398439597        218191946.738902     
  -34.50000       966854.661815986        219658710.704717     
  -33.50000       974840.446582183        221226487.708128     
  -32.50000       983410.484062471        222904001.979653     
  -31.50000       992614.460237794        224700914.518234     
  -30.50000       1002547.70117308        226627941.073051     
  -29.50000       1013232.86360552        228696986.450859     
  -28.50000       1024807.53559638        230921297.102969     
  -27.50000       1037303.70032346        233315633.811691     
  -26.50000       1050870.87340440        235896465.729564     
  -25.50000       1065595.64804031        238682185.849309     
  -24.50000       1081601.85998068        241693345.487916     
  -23.50000       1099088.34002462        244952900.617085     
  -22.50000       1118179.93347194        248486453.943776     
  -21.50000       1139076.84178196        252322460.069428     
  -20.50000       1162005.10649429        256492330.267389     
  -19.50000       1187219.74356245        261030316.578346     
  -18.50000       1215002.57302236        265972952.704261     
  -17.50000       1245634.30322184        271357660.354709     
  -16.50000       1279429.12035937        277219908.291057     
  -15.50000       1316653.62520065        283588203.942064     
  -14.50000       1357489.22769216        290476746.580335     
  -13.50000       1401993.12433776        297877842.781406     
  -12.50000       1450192.99575733        305761169.226057     
  -11.50000       1502218.70165707        314093193.775794     
  -10.50000       1558977.95764305        322889536.467600     
  -9.500000       1623269.66502084        332289915.018947     
  -8.500000       1700374.81095760        342588647.202060     
  -7.500000       1797275.93048251        354096639.523278     
  -6.500000       1917128.18423645        366770164.902022     
  -5.500000       2051698.71931216        379823783.772483     
  -4.500000       2180568.94064795        391820450.387000     
  -3.500000       2283086.02367862        401411798.246558     
  -2.500000       2349738.00350932        408067071.607477     
  -1.500000       2385094.83062725        412049061.517866     
 -0.5000000       2398897.56704248        413865334.955226     
  0.5000000       2398897.56704248        413865334.955225     
   1.500000       2385094.83062725        412049061.517864     
   2.500000       2349738.00350932        408067071.607474     
   3.500000       2283086.02367862        401411798.246553     
   4.500000       2180568.94064798        391820450.386988     
   5.500000       2051698.71931229        379823783.772460     
   6.500000       1917128.18423649        366770164.901983     
   7.500000       1797275.93048250        354096639.523258     
   8.500000       1700374.81095778        342588647.202000     
   9.500000       1623269.66502026        332289915.018798     
   10.50000       1558977.95764234        322889536.467618     
   11.50000       1502218.70165665        314093193.775813     
   12.50000       1450192.99575734        305761169.226212     
   13.50000       1401993.12433803        297877842.781621     
   14.50000       1357489.22769319        290476746.580661     
   15.50000       1316653.62520226        283588203.942367     
   16.50000       1279429.12036072        277219908.291219     
   17.50000       1245634.30322171        271357660.354740     
   18.50000       1215002.57302291        265972952.704643     
   19.50000       1187219.74356487        261030316.578856     
   20.50000       1162005.10649622        256492330.267503     
   21.50000       1139076.84178118        252322460.069102     
   22.50000       1118179.93347160        248486453.943696     
   23.50000       1099088.34002309        244952900.616680     
   24.50000       1081601.85997946        241693345.487771     
   25.50000       1065595.64803980        238682185.849339     
   26.50000       1050870.87340551        235896465.729861     
   27.50000       1037303.70032376        233315633.811679     
   28.50000       1024807.53559629        230921297.103028     
   29.50000       1013232.86360543        228696986.451129     
   30.50000       1002547.70117742        226627941.074226     
   31.50000       992614.460240334        224700914.518703     
   32.50000       983410.484065306        222904001.980310     
   33.50000       974840.446584254        221226487.708443     
   34.50000       966854.661815556        219658710.704580     
   35.50000       959425.398440920        218191946.739225     
   36.50000       952472.439885827        216818304.790782     
   37.50000       945978.185080554        215530636.122838     
   38.50000       939912.580941592        214322454.394425     
   39.50000       934219.169487478        213187865.391409     
   40.50000       928870.619512972        212121505.121824     
   41.50000       923877.026759672        211118485.202398     
   42.50000       919178.372767401        210174344.597923     
   43.50000       914753.896200084        209285006.891788     
   44.50000       910584.835588707        208446742.401176     
   45.50000       906674.309902005        207656134.522146     
   46.50000       902991.948097213        206910049.781497     
   47.50000       899515.875946099        206205611.147882     
   48.50000       896232.944453402        205540174.201498     
   49.50000       893131.056355158        204911305.829652     
   50.50000       890203.088501650        204316765.150128     
   51.50000       887450.465621073        203754486.396699     
   52.50000       884846.780123125        203222563.560939     
   53.50000       882383.373589205        202719236.563214     
   54.50000       880052.244292260        202242878.821057     
   55.50000       877845.992145693        201791986.027766     
   56.50000       875757.768979541        201365166.027175     
   57.50000       873781.233568150        200961129.662322     
   58.50000       871914.939070991        200578682.503079     
   59.50000       870157.286325171        200216717.358521     
   60.50000       868494.201890024        199874207.482169     
   61.50000       866921.046000558        199550200.418501     
   62.50000       865433.513348496        199243812.422315     
   63.50000       864027.608413394        198954223.387529     
   64.50000       862699.623059419        198680672.247310     
   65.50000       861446.116215342        198422452.805812     
   66.50000       860263.895373678        198178909.945747     
   67.50000       859149.999874001        197949436.209259     
   68.50000       858101.685724557        197733468.696293     
   69.50000       857116.411942395        197530486.282844     
   70.50000       856191.828282065        197340007.130132     
   71.50000       855325.764338035        197161586.485958     
   72.50000       854518.213626166        196994814.765721     
   73.50000       853768.817872239        196839315.952176     
   74.50000       853072.024596563        196694746.302735     
   75.50000       852426.315105093        196560793.477422     
   76.50000       851830.316932716        196437176.148313     
   77.50000       851282.803872313        196323644.286018     
   78.50000       850782.700108515        196219980.445141     
   79.50000       850329.090669195        196126002.602216     
   80.50000       849921.242340753        196041569.583420     
   81.50000       849558.643069915        195966591.086540     
   82.50000       849241.076431748        195901046.433989     
   83.50000       848968.767176788        195845021.035514     
   84.50000       848742.684370443        195798782.097924     
   85.50000       848565.229776241        195762950.076626     
   86.50000       848441.985387459        195738931.642149     
   87.50000       848386.637334557        195730110.392982     
   88.50000       848427.463215101        195742476.859890     
   89.50000       847408.969006613        195482523.808884     
