  -89.50000       1015780.71150758        235060651.311784     
  -88.50000       1014519.28164789        234744068.162787     
  -87.50000       1014406.63565189        234711401.774753     
  -86.50000       1014465.01113695        234719841.528701     
  -85.50000       1014610.84788759        234748114.373003     
  -84.50000       1014823.14128244        234790927.005318     
  -83.50000       1015094.32000346        234846361.533678     
  -82.50000       1015421.25512626        234913608.896122     
  -81.50000       1015802.69301900        234992324.740088     
  -80.50000       1016238.32393796        235082396.023635     
  -79.50000       1016728.38777442        235183842.204059     
  -78.50000       1017273.48860187        235296768.675825     
  -77.50000       1017874.50099712        235421343.147018     
  -76.50000       1018532.52066801        235557783.071982     
  -75.50000       1019248.83835635        235706348.877396     
  -74.50000       1020024.92671385        235867340.403393     
  -73.50000       1020862.43504950        236041095.281527     
  -72.50000       1021763.18907744        236227988.530044     
  -71.50000       1022729.19418265        236428432.994084     
  -70.50000       1023762.64118715        236642880.371996     
  -69.50000       1024865.91429832        236871822.746143     
  -68.50000       1026041.60078700        237115794.502052     
  -67.50000       1027292.50235670        237375374.621969     
  -66.50000       1028621.64808456        237651189.318042     
  -65.50000       1030032.30903291        237943915.026601     
  -64.50000       1031528.01447088        238254281.741755     
  -63.50000       1033112.56993053        238583076.739642     
  -62.50000       1034790.07709557        238931148.686216     
  -61.50000       1036576.01278837        239299412.185077     
  -60.50000       1038466.81691756        239688852.791187     
  -59.50000       1040465.74975839        240100532.528251     
  -58.50000       1042578.39470797        240535595.980112     
  -57.50000       1044810.77064787        240995276.990153     
  -56.50000       1047169.36800658        241480906.055237     
  -55.50000       1049661.18848347        241993918.475583     
  -54.50000       1052293.78885069        242535863.347829     
  -53.50000       1055075.32928536        243108413.493878     
  -52.50000       1058024.79247387        243713376.442840     
  -51.50000       1061154.07198215        244352706.584551     
  -50.50000       1064462.45546951        245028518.622215     
  -49.50000       1067961.22873300        245743102.494978     
  -48.50000       1071662.62378541        246498939.957747     
  -47.50000       1075579.90943995        247298722.990277     
  -46.50000       1079734.22628882        248145374.308887     
  -45.50000       1084159.64038915        249042070.220966     
  -44.50000       1088850.34467430        249992266.132884     
  -43.50000       1093825.09578351        250999725.075854     
  -42.50000       1099104.34588658        252068549.627644     
  -41.50000       1104732.61194618        253203217.704503     
  -40.50000       1110733.15268349        254408622.764909     
  -39.50000       1117115.07826935        255690119.007823     
  -38.50000       1123907.99662273        257053572.298820     
  -37.50000       1131187.47854724        258505417.616838     
  -36.50000       1138959.19733876        260052723.957416     
  -35.50000       1147254.33971208        261703267.757387     
  -34.50000       1156164.96099130        263465616.063925     
  -33.50000       1165711.80330622        265349220.824364     
  -32.50000       1175945.90841686        267364525.855913     
  -31.50000       1186982.54062287        269523088.193049     
  -30.50000       1198829.72985258        271837715.653472     
  -29.50000       1211643.70556910        274322622.486843     
  -28.50000       1225445.35174240        276993604.839667     
  -27.50000       1240416.65405683        279868237.365281     
  -26.50000       1256604.76024134        282966091.246276     
  -25.50000       1274210.34493248        286308971.936566     
  -24.50000       1293350.79795608        289921171.127980     
  -23.50000       1314192.71528648        293829720.522422     
  -22.50000       1336979.40925694        298064622.416841     
  -21.50000       1361915.33151043        302659009.261002     
  -20.50000       1389246.02135750        307649142.627517     
  -19.50000       1419260.43609538        313074085.814000     
  -18.50000       1452271.82776626        318974748.714640     
  -17.50000       1488605.90575879        325391783.750015     
  -16.50000       1528574.61730237        332361536.463491     
  -15.50000       1572428.51858473        339909166.942227     
  -14.50000       1620288.99217132        348038900.909340     
  -13.50000       1672155.32000192        356724531.837343     
  -12.50000       1727836.87012153        365909955.385888     
  -11.50000       1787348.13743152        375537539.157184     
  -10.50000       1851932.73776920        385621012.328895     
  -9.500000       1925053.17083347        396349001.802084     
  -8.500000       2013882.71950388        408131629.184313     
  -7.500000       2127891.02151370        421428601.139392     
  -6.500000       2271783.66170130        436272948.292650     
  -5.500000       2435068.25679313        451764898.804893     
  -4.500000       2592499.53224415        466160908.020203     
  -3.500000       2717892.30134541        477780886.805551     
  -2.500000       2799569.54545026        485916629.236659     
  -1.500000       2843015.06340126        490825346.608653     
 -0.5000000       2860011.17269579        493079023.923773     
  0.5000000       2860011.17269580        493079023.923773     
   1.500000       2843015.06340129        490825346.608655     
   2.500000       2799569.54545031        485916629.236664     
   3.500000       2717892.30134546        477780886.805569     
   4.500000       2592499.53224414        466160908.020228     
   5.500000       2435068.25679310        451764898.804942     
   6.500000       2271783.66170115        436272948.292711     
   7.500000       2127891.02151361        421428601.139505     
   8.500000       2013882.71950445        408131629.184435     
   9.500000       1925053.17083388        396349001.802085     
   10.50000       1851932.73776973        385621012.328989     
   11.50000       1787348.13743190        375537539.157119     
   12.50000       1727836.87012153        365909955.385816     
   13.50000       1672155.32000094        356724531.837270     
   14.50000       1620288.99217072        348038900.909510     
   15.50000       1572428.51858613        339909166.942586     
   16.50000       1528574.61730394        332361536.463562     
   17.50000       1488605.90575813        325391783.749846     
   18.50000       1452271.82776584        318974748.714849     
   19.50000       1419260.43609712        313074085.814439     
   20.50000       1389246.02135999        307649142.627648     
   21.50000       1361915.33150851        302659009.260248     
   22.50000       1336979.40925523        298064622.416527     
   23.50000       1314192.71528419        293829720.521876     
   24.50000       1293350.79795389        289921171.127666     
   25.50000       1274210.34493147        286308971.936619     
   26.50000       1256604.76024339        282966091.246838     
   27.50000       1240416.65405761        279868237.365338     
   28.50000       1225445.35174251        276993604.839850     
   29.50000       1211643.70556994        274322622.487465     
   30.50000       1198829.72985906        271837715.655163     
   31.50000       1186982.54062697        269523088.193718     
   32.50000       1175945.90841933        267364525.856379     
   33.50000       1165711.80330783        265349220.824592     
   34.50000       1156164.96099056        263465616.063690     
   35.50000       1147254.33971234        261703267.757499     
   36.50000       1138959.19733853        260052723.957323     
   37.50000       1131187.47854717        258505417.616807     
   38.50000       1123907.99662201        257053572.298663     
   39.50000       1117115.07826991        255690119.008000     
   40.50000       1110733.15268387        254408622.764909     
   41.50000       1104732.61194590        253203217.704208     
   42.50000       1099104.34588177        252068549.626370     
   43.50000       1093825.09578158        250999725.075403     
   44.50000       1088850.34466997        249992266.131696     
   45.50000       1084159.64038412        249042070.219853     
   46.50000       1079734.22628695        248145374.308708     
   47.50000       1075579.90944251        247298722.990971     
   48.50000       1071662.62378581        246498939.957695     
   49.50000       1067961.22873284        245743102.494786     
   50.50000       1064462.45546590        245028518.621103     
   51.50000       1061154.07197519        244352706.582899     
   52.50000       1058024.79247172        243713376.442533     
   53.50000       1055075.32928534        243108413.493947     
   54.50000       1052293.78885130        242535863.347970     
   55.50000       1049661.18848285        241993918.475454     
   56.50000       1047169.36800788        241480906.055673     
   57.50000       1044810.77065170        240995276.991041     
   58.50000       1042578.39470603        240535595.979584     
   59.50000       1040465.74976144        240100532.529030     
   60.50000       1038466.81691596        239688852.790608     
   61.50000       1036576.01278497        239299412.184137     
   62.50000       1034790.07709067        238931148.684865     
   63.50000       1033112.56992271        238583076.737543     
   64.50000       1031528.01446146        238254281.739235     
   65.50000       1030032.30902005        237943915.023128     
   66.50000       1028621.64806656        237651189.313185     
   67.50000       1027292.50233122        237375374.615105     
   68.50000       1026041.60075067        237115794.492273     
   69.50000       1024865.91424557        236871822.731961     
   70.50000       1023762.64110983        236642880.351234     
   71.50000       1022729.19406721        236428432.963148     
   72.50000       1021763.18890429        236227988.483716     
   73.50000       1020862.43478549        236041095.210924     
   74.50000       1020024.92630053        235867340.292999     
   75.50000       1019248.83769856        235706348.701946     
   76.50000       1018532.51959772        235557782.786853     
   77.50000       1017874.49921098        235421342.671755     
   78.50000       1017273.48553351        235296767.860353     
   79.50000       1016728.38232384        235183840.757151     
   80.50000       1016238.31386633        235082393.353112     
   81.50000       1015802.67351959        234992319.575472     
   82.50000       1015421.21515235        234913598.319614     
   83.50000       1015094.23199573        234846338.269458     
   84.50000       1014822.92880112        234790870.874680     
   85.50000       1014610.26670718        234747960.852417     
   86.50000       1014463.10666225        234719337.441661     
   87.50000       1014398.23528177        234709151.813418     
   88.50000       1014449.90772412        234724637.935851     
   89.50000       1013183.70015075        234399715.176463     
