  -89.50000       879267.868501156        202737968.092651     
  -88.50000       878228.538534632        202479346.797335     
  -87.50000       878138.325108685        202453227.171616     
  -86.50000       878190.879998398        202461073.715272     
  -85.50000       878317.201967672        202485483.676381     
  -84.50000       878499.935530762        202522123.415897     
  -83.50000       878732.833556571        202569424.573044     
  -82.50000       879013.325664316        202626727.971858     
  -81.50000       879340.395555832        202693755.921588     
  -80.50000       879713.810821820        202770420.989863     
  -79.50000       880133.796934293        202856745.044541     
  -78.50000       880600.884010866        202952821.131648     
  -77.50000       881115.829414644        203058794.133078     
  -76.50000       881679.577090023        203174850.506451     
  -75.50000       882293.236117642        203301212.764705     
  -74.50000       882958.070048045        203438136.601838     
  -73.50000       883675.492742731        203585909.604649     
  -72.50000       884447.068395871        203744850.972661     
  -71.50000       885274.514472837        203915311.932258     
  -70.50000       886159.706724219        204097676.631450     
  -69.50000       887104.686084192        204292363.468036     
  -68.50000       888111.666964244        204499826.726700     
  -67.50000       889183.047013960        204720558.538323     
  -66.50000       890321.418222658        204955091.128311     
  -65.50000       891529.579397277        205203999.358341     
  -64.50000       892810.550048397        205467903.563743     
  -63.50000       894167.585834278        205747472.721282     
  -62.50000       895606.254972386        206043427.937826     
  -61.50000       897137.419234832        206356546.313485     
  -60.50000       898756.713956968        206687665.201521     
  -59.50000       900468.570462981        207037686.894336     
  -58.50000       902277.764339451        207407583.796376     
  -57.50000       904189.443374945        207798404.115623     
  -56.50000       906209.158351360        208211278.140294     
  -55.50000       908342.896990168        208647425.165665     
  -54.50000       910597.121343629        209108161.127921     
  -53.50000       912978.809092608        209594907.042670     
  -52.50000       915508.375231087        210109198.334775     
  -51.50000       918187.803672329        210652695.162225     
  -50.50000       921020.496792349        211227193.855733     
  -49.50000       924016.103822492        211834639.599144     
  -48.50000       927185.082568451        212477140.532404     
  -47.50000       930538.776830384        213156983.409865     
  -46.50000       934099.839010891        213876651.056774     
  -45.50000       937888.498485166        214638841.832510     
  -44.50000       941904.121645914        215446491.359791     
  -43.50000       946162.744418971        216302796.850428     
  -42.50000       950681.852685299        217211244.346205     
  -41.50000       955504.682777859        218175639.298214     
  -40.50000       960641.135428347        219200140.953482     
  -39.50000       966103.842748122        220289301.081547     
  -38.50000       971918.130171462        221448107.678755     
  -37.50000       978154.502401583        222682034.384972     
  -36.50000       984806.568686964        223997096.458651     
  -35.50000       991906.468994290        225399914.302285     
  -34.50000       999539.486642618        226897785.702775     
  -33.50000       1007711.04569720        228498768.115390     
  -32.50000       1016477.72534846        230211772.552482     
  -31.50000       1025925.33805780        232046670.848327     
  -30.50000       1036067.32668968        234014418.335358     
  -29.50000       1047045.75177852        236127194.178139     
  -28.50000       1058864.90289067        238398561.789196     
  -27.50000       1071694.63412788        240843651.834691     
  -26.50000       1085571.99200359        243479370.039981     
  -25.50000       1100660.05585939        246324631.264243     
  -24.50000       1117081.61161961        249400619.436415     
  -23.50000       1134974.33400035        252731069.138954     
  -22.50000       1154540.25973724        256342557.132365     
  -21.50000       1175988.28731762        260264777.786264     
  -20.50000       1199530.59758331        264530749.243592     
  -19.50000       1225435.11278980        269176846.350643     
  -18.50000       1254000.87440391        274242463.908036     
  -17.50000       1285553.69602199        279768958.337540     
  -16.50000       1320432.71944150        285797303.222872     
  -15.50000       1358962.37062648        292363760.186683     
  -14.50000       1401416.68747049        299493285.072015     
  -13.50000       1448031.96646594        307192337.868478     
  -12.50000       1498854.36370920        315447223.345259     
  -11.50000       1554201.81592415        324239830.188016     
  -10.50000       1615031.81236548        333592289.824501     
  -9.500000       1683859.11896456        343630726.615402     
  -8.500000       1765568.30950124        354605694.187652     
  -7.500000       1866190.13344588        366754810.280809     
  -6.500000       1988043.11859551        379951760.977353     
  -5.500000       2122781.39043992        393353884.627866     
  -4.500000       2250719.01350583        405517825.495816     
  -3.500000       2351766.89775324        415136447.439782     
  -2.500000       2417230.56008491        421742312.854747     
  -1.500000       2451599.23559179        425657331.403939     
 -0.5000000       2464913.49179088        427429714.252137     
  0.5000000       2464913.49179089        427429714.252138     
   1.500000       2451599.23559180        425657331.403942     
   2.500000       2417230.56008494        421742312.854755     
   3.500000       2351766.89775324        415136447.439799     
   4.500000       2250719.01350578        405517825.495847     
   5.500000       2122781.39043980        393353884.627928     
   6.500000       1988043.11859531        379951760.977443     
   7.500000       1866190.13344578        366754810.280972     
   8.500000       1765568.30950190        354605694.187865     
   9.500000       1683859.11896518        343630726.615534     
   10.50000       1615031.81236640        333592289.824775     
   11.50000       1554201.81592497        324239830.188171     
   12.50000       1498854.36371021        315447223.345526     
   13.50000       1448031.96646664        307192337.868670     
   14.50000       1401416.68747188        299493285.072328     
   15.50000       1358962.37062792        292363760.186786     
   16.50000       1320432.71944179        285797303.222760     
   17.50000       1285553.69602071        279768958.337389     
   18.50000       1254000.87440357        274242463.908287     
   19.50000       1225435.11279209        269176846.351135     
   20.50000       1199530.59758520        264530749.243567     
   21.50000       1175988.28731585        260264777.785611     
   22.50000       1154540.25973580        256342557.131970     
   23.50000       1134974.33399715        252731069.138103     
   24.50000       1117081.61161618        249400619.435821     
   25.50000       1100660.05585764        246324631.264102     
   26.50000       1085571.99200430        243479370.040189     
   27.50000       1071694.63412749        240843651.834530     
   28.50000       1058864.90289022        238398561.789237     
   29.50000       1047045.75177884        236127194.178489     
   30.50000       1036067.32669372        234014418.336398     
   31.50000       1025925.33805999        232046670.848743     
   32.50000       1016477.72535111        230211772.553135     
   33.50000       1007711.04569959        228498768.115846     
   34.50000       999539.486643587        226897785.702888     
   35.50000       991906.468994453        225399914.302248     
   36.50000       984806.568686188        223997096.458426     
   37.50000       978154.502401246        222682034.384800     
   38.50000       971918.130168942        221448107.678064     
   39.50000       966103.842746152        220289301.081160     
   40.50000       960641.135427694        219200140.953331     
   41.50000       955504.682776570        218175639.297825     
   42.50000       950681.852683267        217211244.345690     
   43.50000       946162.744418109        216302796.850055     
   44.50000       941904.121640575        215446491.358263     
   45.50000       937888.498478210        214638841.830951     
   46.50000       934099.839008415        213876651.056468     
   47.50000       930538.776831273        213156983.410202     
   48.50000       927185.082569982        212477140.532708     
   49.50000       924016.103822695        211834639.599035     
   50.50000       921020.496789580        211227193.854906     
   51.50000       918187.803667688        210652695.161139     
   52.50000       915508.375229703        210109198.334537     
   53.50000       912978.809091445        209594907.042361     
   54.50000       910597.121341965        209108161.127521     
   55.50000       908342.896989283        208647425.165516     
   56.50000       906209.158352124        208211278.140553     
   57.50000       904189.443377047        207798404.116114     
   58.50000       902277.764338861        207407583.796162     
   59.50000       900468.570462878        207037686.894284     
   60.50000       898756.713955222        206687665.201006     
   61.50000       897137.419231948        206356546.312694     
   62.50000       895606.254967782        206043427.936612     
   63.50000       894167.585828707        205747472.719798     
   64.50000       892810.550040850        205467903.561720     
   65.50000       891529.579386813        205203999.355537     
   66.50000       890321.418207997        204955091.124386     
   67.50000       889183.046993188        204720558.532759     
   68.50000       888111.666933799        204499826.718583     
   69.50000       887104.686041079        204292363.456555     
   70.50000       886159.706661180        204097676.614662     
   71.50000       885274.514378839        203915311.907269     
   72.50000       884447.068254761        203744850.935194     
   73.50000       883675.492526693        203585909.547348     
   74.50000       882958.069711069        203438136.512567     
   75.50000       882293.235581502        203301212.622845     
   76.50000       881679.576217699        203174850.275914     
   77.50000       881115.827958900        203058793.748811     
   78.50000       880600.881510112        202952820.472306     
   79.50000       880133.792491986        202856743.874641     
   80.50000       879713.802613393        202770418.830604     
   81.50000       879340.379663610        202693751.745637     
   82.50000       879013.293084651        202626719.419782     
   83.50000       878732.761825945        202569405.761007     
   84.50000       878499.762337052        202522078.024117     
   85.50000       878316.728187631        202485359.512631     
   86.50000       878189.327145073        202460665.970236     
   87.50000       878131.477739603        202451408.557853     
   88.50000       878172.229869909        202463718.017145     
   89.50000       877159.858865229        202206407.686582     
