  -89.50000       1036825.48954667        235592234.590095     
  -88.50000       1036484.28510435        235514765.276208     
  -87.50000       1036507.21517595        235516986.684062     
  -86.50000       1036620.76535418        235538094.141498     
  -85.50000       1036796.97874528        235571775.449445     
  -84.50000       1037028.64729566        235616404.097537     
  -83.50000       1037313.35200898        235671423.992785     
  -82.50000       1037650.33762493        235736648.191918     
  -81.50000       1038039.59797967        235812054.073704     
  -80.50000       1038481.54133719        235897708.386118     
  -79.50000       1038976.84920161        235993735.571656     
  -78.50000       1039528.47263242        236100303.074232     
  -77.50000       1040137.50623555        236217614.185207     
  -76.50000       1040803.48408688        236345904.565956     
  -75.50000       1041527.80150125        236485440.747214     
  -74.50000       1042312.01007707        236636519.756630     
  -73.50000       1043157.82027291        236799469.480147     
  -72.50000       1044067.10625437        236974649.504937     
  -71.50000       1045041.91256985        237162452.344452     
  -70.50000       1046084.46232454        237363304.970496     
  -69.50000       1047197.16673087        237577670.623903     
  -68.50000       1048382.63594844        237806050.881014     
  -67.50000       1049643.69127122        238048987.987663     
  -66.50000       1050983.37865695        238307067.456437     
  -65.50000       1052404.98368309        238580920.942191     
  -64.50000       1053912.04807209        238871229.425600     
  -63.50000       1055508.38783652        239178726.711357     
  -62.50000       1057198.11326246        239504203.286608     
  -61.50000       1058996.53107627        239848510.550855     
  -60.50000       1060899.61611004        240212565.480613     
  -59.50000       1062911.22334237        240597355.747103     
  -58.50000       1065036.93249439        241003945.349220     
  -57.50000       1067282.75561892        241433480.809427     
  -56.50000       1069655.17270080        241887197.996816     
  -55.50000       1072161.17082769        242366429.641438     
  -54.50000       1074808.28735684        242872613.625649     
  -53.50000       1077615.58452287        243407302.127494     
  -52.50000       1080590.18114697        243972171.728881     
  -51.50000       1083733.62533053        244569034.594639     
  -50.50000       1087056.28382039        245199850.845290     
  -49.50000       1090569.37692566        245866742.279843     
  -48.50000       1094285.05829314        246572007.604197     
  -47.50000       1098237.91478991        247318139.360115     
  -46.50000       1102427.85702840        248107842.767271     
  -45.50000       1106865.39536710        248944056.731517     
  -44.50000       1111567.58479222        249829977.292298     
  -43.50000       1116566.22819068        250769083.855471     
  -42.50000       1121890.95653909        251765168.571466     
  -41.50000       1127543.92137951        252822369.314248     
  -40.50000       1133549.48039531        253945206.757562     
  -39.50000       1139970.05644057        255138626.154150     
  -38.50000       1146809.56676001        256408044.500358     
  -37.50000       1154093.32379730        257759403.912191     
  -36.50000       1161901.79655302        259199232.156594     
  -35.50000       1170240.64671708        260734711.473518     
  -34.50000       1179165.92401931        262373757.019688     
  -33.50000       1188750.91874801        264125106.513071     
  -32.50000       1199017.94153310        265998422.957367     
  -31.50000       1210084.75153597        268004412.686705     
  -30.50000       1221971.65233598        270154961.395578     
  -29.50000       1234813.59116009        272463291.335587     
  -28.50000       1248667.80738339        274944143.465842     
  -27.50000       1263653.57279244        277613989.039525     
  -26.50000       1279914.02844964        280491275.889468     
  -25.50000       1297557.13453078        283596715.485719     
  -24.50000       1316748.28868299        286953617.550449     
  -23.50000       1337698.42952077        290588279.330554     
  -22.50000       1360602.57881321        294530435.873199     
  -21.50000       1385701.31782947        298813774.249321     
  -20.50000       1413281.79546968        303476504.952228     
  -19.50000       1443676.52923109        308561959.260164     
  -18.50000       1477270.65578604        314119124.376021     
  -17.50000       1514511.89252165        320202908.015765     
  -16.50000       1555955.30502891        326873711.659728     
  -15.50000       1602133.17484117        334195629.832015     
  -14.50000       1653670.19014077        342232551.552076     
  -13.50000       1711261.00623749        351042221.721204     
  -12.50000       1775511.01288752        360670404.455956     
  -11.50000       1847126.76625771        371149370.846047     
  -10.50000       1927036.44843768        382501806.174388     
  -9.500000       2016446.21952578        394735768.613898     
  -8.500000       2116579.14723301        407792439.405074     
  -7.500000       2227427.91060849        421410932.181053     
  -6.500000       2345303.08995332        434957756.246117     
  -5.500000       2461367.37875121        447409659.834039     
  -4.500000       2563382.10765373        457675853.035801     
  -3.500000       2641358.63489586        465123648.379327     
  -2.500000       2692430.00410685        469845758.395270     
  -1.500000       2720463.75418196        472430417.031322     
 -0.5000000       2731995.39099262        473518336.500276     
  0.5000000       2731995.39099261        473518336.500276     
   1.500000       2720463.75418193        472430417.031322     
   2.500000       2692430.00410678        469845758.395272     
   3.500000       2641358.63489575        465123648.379330     
   4.500000       2563382.10765362        457675853.035814     
   5.500000       2461367.37875115        447409659.834069     
   6.500000       2345303.08995341        434957756.246157     
   7.500000       2227427.91060869        421410932.181082     
   8.500000       2116579.14723323        407792439.405098     
   9.500000       2016446.21952594        394735768.613913     
   10.50000       1927036.44843784        382501806.174415     
   11.50000       1847126.76625800        371149370.846061     
   12.50000       1775511.01288755        360670404.455914     
   13.50000       1711261.00623717        351042221.721144     
   14.50000       1653670.19014064        342232551.552086     
   15.50000       1602133.17484116        334195629.832018     
   16.50000       1555955.30502891        326873711.659729     
   17.50000       1514511.89252184        320202908.015771     
   18.50000       1477270.65578586        314119124.375934     
   19.50000       1443676.52923091        308561959.260100     
   20.50000       1413281.79546909        303476504.952050     
   21.50000       1385701.31782903        298813774.249150     
   22.50000       1360602.57881127        294530435.872725     
   23.50000       1337698.42951852        290588279.330207     
   24.50000       1316748.28868255        286953617.550475     
   25.50000       1297557.13453083        283596715.485714     
   26.50000       1279914.02844931        280491275.889421     
   27.50000       1263653.57279294        277613989.039675     
   28.50000       1248667.80738373        274944143.465860     
   29.50000       1234813.59115952        272463291.335464     
   30.50000       1221971.65233590        270154961.395584     
   31.50000       1210084.75153600        268004412.686658     
   32.50000       1199017.94153203        265998422.957083     
   33.50000       1188750.91874686        264125106.512840     
   34.50000       1179165.92401879        262373757.019579     
   35.50000       1170240.64671632        260734711.473306     
   36.50000       1161901.79655157        259199232.156289     
   37.50000       1154093.32379678        257759403.912111     
   38.50000       1146809.56675964        256408044.500265     
   39.50000       1139970.05643999        255138626.154029     
   40.50000       1133549.48039509        253945206.757532     
   41.50000       1127543.92137957        252822369.314268     
   42.50000       1121890.95653898        251765168.571445     
   43.50000       1116566.22819075        250769083.855537     
   44.50000       1111567.58479402        249829977.292697     
   45.50000       1106865.39536662        248944056.731343     
   46.50000       1102427.85702833        248107842.767250     
   47.50000       1098237.91478890        247318139.359879     
   48.50000       1094285.05829301        246572007.604192     
   49.50000       1090569.37692568        245866742.279868     
   50.50000       1087056.28382133        245199850.845481     
   51.50000       1083733.62533023        244569034.594556     
   52.50000       1080590.18114692        243972171.728853     
   53.50000       1077615.58452196        243407302.127251     
   54.50000       1074808.28735529        242872613.625297     
   55.50000       1072161.17082728        242366429.641366     
   56.50000       1069655.17270004        241887197.996667     
   57.50000       1067282.75562042        241433480.809795     
   58.50000       1065036.93249450        241003945.349224     
   59.50000       1062911.22334296        240597355.747231     
   60.50000       1060899.61611020        240212565.480639     
   61.50000       1058996.53107628        239848510.550861     
   62.50000       1057198.11326274        239504203.286679     
   63.50000       1055508.38783736        239178726.711551     
   64.50000       1053912.04807223        238871229.425619     
   65.50000       1052404.98368312        238580920.942197     
   66.50000       1050983.37865696        238307067.456439     
   67.50000       1049643.69127122        238048987.987665     
   68.50000       1048382.63594844        237806050.881012     
   69.50000       1047197.16673076        237577670.623880     
   70.50000       1046084.46232452        237363304.970492     
   71.50000       1045041.91256977        237162452.344436     
   72.50000       1044067.10625436        236974649.504938     
   73.50000       1043157.82027340        236799469.480261     
   74.50000       1042312.01007709        236636519.756627     
   75.50000       1041527.80150118        236485440.747194     
   76.50000       1040803.48408669        236345904.565908     
   77.50000       1040137.50623509        236217614.185090     
   78.50000       1039528.47263124        236100303.073937     
   79.50000       1038976.84919853        235993735.570878     
   80.50000       1038481.54132868        235897708.383971     
   81.50000       1038039.59795376        235812054.067178     
   82.50000       1037650.33754056        235736648.170703     
   83.50000       1037313.35170566        235671423.916591     
   84.50000       1037028.64605910        235616403.787017     
   85.50000       1036796.97280040        235571773.953945     
   86.50000       1036620.72921607        235538084.951574     
   87.50000       1036506.88320903        235516898.453358     
   88.50000       1036476.86520830        235512672.994060     
   89.50000       1036118.66026300        235426589.132330     
